0.04823157551476983
0.045425060833217165
0.002147457818988747
-0.003556081321577073
0.01121376571480738
0.04283407793617939
0.04634777759011701
0.025648312548279765
-0.02689984638079601
-0.03719518898945688
-0.041555425623080504
-0.041370050011594224
-0.04056152535664375
-0.04161986379610487
-0.038318622190463704
-0.03675349247180704
-0.03993097452541443
-0.03931397068865453
-0.03497527329202166
-0.03083715920521994
-0.025771855849740736
-0.022532025399696513
0.0022721451211499244
-0.006642973378431176
0.0370016570380919
0.050758120198656706
0.05162904201541249
0.05157273555467408
0.054993972218533714
0.05415738398502337
0.05345493089998929
-1.0
0.03868788322521354
0.0484283449523255
0.05093773586297782
0.045252123474496725
0.02820913280147414
0.024584248651434857
0.026157887359548524
0.020854499752138374
0.025086674085027363
0.03665870370507077
0.03865440513426908
0.033308223456413905
0.030640831700555357
0.03402553309884234
0.028048754238341307
0.016494119158736314
0.014512558869020585
0.014144325442368362
-0.007774138544169156
0.022777910881980702
-0.002560361548556267
-0.016313978974749406
-0.019912652742032872
-0.022435629886201736
-0.021441280734327706
-0.010207524209449466
0.024212486740212903
0.02487760419505623
0.01621833152717544
0.03011530407466152
0.036809815410802964
0.022187736750684223
-0.01400790472528495
-0.026303610266246367
-0.025919825098478257
-0.02196891644150559
-0.024983670035201664
-0.02484235438233461
-0.022621499439205994
-0.025814685393205177
-0.028078216302511273
-0.02517073549182791
-0.0224003345357898
-0.022426950681518076
-0.019543868125549722
-0.011042427856012383
0.012096090670862718
-0.001677876665894782
-0.008992174735583836
-0.007436329419156352
-0.0027958601789090636
0.009737510404394939
0.03447011731408224
0.049681833091631274
0.028202136318364348
0.020257416058938636
0.034313259484291286
0.05419618210016089
0.05410548182153825
0.05343360878165117
0.05384170136659922
0.05279628222263813
0.052832618300555
0.05196736765480235
0.04188695170159645
0.038950470732514335
0.047651060412099794
0.018239838140589593
0.014051918465641763
0.014574583337214335
0.025037364717726305
-1.0
0.04728546436231733
0.0508861301710805
0.04803331762874232
0.05060962179721374
0.04923843386461128
0.048581534586670756
-1.0
0.021117092063799227
0.01926577439942657
0.015268487093864844
0.024627391101163704
0.021907694230862758
0.021929336731846497
0.0450525685618938
0.04689258875899208
0.03702683133346158
0.02570815612264602
0.04022634609041838
0.05018253756661186
0.042463845678082146
0.02796156029885203
0.044353555914025275
0.049806310359959645
0.05131093301366705
0.04993049080115476
0.0479068865658827
0.04507878164722721
0.024386520063738946
0.021360272878680343
0.031061344632589413
-1.0
0.042303404824084
0.03219768573522061
0.003696666276985752
-0.008576121644708406
-0.0017308889854379572
-1.0
-1.0
-1.0
-1.0
-1.0
-1.0
-1.0
-1.0
-1.0
-1.0
-1.0
-1.0
-1.0
-1.0
-1.0
-1.0
-1.0
-1.0
-1.0
-1.0
-1.0
-1.0
-1.0
-1.0
-1.0
-1.0
-1.0
-1.0
-1.0
-1.0
-1.0
-1.0
-1.0
-1.0
-1.0
-1.0
-1.0
-1.0
-1.0
-1.0
-1.0
-1.0
-1.0
-1.0
0.0070785218686963
0.021115327230596097
-0.013103247904836777
-0.027531446114283542
-0.024573230355522176
-0.0019289429545421976
0.034798602475971226
0.03981998843786201
0.038088493699227045
0.02200724544983489
-0.009254890900184089
-0.020528201757052448
-0.02169655010697318
-0.02618267650992906
-0.028578051919924796
-0.02841348151654052
-0.02526100423948578
-0.0133594011616827
0.01353283837280262
0.03156141170727367
0.041725188577726446
0.039070962840361705
-1.0
-1.0
-1.0
0.04748637009200923
0.047214156471853924
-1.0
0.032221164617788095
-1.0
-1.0
0.04170902020327125
0.023277096888530763
-0.011198074669927883
-0.014471935254799246
-0.004540581953271296
-0.027653126733432648
-0.03270969779984811
-0.033722004663791626
-0.03203577861034442
-0.026885692814801205
-0.031099286644609706
-0.018065154437315253
-0.03415089042231491
-0.0350040576808566
-0.035402748354523235
-0.03925345210165746
-0.03875299677782633
-0.03372124489962192
-0.013069720824121415
0.03108553183515309
0.04412745705583055
0.042291162341001706
0.04286477752695598
0.03624267380896171
-1.0
0.022204393943783277
0.013248923154692662
-0.0024482914065589593
-0.03245826977358792
-0.01521739056430482
-0.04021957080247293
-0.0458493329362352
-0.04450142168928676
-0.04717536507461834
-0.050016873937160825
-0.0487844081969706
-0.04497810200962788
-0.04611479015886021
-0.045786122068529445
-0.04970736449773458
-0.046938844289023306
-0.04525647045336687
-0.04931880721062556
-0.04489076846820172
-0.039685652474636984
-0.04662732024297402
-0.04936502328353614
-0.043998050600621064
-0.050709188858786274
-0.05055705980510203
-0.05119481482627992
-0.05036858194923909
-0.05052865342811139
-0.04778322048790061
-0.04953645613251317
-0.04844266113141415
-0.05046710684013318
-0.051367236600333
-0.049928660595161656
-0.049438937914388054
-1.0
-0.050221849183979
-0.04977434537884372
-0.0490454216316383
-0.043375693052459724
-0.04558303756016629
-0.04884161994042321
-0.05048757426441792
-0.04928375186048618
-0.041910671189145154
-0.03286200826303139
-0.013946663580579782
0.018645996052358456
-0.0187407694642128
0.022688970036824376
0.03700208055657156
0.04641501740401321
0.04179823126477906
0.043989510601300005
0.0397509212475267
0.039587466424595624
-0.005031324982383793
-0.03463613228591934
-0.03993394317062309
-0.03685179500020262
-0.04074838743731704
-0.04525692696642334
-0.03870061220916049
-0.04631894329006981
-0.04764323586958227
-0.049396263129526774
-0.048867163773515424
-0.047803926923178516
-0.04905454714666951
-0.047883411929195874
-0.04571174171022468
-0.03320551420125647
-0.03927474614242434
-0.04135377858408507
-0.04099685649271603
-0.030496605495782054
-0.021460948154772123
-0.016715173620842728
-0.02356923485719376
-0.049223401461077974
-0.049861689868675216
-0.04792864375161456
-0.042839394410811506
-0.03316489939704092
-0.015008947950220902
0.03672218310427847
0.021332338244114603
0.04028428194149543
0.0414009200032594
0.04651638878025295
0.04808834186862098
0.04435149043807673
0.03177363185922163
0.02367691567810224
0.044330374258635716
0.050589024957494566
0.04921331082641907
0.04037596550205627
-1.0
0.037308350828330554
0.03592524503024326
-1.0
0.028251539644234776
0.02757596766556396
-0.017876371266239047
-0.03745263806514456
-0.035702891268834774
-0.02572963261253803
-0.020365570161831346
-0.020413169165815273
-0.03174679940255133
-0.03985160158494659
-0.038464817381831475
-0.042661202082985475
-0.0442924908683824
-0.04643763417511638
-0.04688275186524783
-0.04655481809190877
-0.041834443084594414
-0.03391507621517877
-0.006908582522685746
-0.010065162053432521
-0.021884766941722093
-0.029420221150257372
-0.012398335548382402
-0.045836094771223
-0.045357253998908345
-0.04487099022258046
-0.046242777895291236
-0.04485487940158947
-0.04168966682110351
-0.04785753063516348
-0.048415648193960145
-0.04888785834436571
-0.045726284191370856
-0.035391246791234746
-0.034939380701565284
-0.0486538904319612
-0.05035131557476113
-0.051906766032291905
-0.04985469013064648
-0.05050624348006964
-0.049825459948380814
-0.04840141217158567
-0.03460415052843435
-0.04160683700768999
-0.04976532879877446
-0.050699723097772244
-0.04642458636897616
-0.047666627249441734
-0.04669299827141793
-0.043426517014969655
-0.037536846402100664
-0.028524986069284226
0.026354232904475784
0.018430919481434348
-0.004370750107321466
-0.01604916695389394
-0.04525747730569089
-0.04382777085156863
-0.04403616294484704
-0.04783561846712349
-0.04543184428539225
-0.04513197346517115
-0.04362995846867555
-0.04715194426319817
-0.04714657107618554
-0.04497142754129592
-0.04923137629433759
-0.05120897191740041
-0.04420655676024433
-0.045884007560287376
-0.04795708315070087
-0.04593091187057823
-0.04654057834189052
-0.044793650965736904
-0.044738663880012484
-0.04705835711085851
-0.047688408822713454
-0.04333369278239581
-0.031549960646997714
0.020996043113868386
-1.0
-1.0
-1.0
0.020880104021408646
0.022683311519437397
-0.02777722975999842
-0.032107741580956466
-0.03421932079717497
-0.01933091607360962
0.02755298631820046
0.03357731621901902
0.041426430970922704
0.04546645342298675
0.049862115400557835
0.05349740718191528
0.04937016934599241
-1.0
0.019761916787073
0.016337643721008807
-1.0
0.03877981737309946
0.053065403570278336
0.03288033515381662
0.046108779170024455
0.022619522266593275
0.0012722837092450819
-0.0003146058663309357
-0.0008701457238697674
0.009952233861313805
0.023108318540213706
0.04563344848307442
0.05352796821977803
0.022803357515920768
0.009894939360237104
0.0059461502874578985
0.007291651285441824
0.021303221655787387
-1.0
-1.0
-1.0
-1.0
-1.0
-1.0
0.050578325760941935
0.050405068098668473
0.05217800895146923
0.053179766516862834
-1.0
0.02750297620796378
0.031901097156935065
0.04747264757313374
-1.0
0.03081941140532813
0.037869127930035426
-1.0
0.053598581547617666
0.03394899685151164
0.003191234302071506
-1.0
0.006865054982426316
0.03351875486935844
0.04616457017965613
0.043919599168806
0.03235957325107367
0.028133117958794685
-0.019139981938397
-0.030377467772105215
-0.03661300812547927
-0.014078010198027973
0.02600147434558674
0.008580473294683505
0.010514417291580402
-7.3770052230000405e-06
-0.01353121622643809
-0.018143268033589784
-0.023998854700777866
-0.03854351007660157
-0.049712698343637486
-0.0454748586896873
-0.049041239538602246
-0.05167041742247655
-0.049840340567386364
-0.05060058847360953
-0.051658788216356874
-0.05302764120297694
-0.053021775758318644
-0.05002964355479797
-0.050848025925535445
-0.04875314594847648
-0.04855311380936861
-0.0497258105220033
-0.04432685557386677
-0.04307667587880349
0.011303475630738434
0.043424715863336044
0.03319578613996843
-0.014534241676259638
-0.037625284780216255
-1.0
-0.041389421884029276
-0.04118974776093172
-0.04670474389448207
-0.04491144342905927
-0.025899170328999688
-0.0006797988226381162
-0.004782424498375451
0.0417491160736768
0.00016294049809639354
-0.029625311813392823
-0.043605501788500776
-0.05220422639699165
-0.05054155166227055
-0.052506021439417946
-0.05378283798225896
-0.05225647273316596
-0.05108206728243936
-0.04549622395593978
-0.04807615838967173
-0.040694465539524806
0.0050891475444582845
0.0428625256809052
0.03444175953877857
0.0323176347917063
0.04027074279372765
0.036878776977404396
-0.0012605205399135568
-0.011405878984379633
-0.011444296022821203
0.004153229811562728
-1.0
0.03782471988345973
0.04073078108503461
0.04121292698319315
0.037161830137873636
-1.0
0.0437872254774821
0.044440021028694925
-1.0
-1.0
-1.0
-1.0
-1.0
-1.0
0.05097935475047666
-1.0
0.03620914714497446
0.02391343067172661
0.03202348351545141
-0.01640501264699758
-0.025011609335329258
-0.024673992006807734
0.002442283311832864
-1.0
0.025972699138105258
-0.03581683958724993
-0.0400856281633779
-0.04025905131967364
-0.04304113864026863
-0.04240065703424474
-0.031693096016283805
-0.04454245320462715
-0.05042902077525304
-0.04845589379771947
-0.050509422980545865
-0.049773778720308644
-0.050754670519317674
-0.0485175079186691
-0.04616384197081277
-0.045293341520410015
-0.038258103638691504
-0.04167281820033414
-0.038055645657744115
-0.018201496907597276
0.00923756479682289
0.01684268842577355
0.044473306259836885
0.04826446188312266
0.04396982100452314
0.04658595439331656
0.04748722618464913
0.04527956649541447
0.048591654668329064
0.049852171640568654
0.043802919120851366
-1.0
-1.0
-1.0
0.044882173264329195
0.004526284454926276
-0.01691791001353765
-0.03803828308423366
-0.03174387992999061
0.015269983382546577
0.017048497588800636
-0.03434484971765316
-0.035438820106157946
-0.04262551659020396
-0.04234614459280583
-0.049665353953819574
-0.05097543774579631
-0.048775712610013004
-0.04948110794478495
-0.05076474881991313
-0.04791214485106358
-0.04936259863599528
-0.04887783346799909
-0.04789292248270359
-0.0474938991211431
-0.04811405226859819
-0.048245665163878536
-0.04875319954824236
-0.04776997135565671
-0.04680084747967885
-0.046586792039213246
-0.04494773046918102
-0.037982186611670694
-0.04703292809575101
-0.04794492659457838
-0.04552450615465277
-0.04514006279667579
-0.045348729658039676
-0.045946026564312514
-0.04671948570719199
-0.046735127348559224
-0.04316356557255753
-0.03352568111833514
-0.0395681811927467
-0.04056392121663516
-0.033951800542528644
-0.04141430880476606
-0.04321178379436144
-0.04504515330869935
-0.044957301641912126
-0.04347692378331236
-0.044434002973208
-0.04399624291040949
-0.04492380033425471
-0.044602250789094314
-0.03997995073035795
-0.0354666593533267
0.002773573705137254
-0.03719720025689736
-0.03787507360595064
-0.0409896018856528
-0.04440844575044942
-0.043444826013666324
-0.0440803697423169
-0.04562027406124767
-0.04359209282847983
-0.040143950533331654
-0.03221871724566104
-0.006953588263892768
0.035117790399205005
0.03938466837801878
0.02508950471393943
0.03256096993420882
0.0020719639892705175
-0.016251517613421248
-0.03389077410101594
-0.04893935648382746
-0.049040840189554846
-0.045860004078325724
-0.04627254420373493
-0.03979370728023062
-0.04215110310622463
-0.04880655257592338
-0.04941141282943901
-0.047987099981224475
-0.04847962874102124
-0.048976918763352736
-0.04937991458189219
-0.04840803527226913
-0.04909051448070844
-0.04957667911323155
-0.047887101960978846
-0.041364170482279576
-0.04446534775840843
-0.04626354570965823
-0.0478955849399745
-0.04358013119133416
-0.026639190783744188
-0.036546751933480344
-0.043948110382786315
-0.03616492847846203
-0.01403068990117843
-0.03681798017402457
-0.047167497819739175
-0.05155068864821205
-0.051147181321253024
-0.050412303960871714
-0.04819473465860567
-0.0474752126688262
-0.0430726882181088
-0.041659601898903824
-0.025234022112055957
0.01821905875645506
0.02626477425325864
0.003911635228205757
0.03161934770759487
0.03350610666278134
0.03350425560165188
0.044353067287888
0.04532709234258423
0.038086989491198125
0.027907157250283303
0.008313490154605259
0.03956873999784013
-0.007948983977150745
-0.021796079601518196
-0.034066895582263466
-0.0398559282940607
-0.038521498900208014
-0.04116580232495579
-0.041118460291309916
-0.042541516052638485
-0.03881486163873631
-0.02964742110059699
0.004097861315421588
0.041571331385769184
0.029939040028624533
0.002673914913412706
-0.000958644741859281
0.03754452102507727
0.03623704177938378
0.03571605957286976
0.03541916932086051
-0.015254390366211311
-0.03394931921834423
-0.037409891955820944
-0.03779114612714185
-0.03807395295624312
-0.040571991793600895
-0.0406653204582415
-0.03825759464493903
-1.0
-0.03884342632450835
-0.03806750119421844
-0.03819031740657427
-0.03596234533410803
-0.03227170711721466
-0.0320249159382744
-0.030572913783383872
-0.03068032518829589
-0.02731205732219436
-0.01947770222958796
0.027386909739113886
0.026361113994218054
0.017068801854891187
0.04160215861036346
0.039960527647499564
0.017372701234399882
0.0347448383935319
0.020093665518756833
0.025868995699333958
0.042698702805777734
0.037809078255139475
0.04257564354669518
-1.0
