0.013989890886730402
0.025668983993791146
0.01518580539114921
-0.001448148073134722
0.0033488561920604902
-0.0035706455932855443
-0.0025744088921893517
0.02746074427010674
0.041997587615781026
0.042487437362220715
0.02601634856162626
-0.01457563092508037
-0.016691797679190483
-0.009371049436131085
-0.0023033003233971926
-0.004294268251742112
0.0036179306743485155
-0.02706083426031088
-0.0313450640240175
-0.03312132523426756
-0.034388727149824515
-0.03589208695261034
-0.0368102974847619
-0.035555334702930895
-0.035840006064566256
-0.033655461579524454
-0.031519083716761216
-0.025968383931127752
-0.017985125603282012
-0.0029037661366971036
0.02682760679869846
0.0054258253016220125
-0.015722237680635298
-0.016666861434404632
-0.008383461123481279
-0.004060228978376247
0.0116130841272779
-1.0
0.036077267581962655
0.018704553127603482
0.007864618563201923
-0.010160339048249298
-0.017749726278353972
-0.02235891297726167
-0.02263750874551251
-0.018808224036405415
-0.01972340180467481
-0.01786070825630848
-0.02704081682970635
-0.02938630283378999
-0.03097767940637803
-0.030421966677301727
-0.024299660321249444
0.008027529816666016
0.00707082066680595
-1.0
0.04194977322052568
0.044949903198386064
0.045314393115601724
0.04419556608539487
-1.0
0.04202560469685144
0.04134450139457864
0.028412641458409344
0.01691811223539007
0.00519845897512703
-0.0017731302128734796
-0.00407606628707703
0.004492760967118722
-0.004538939789691975
-0.0017698353574449926
0.024621225848922568
0.034848859806764804
0.03769588677108043
-1.0
-0.004720767462485484
0.001983678822186726
0.01772067782531906
-0.004181643046096767
-0.00236450902750037
-0.011318163994915045
-0.028183951703885917
-0.029266607541103083
-0.02992800914013198
-0.03366207717563882
-0.03488860418987924
-0.03586052987924574
-0.03643007763313023
-0.03540269237156503
-0.03415385395566719
-0.032535790010971205
-0.023301819224518842
-0.021225290534544035
-0.033611127853577887
-0.03248410072866197
-0.032640103206412883
-0.03618726181067865
-0.03614196946134651
-0.036970480584741165
-0.03770806309952704
-0.03767833364697333
-0.03636582256678966
-0.03719000063545618
-0.03695573557947053
-0.035795316827714294
-0.03491686043759551
-0.03433515521636156
-0.03344807226391423
-0.03132896288905404
-0.02146330748571813
0.00526544157146146
-1.0
0.009256219270227226
-1.0
0.037269307514816045
0.0414100639403199
-1.0
0.03446348835839067
0.04068597975066814
0.04523851292201969
0.04538193875124595
0.044572290099591905
0.04420133796218277
0.04439948683005923
0.0420133084176514
0.042646300080645703
0.03931241094195453
0.028545984726656544
0.015392335535805756
0.013842514963953449
0.038954075045372225
0.03839025985235896
0.041665440455990986
0.02747313177218869
0.022030732826772807
0.0363014694239022
-1.0
-1.0
0.030127731401204314
0.03081345608627749
0.011413025323885944
0.012388289437780604
0.004141998535320582
0.016338190838298614
0.03514324646268995
0.04509913435513839
0.04232625997399261
0.04168407964569193
0.04540703068475225
0.035492753173598034
0.039133485601326096
0.01242611924609031
-0.014397046210914703
-0.02000015330263589
-0.028257628319137966
-0.02861428837376724
-0.026609751895509157
0.003806233490040438
-0.023940997182190258
-0.035901073789684726
-0.03437736959885179
-0.0337789718270507
-0.0344296961098444
-0.016866132663895708
-0.001996531844613299
0.0010995256632723716
-0.009037027298308575
0.004068150885861901
-0.02432062067090696
-0.022477890116256425
-0.023276773478381203
0.006999483826407957
-0.023908177887449724
-0.020915655025060046
-0.004067062714860289
0.011818536050995266
0.026476942503975774
-1.0
-1.0
-1.0
-1.0
-0.016860285821224823
-0.023365824830721586
-0.026579825156429038
-0.014013679883048217
0.0013294644229081352
0.007270711834613919
0.0016007666163987304
0.004771828084508167
-0.029964577411996936
-0.033200365500636944
-0.032254064374402903
-0.03216762851107723
-0.032237588458683804
-0.03193198966702911
-0.033946859750384396
-0.03197572091383665
-0.03239749206901599
-0.0327937299879422
-0.030180018006857007
-0.016037434646289303
-0.003428846618612744
-0.020024455394354768
-0.028427803967726855
-0.03096073941750533
-0.032019751201755375
-0.03287793469561282
-0.03315712110176841
-0.03327952842298894
-0.03123735665202508
-0.025605550303412467
-0.01644999164931905
-0.024698779259717474
-0.029227889011871924
-0.01805953668885209
-0.0045487177155945305
-0.0009544230818336956
0.03739944176570641
0.03882116740682528
0.030629329889437996
0.028111104250725886
0.022774920138271492
-0.015551297168470828
-0.018072719979204153
0.01131829388624466
0.03147745864418167
0.020741935495249407
0.0237927286562043
-1.0
0.028540242200744692
0.0031212048212650276
0.002732054154376932
-0.004333796453514885
-0.020984673038889925
-0.029196877695161553
-0.011606038808731527
-0.011815890547211152
-0.03145632479081335
-0.03239705434065854
-0.034639008130843384
-0.034247838797359584
-0.032967535972130306
-0.03497031982010394
-0.029075306994530484
-0.00407307451017646
-0.003482675857996345
-0.005331165396972931
-0.008149084254275369
0.025763022788954062
0.015936203719714027
0.022776550356615285
0.022950215366895534
-0.00928350551661916
-0.031663978074488834
-0.03468580140095015
-0.036897186771950884
-0.036800265067546446
-0.036454094359151194
-0.03598449088113963
-0.03203841218832635
-0.03161159110650751
-0.03274787020786305
-0.033766813243089035
-0.032699920798097006
-0.02332432220167228
0.02484697850638854
0.0365412139384648
0.02711077915139167
0.020454084325546
0.042355750500519866
0.04025563654350086
0.028970991076521343
0.038204064817848035
0.03997242409545499
0.033460243568290506
0.006565397357846049
-0.003923765734400343
-0.00537349362338291
-0.02381748095814585
-0.02986048428411616
-0.03291155810412554
-0.03198038202187736
-0.032210547629107814
-0.028047455160126352
-0.01765581077705244
-0.008883162305753528
-0.013274933098487925
0.026628993231771397
-0.010996368125525555
-0.03105085302168719
-0.032598832085997544
-0.0304261895853743
-0.030361559176954222
-0.031183029289179966
-0.027360315471217055
-0.018249199338141925
-0.005053900731591437
-0.008907043603464549
-0.010718054362648315
-0.016662323824494982
-0.022376843180831694
-0.015119533922968893
-0.008332550846944226
-0.008382307184333219
0.010334315598555386
0.03650399400191667
-1.0
0.041450974594002626
0.03325537064705824
-1.0
0.026299085403641686
0.03323825280571174
0.03459954894194476
0.02915180288994325
0.028650153169519424
0.041916221404099424
0.03416260323938106
0.02596457975284741
0.02551978933197776
0.02825621691241453
0.03844397448346775
0.03889373382397167
0.03219174507929336
0.017578420883046904
0.03297493311906124
0.03314829918140479
0.0051048191301477225
-0.019305350135908804
-0.027104463501660465
-0.027747198284652493
-0.015912680506276738
0.005082406151639718
-0.01826767492164677
-0.023854867860238174
-0.025030024585904923
-0.02548105526165406
-0.024515747491081256
-0.02506562655255357
-0.02378612793901762
-0.020641858163700542
-0.025481908603128444
-0.02695524385302546
-0.02548474678365399
-0.019680153783034567
-0.014228965574195864
-0.0040678081982999485
-0.0016060141308864913
0.0021950956588003
0.00037588276859607406
0.009044675153979654
-0.00019241239957892197
-0.0013452088719860104
0.01691340741269565
0.027814244221499845
0.00687473228505605
0.01700963458590882
0.009743600840056555
-0.009012791600983271
-0.02302373135471364
-0.02842936400875182
-0.027046274379194525
-0.027743669709224084
-0.02784270319909886
-0.029783005914098507
-0.03024836003733216
-0.03078026181239852
-0.029463537356551314
-0.02885098957488976
-0.029016993040508737
-0.02787377892720053
-0.02517818497151222
-0.02748797391731271
-1.0
-1.0
-0.027614593854596758
-0.027328834470641324
-0.026680739958343604
-0.027281217981672223
-0.02555281863952062
-0.022606630341902374
-0.008455434475571856
-0.006948262609905481
0.005595248366969871
-0.01837864793144635
-1.0
-1.0
-1.0
-1.0
-1.0
-1.0
-1.0
-1.0
-1.0
-1.0
-1.0
-1.0
-1.0
-1.0
-1.0
-1.0
-1.0
-1.0
-1.0
-1.0
-1.0
-1.0
-1.0
-1.0
-1.0
-1.0
-1.0
-1.0
-1.0
-1.0
-1.0
-1.0
-1.0
-1.0
-1.0
-1.0
-1.0
-1.0
-1.0
-1.0
-1.0
-1.0
-1.0
-1.0
-0.028792793246711818
-0.013693370485450692
-0.014700418110838038
-0.014400651800793607
-0.0161245348877879
-0.024621951923261807
-0.019174648401843575
0.008916635272074827
-0.006044128608532898
0.0073900149414957836
0.014788594157875845
-0.010591239195193218
-0.007246302088402349
-0.021968232922225796
-0.017263298972316755
-0.010391271299066446
-0.01406918421826187
-0.02070987887767874
-0.006096965228130866
-0.014577955470368983
-0.026835536418740154
-0.02761446204073602
-0.025386166069644153
-0.021873555667869346
-0.014111683064486097
-1.0
-0.0025076607444157644
-0.006480242821368854
0.008306942590532208
0.023185156623213077
0.032324482696817605
0.033211814497889215
0.037186291815300115
-1.0
-1.0
-1.0
-1.0
-1.0
-1.0
-1.0
-0.0010738386839414021
-0.00795759898263452
-0.004697380842204517
-1.0
-1.0
-1.0
-1.0
0.004154956313531299
-1.0
-1.0
-1.0
-1.0
-1.0
-1.0
-0.0051845958635200985
-0.005405501271578852
-0.006867503867580474
-0.0073514350134111905
-1.0
-1.0
-1.0
-1.0
-1.0
-1.0
-1.0
0.031777436622874085
0.03524356882961763
0.022337202556333847
-1.0
-1.0
-1.0
-1.0
0.018017395208307297
0.015495594569268299
-1.0
0.016202630349451883
-1.0
0.015593937541427162
0.02396733661364784
0.0010267767883714418
0.0035029661455752547
0.018417249368659187
-1.0
-1.0
-1.0
-1.0
0.015402447005295252
-1.0
-1.0
-1.0
-1.0
0.025386323935419515
0.032047742955651555
0.031699791573485625
0.02845842313409533
-1.0
-0.02085486706880837
-0.029147309268096635
-0.03183637000659059
-0.033816613210490815
-0.03534706657194002
-0.03553221228511568
-0.034053869711820485
-0.033577515792813026
-0.030767440482395405
-0.021510827626235657
-0.03137407221242599
-0.03075516046823209
-0.03474604604200522
-0.036361809335243175
-0.032318271945832554
-0.03418181344630917
-0.037148032342057324
-0.036958896090565616
-0.037030153043710747
-0.035004200709079905
-0.0320625484581035
-0.0253120201765505
0.0031136381801701173
-0.0039496093535727065
-0.020046011546251526
-0.03432627084138851
-0.03651275576307914
-0.03629005282455543
-0.03574137834774195
-0.03811549016786814
-0.038654363303812875
-0.03772432721708827
-0.03841261988531904
-0.03701730845387642
-0.03626905785008123
-0.038809362577899895
-0.03839726973707369
-0.03800681346837639
-0.03877026572963566
-0.03764239688561347
-0.03741161497371088
-0.036503466596732585
-0.03655344015291926
-0.035690024131755316
-0.03181268911287289
-0.03498877903102856
-0.036192898599033685
-0.036008616471316944
-0.0368602764657547
-0.03607930920971807
-1.0
-0.03700096328842488
-0.03582903905949788
-0.035152481839960184
-0.030669541441369637
-0.02639345258735705
-0.023428158689280415
-0.029295886116705545
-0.02096849551469195
-0.02653423969987341
-0.03671491425044987
-0.038280471187521384
-0.03972416339533304
-0.037777630203710985
-0.0400189619557836
-0.038051458166305376
-0.03851798020202599
-0.038658971358271975
-0.03760863660313982
-0.0378805081663474
-0.03930504577187513
-0.038853115814905144
-0.03847726943309316
-0.03541090178732634
-0.010073714033724921
0.012854330235080876
0.002015812697150251
-0.034475343156888806
-0.037264645144224916
-0.03684023641790585
-0.030702253327505223
-0.02892889190057862
0.02045979264074719
0.021878443117888044
0.0013222649134535236
-0.030740145280052658
-0.03530917950698412
-0.03766330777161071
-0.02823646525979162
-0.018414577415518798
-0.00608763819943882
0.020605183529058244
-0.01853919873265599
-0.005185617256422672
-0.01997603984293153
-0.01923536440928354
-0.015391609819240806
-0.03154866894504431
-0.03242620943313162
-0.027975245703937425
-0.006212485105381387
-0.03242056607740795
-0.03219830154239789
-0.030260972377808937
-0.03398917788380445
-0.027738618746371166
-0.032545872993830986
-0.03523961680216209
-0.034544972000976344
-0.03019462229597076
-0.014060805853028336
0.018580382661918197
0.032686254007348245
0.025323324438943966
0.016928611889439428
-0.011514290500484097
-0.015135718718767682
0.015645184547691218
0.029439547356524563
-1.0
0.038947065753516356
0.027148885289091616
0.009841307847776742
0.012542575432983146
0.03393059567127156
0.03788538075217464
0.03734392226572102
0.03705474309929876
0.031173746040364176
0.018696133551206567
-0.01887343306780472
-0.030972589720517564
-0.031887643745942405
-0.03227548285526245
-0.037969113776139006
-0.036654332188050164
-0.0381578093912485
-0.040745065237622384
-0.041292531401499084
-0.03967099584403678
-0.041008230445405004
-0.04150445013395961
-0.04152269561672817
-0.04196684674569736
-0.04106510294404582
-0.04118590950965863
-0.04012836689422109
-0.03505786829118796
-0.03605165472954088
-0.02410228662397144
-0.010819549463030528
-0.002500685527979109
-0.03396700959504868
-0.038642186501515824
-0.03562845779137851
-0.03955410582287655
-0.04174583249877869
-0.04192763593335035
-0.04146335496408998
-0.04135812583968822
-0.03948642958793494
-0.03439270479152482
-0.03471530503392876
-0.03811166034422114
-0.03787433700230613
-0.0387813045911664
-0.038943620152442626
-0.035930564466153656
-0.02867598130821927
-0.011602928583722479
0.009897084393883896
0.03072919708842953
0.03306564563623481
0.030229326498729087
0.022946520710742057
0.030408728541784454
0.04114625068557518
0.04190350977386001
0.038875526868428795
0.040461291788965514
0.03985360320949467
0.040831570164153404
0.04265238288483541
-1.0
0.04226374022467035
0.0361863189425716
-1.0
0.024126194747980785
0.009245483707441875
0.0075181494867159575
0.005471073363388575
0.007527264521529966
0.011771942489340041
-1.0
0.04058617545897239
0.03919599397433577
-1.0
-1.0
-1.0
-1.0
0.02624626824005956
0.02503273924388962
0.013707464800699247
0.007071183287538673
-1.0
-1.0
-1.0
-1.0
-1.0
-1.0
-1.0
-1.0
0.03787168631246501
-1.0
0.042109006280869936
-1.0
0.03603829863238287
0.036243705379460575
0.040302497169297936
0.039604589529031405
0.03768688735947303
0.033792407023063735
0.03827398344006991
0.04223248992822387
0.04183948506092186
0.03836517715958227
0.04110795391260552
0.041515717756305484
0.04079540419409664
0.04011431159102856
0.04164707176768031
-1.0
0.042660479722841864
0.0432142487580517
0.04214223318569232
0.03634423705513983
0.0398031464322983
0.04021404503301128
0.0415802588341678
0.04141320237455317
0.04203706211286647
0.043141176482032154
-1.0
0.038261791139720926
0.040302042992224646
0.010094977390466874
-0.0075878982003628175
-0.006243489577031984
-0.0002485864042820377
-0.013834359277375993
-0.018266216761205777
-0.02198319090155123
-0.023065326777014672
-0.02763316226460664
-0.030709861070687985
-0.03191452176425865
-0.03260616107841291
-0.033073289331167495
-0.031800729902283074
-0.033220352090681096
-0.03217906846614218
-0.024352758246443406
-0.01820657642999445
-0.011739540252498829
2.3035928432979055e-05
-0.0035686461099945334
0.002140746469396135
-1.0
-1.0
-1.0
-1.0
0.025006952416887527
0.026620368081446834
0.004440064337569969
-0.003287305068335841
0.0032516946685541294
-0.004862354245805593
-0.006815457465615323
-0.00494361076113227
-0.00467690013370552
-0.0033194604307294467
0.0005219299027036822
-1.0
-1.0
-1.0
-1.0
-1.0
0.016923183254253814
-0.002042411765312652
-1.0
-1.0
0.003610998913579444
-0.006063149835993358
0.0062530598364818665
0.02182449030316851
-0.009812265898284378
-0.0016137284133824982
-1.0
-0.0051959497961759325
-0.028778195355847892
-0.03569749749597928
-0.02519558127390898
-0.009067856201319193
-0.0014394447315196088
-0.028301820302609443
-0.03955212308380527
-0.042308361665861056
-0.042419990268388864
-0.04218617936000229
-0.04162376894503173
-0.04129629789583646
-0.04052169626764504
-0.04168968431922609
-0.04124554823419969
-0.04065144476304238
-0.037453600640040996
-0.04072895773360356
-0.04167221070267875
-0.04139938206524373
-0.040640487033969
-0.03412397840519426
-0.019627123634092383
-0.03465658630876145
-0.04044628148348569
-0.03960641036658213
-0.039494917269257385
-0.035957401058179746
-0.02092543903040992
-0.012222078619764366
-0.015088084726621657
-0.03465823970333353
-0.0317053251499922
-0.024838348933319362
-0.016698202089094095
0.012529946457212423
0.004060487136510068
0.005444794721346474
-0.002568830425381542
-0.0252427252035814
-0.03138105670597487
-0.031949451248527674
-0.03360316595197088
-0.036435753607075294
-0.0367372702773869
-0.03547357674462034
-0.03556893907714698
-0.034788093625925276
-0.03324875496543012
-0.02611744299687785
-0.027024903892764362
-0.026336449656710056
-0.019816897852114723
-0.015030512324994907
-0.015701273672538225
-0.013645765743098818
-0.00906036385650545
0.02770365354707018
0.03790682808072892
0.02395841917928785
0.033785660261577824
0.04100873745912294
0.039209254789883796
0.03949009601633775
0.042877771566376524
-1.0
-1.0
-1.0
-1.0
0.037561490530664446
0.037421137650045594
0.043981651976975775
0.042257927465798054
0.04378460294612474
0.04358784043850479
0.042726594681119744
0.04309765058741082
0.0416652854889379
0.0388911339871765
0.03832923946555272
0.035488226534347814
0.040038081987314136
0.04483144891053457
0.04529431236746887
0.041088432473354274
0.04128933888873115
0.04289772918283872
0.04269042415306911
0.020711402941537234
0.03570717813985539
0.041035039924921364
0.0194596175829372
0.010062193131225299
0.018990082889903843
0.019891677559673717
-0.008988185012921621
-0.014751787411483926
-0.019805765101004933
-0.023221640697832
-0.020458619108833984
-0.015868305819854486
-0.0030578666269775907
0.02470504587769786
0.03682003772523807
0.028361153221695218
0.040222768547040016
0.024920295092243566
0.01586054948874222
0.00438070944008175
-0.0036062881160880893
0.0054599369137631
0.03376291750195345
0.03956308718126765
0.044172417620355134
0.044403919489751816
0.045348888396539125
0.0461051196694441
0.03972411303630408
0.043404712107510436
0.04601556415003279
0.044295462185488146
0.04226477464658175
0.041022403058114366
0.02843183776556551
0.023363426013128047
0.011594382010493023
0.02163287017958922
0.023593245864057286
0.0312611846890432
0.005268740477465
0.02611241684580011
0.006678742768785624
0.0030667426385702825
-0.01639054184536206
-0.019716737289702333
-0.014860232953170342
0.011182978377720388
0.03449407830679111
0.03193623901579762
0.02521070629450454
-0.026822696074417333
-0.0307877924855258
-0.033460779305193915
-0.031222755230866275
-0.022231656546492687
0.013151811342182199
0.033946258440516956
0.021242058101503942
0.0031055544941613646
0.0201641879427709
0.03881282993244934
0.03859720236806394
0.038066174154744344
0.03785181219810382
0.04241014944124593
0.041426854098841635
-1.0
0.03606272161112339
0.038187478960954195
0.044604253905052266
0.04505553151466335
0.04433606870051231
0.04596295830200041
0.04486679180256877
0.03474242711892244
0.03784514843998278
0.044526935045115575
0.044532577588282475
-1.0
0.04069230062518513
0.040616835917462055
0.017274276867033894
0.003102956362618458
-0.0030507085247700443
0.008528897661707576
0.030189093350359558
0.007582553724553677
-1.0
-0.004556010967760495
-0.02150925114686956
-0.022774696947355823
-0.0270701257398408
-0.02705600297867184
-0.02915537079888002
-0.030534874935394873
-0.02741611976713758
-0.01858485972580289
0.013047230741396628
0.006349846792037607
0.025487193332171823
0.041342037230370735
0.03850118493056643
0.04093597633309904
0.04519434450112658
0.03911271427758787
0.044774324006575085
0.0444634839414686
0.04238851344138554
0.04030092629771973
0.027641683266136814
0.02140600299737991
0.02051200307863285
0.034852108122850355
0.043567548993388286
0.03757603797663193
0.027963168955305324
0.028378014623083037
0.037695468480849814
0.036051024885747913
0.03902332498712455
0.04170103446977166
0.041247277307754855
0.04196427814439193
0.04219236289184522
0.0414673925561014
0.04127340116298139
0.04112037340588355
-1.0
-1.0
0.041048492232276204
0.0430316455172693
-1.0
0.04100707793911343
0.03853481391616422
0.042834555420098286
0.04337577949158723
0.03985379057195124
0.043925600348181985
-1.0
-1.0
-1.0
-1.0
0.038169744699883816
0.03886603462930729
0.03252145822798332
0.026073679058266797
0.031000281607731536
0.0050917608469174215
-0.01871749381915019
-0.024335550467323705
-0.029387601870758312
-0.0297351041884195
-0.030797200509913008
-0.0359410922292762
-0.037965370836373975
-0.039322013840943255
-0.04047162471318422
-0.041297208271175806
-0.04121865236442237
-0.04194735808819771
-0.040853765933066645
-0.03438676697266772
-0.03458828850344118
-0.037843680516497925
-0.04045538192441304
-0.03912333907164062
-0.04031210890158314
-0.039676660642735076
-0.03933167548234542
-0.03501966777719426
-0.027964940330792297
-0.01831563484767163
0.0075276621485559315
-0.005859338814172353
-0.03226345105972438
-0.03646323514667053
-0.035233407982145346
-0.015878647970669426
-0.005669096424098285
-0.017856548349184393
-0.008283849969043912
-0.01695557407800425
-0.0068889033900215
0.0015259404744558088
-0.0023175011154237396
-0.02102181081912185
-0.02945519895809236
-0.03440517098714255
-0.03344654481742814
-0.023923675460843234
-0.0271474704351863
-0.030169406219256893
-0.029695665882868694
-0.039149369481132
-0.040398989860624256
-0.04122396921037222
-0.0401259128921995
-0.03947175729643046
-0.040084734528009196
-0.03918699592354493
-0.03806584276250835
-0.032745139180598286
0.0057369470023122945
0.02416766784322663
0.03135943300414363
0.02944772053828668
0.03666997403991223
-1.0
-1.0
0.035083580554135754
0.019438230538476008
0.03654567461814059
0.0384195474540681
0.03050266679056773
-0.011684212674670546
-0.023218506836998314
-0.024349348000626592
-0.028044141910023676
-0.03176105879620822
-0.03230408300797453
-0.036183024622180184
-0.035123050522619804
-0.0358214481370829
-0.03464302371199839
-0.025455067866976114
-0.004672600138549537
-0.015258928329472848
0.01844197831004844
0.02029928223672795
-0.0005140037342357805
-0.005007092085942552
-0.014239105631309831
-0.02116784022422229
-0.013646530988073311
-0.020042101653176908
-0.021531134527789115
-0.02187685487594907
-0.022748976808571974
-0.020867307631737383
-0.014219282421910277
0.017542536387892563
0.022719941859582534
0.03762614440801794
0.034637181655861576
0.03050275644009402
0.017620637674421746
0.00048153685568635664
0.007565639903014211
0.008771387083533137
-0.011456508131357622
-0.017732215194614723
0.006008384500684784
0.0024668961838757637
-0.0024044507455760243
-0.02608765749116436
-0.03223712803283375
-0.034535885623550755
-0.03582498241052152
-0.03580770352595123
-0.03602229835205877
-0.03622203930730149
-0.037407878895958695
-0.03688182585104117
-0.038204793896888745
-0.03783722435337066
-0.037069077703983995
-0.03586877339552045
-0.035234594674078
-0.03497843816340544
-0.034481554547764186
-0.027576270000746823
-0.022115074656959825
-0.023171687253754625
-0.029724100620431633
-0.03102342864223615
-0.017236375834690298
0.012657976740254198
0.019958241970439935
-0.002023437693146042
0.006818098063861386
0.014566952235178263
-0.00938429709809105
-0.014279801019467369
0.00111705955848943
-0.004161579813173286
-0.017152332115319843
-0.00046583079732823683
-0.005254872332181737
-0.009877648174098407
-0.001095522354544398
0.02074267903518823
0.015157777379489376
0.004062063041951991
0.028606445524364775
0.04306510002851429
-1.0
-1.0
-1.0
-1.0
0.04307351781208116
0.04319275332936594
0.041619764519455975
0.04095775408559477
0.005306251769298426
-0.00895909732670864
-0.006436655122617182
-0.010429483885394669
-0.014391365130632657
-0.012672218137717151
-0.013825196921554412
-0.016553090148740516
-0.007628043660565207
0.015770528183833267
-0.016014064532484336
-0.021774769855502134
-0.023313472952694838
-0.022625398949617338
-0.018654795534574223
-0.016907932194836005
-0.01773533428146513
-0.012442058871421389
0.02185955385570374
0.029830661222280397
0.010013588916037626
-0.010681932008212684
-0.010286766683700715
-0.005245033865688044
0.004309382651680806
-0.006474591380625707
-0.009128339813155854
-0.008613893208322326
-0.003375831147411561
0.024800834568970878
0.03958410934258899
0.024404678237795848
0.03728498350073144
0.03190720482148111
-1.0
-1.0
0.017691612098977797
0.007843486100358883
0.01999144142016083
0.020310133953413762
-1.0
0.03177303388258574
0.037009088609639224
0.03129415770349823
0.03187009158274841
0.029236062285768225
-1.0
0.04128856467842963
0.027432420266986255
0.0311638486001363
-1.0
-0.0088064826749444
-0.01784013603104667
-0.020759472382740545
-0.0208851889596231
-0.018900699948343123
-0.00825189182198861
0.022799277245889225
0.008631140208129742
-0.0258608444429621
-0.026613543367419844
-0.034568592436149195
-0.037002023601339536
-0.0386730617170675
-0.03891314291512649
-0.03801105504222425
-0.037319378849737565
-0.036678590843110766
-0.03415120971855385
-1.0
-1.0
-0.0345787095082852
-0.036071039329586614
-0.03658949292619835
-0.03533402111144705
-0.03661711108974497
-0.038897861903265656
-0.03991457847450661
-0.03528468239023028
-0.028106390473371254
-0.023957080168548802
0.007229182819606347
0.004385985780083747
-0.024181255769323638
-0.030172196255038357
-0.02884792823282436
-0.03125286578504713
-0.03196494332659645
-0.03316376736077859
-0.03298660556196142
-0.03332360338481403
-0.03121094687703968
-0.035023983284556484
-0.035540367385956076
-0.03419187948885438
-0.019746964045994426
-0.014822852501718263
-0.021462991466746517
-0.03155788321134543
-0.03255019173044552
-0.02944952508606775
-0.022566840984108577
0.003716590324903417
-0.028610956478648347
-0.03346605284905383
-0.03476865534635482
-0.03568569146610073
-0.034726568946477805
-0.03276984644556878
-0.034597702166821155
-0.0331041500467625
-0.029841989408983933
-0.031575941915773134
-0.03356474013527878
-0.033795929247688136
-0.03271220617622433
-0.032052475859139146
-0.026013951301218488
-0.029007166791210477
-0.025546821061808157
0.01267414732548532
-0.012981190188472219
-0.013076046120752187
-0.001916806559860934
0.018585660592280832
0.014057287460795658
0.024566819053672664
0.012708505875144502
-0.009217372070849526
-0.016685521911972284
-0.013789223283664437
-0.017900519460020557
-0.01327609996001774
0.011086436760336684
0.027216110934587118
0.015557255186845623
-0.00973158474453583
-1.0
-1.0
