0.04767141061056197
0.047894676556990166
0.04922639879666802
0.04845839109905118
0.04815479789071219
0.0472289760335974
0.04499629863670609
0.030572962746628893
0.0027048222410871155
0.011981101164374744
0.010802994462304318
0.01681134792800354
0.04478313104253541
0.047311693997755463
0.04767164751763849
0.046455334185348404
0.0474421442277601
0.046227182589006544
0.04600962843001556
0.04388201761088514
0.043753621452920756
0.044735305378112794
0.04653838240886211
0.046791155141593745
0.04492631479455823
-1.0
0.046864307033626464
0.04578519670811177
0.046664434126980125
0.046222980168837566
0.04617010203037986
0.04463303203129369
0.03889608759680099
0.03665408244750454
0.047555526319169046
0.048277254105892155
0.04703376550864379
0.046423655623859604
0.04170312710275171
0.026090815628969786
0.027869429174349727
0.03684276999874174
0.04774909473827751
0.04648124405401992
0.04554879308936076
0.043619835392455085
0.04375002243430626
0.04151617541103706
0.028036653651642606
0.02102527419360387
0.014109096822200828
-0.0146145304729916
-0.03595257315600528
-0.03923434385687624
-0.041142958916919645
-0.04223512312237117
-0.04285114534611984
-0.04404634418567611
-0.043833845338848605
-0.0439955689094112
-0.04406532368728216
-0.04342353658610683
-0.043195361722043524
-0.04341552698097065
-0.044101914599707706
-0.041831920521380746
-0.042698016508748375
-0.04316501164141714
-0.04245647520224323
-0.0431065876133294
-0.0431492755551225
-0.043613324233039465
-0.04329707783443564
-0.043341558820162766
-0.04295743994258719
-0.04291489084046217
-0.042863902901792275
-0.0429913918802612
-0.04333963460341438
-0.042501145684695735
-0.043679771430860014
-0.04419318260567708
-0.04453932446910526
-0.04417998050086973
-0.03941970592393874
-0.011290686728069
-0.001967233934075398
-0.0028899356489862794
0.03310223093847711
0.03483915423436485
0.031045057525943335
0.007079487771791153
-0.024569948981331483
-0.03374782509953629
-0.0337605899229162
-0.03449906296020424
-0.029044183511551844
-0.02434345042731197
-0.0004044019784532151
0.00010719809408060462
-0.02049328329751152
-0.011484038511811331
0.022829572724174744
0.029672983988145087
0.017656557352651696
-1.0
0.00965390613365607
0.04223581109810353
-1.0
-1.0
-1.0
-1.0
-1.0
-1.0
0.04681608619474131
0.05012759935498664
-1.0
0.049809159725668746
0.05079532301184273
0.050155892034157525
0.04748503430035887
0.03268988912916044
0.022216683979927963
0.012666738760318715
0.0046297869471177006
0.010326727257638788
-0.00519844323709689
0.006767073046888163
-0.0150865891488615
-0.029151843506519174
-0.033238044478574494
-0.03235109516848469
-0.030335265818346252
-0.01591827988072318
-0.02074927900117088
-0.03061513542971366
-0.03171817975333573
-0.02996664169802135
-0.016624104397146167
0.030899622543922572
0.03095948280474079
0.037622684183437546
0.03798084085081813
0.047182011847930645
0.04615373164712029
0.044769131283717366
0.04792909751718397
-1.0
-1.0
-1.0
0.04952812372497594
-1.0
-1.0
-1.0
0.027111355431239322
0.0403153680323337
0.05085927607056907
0.039156700453162586
0.04431192813186502
0.0509563200169435
0.04893270156144937
0.040875110442774476
-1.0
-1.0
-1.0
-1.0
-1.0
-1.0
-0.009823086287193387
0.008807932122016781
0.03331832867693735
0.010293246962942778
0.025054442600674316
0.037269395685969486
0.028312302449801076
-0.0066411883585053445
-0.02163966528168617
-0.02390657689056347
-0.021195041258111707
-0.010576802811493584
-0.016459485199316743
-1.0
-1.0
-1.0
-1.0
-1.0
-1.0
0.047795053718879155
0.04572246170043156
0.028292803691167576
0.03734835163763187
0.017576787607916932
0.00821112837204613
0.007436960591474919
0.03794346927835405
0.018370458068634053
0.012133424062409083
-0.0008822773720602202
-0.013508392864382242
-0.021877968220999904
-0.02251552775796419
-0.017695394287258553
-0.01348026807882597
-0.011804995540719737
-1.0
-0.0008166286207531786
0.030001979669791356
0.04521787570683676
0.037176634916720346
0.018272610937308607
0.028146651547346326
0.035970190887637976
0.04452951871735771
-1.0
0.04031974304915246
0.04081936512841758
0.03906322567134695
-1.0
0.050260770186483464
0.0517241828962331
0.04543076332985435
0.05295772623843877
0.04964383276888453
0.04604227615313203
-1.0
0.016420647621926885
0.0038666709849481647
0.002211395252440061
0.005383444798193499
0.015785264110097265
0.034976937621115214
0.030053471516226983
0.04184538529225587
0.04389101323634735
0.051851812713664555
0.04943035035779119
0.02510206585687682
0.040594838264117715
0.03815375751448077
0.02868317928689864
0.01827901847902974
0.0034820459071548846
-0.008486991752787403
-0.0021934346059133383
0.03184667672171276
0.025532107599287552
0.03677311357284954
0.026232118255338197
0.04034506988938553
0.04420019532640649
0.027521866266132792
0.01108843877259833
-0.022401859527434908
-0.02724725654041358
-0.029601412460059318
-0.029767975977703882
-0.027720230986443488
-0.027824783475748655
-0.03250735088187944
-0.033560270327280185
-0.033876633350940176
-0.03343950380275674
-0.03279355673233847
-0.03186388217393298
-0.029871574214962067
-0.02860292389215032
-0.026069961174306867
-0.02530156033348837
-0.022720706416428583
-0.017813956846053774
0.005406599287050384
-1.0
-1.0
-1.0
0.02819222617339745
0.01633673966163865
0.008886367773330031
-0.0009237790569875686
0.0008125672872955792
0.011249848338052726
0.042712750849202265
0.04311448503634094
0.041164971958829885
-1.0
0.0458866621061452
-1.0
-1.0
0.04521468963165628
0.04625925823050368
0.04477104993004332
-1.0
-1.0
-1.0
-1.0
-1.0
0.04550195972806087
0.04613247455709789
0.044830689303921964
0.04378864505327787
0.04448748424886903
0.04407290481393838
-1.0
0.043706054016588385
0.045086321879333285
0.044766128958813774
0.044099730171865296
0.043879021154203016
0.043971535407558965
0.04421350605750921
0.04120329027302527
0.04181990150531691
0.034787397061991354
0.03180817538024937
0.029903529239857122
-0.0056326978710367495
-0.01566664708274862
-0.002542422193603698
-0.004205798066045611
0.0014116317815056768
-1.0
-1.0
-1.0
-1.0
-1.0
-1.0
-0.02747910562062971
-1.0
-1.0
-1.0
-1.0
-1.0
-1.0
-1.0
-1.0
-1.0
-1.0
-1.0
-1.0
-1.0
-1.0
-1.0
-0.04067022437974414
-0.04074148728729157
-0.04048211206904172
-0.04111906391840842
-0.04075022198707193
-0.040575260941223476
-0.038739236236325594
-1.0
-0.03920859044238448
-1.0
-1.0
-1.0
-1.0
-1.0
-1.0
-1.0
-1.0
-1.0
-1.0
-1.0
-1.0
-1.0
-1.0
-1.0
-1.0
-1.0
-1.0
-1.0
-1.0
-1.0
-1.0
-1.0
-1.0
-1.0
-1.0
-1.0
-1.0
-1.0
-1.0
-1.0
-1.0
-1.0
-1.0
-1.0
-1.0
-1.0
-1.0
-1.0
-1.0
-1.0
-1.0
-1.0
-1.0
-1.0
-1.0
-1.0
-1.0
-1.0
-1.0
-1.0
-1.0
-1.0
-1.0
-1.0
-1.0
-1.0
-1.0
-1.0
-1.0
-1.0
-1.0
-1.0
-1.0
-1.0
-1.0
-1.0
-1.0
-1.0
-1.0
-1.0
-1.0
-1.0
-1.0
-1.0
-1.0
-1.0
-1.0
-1.0
-1.0
-1.0
-1.0
-1.0
-1.0
-1.0
-1.0
-1.0
-1.0
-1.0
-1.0
-1.0
-1.0
-1.0
-1.0
-1.0
-1.0
-1.0
-1.0
-1.0
-1.0
-1.0
-1.0
-1.0
-1.0
-1.0
-1.0
-1.0
-1.0
-1.0
-1.0
-1.0
-1.0
-1.0
-1.0
-0.04560921232090444
-0.01440544845799622
0.007632911920118597
0.018052999812609046
0.00841396527260971
0.008765426106213885
0.0021394064248998253
-0.01708376300472124
-0.01126730948615711
-0.001439780641311407
0.011944391658698933
-0.00291823233974775
-0.03258426555743375
-0.04290299055762566
-0.042187455416771436
-0.038382283911427645
-0.021460579649806785
-0.011021486856947852
0.0072146721261923934
0.011573725808721373
-0.00018278873467847748
-0.003000427791857351
-0.03908993452230054
-0.04009444375478871
-0.03501989992695101
-0.03886936651857386
-0.03970162930048652
-0.0385797207662908
-0.034027803781741195
-0.02043262705880011
-0.017020562857105816
-0.020688393732436985
-0.02733367608753441
-0.024102804523195912
-0.02131388995089649
0.0018064323065238158
0.023957665418626616
0.025664471797420648
0.024237390887023973
-0.013663833967772564
-0.013993266515054458
-1.0
-1.0
-0.01456957456515169
-0.03765200526774788
-0.0402577029534681
-0.04314297187479326
-0.045784496598508036
-0.04709683844241362
-0.046621836555943215
-0.04832316234319159
-0.04920989352091889
-0.049198341760965054
-0.048043610992240776
-0.04846512832961438
-0.049089995708563317
-0.04943196050707001
-0.048737900440693885
-0.049830881744599924
-0.0497668299006983
-0.04825317152385093
-0.04958528934803041
-0.0502908926662371
-0.049586886093969544
-0.04713479117126959
-0.031245838695634708
0.015182938587408278
0.010899766834476897
-0.00820026214237194
-0.012522525844971301
-0.004735058388809427
-0.028096720734159305
-0.009287665415714214
-0.01752985820683878
-0.024833966782293142
-0.03726102929763212
-0.04311652123699146
-0.0460256451273235
-0.04811979198845271
-0.04928887726240924
-0.05075101686631706
-0.05101306170834607
-0.05141512053466039
-0.051136225093432595
-0.049013634191584235
-0.04828130558191583
-0.04888350421325508
-0.047751535720771655
-0.045533230373261534
-0.04309235604631954
-0.04303751366603893
-0.04415555613802534
-0.04053654454728304
-0.03905306829713802
-0.04110939910105373
-0.03776506677857101
-0.036165982917135304
-0.030881179423311676
-0.017514421780226254
0.0227883859811283
0.02215199010502265
0.024261631468739102
0.030458910758954974
0.03642375870301286
-1.0
-1.0
-1.0
0.044439430878696284
-1.0
-1.0
-1.0
-1.0
-1.0
0.01283316814519363
0.0031457282635392434
0.009818764367646383
0.010534766204568504
0.018069451108379916
-0.006135519483789217
-0.0061553400220133725
0.012830134910394383
0.014309052879623422
-0.01377125626016805
-0.03954856262385938
-0.04366104710613861
-0.0485779044049243
-0.049062020088912785
-0.049384003412742294
-0.05035488925670582
-0.0505548367019845
-0.050819177832119505
-0.05065583129155581
-0.05113459525957268
-0.05077022664478711
-0.051481220678465396
-0.051049054780413675
-0.051802785155901136
-0.05166709508613206
-0.052314059223037966
-0.05206947268330911
-0.05209369137141133
-0.05180117529502921
-0.051761746437786124
-0.05199195636186242
-0.0520797437947827
-0.05200683884781679
-0.05121442093578502
-0.05094596029474186
-0.051123926792259626
-0.05201493195627427
-0.05165749446135767
-0.051730272857272525
-0.050701852905141565
-0.050348313139567676
-0.04748527239482355
-0.04729849183636048
-0.04388999513849608
-0.04911966964199677
-0.051398473520975756
-0.05169278799115983
-0.05102160991786446
-0.04576861486514611
-0.04785568679508177
-0.04950830769941453
-0.050103003337111374
-0.05065058161805733
-0.05089166945382599
-0.05063818561619487
-0.04953710862825611
-0.050450541159476746
-0.051307598285407756
-0.05089697413023727
-0.051570395678797634
-0.051198097837410146
-0.051269652601190846
-0.051689007918684235
-0.0513614285781309
-0.05158291255067323
-0.0509384196451654
-0.05038819946695395
-0.051517810556079145
-0.05113326238745477
-0.05135417266610921
-0.05145535015966142
-0.05041659946949544
-0.05157117993089226
-0.05130575902895625
-0.05160771313663723
-0.05126670387322938
-0.05039561865866407
-0.05001653416499254
-0.04991315753716986
-0.04991727944475082
-0.04927856270326757
-0.049219261080720826
-0.04822528908989599
-0.045400040243653704
-0.0431863088266242
-0.032009574044862585
-0.015452568063218925
0.012151500228555176
0.01096477734679768
0.02220395084700498
0.029895380821886933
-1.0
0.046017067979558735
0.04479626281088604
0.04576150357554954
0.044426375559088925
0.0445602941904626
0.046440505771968156
0.045504929957585136
0.045056865430580455
-1.0
-1.0
-1.0
0.04728652885438284
0.047199462005314705
-1.0
-1.0
0.04222451205163074
0.028162434814591582
0.04346824357678038
0.04426049696865557
0.04176646873607705
0.0421027159754777
0.04527362200653183
0.048323411975062
0.050128301147655485
0.04888472992599424
0.04910032421159565
0.048532780563769105
0.048763943266551424
0.04831389227727596
0.04558271462422851
-1.0
-1.0
-1.0
0.047211467536960317
0.04830597979840649
0.04488738273499952
0.03717612567373041
0.02529289164430951
0.0197804413335017
-1.0
-1.0
-1.0
-0.03251236193835001
-0.01988775848340327
-0.009447640229201405
0.01095359174948787
0.01971422093552497
0.034368344650380155
0.04231520902733164
0.03667875096916119
0.010776201265712859
-0.0052574387166166225
-0.02483190503568889
-0.035420777374180694
-0.030044049351896827
-0.015239525602653207
0.009465250573747416
-0.012815689927580084
-0.017066578334796332
-0.022609846496039233
-0.004537810005542974
-0.04120715987672438
-0.042360693183641523
-0.04330717458309506
-0.05117424656996088
-0.052337597548323164
-0.0518583816268949
-0.05271005259883794
-0.05209842072457879
-0.04748938398406827
-0.049205452854140505
-0.046858649367950214
-0.04346921287800627
-0.0005782626351560305
0.013641610677407729
0.023069675625029085
0.03023291289513052
0.0205904734400455
0.00985252481186176
0.026571276669558504
0.03418771692644547
0.0280313444697402
0.018750254542855217
0.019538160661185945
0.023859501557220168
0.015406983099575364
0.016116285490117586
-0.02817471609114109
-0.03776195147574169
-0.048946796853069886
-0.050449698299765054
-0.05040459733438929
-0.04997078512870005
-0.04866592531620133
-0.04863826313262626
-0.044989835611410275
-0.04277247324107631
-0.04909911177453038
-0.050049357949812606
-0.049302450128380214
-0.048941732376037314
-0.045423252305651335
-0.02936796986012884
-0.0472152250677599
-0.04859138418920771
-0.049214502678543465
-0.04718790137637008
-0.04185574701208825
-0.04616623412463916
-0.04213046562924913
-0.04245952779144815
-0.033363701834262606
-0.04336117791208354
-0.04625049906743876
-0.04754083693212837
-0.04590500992912587
-0.04797492085237424
-0.03970525066403142
-0.04690134103219458
-0.046963701654905564
-0.04536351918666413
-0.04886935452465045
-0.049430865888570444
-0.04636897895460185
-0.05057964658964781
-0.05065156159379179
-0.05118755849664654
-0.051968670914419555
-0.0499582230346942
-0.05072345547715747
-0.05205143060422037
-0.05053541530250177
-0.05119183608795846
-0.05032846105088732
-0.04928756997918143
-0.0403809395870682
-0.03150854354439347
-0.03159726453972713
-0.036838487851701227
-0.03019583364092674
0.01573907656035414
-0.0032884260603605123
-0.020612396838643212
-0.002749365800740878
-1.0
-1.0
-1.0
0.02426008855203199
-1.0
0.011611497398564381
-0.028491616467694027
-0.03417912970509545
-0.0356532665255116
-0.043859685580783875
-0.04208010755822331
-0.044364626648710506
-0.033626121180726526
-0.03368881431614494
-0.045830539429180174
-0.04880856023613031
-0.04921926224938211
-0.049530325437663995
-0.047671090448550564
-0.045822970701901986
-0.04568793494488945
-0.04511193617130955
-0.042895762243190284
-0.039658392703471206
-0.017869169488523892
-0.0075952095060976554
-0.0059128003729979
0.029007234930253062
0.0009845354644333892
-0.012388471173859076
-0.012739393452304648
-1.0
-1.0
0.04379997356997583
0.02120796160788521
0.01953008700474125
0.03972999844390753
0.038096440370290086
0.03925268816966419
0.02741555990049719
0.029558154588373974
0.038071686312981565
-1.0
-1.0
-1.0
-1.0
-1.0
-0.003992374248807314
-0.017635566809900048
-0.01942338263605638
-0.023585836064576638
-0.008051784752181454
-0.020852826578460503
-0.025706705918450687
-0.02694324977214993
-0.02856108276819448
-0.025535615000219027
-0.024771598055548776
-0.020419893908421683
0.018693467442503296
0.03155973712375284
0.008590333421678703
0.007532442851539224
0.03835829658900508
0.04775143121012944
0.046097175636482204
0.03959763139114768
0.015370897456234583
-1.0
-0.00027788115886774936
0.01873574851529897
0.04466327860444979
0.050264874780419196
0.04815306031399054
0.04688290481810009
0.0468509431929121
0.049320967840885355
0.048972701022114
0.045358710143363255
0.049090567788870595
0.04871983619147542
0.04785155315851573
0.04785350400478666
0.046147965873349774
0.04706136186714168
0.04683079500227442
0.047117582193718185
0.032420762232600105
-1.0
