-0.009739114158385461
-0.004442615030595275
0.0002461437509142098
-0.014453570834612392
-0.02446702392415858
-1.0
-0.032891495812975985
-0.03229371419362214
-0.03071483363360401
-0.032610110067623065
-0.03209305260553892
-0.03280665884454027
-0.032644970675002084
-0.03301307680732661
-0.03252483500125011
-0.032501108230244206
-0.03291558842810512
-0.032529264214267585
-0.031819758528653416
-0.03248232997688812
-0.03210085574345067
-0.031127709882643816
-0.028026063599001047
-0.019966001307420336
-0.002279764918756949
-0.011958274208918141
-0.0209097338947844
-0.02761035152477612
-0.02497838245803725
-0.019737252411736496
-0.0005443097722633287
-0.016102311792578167
-0.02993690852567089
-0.03156480643826283
-0.03133526572059699
-0.027900104601193326
-0.028119336491165218
-0.030835192791548695
-0.030694902248943685
-0.028588579334183316
-0.028698394771921168
-0.028297381398094415
-0.006117504843862669
0.016165138904437826
0.021327323948636387
0.014039879063666537
-1.0
-1.0
0.028683325674272824
-1.0
-1.0
0.018861532532779998
-0.005604265070579338
-0.011731578737993511
-0.012890756344641457
-0.014447410667470089
-0.011847858701359616
-0.013847898474603307
-0.009556817269568679
-0.01091295946710988
-0.00332233920105341
-6.488837466614508e-05
-0.001885869506486993
-0.0067171106586137565
-0.007887860003107884
-0.0031465323959523317
0.0027633707634882156
-0.012362461321971507
-0.02332180822858598
-0.026077459151521615
-0.022847078182569276
-0.015215908321934767
-0.023515219756054254
-0.025699416263420344
-0.028414970452951282
-0.02934105944566587
-0.030934945379281154
-0.03087562820747872
-0.03060194477639993
-0.029478961058521966
-0.02490775744410035
-0.025839937840450907
-0.02378087864356451
-0.020000644909214084
-0.0015256300176294932
-0.0034041610710912294
0.009944208602005754
0.016160285686672046
0.027527930808338347
-1.0
-1.0
-1.0
0.029429216860861394
0.036337624098461904
0.03387646128394268
0.032158629736706724
-1.0
-1.0
0.03711227245275921
0.036338434449215085
0.03649930645032771
-1.0
-1.0
0.023457011860336604
0.0187578109679575
0.016140095205538045
0.016330402032759
0.013927538776876688
0.013048499809171646
0.012974031055368809
0.013970126987113342
0.019211018309077278
0.0314189307854574
0.02620059169158564
0.0230003610175221
0.03169548556895926
0.02734411829690945
0.026850865969643416
0.011475904608414389
0.009115473182807941
0.013805219118586193
0.021093686568391855
0.01661143693241926
0.016506813100109905
0.03069109458346106
0.036297436994431956
0.03384230533364217
-1.0
-1.0
-1.0
-1.0
-1.0
-1.0
-1.0
0.02327775226716397
0.017664995940334886
0.013817386844237795
0.012839759126099887
0.015427716485760863
0.014606645178126277
0.02800207162428785
0.03130195209058196
-1.0
-1.0
-1.0
-1.0
-1.0
0.03086612087313188
-1.0
0.03659373236966576
0.03695043777222267
0.036373883231732004
-1.0
-1.0
0.03525450819656122
0.03568643471106208
0.03458799977703736
0.03422884005942384
0.025261420476392297
0.01958822688433528
0.019990833173469665
0.025238801117313272
-1.0
-1.0
-1.0
0.016050549947778284
0.00697888137747932
0.017921041726073072
0.025734908162883034
0.024283761394067724
0.020281563742581582
0.020426084201199943
0.015961313857397623
0.016196338451946665
0.01169863653976836
0.016816500664356443
0.021391186948740953
0.007402129978227288
-0.019956134536999574
-0.02391573138289995
-0.021993923606497566
-0.021659016725623415
-0.026455481262216307
-0.025919447564398578
-0.0295744310995513
-0.02968824417987324
-0.025429087153256202
-0.030502792341675338
-0.03169229304761429
-0.03207214928318327
-0.03101861499259962
-0.031007254238630693
-0.02802948370787864
-0.0223383611372047
-0.020740622299729755
-0.01909849601591475
-0.028179195422100196
-0.029271698775617905
-0.00806790016804453
0.007861534185730618
0.011257988974269878
-0.003321575681416528
-0.02381099082106047
-0.030846205452471204
-0.031014933361062515
-0.032788184836126257
-0.0326573764029141
-0.03272995553863133
-0.03198293664027322
-0.031369489586366955
-0.032008180813274126
-0.031114618870059153
-0.030469286207816425
-0.029823671031034192
-0.030951050518072315
-0.031018538168600892
-0.0323291988001042
-0.031174379986893163
-0.03161005535928126
-0.03144103690294625
-0.026656017669620724
-0.030735591851511958
-0.03154616716250366
-0.031603222187562306
-0.03219986163269282
-0.030879793706698418
-0.03071290345903857
-0.03022470330690102
-0.025138889333701106
-0.010123112668767678
0.0017874331735772471
0.01820633400234097
0.017823998118226148
0.014876135804423958
0.016317730870335872
0.019767741415960924
-1.0
0.02140132862349325
0.01908128547340295
-0.012421997922563906
-0.02450219398663985
-0.02500949011667742
-0.02854716445790919
-0.029873077345090746
-0.02857640509500989
-0.03044782537262611
-0.02950699313592012
-0.02918129964617604
-0.029779931730238858
-0.029550706581328738
-0.031134384077582598
-0.030769111538507258
-0.03051329571351572
-0.02862239953429907
-0.026112692421563437
-0.00919565237551185
0.004547354929275517
0.005409125910174072
-0.021284671583830787
-0.030555301285215095
-0.03037695484759547
-0.032110376574719414
-0.031209119740696217
-0.030642177576748787
-0.03098282582985262
-0.031338658140665124
-0.0316166137740002
-0.031473696959030545
-0.030434335325807436
-0.030527565913336042
-0.030378541423911214
-0.029254427940732082
-0.017143197845641323
0.010704035929195903
0.000566046291390461
-0.009443507128822814
-0.003927375050152204
-0.004517831510926145
0.0011733100339448217
0.006310332995586096
0.006937904209361696
0.008034160243236861
0.006876507851451196
-0.028003897274784386
-0.029820964284596505
-0.02979032058861424
-0.030053281607461308
-0.027718680898651975
-0.020777513276508397
-0.018423954683536022
-0.02519446022258508
-0.01723765477589684
0.0098798056626986
-0.0013236622563907864
-0.013314043902577023
-0.014785181974999962
-0.01639182742120588
-0.02350152465247047
-0.025568017370721487
-0.026706240216175937
-0.028212585390202133
-0.02726084273575791
-0.025957579678162843
-0.026074170591196547
-0.020622268216635715
-0.0158998516279386
-0.018362754989722906
-0.018021085264272717
-0.01710990567666215
-0.004763431197863503
0.0017190505608053119
0.018720109714119217
0.013829286708948953
0.016290140058677894
0.020899828217255716
0.024370676281725828
0.004356215367705874
-0.0043710659747957506
0.0018616605978351382
0.0022914966837777103
0.010268985616871338
0.007245396236284222
0.014007164452227544
-1.0
0.031713216482764844
0.029286184857790498
0.031728583385939764
0.027814397217671916
0.02828859423601622
-1.0
-1.0
0.013702473219764406
0.012464110068649304
0.026146176545325167
0.02271330559560001
0.023555882957728785
0.021986484500991155
0.01567453289172746
-0.014646825023075178
-0.014552009823117449
-0.0075941571446486
-0.010702879074636525
-0.023040843710428263
-0.028164433774268405
-0.03078851913945727
-0.030544467951682017
-0.030522210789974035
-0.032063312866426635
-0.031838027528766404
-0.0316492549259834
-0.03194992707104053
-0.03259641855605603
-0.0328329881900017
-0.03213592602793599
-0.030983132143292614
-0.0295985870225474
-0.030629801005460824
-0.030482661032158208
-0.027639398456626284
-0.030138264052410765
-0.031360308842830364
-0.030801849683764808
-0.031167116313229923
-0.029376190738521688
-0.02867028939252684
-0.02651592449109205
-0.017288671607974565
-0.007765870426514097
0.016899016153195983
0.0253455793274069
0.028115275093595612
0.028210099820052438
0.02965787338967914
0.022760037345808167
0.009408440531145597
0.005984639906776528
0.00836426419586082
0.016770837098827485
0.023221031774231415
-1.0
0.034808923412383695
0.03595895659958319
0.02940307367075539
0.02721408936194009
0.02703505512678929
0.015747135626945918
0.009152135594481756
0.007310045853745216
0.008168760099145316
0.02298243666496144
-1.0
-1.0
-1.0
0.031956801138236915
0.010097552704586702
0.0019086597196184606
0.001654302813844716
0.0007428405052332059
0.0017120300088069125
0.0006053214272154047
0.0027191739712833615
0.010068834693914244
0.015785056483498105
0.017875759206942506
0.029164153398450587
0.010357933531613166
0.008855195459485632
0.004894548053957058
0.01174706347057277
0.015381634722658816
0.01025844735801424
0.0225435663490043
0.007301853820780578
0.004658420661734355
0.009382259409177083
0.00744843949344668
0.007200951419488474
0.013290775836980285
0.023574701272725686
0.03380583891222842
0.0333732672581322
0.03176537371216446
0.018928210608877998
0.01956850495663022
-1.0
0.03685244496034737
-1.0
0.033418285980779394
0.022622065390336694
0.01775978109685482
0.019741161705232577
0.02581986636406579
0.03182115106346054
0.025257490436297145
0.02447836455415941
0.030056031119176162
0.028286287900150985
0.019924043215608332
0.02520165288837964
0.032126256241078247
0.026769610176216613
0.021755337635001825
0.029804085025195104
0.03398735992750437
0.03437264243914815
0.033902403288081306
0.033605551572955326
0.03413263022306437
0.03363507431746937
-1.0
0.02911181493310008
-1.0
0.025237672128011746
0.03290073028344229
-1.0
-1.0
-1.0
0.034330120786742066
-1.0
-1.0
-1.0
0.03288162174272375
0.033974396592623204
-1.0
0.032034125772111954
0.029486173027468084
-1.0
0.03225985473556823
-1.0
-1.0
0.03217246862489676
0.032248097912070055
-1.0
0.03118412658488293
0.030552857638088807
0.029776557860206294
0.029486748696102186
0.03016931456589678
0.030751180266796033
0.03089496765335209
0.03056264472579683
-1.0
0.030527366042146387
-1.0
-1.0
-1.0
-1.0
0.02989635989253317
0.029565956793821978
-1.0
-1.0
0.030270289478584473
-1.0
0.02956850735262889
0.030870817251271252
0.029078118272898554
0.03082200959722002
-1.0
0.031052455530548053
0.03158475754622983
0.03148579575342659
-1.0
-1.0
0.026969078351920833
-1.0
-1.0
0.016640941093242892
0.013684767641244803
0.015041390834566149
0.013397514281222518
0.012103332967240518
0.013617870874362548
0.017842218565676294
0.03355101411081195
0.03399636600160334
0.03263869843042567
0.030485849807770037
0.025698203086667662
0.030682714951192156
-1.0
-1.0
-1.0
-1.0
-1.0
-1.0
0.033143765702382165
0.034661595618790994
-1.0
0.03571180234783751
0.03589708186936552
-1.0
-1.0
0.035468371924395954
0.024033599464872362
0.027621170799768287
0.029863402001261228
-1.0
-1.0
0.027430836205016507
0.00792905354784528
0.004964455617912647
0.0023410407235009605
2.1479461093182843e-05
-0.0016336681598244467
-0.0034226480763083307
-0.003394385688973892
-0.0035192835997794525
-0.002330830938038126
-0.0023068010074612693
-0.0034241151826692466
-0.002023469669389834
-0.0018416467742714464
-0.0021337548823491207
0.0009215496961323919
0.016383052337410515
-1.0
0.02269886683905671
0.0015382707258336486
-0.0007175496931975129
-0.0029217240710531812
-0.002776567212262858
-0.0015337798474911134
0.004314478364484555
0.00462656911274772
0.01781333919838059
0.03505443886561318
0.03613289801300728
0.036153910350157005
0.03569476802038494
0.034950108550303186
0.03388069345065676
0.035597788411411126
0.03025802577647172
0.028076754372934134
0.03602379348710774
0.036478815464517374
0.03691085676533999
0.03637496267677122
-1.0
-1.0
-1.0
-1.0
-1.0
0.033100131625148695
-1.0
0.014181358457402002
0.006152654922918272
0.01095356293279843
0.009087766012035186
0.005283428076061021
0.00039684494585258726
0.014832358190541906
0.023194819952700015
0.025844178781482083
0.015537872822463572
-0.00045243343335029767
0.003162807051943504
-0.0009528367253392078
-0.006737042152691876
-0.009872015478762554
-0.013524243209089657
-0.017161171364288463
-0.016930313245329995
-0.013396019448899918
-0.012009107628830775
-0.01122697948871934
-0.012397888610127191
-0.009521188658714222
-0.0026049151045224005
0.004826258455825666
0.017828614261165446
0.017002721578999326
0.0030695118957230665
-0.0027392038845007387
0.0020834417632398976
-0.0006244358650056692
-0.005587634477682605
-0.001123481462957896
-0.009148488848552499
-0.012735689517164943
-0.01241861215455963
-0.013957789456669494
-0.02168257098200936
-0.021510370211009953
-0.021167489510732343
-0.02031216576036196
-0.02186085341814739
-0.020530240984608907
-0.02644116323228002
-0.02673332633448249
-0.025483652892885778
-0.024277539284900906
-0.02263728875416834
-0.024892386508476746
-0.02519342438321757
-0.024082643075453217
-0.019369516111963088
0.018270787528161827
0.023655509186018855
-0.006324537651857815
-0.01679980356856785
-0.017080873047319273
-0.01336995655470115
-0.011906506004356393
-0.024461007429681676
-0.02830013259753273
-0.029776424547050432
-0.028035013522464295
-0.02991000276013685
-0.029784489926996376
-0.029791808452999346
-0.02866627453438994
-0.02812526584094499
-0.027309715851883826
-0.02676594575476588
-0.02608042439985823
-0.021274615528223167
-0.018846314665099735
-0.018897247159057214
-0.01817014900624434
-0.013022311331986176
-1.0
0.010450252544016131
-1.0
0.018217933206698487
-0.006499395077924999
-0.013974310126797571
-0.010950208535569167
-0.014703398708034485
0.010948886779031525
-0.006384719978619354
-0.021845733545274488
-0.02097958025066248
-0.008340392293132921
0.003316166241822631
0.0075620564585373385
-0.005644230725739494
-0.02316883289246431
-0.025834669531398166
-0.02674175900065927
-0.027321585175751107
-0.028633061915152632
-0.027874114342778533
-0.029203905953143525
-0.029425961368327275
-0.0287187302041195
-0.027816429345170215
-0.024802656722955174
-0.016010132241274136
0.014687535719079292
0.022229059314508862
0.014380524507587334
0.01439882679592357
0.010646745724280133
-0.017975500658331735
-0.02359631198568331
-0.02008110655209588
-0.024223706112359855
-0.026786729016228666
-0.027101166204037443
-0.025173993104419295
-0.027671759319329015
-0.028693523768733648
-0.02519369918985262
-0.027348777757551037
-0.028993704290642602
-0.02833652595322886
-0.02746675584156587
-0.025746239520008662
-0.01293106036695996
-0.007069565708932317
-0.011446720974643113
-0.011171210686535656
0.001146514157231904
-0.009792351277473374
-0.012047432246752702
-0.005512337188831965
0.000946477335848321
-1.0
-1.0
-1.0
-1.0
-1.0
0.030145893385853238
-1.0
-1.0
-1.0
0.026919839462952403
0.017540455554724197
0.025397203644109075
0.002677892159075139
-0.01709671258266121
-0.018384597008950107
-0.011259245061248304
-0.007311131103577355
-0.02324330617028025
-0.026694714417484385
-0.028554074537354465
-0.02985415702290349
-0.03078135122942482
-0.030993487254384573
-0.030300170744950828
-0.030824961222077344
-0.031696842861600565
-0.03100069133594683
-0.030679488968724123
-0.030263144860769583
-0.03005636727503249
-0.030110713626990714
-0.02954575167516345
-0.024914501040078387
-0.008204554086386059
-0.020448265403999407
-1.0
-1.0
-1.0
-1.0
-1.0
-1.0
-1.0
-0.030182915371618223
-0.029657872891806294
-0.02924620986580771
-0.02700228606480244
-0.02288973409688848
-0.027123342609490526
-0.029815494240403043
-0.0313417059203075
-0.02741083499882877
-0.02701282484619667
-0.03015628254314118
-0.029517211685614813
-0.02837374413907455
-0.030815311767445185
-1.0
-0.030628954692380517
-0.030952274293954214
-0.030707681973513683
-0.030506249206913638
-0.02874976435217329
-0.02920489909527218
-0.02912695147260304
-0.022769375113057034
-0.02911637019243313
-0.02853477449745314
-0.02100449754824191
-0.009783853754328052
-0.006351100646433203
-0.00581364265349107
-0.01226614666768669
-0.027603751212756305
-0.03004947661412314
-0.026801320932367576
-0.028589840326709998
-0.028650850308517786
-0.02986455177104215
-0.030700980704368157
-0.0291476941568524
-0.029972624455864454
-0.02958953508440265
-0.02991912677537792
-0.030914807695243525
-0.03000768304072069
-0.029114630024763388
-1.0
-1.0
-0.030346877189349086
-0.030537465420828577
-0.030082706627521584
-0.025548863737027805
-0.029190527992482666
-0.027693707714190538
-0.022829859273416065
-0.022564458373644247
-0.006913065571757465
0.005596043010054545
0.015334729857381933
0.018180096783832377
0.002423731195230095
-0.00672108062227329
-0.010466036063207767
-0.012664580579967078
-0.013049588577213462
-0.019252440388395412
-0.022273973004846247
-0.02545901056602135
-0.027862548421575987
-0.027952074577843034
-1.0
-0.020918734676883852
-0.025453630148799394
-1.0
-0.02902770250488433
-0.028097291251118095
-0.025569842416062527
-0.02819563977634754
-1.0
-1.0
-0.026747470843169883
-0.026579816377530662
-1.0
-1.0
-1.0
-1.0
-1.0
-0.02740003681217867
-0.02666070361882291
-0.028706221568033038
-0.028267859044768542
-0.026386892106061172
-1.0
-1.0
-1.0
-0.026125819627117165
-0.02371029804279215
-0.02595678688754366
-0.02822617277966661
-0.02812996124658173
-0.028911224963255884
-1.0
-0.029249820555547344
-0.028814194212007996
-1.0
-0.028055336248374523
-0.02803891124252563
-0.029793152775353784
-0.02956346139276311
-0.02817656442792532
-0.02767310758911728
-0.027029432746118142
-0.02531488829431854
-0.017200870370160094
-0.016290393968773173
-0.025813305807785347
-0.025055196172634984
-0.023008839907577263
-0.017206290110958953
-0.021975384705237883
-0.020181465237443644
-0.0026894772154833976
0.01654642705701886
-0.00821998691225171
-0.026727832026627017
-0.025686545086015984
-0.027758409012726023
-0.028825195995539427
-0.02849966171855964
-0.029467361728650256
-0.02925610634207469
-0.028284044592521713
-0.024886843146658205
-0.027024906394925254
-0.028780592696001223
-0.029897798581740867
-1.0
-0.028396547237373226
-0.02758290179035022
-0.026723869387689874
-1.0
-0.02386470210707822
-1.0
-1.0
-1.0
-1.0
-1.0
-1.0
-1.0
-1.0
-1.0
-1.0
-1.0
-1.0
-1.0
-1.0
-1.0
-1.0
-1.0
-1.0
-1.0
-1.0
-1.0
-1.0
-1.0
-1.0
-1.0
-1.0
-1.0
-1.0
-1.0
-1.0
-1.0
-1.0
-1.0
-1.0
-1.0
-0.015314436204054665
0.010272240929308136
-0.005443769391148777
-0.017048466534468246
-0.020610751989786933
-0.02122370826085239
-0.02155973636252415
-0.021884866819389222
-0.023357899273050927
-0.02235329263838729
-0.02180767709899715
-0.01962647212695593
-0.012050062840148902
-0.008316047457541985
0.0016726554680304303
-0.0024049511701744217
-0.0077000355534371165
-0.013860511579985605
-0.016049688773843523
-0.022842133103084306
-0.022986746166907913
-0.023471782585431228
-1.0
-0.0248720561653486
-0.02310446639423826
-0.022790740457064224
-0.023822136382495532
-1.0
-0.023558566969971276
-0.019384192825400447
-0.024212741167921534
-0.02586768741505618
-0.025581078535344193
-0.025393698086509212
-0.024758880338756502
-0.024605817128611478
-0.025461755394428288
-0.022491709897206353
-0.013514791614928271
0.0018328778012396396
0.007055839042642111
0.0012212932282908316
-0.009157540300358482
-0.000684935933140716
0.002865495091371086
0.008997848637783133
0.024002973453442333
0.01903957980283675
0.02172937600076438
0.010554954315562826
0.0028592237503538586
-0.007875663901760485
-0.015661818910625992
-0.018127279879839763
-0.014310573484201656
0.0007745050741845133
-0.002791062443419251
-0.011178832283323299
-0.011848007202237054
0.015134128534977614
0.021853265882082338
0.021879872838391153
0.02053080802639573
0.021008994379906155
0.028085945220757805
0.023047525819308235
0.014884684341860986
0.020260601493015052
0.017761327839770715
-0.007214446523676203
-0.01422379498147317
-0.01656055264248009
-0.012239040112363006
-0.005575134762663062
0.006349145923560669
0.012593861965557507
0.020166973474481327
0.02254187925805141
0.022918919209572838
0.01989263400032541
0.019442064097756204
0.016091644166253853
0.003403194780265008
-0.007053927784304945
-0.022568372102361286
-0.023880705236215778
-0.021346532134289973
-0.02346462168168964
-0.023777424141391175
-0.02693667105551398
-0.02675931289873213
-0.02558890009317327
-0.021177808191362422
-0.02320625506406883
-0.026291894488126053
-0.025740366843490965
-0.02738635116116176
-0.02721706799191917
-0.02725125031313821
-1.0
-0.02412829914013949
-0.02504904017453021
-0.024069876743302212
-0.021123421729240137
-0.01723827245230528
-0.013699437516702537
-0.0004621775303538952
-0.01904091070452109
-0.023121468420008343
-0.025649968324058324
-0.026934777177424065
-0.02595418822562635
-0.026211057575708456
-0.02548214508407021
-0.009959271274774355
0.005705110945543514
-0.002634128804416346
-0.0024823714393882377
0.018643195963787874
0.02260757017474127
0.018063977694587223
0.01879237751262255
0.01981718642696443
0.020770151493189396
0.019290203310164754
0.015010017311749474
0.012516407404314627
-0.004291590219227669
-0.022358638652411694
-0.025534853603241026
-0.026844904596724697
-0.023969662828925348
-0.025537569344565574
-0.02129805526033297
-0.023310838313373983
-0.017261083589250548
0.0037804905629968237
0.019232273272737306
0.013787771064983058
0.008605518554394226
0.006515081351758074
0.020762232045550243
0.025733340126091547
0.020784077298268405
0.017498948970029123
0.010459834885881134
0.008019405662624454
0.0009139506259583343
-0.0238242002241237
-0.0231106883983691
-0.023880179554923338
-0.020183716764428584
-0.027617616325579165
-0.03051984137219283
-0.029992887148743465
-0.030779509537651576
-0.03142850704996466
-0.031909620821515834
-0.0309202137357356
-0.03136308023266724
-0.031122217956392657
-1.0
-0.031244627712202093
-0.03111805618298449
-0.02986493584416895
-0.030287043582041234
-0.031725012213065305
-0.029997513496212838
-0.030105471203675845
-0.03000647404485391
-0.031186130294141853
-0.02960916965710221
-0.029295591570896246
-0.030279981393109775
-0.028590179181519727
-0.029159036437490328
-0.016904220131730638
-0.002514556445721985
-0.002538848895748675
-0.01062036985886511
-0.0060916671431233355
0.014413882856909222
0.02632680975520403
0.024516969814634797
0.028835874404111797
0.0288888186347017
0.030403523147267644
0.030899027822154628
0.02977226781368227
0.029552021493618276
0.029104833790106793
0.03296813142440657
0.024325784408961368
0.02424890017562402
0.028542509066258635
0.031852201069409766
0.03443111001283004
0.03301689470375742
-1.0
0.03235328561319571
0.028689072974917705
0.02828018382625301
0.01778034945254355
0.01807218860179777
0.021648577547456173
0.021124217968127457
0.006723509839862613
-0.0005854194003834056
0.006479660811547718
0.006094052533505823
0.0030371656658902736
0.001185977005851896
0.00819155581907227
-0.01723945836580236
-0.021422059905030107
-0.023793615258934222
-0.023330400886387534
-0.013990193890108915
-0.017778040850393893
-0.018910800426837925
-0.017425614020134445
-0.006209996862125382
-0.021335004988169814
-0.023645722171965738
-0.019410014603398647
-0.028682593892994997
-0.030398437242078045
-0.029964491556270827
-0.028361465777938452
-0.025446621482966638
-0.02305799746015513
-0.02628889230364773
-0.028815142649967533
-0.027731908881066462
-0.027964192501402953
-0.0233048818102444
-0.02239009165425511
-0.02973005126823051
-0.0305583426562769
-0.03119831690768305
-0.03052702798285048
-0.03108324425624753
-0.030848458852725944
-0.026729101771633478
-0.020875032083233335
-0.011644830515670081
-0.00375722449969627
-0.0047522420751803214
0.005858120922099776
0.0020321759927309645
-0.01977748938871325
-0.01971158379880031
-0.01554217229325152
0.011164192641023384
-1.0
-1.0
-1.0
-1.0
0.02736857568088209
0.02430215407128178
0.02850247281660676
0.028226263879230672
0.022865540922573993
0.001986930956542248
0.011667530195597431
-0.004966787395286104
-0.00900723690537285
0.0035544689081181565
0.017628947187556844
-0.014204845323515253
-0.022939413253987934
-0.026215855394007365
-0.0232151926373458
-0.022797124456995495
-0.020554828337081214
0.009163013354689822
0.029756203552535374
0.03311648878258799
0.03359368615721039
0.031516993764116194
0.03213388348587116
0.028974677311823186
0.030252975064197517
0.032356024427017065
-1.0
0.034633080537720434
-1.0
-1.0
0.0362965988766871
0.035188777064822624
-1.0
-1.0
-1.0
0.03495814281953811
-1.0
0.024949399183320252
0.03353318366585214
0.030732635730974157
0.021949201056293884
0.01854926353564168
0.029230727927624663
0.020055556921142532
0.019772442997701718
0.023225053883977834
0.021631619174375054
0.02214067035822632
0.0264044220520244
0.03471516666061706
-1.0
-1.0
0.03410950632900475
-1.0
-1.0
0.03543925444328666
0.03509893129710586
0.03525652939395625
0.03537815924328256
0.03132740762550801
-1.0
-1.0
-1.0
0.025886809529245793
0.02229586369813703
0.016888775934729098
0.019717694915144548
-1.0
0.021078654160888426
0.019103577259296033
-1.0
0.02468707170353192
-1.0
0.025608850957704533
0.01958854179877044
0.021871525850117802
0.01821612598407884
0.0199937359897981
-1.0
-1.0
-1.0
-1.0
0.030585607245810147
-1.0
-1.0
0.029132691151098043
-1.0
-1.0
0.025920805167505168
-1.0
0.03435011699167246
-1.0
0.032019130656675956
0.03329446296494952
0.033775212526989826
0.034263286664485346
0.03533481608469227
-1.0
-1.0
-1.0
0.03352479404566265
0.03492936505705515
0.03323851269005297
-1.0
-1.0
0.014702706481596016
0.00797288011125511
0.005226698292998603
0.007536512252540493
0.014029236257482246
0.03233319370488629
0.03335566180888857
0.03352903071778543
0.026859953118551744
0.006986679193823683
0.005268346288495512
0.013558813059411366
0.022528860927228604
0.02253191666715421
0.019121566758278755
0.02452464572752978
0.009079780403847661
0.003444962829586226
0.0038294587292964986
0.0024410686827351946
0.00688001063732102
0.01476849112418415
0.032333629160651814
0.03384781463393933
0.03410959555332572
0.027722780408100875
0.007042952359865394
0.005678265661941608
0.009715990653177808
0.01861020526129546
0.016191305211224194
0.014175437953488586
-1.0
0.03554128165309412
0.03583555651685062
0.022733669006241925
0.027099654648025565
0.019820527312206834
0.013448189288771914
0.01949590168770493
0.03056621175272831
0.020928629107063928
0.02016649912261046
0.030375885682712392
0.009514688531276223
0.007552855724472475
-1.0
-1.0
0.020568475155759963
0.013504414002563647
0.013527558957692705
0.0022906079939684623
-0.000622514846742052
-0.00103925032198588
-0.001852632152953601
-0.002335466563952893
-0.0001238759859496501
0.004867954890986408
0.012034883773780727
0.03189490621593674
0.034877474950164675
0.03344288902999534
0.0331720677753408
0.03345074873050008
0.03452472497168706
0.03443989607520275
0.03403862338508813
0.033498506142567976
0.02370528411138178
0.011195932818913054
0.010328128358815103
0.013110220405849346
0.005842601849550234
-0.0001767520015201166
-0.0011372266970507174
-0.0014118655663906475
0.0007206650174980393
0.009530873597173303
0.027991396287082613
0.025434771034532695
0.03408982772089595
0.024623559046677946
0.017782365354040094
0.022693334119485667
0.03257751928195961
0.03401981115585152
0.03338682618275399
0.021962870266845742
0.00802522079694011
0.007463234288278745
0.00834679782182117
0.024639916697025428
0.016943375785826355
0.005034072379084127
0.004871178892714286
0.001368079984951699
-0.0012162728102042399
0.0007061753528266794
0.0014458038193333792
0.009527933405054687
0.008638814525972758
0.00433452768372358
0.0062780933974645224
0.007829942272601286
0.011607235930489897
0.022501841337911672
0.023401915949729027
0.029971469691977753
0.02002207102980661
0.016642369996620696
0.029011190880791328
-1.0
-1.0
0.036698916311805566
0.03195755209453702
0.03177077005871545
0.03178225516557226
0.03606716185086383
0.035120117591465744
0.03394771032403897
0.03448919337571878
0.034715137303373
0.03432565431804776
0.03296815285694115
0.025176107523864587
0.016633341479363045
0.01464609424741465
0.020369146157394314
0.030334517240455862
0.0268537673056793
0.024503902648419586
0.017377301937047673
0.015708131144380143
0.015446031408197449
0.015525950864436576
0.007139889801187788
0.006910965220220436
-0.005415178058637984
-0.004624826159789816
-0.013626714562355135
-0.021455631898501262
-0.022480589202235383
-0.02152687813113917
-0.0275049299628676
-0.028187976736966915
-0.028841208190373734
-0.03016955273204735
-0.031208336437981814
-0.03096687722326306
-0.029129754999758548
-1.0
-0.029612992819755192
-1.0
-0.029805494977430493
-0.03014590361441335
-0.028501604705668634
-0.02052519759381555
-0.020530517157592677
-0.027351821783416334
-0.027397184694563505
-0.02670208239741619
-0.02868165558614366
-0.024998963415781714
-0.009508860731159686
-0.025077512458038204
-0.028378590778702913
-0.029333050223569634
-0.029251537995308628
-0.030149746093121692
-1.0
-0.02865621601977175
-0.029064247040332943
-0.02844003243626468
-0.02889787858608989
-0.02791266482407283
-0.027179369265694357
-0.02262011868121911
-0.017334362610961145
-0.02361154772158427
-0.013117909198293835
-0.007714452056581859
-0.0018734154550908806
-0.025914999671370904
-0.03069355369898828
-0.030937263593685965
-0.030374725452920692
-0.02780174796801889
-0.01603602407416287
0.017663075318416065
0.019021131593702712
0.015932890576638287
0.008356257667234893
0.019188627791528617
0.027976761953707276
0.0311955683234783
0.03007903732734545
0.030425528100434307
0.03007199180307407
0.027615443259783247
0.02827172396054546
0.025897843306888328
0.030714613971019933
0.03299922608600086
0.03331540632927248
0.033909301644966014
0.03162242105691829
0.019475743465751965
0.0035519086592055845
-0.002212084373855401
0.0030008475253308505
0.008752223796098925
-0.0012808514835842616
-0.013766715810154964
-0.022801839966274832
-0.02562623025968707
-0.025562631828387073
-0.016663948877172707
-0.006045862642525178
0.01051653555829691
0.020939053064765244
0.026992965785671445
0.027785996632202378
0.02113158998267775
0.01659209962958888
0.0034018308795652433
0.005604417854283405
-0.006763100524408603
-0.016052600249640142
-0.01710926160644328
-0.000871723697286788
-0.022107623931356814
-0.026320629088181648
-0.02721450133697589
-0.02909897294164275
-0.025777708972146603
-0.026898214939825416
-0.018793554498821932
-0.01382020254126315
-0.02694901776470236
-0.027223025848869032
-0.01741695091406207
-0.006101666641246542
-0.02627263556947077
-0.03139873819076609
-0.031575940411841495
-0.03202644763299632
-0.031843626620518595
-0.03272999561733082
-0.03248016972551327
-0.030546093639549705
-0.030903274160885365
-0.025033957373021803
-0.02604281825604718
-0.02086771810913826
-0.02582815346647325
-0.006607153284820511
0.02270087484504566
0.017897477906538225
-0.006136978174231372
-0.006698069398586154
-0.011047385851603767
-0.008804467914823273
0.0055038438202568984
0.025866947586653477
0.0301158779783413
0.025246122740719964
0.025166104394860413
0.020466932008380213
0.023821536639304162
0.026512669763931383
-0.006227620414128589
-0.02272373597703181
-0.02657703031558959
-0.025573700612148337
-0.02577375128148794
-0.030722748129070214
-0.030505466436643872
-0.02862589440876407
-0.024217893764110127
0.010296833723087305
0.010560538214501178
0.011173509643041354
0.00612470098056449
-0.009547805922421871
0.00014728986726609826
0.003869595457029065
-0.006788408517354598
-0.02574212876835151
-0.02928748701201748
-0.02436253431928249
-0.02429710128178027
-0.027467895913634754
-0.02859679736062737
-0.02675759204119736
-0.027438308538428196
-0.02454380204087536
0.004630695048688721
0.02611927447051151
-1.0
0.013847211661872702
0.012259483667821324
0.02292259049902115
0.02961429381372327
0.024531969982408895
0.006799813136363901
-0.003222624176179927
-0.015537801603362232
-0.0070421540144334875
-0.007891514512911455
-0.015411346403669928
0.006433452878664342
-0.010107696146922529
-0.0132581916194132
-0.016820951372053746
-0.02558147225687214
-0.009839441940194673
-0.019288454179658663
-0.02866402701934385
-0.030162479572632225
-0.028129667174735133
-1.0
-1.0
-1.0
-0.024489585776967006
-0.018279127004634004
-0.022438348309359712
-1.0
-1.0
-1.0
-1.0
-1.0
-1.0
-1.0
-1.0
-1.0
-0.025412693146943104
-0.012982446457590372
-0.022924154953917582
-0.027176992889898346
-0.030609385446552145
-0.02933671399964003
-1.0
-0.02656424979176954
-0.026989508607835687
-0.026409460344683996
-1.0
-0.028635274478317953
-0.028958681781411037
-1.0
-0.027045925656521728
-0.024546764612873393
-0.027741432839178255
-0.023901601520139662
-0.02566145821181382
-0.026943995666348624
-0.02577315651462543
-0.01962090249793242
-0.0286636501263108
-0.029196341152618085
-0.030251100696971976
-1.0
-0.03044502703775897
-0.029765542527333044
-0.030254018735198795
-1.0
-0.03140100044623196
-0.030404026232862324
-0.030713542109685743
-0.030282463681782182
-0.03105945869616153
-0.030681451610226947
-0.027904145713070705
-0.02907526888442836
-0.030243289288271694
-0.025035669746801072
0.0024618968601360846
-0.021161746789716905
-0.026785652491628308
-0.006072846449704554
0.0006455476380721475
-0.005972441611239284
-0.009718743416734297
-0.011734544195577273
-0.006812877206105139
-0.011215716227365422
-0.019667777281607783
-0.02317560610279709
-0.02903093568262907
-0.029432343842205104
-0.02756182537420251
-0.02944848759711549
-0.028352392574084322
-0.028366693547312048
-0.02593369725307718
-0.019538719854172097
0.0036260562072253236
0.027544420363689478
0.029887217860413956
0.031678973256986605
0.03477738838310932
0.0344188591014242
0.03315915637442232
0.023366286685758336
0.014250191783605747
0.016271739400674137
0.012936336029866284
0.022553300300344723
0.021883253350670137
0.024769284482926722
0.02722975405047144
0.030407231454477802
-1.0
0.03165366712764782
0.029373830032915122
0.028389335919974834
0.030891820729531776
0.03178522637494142
0.02941000939664275
0.033459772974199165
0.0334777289705494
0.0338169662285786
0.03057841582900638
0.021235187772356473
0.027591739928319033
0.025692286721001375
0.018452779360412768
-0.010794103916902586
-0.029802047578517017
-0.030090026055418957
-0.03212269252632353
-0.03181421058553277
-0.03242508959161566
-0.03215663400036133
-0.030568419902053553
-0.031000965980469825
-0.03129137622785693
-0.03123150138243483
-0.030869271660647384
-0.0318631513789053
-0.030905634332853114
-0.030974192502100394
-0.03137128774849779
-0.030282259244340796
-0.031812296150455055
-0.03175958927208586
-0.03199529543323818
-0.03135493577942393
-0.03176204370970393
-0.030579508084893185
-0.025175132733452867
-0.0003183446428359294
0.005120629034781273
-0.014685786442740047
-0.02249609207746165
-0.028214423978670397
-0.030457640180143273
-0.030123573797830275
-0.030458282407461068
-0.0308900374388308
-0.03189575227114599
-0.03189191365911458
-0.0313486059018223
-0.031905310229079976
-0.03128614463579274
-0.030840134502572433
-0.030588485835282828
-0.027359263761697207
-0.023230988987435905
0.0019279905332098793
0.021442167597452235
0.014302075875483426
0.0157191202898082
0.003030598486064239
-0.011245304084041176
-0.01384188346875372
-0.019074396910802708
-0.025413510421824673
-0.028295158728068436
-0.030294186194818946
-0.030674747802200798
-0.029350456888444613
-0.02699872714859557
-0.002406754882355593
0.015817529855526657
0.007975831013683998
0.0028716142246934446
-0.0028539769708306197
-0.0018183584336390604
0.02367714346812363
0.024706609192092242
0.025001557985506236
0.026988109553803576
0.021837504497993546
0.017103857947890298
0.02385293462881448
0.01324071671288038
0.006750197215574146
0.014426291689726227
0.006782892952973029
9.315509464849148e-05
0.00445953913707007
0.009370662761353855
-0.0027257959241428166
-0.010208894113824488
-0.003906154989159934
-0.025570223883321117
-0.026222358770071036
0.0012610307590316663
-0.021186465848021713
-0.02868937849800773
-0.02812313496746966
-0.027892436573596233
-0.03030565307022971
-0.030205161875922634
-0.027760905091523992
-0.019544279909830962
-0.016217836966692593
-0.007074789200659786
-0.024490775500874917
-0.027118086648632397
-0.026524875632483666
-0.025943460774783867
-0.026560806645454852
-0.02074610750819572
-0.017476302510203368
0.016046068782158116
0.027086854580955586
0.030964804432630045
0.03301500517457691
0.0340902032237304
0.03198955800975911
0.03155088544263718
0.036503358619645904
-1.0
0.03651068723251105
0.03601422464031265
0.0368571091640768
0.03587523325937645
0.03412483252688101
-1.0
0.035185396510128704
0.03576441914479332
0.028986502255408674
0.029631090105121553
0.029076776131524682
0.032676895097810306
0.035851935715595196
0.0341817544942138
0.030997492281622824
0.029048778461803208
0.035990249597901945
0.03767398352550258
0.03679557468456777
0.03731836449470674
0.03625440307846367
0.028433558256211744
0.028865200999518805
0.0370395781115597
0.032371127993358124
0.033996930290487816
-1.0
0.026817960605866126
0.02956655711956308
-1.0
0.03295179944912164
0.03243438900016342
0.035270950904213956
0.034996191777977914
-1.0
0.0310560048142903
0.009488225399805197
0.0038460360408491693
-0.0016106606524454283
-0.004527914329725761
-0.001628865678331384
0.006102788216791266
0.014964593105558525
0.009407276837341433
-0.0030696038617482667
-0.004751266933458656
-0.006115398842807319
-0.002140578069809676
-0.0016000152661219474
-0.010238996811525751
-0.010581994320191964
-0.009401717926644411
-0.012444977293925047
-0.01019906810540007
-0.012153201770429974
-0.01071751930996328
-0.0015769132475682251
0.019285671112657447
0.018300529878958766
0.021393569250459356
0.022598737359256667
0.021569240073195075
0.01726400483250178
0.004345284069980861
-0.0022143698944517847
0.0018812291514127503
-0.001879109826559214
-0.006624946089587171
-0.01498094786530574
-0.02104934055784299
-0.02325480962075855
-0.026223402742032643
-0.02526267174783096
-0.025209458042388996
-0.023891200223028517
-0.015339997803522213
0.009450225553536449
0.018030400291723706
-0.013396167571753598
-0.02408331272141
-0.02600905596565373
-0.027010454857847536
-0.027718501710077233
-0.020246736939068973
-0.009523511830355576
-0.007853510420953752
-0.025155869766978554
-0.025200138004744844
-0.021691394859348203
-0.021948084509022515
-0.024005857310855753
-0.023978278483514325
0.011014477959757655
0.007265430451967009
-0.016281003371281345
-0.02282055883612337
-0.023071872442262324
-0.022421990157285757
-0.018454244681142557
-0.010971492159863637
0.026913290387938733
0.02885503561807827
-1.0
0.021960294525449654
0.027422134988753347
0.029751129214621048
0.025805205431423787
0.03292893475438712
0.03692649169431094
0.03733066822206199
0.03830806908475585
0.03354631502000577
0.027350277740799456
0.027429963088312352
-1.0
-1.0
-1.0
0.036762498443289916
0.03745751610952068
0.036375538805461176
0.03425041826323581
0.034683930555993434
0.03340240375610583
0.03451651194735815
0.03147308148079476
-1.0
0.033272591146109275
0.03281204922790021
0.032779884099195786
0.03285370312863479
0.03320892944377856
0.03284197738408843
0.032854251136693526
0.03324993633634218
0.03414663696532586
0.03417244809027934
0.033945649247529026
0.0345339126998038
0.03413918976007006
0.0349911519257772
0.033450825112618085
0.03387616260460402
0.034313861220018956
0.03262546453549862
0.02108062814359946
-1.0
-1.0
