-0.00016827483426909285
-1.0
0.0001468194883314836
0.004884567579522306
0.0050048712337205925
0.0167218115899748
0.020085335373725845
0.01982112661271993
0.029847724051453493
0.03763284744961609
0.039216388335264925
0.039256126420128566
0.03262244424241312
0.023341064871263178
0.030543687061740342
-1.0
0.037186475377813624
0.028530775789339113
0.02873161095386468
0.0343138935239733
-1.0
-1.0
-1.0
-1.0
0.036152110041911364
-1.0
-1.0
-1.0
-1.0
-1.0
0.0407646001455265
0.01310436559873023
-0.006180950909687639
-0.01120943881636294
-0.016425780173736033
-0.01790909539572111
-0.0179824648138253
-0.018135710758383
-0.016700789536438766
-0.013327550789744024
-0.013195724542084068
-0.012810684011272475
-0.012146612351187533
-0.013327561531387857
-0.01389004384637916
-0.011444402170832441
-1.0
0.005865706045399113
0.024050245015500977
0.01647163174785863
0.028524096259378632
0.03011308008401251
0.04019773424455842
0.0398578173376426
-1.0
-1.0
0.04086083110153955
0.04163888007984855
-1.0
0.04172873317423758
0.041373263642859925
0.041936804694553846
0.04242843604356229
0.04178178587074279
-1.0
0.042525658029297114
0.0423085806860837
-1.0
0.03991508446611769
0.03099799083996967
0.013005158711001366
0.008155436096132618
0.02660434244875388
0.00888990319796021
0.002851753743256547
0.008764972511928724
0.03118994663903314
0.03193221505182012
0.031835223494908624
0.032091218697897494
-1.0
0.029763753348566912
0.02373635194555715
-0.004341207582566166
-0.015016186916089708
-0.025470066693555924
-0.025612284516324118
-0.025549757238414038
-0.028615953094056443
-0.029278460465106813
-0.030112106002711744
-0.030580360748284317
-0.0301459756008638
-0.03111859630205564
-0.03095168640821205
-0.030652387877064386
-0.03033082362729512
-0.030604282503938297
-0.031215234440889222
-0.03122919971796626
-0.03138365323467595
-0.030236923760532147
-0.028095451139073063
-0.02932224115644193
-0.029454388141724165
-0.028490551986637847
-0.02454919675825574
-0.02373709438023224
-0.02496457945808884
-0.003317183399456586
0.022316568153714564
0.020316834320878926
-0.009060513632213447
-0.016866674699720616
-0.02572663818572689
-0.027779986232452557
-0.024117201498507563
-0.029263936038575678
-0.028126653185160406
-0.029690410146009913
-0.02839003861942639
-0.024998497656218036
-0.005891890587189001
-0.018792368158066817
-0.022370759001368923
-0.013737379463805018
-0.006489775113073885
-0.017704962721649512
-0.027564407564212717
-0.027683972974639277
-0.02637378159268818
-0.02375994155444935
-0.02694112007899843
-0.025855648527176398
-0.028774690897289443
-0.029458467893977137
-0.03255608266257771
-0.030255136519862755
-0.029527204101435115
-0.028021159873425752
-0.02572787539301311
-0.03186449400284149
-0.030327425907224967
-0.028863257163990238
-0.02661997260845509
-0.02676831955289715
-0.02467623277235193
-0.013940155903795907
-0.024005234160491724
-0.025042708347678175
-0.02364380014920847
-0.029853360832225527
-0.030443172917326986
-0.0275709194967399
-0.029262138586412502
-0.028469492521077486
-0.028749984991425677
-0.028586399933967357
-0.03280850355576444
-0.03143460872224916
-0.029274921472818252
-0.02940197370461371
-0.0320198508184492
-0.03223970725862213
-0.030115895219160773
-0.028955115891131197
-0.018323355973491186
-0.021392787018403765
-0.024989953823655594
-0.01826442502819579
0.0022636936517898163
0.023963114236151276
0.02579279985229309
0.02639843764605025
0.024823449683956146
0.016227000129149606
-0.015890960926806922
-0.015841606246934228
0.009193173856986803
0.01849487690683851
-0.017278870764383718
-0.02418253142297308
-0.01885213142836595
-0.0152623747781497
-0.006240786531669064
0.005419881613214519
-0.011342415371682889
-0.02576068353891917
-0.028990412138555285
-0.03236100934532187
-0.03231644342022036
-0.03038798117615597
-0.03200501977758234
-0.03261797499873459
-0.03054139017175815
-0.02978049545260605
-0.028794571109229082
-0.009343045390596924
-0.017834394173050053
-0.009568132300140466
0.01304184744305497
0.02152271034000025
0.03474550285276388
0.031904027482044836
0.012122389067547548
-0.015724371769693508
-0.015045868259121003
-0.02123543801227752
-0.02007568264848285
-0.026927802597341368
-0.02423105862444467
-0.022660301614096566
-0.013484219739153668
0.02594197288193437
0.032643609500423415
0.013806174239468946
-0.008483762790925001
-0.012762184454031636
-0.006574269939214732
0.025357920530590605
0.010250326387028169
0.017083737421248434
0.02282107965798092
0.027458517521934452
0.03366848730378057
0.023945772810979732
0.027670856937150868
0.031060827729215108
0.040386521208631336
0.04274336914758178
0.04282168941409063
0.03951513688308636
0.0425713463600137
0.04301916452695305
0.043486214768084584
0.0425660364596658
0.038737421915171794
0.03216371218629585
0.001375463418839871
-0.0009433543515265397
-0.0015693813622615553
-0.002189995813544014
0.0010490143020691319
0.0224632957697388
0.023324753302799654
0.01839189607796882
-1.0
0.0384005307808666
-1.0
0.04087491716707694
0.039531166230907855
0.04011433519186301
0.023986088326838236
0.00696667611989745
0.0007094200523058282
0.0032295715950071205
0.002388609884766065
0.002430481202199861
0.01630004744232936
0.04115569408600276
0.04096087946254437
0.04228035688924298
-1.0
0.042718599356487794
0.031106152116107174
0.020480539406748842
0.017228150432088977
0.028300794347255895
0.03144240734912279
0.01967001348754703
0.00966967571110636
0.022933732399286377
0.0087788631427738
-0.002179326613551034
-0.0005406060681733772
0.005661045809207671
0.027585986296456692
0.03459147940056956
0.031461045612048266
0.02049583346369984
0.010560490062869833
0.012581069433893284
0.011166893802483235
0.008838926492610848
-1.0
-1.0
-1.0
0.028183343827707312
0.02467445721541037
0.0026790481163074453
-0.006205269843123107
-0.0007338304305370431
0.0012817253117473214
0.0071649920134211655
-0.0015591589279373651
-0.007876669221101145
-0.003954718435778672
0.0038174775068456914
0.004632794370949563
0.023431169274887132
0.041103528590957915
-1.0
0.03971039821564401
0.043218277235559655
0.042434654042054765
0.0425763944831403
-1.0
0.04112253888299536
0.016494225257405726
-1.0
0.006621253545387088
-0.007647778975491917
-0.01956559104400876
-0.021238630727159855
-0.01952945920106334
-0.020116328328464102
-0.019617285625384496
-0.012356886212022225
-0.00627565779714765
-0.010091611396870044
-0.015479162963428572
-0.020428105002012434
-0.014934010294665578
-0.011938665447044694
-0.013434279013954244
0.02536913512957802
-1.0
0.017639434769870094
0.01605156238490281
0.028568159870705233
0.032378705065274085
0.02098994585136412
-0.014494292095356975
-0.0238960527642316
-0.019875246951424837
-0.017197130478842537
-0.02302369292379714
-0.019516442223773384
-0.024884084153511368
-0.022766385581771246
-0.028099448113065816
-0.028168859511589418
-0.028526422694982623
-0.027493017213559946
-0.02747801090272146
-0.027493247158799517
-0.023689331180627618
-0.006753778017480526
-0.016616725264442182
-0.01599103767184797
-1.0
-1.0
0.0032789678035534836
-0.020937988707010243
-0.016550038412781243
-0.012287015296692808
0.012007812072475069
0.037692283137226376
0.03968000345041285
0.03493838879474835
0.014814027998916544
0.017137845554646994
0.017995775062679298
0.022653930418165658
0.03383092939661066
0.013086237877667701
0.004611634576222917
0.016473815716157417
-1.0
0.01578854930224462
0.02760203567952151
0.02830867759379079
0.03059263382253473
0.038514810720547604
0.02603172847206592
0.019635331095978023
0.026668033852357085
0.03606970471484474
0.03726577868566013
0.023857387188489308
0.01340584825677463
0.0272619411655819
0.035613750010923116
0.034226295835245446
0.00985921307716187
-0.010132584870563564
-0.010157596612329789
0.0063093679439170935
0.018879023663814793
0.016991820592549424
-0.012023035286715177
-0.014845015633285085
-0.012844029275047998
0.0015781136152404683
0.005997830357828096
0.00484323683265925
0.035217038798303305
0.03491037908400132
0.01659162409615787
0.02841917506674716
0.03634114529241019
0.020819756882633506
-0.010433373322428496
-0.01523858651452882
-0.021438886059720386
-0.014938397626354405
-0.012965180110483547
-0.014612859721329634
-0.016702468891026216
-0.018246962117882834
-0.012777849123554891
0.0004667890259685745
-0.00019771741016825708
-0.011277381482977434
-0.01615407558732538
-0.013875541418024221
-0.015568519623247727
0.00024277547354362023
-1.0
0.01531550635620753
-0.008869636973844673
-0.012766394093472116
-0.014886717533384488
-0.019603131810227284
-0.020919129608855024
-0.020364105010214243
-0.01877192826390898
-0.016778301877745212
-0.009135478637826405
0.025764780676119266
0.025407242753202
0.02646770339268034
0.019249875539024967
0.02370122912054588
-1.0
0.023546372573333054
-1.0
-1.0
-1.0
-1.0
-1.0
-1.0
0.04030494963529575
-1.0
-1.0
-1.0
-1.0
0.03835464997902344
0.040108455703207244
-1.0
-1.0
0.03943775258383977
0.025854407530183626
0.011992331618747227
0.006450493752866111
0.004006152607390523
0.007825638819765822
-1.0
0.018055001747192913
-0.00018331744247503828
-0.009147079036311057
-0.004098487642279899
-0.0009164132466421368
-0.0006136141926195318
-0.015685388817409017
-0.018312838119986286
-0.015613820624096894
-0.014718849693572804
-0.01986975188071283
-0.019526134483686196
-0.015692211539760907
-0.006447284713215502
0.004411563257725657
-1.0
-1.0
0.00839446802048422
0.019434588734275213
0.018358486371674903
0.007439931229880277
0.015324620888829073
0.01957593548966522
0.015031488928784966
-0.006510232472645423
-0.016240499289733784
-0.021058736912587833
-0.0235349875833413
-0.024654872274979308
-0.02490715350954237
-0.024852877237616023
-0.024021176930765702
-0.025306513699516756
-0.02351138481813457
-0.024419948297013647
-0.022114636439623796
-0.023529491475602963
-0.020565945676806096
-0.017903907289005202
-0.015514797659943892
-0.012679250641742905
-0.021238017876803628
-0.01918641708173927
0.0065147387496767226
0.026894106217176066
-1.0
0.03346283078376961
0.003977391523824096
-0.007074245626406202
-0.004469638120434879
-0.01358637741596694
-0.018128840011331582
-0.017402391900341523
-0.015280701827015002
-0.014446571001216376
-0.016140624269773488
-0.016757455758556816
-0.021635910205390955
-0.022945796917656577
-0.02308901077142159
-0.02588455376043247
-0.02484712961912649
-0.026042437582362483
-0.026284135933989476
-0.02639682258537617
-0.02326144767242042
-0.02477807204140764
-0.026284438998768332
-0.026444762567202868
-0.025741426988254257
-0.02642801341867833
-0.026128574734944107
-0.026290791290310672
-0.025986517799507395
-0.026415944749771665
-0.026564872746751303
-0.02596619013928281
-0.026973077918540193
-0.026731118866318467
-0.027538528725325386
-0.027530190937028222
-0.027249663234975872
-0.026982518650722254
-0.027256154064753516
-0.02579589291250388
-0.025529921457426427
-0.023715442949737164
-0.024357658464145525
-0.02142230877615996
-0.017108594709613664
-0.003573813387989
-0.015128583298384837
-0.010748887527191938
0.005053895770272726
-0.005585757478132079
0.009143137741886576
-1.0
0.01640546709691437
0.02594240552324086
-0.0003092568680052404
-0.00874351739002662
0.0017725738620631155
0.014695756684962376
0.01587522006224606
-0.009333507613495254
-1.0
-0.011044020022249636
-0.011311765241937596
-0.014724969568057132
-1.0
-1.0
-1.0
-1.0
-0.01376155952574199
-0.010856954779985918
-0.010667572728542681
-1.0
-1.0
-1.0
-1.0
-1.0
-1.0
-1.0
-1.0
-1.0
-1.0
-1.0
-1.0
-1.0
-1.0
-1.0
-1.0
-1.0
-1.0
-1.0
-1.0
-1.0
-1.0
-1.0
-1.0
-1.0
-1.0
-1.0
-1.0
-1.0
-1.0
-1.0
-1.0
-1.0
-1.0
-1.0
-1.0
-1.0
-1.0
-1.0
-1.0
-1.0
-1.0
-1.0
-1.0
-1.0
-1.0
-1.0
-1.0
-1.0
-1.0
-0.011513663530641495
-0.01576637587635503
-1.0
-1.0
-1.0
-1.0
-1.0
-1.0
-0.018473781431449284
-0.016099694655623074
-0.018626405008730466
-0.01661076114684974
-0.01653130057190094
-0.003892532406841691
-0.012861547295810788
-0.013048798946545726
-0.00582364260797205
0.0010030129314216993
-0.004935890105008092
-0.0015190894548953698
-1.0
-1.0
0.003030587424300078
0.010996200468045605
0.010655240603480401
-1.0
-1.0
-0.0011287509465364885
0.03096192296887716
0.03136419009083477
0.03247769857364769
0.03608334322344769
0.032005019058968326
0.026613670254387354
0.029129970404086138
0.035267792594115194
0.038395607935674446
0.03935077534373939
0.03871269047664746
0.03952533874851597
0.037189223690907665
-1.0
-1.0
0.031310135219337155
-0.0015452323936292307
-0.011542598040380754
-0.013730487150247625
-0.01545553175488456
-0.0158575258609562
-0.016600699194165226
-0.017122849879975286
-0.01775192175288864
-0.01717110073706216
-0.018958916877526405
-0.01821556488509167
-0.018984238870716992
-0.019009454663393127
-0.018675257103001743
-0.018292134703480033
-0.018560030204958416
-0.01845295567589434
-0.018273321134744013
-0.014775439426129054
-0.013643993460235437
-0.009025394964249289
-0.0018136503734234803
-1.0
-1.0
0.014575831499162317
0.022474137447385665
0.018284269738910015
0.013234154889845272
0.011485931606696866
0.010488411076268614
0.004753608442611883
0.0005576617968711763
-1.0
0.0027686269555850487
0.014688144938968941
-0.01022834489188106
-0.015357184027784505
-0.016610360845208543
-0.016042863886597872
-0.01577054020970158
-0.015863924008560286
-0.015332175914191996
-0.01496016783739977
-0.013764734658538383
-0.012996105721358212
-0.01560041080889603
-0.01580719164812559
-0.016028774398650886
-0.014753413712369287
-0.013670208754216569
-0.01157229882804338
-0.0068915067421128524
0.00531510665360175
0.01772681158734781
0.02294789595959821
-1.0
-1.0
-1.0
0.033009907817651896
0.035766748829127774
0.03759075762947179
0.03854703368069411
0.036742573610974105
0.03734776377495694
0.03358672775777627
-1.0
0.031233332216008446
0.03767776318966681
0.038498808897001476
0.038401757278492925
0.03645274579387936
0.036916988430472454
-1.0
-1.0
-1.0
-1.0
-1.0
-1.0
-1.0
-1.0
-1.0
-1.0
0.03903165399545535
0.03712420349543135
0.037213368403734286
0.03721072364744536
0.03618740675701856
0.038092973485098006
0.0382509028033981
0.034144601181014665
0.03474311710281984
0.039752244114434024
-1.0
-1.0
-1.0
-1.0
-1.0
-1.0
-1.0
0.03921420070410459
0.034172596254009244
0.03454970258217241
0.034906431139576255
0.034307260805914924
0.03265947417340395
0.033060479952912045
0.031318270189912054
0.024486680120997004
-0.0010334117107169123
-0.019615135605249332
-0.028467691473032422
-0.030032776315145362
-0.030760749073613477
-0.0328769749714594
-0.03358572059236637
-0.034899741292511124
-0.033755043518282554
-0.035264152306503004
-0.035472392657115555
-0.035388884665380815
-0.03495333912552047
-0.03480679275560952
-0.03547633300205409
-0.036032430269871865
-0.036734197254566094
-0.03730019153771014
-0.03729096235080476
-0.03752814719529406
-0.03460014340683087
-0.03164738364110229
-0.03330358827572409
-0.035287365564473476
-0.03374631672392184
-0.03369059693700228
-0.025289276454004823
-0.029423696208316967
-0.033037080703914694
-0.03478202253167092
-0.03811938751543113
-0.03761466913593297
-0.037760968388430835
-0.03750836447105269
-0.03197624603988696
-0.005128216954467162
0.011495313897944014
0.013651129922504043
0.018154740429865934
0.01682514771878007
-0.0034971907071852945
-0.009222336559776669
-0.020694059676244405
-0.014742031778221946
-0.010866731460619823
-0.023222532167331143
-0.019240006497098266
-0.023007727308514688
-0.034509214486307796
-0.03470336949938684
-0.03495139766107198
-0.034076155555066635
-0.03449206452661986
-0.03372844965625951
-0.023091119651982447
-0.01930357093913482
-0.026148283586067824
-0.023240818801230405
-0.0033091626373227324
-0.018478121350413768
-0.02509210236363525
-0.030895148599303826
-0.026083522578568188
-0.022104000843090058
-0.022935155411257586
-0.03358713785388001
-0.03241589750580224
-0.03297652843230586
-0.032154423791025885
-0.031778110675029315
-0.02394203801047072
-0.02877914632550947
-0.026435966339922425
-0.02979224605456504
-0.031706870192535
-0.029820263891875143
-0.033274415080337835
-0.033073442662528
-0.034007962805282
-0.03545655938622753
-0.036482124082783104
-0.037387167508046285
-0.036760808968960876
-0.03594571604942176
-0.03669582466001142
-0.03473601698328812
-0.033550004605767306
-0.029230594301533543
-0.026514590743080328
-0.010061768675535439
-0.0003999899397932891
0.01353606696903142
0.023166968290720655
0.01611550387679482
0.01806541449999618
0.008914573196883466
-0.00805298111336576
-0.020631545090950897
0.015607643563470337
0.03126103562078748
0.029158361081232216
0.022352270596771164
0.008240304335654147
-0.01224523048155024
-0.02373841141204292
-0.03257077351436864
-0.014562980164284178
-0.02945555353856439
-0.03389741191348743
-0.03621134457597635
-0.03504950080885851
-0.03909869633736514
-0.04061556897909188
-0.0395556799379408
-0.03975900274277423
-0.04135311913663487
-0.03966014749375364
-0.03966330879267637
-0.03917558605972323
-0.039003799054050874
-0.03804297486195802
-0.021139931653305154
0.010289703945655287
-0.0001029354561736929
0.0032220792505365326
-0.010068747229827625
0.01774725098488775
0.027895005414044785
0.023816745336728107
0.019518090010399933
0.007477688756218723
-0.01232653593566245
-0.02326848322938369
-0.03291953086510191
-0.03762797887308833
-0.03488668665861995
-0.03469053662981909
-0.03610448298360679
-0.017453008733570113
0.019835215001074755
0.03283221185638372
0.03585675114160541
0.03631109437265521
0.03411402167064581
0.027943988178413686
0.03164168704946075
0.03101247494743454
0.02973144334940631
0.03234942083858179
0.023977803250194923
0.02069910843141843
0.018810564060614435
0.004481217666782734
-0.01166406796816092
-0.029547667564925186
-0.033557942775906104
-0.034396155177833995
-0.035195748849704535
-0.030767336239946118
-0.01862314553365108
0.009100968108797427
-0.004464989344853599
-0.019304214670431915
-0.03217364215073646
-0.025243709906212664
0.005312659629958079
0.001280949894965905
-0.035995762637547064
-0.039507445927105436
-0.0379706636669677
-0.03625152478806122
-0.036231078436989785
-0.03298190414299252
-0.022535517552220097
-0.004587477548267016
-0.006993151484531495
-0.02442739524287331
-0.024610679377077484
-0.029051504155251404
-0.02764180266258376
-0.02940702171725926
-0.012549307419875979
0.007317098695769899
0.008362792211617233
-0.026901148971611888
-0.03042412544026773
-0.024636959646947277
-0.011610269689542567
-0.0283369857142502
-0.030386180583350995
-0.025108725506713437
0.001428679849914093
-0.022040933944725772
-0.028153407953577993
-0.031991982038669084
-0.02851073375324023
-0.028501296826639003
-0.030189434808075007
-1.0
-0.010378580674539431
0.02156766527189789
-1.0
0.03243213505458896
0.04029376903189069
0.03559364548112274
0.01659097405412209
0.019357084933611
0.026902702488745673
0.03821635291457907
0.04032922719059931
0.040068287456955724
-1.0
-1.0
0.03889776438687212
0.0406130272540711
0.040112509434722776
0.03632149262015045
0.03104670854081797
0.03299748085146787
-1.0
-1.0
0.03816352556997154
0.03922597047179081
-1.0
-1.0
0.03807556174080489
0.03741433325053638
-1.0
0.03414663066376862
0.029680008892117162
0.02885203248100147
0.037660506164114996
0.03934173667053582
0.03689514563985452
0.03257846431101306
0.032500600640962406
0.033630168847875966
0.03960990285096886
-1.0
-1.0
-1.0
-1.0
0.04033757935784206
0.04165914717761839
-1.0
-1.0
-1.0
0.041853692050664665
0.02971549383756937
0.020833742443094373
0.020912150095409344
-1.0
0.03862613301357681
0.03649791866764693
0.016893983839260343
-0.006468288880919703
-0.013520643179638947
-0.01731035787480995
-0.017748314658829076
-0.01851499554195453
-0.0173419886450612
-0.004717352476534499
0.016445850716388176
-0.01056623621167806
-0.01396708723578981
-0.01587953689820992
-0.008813017839603537
-0.009079330022837043
-1.0
0.005056910873321282
0.040879990459237806
0.041694429940960794
0.042088721101413006
0.041945052841822775
0.042137867254463716
0.04207703203807406
-1.0
-1.0
0.039376209611146906
-1.0
-1.0
0.028698058747682928
0.03958932415826656
0.04166669237221299
0.04135350954086435
0.0382045366804344
0.03895209205978328
0.03846296768792612
0.03385321731546917
0.034972691920991984
0.02210889506175786
0.029996547762915028
0.037862829843055695
0.03546183125664125
0.03301096900094995
0.035569231666015166
0.03764032527134082
0.033765109781863985
0.02650595401188962
0.03091434342562057
0.013946068098168639
0.019173960278519822
0.020149186482314063
0.016613531935812803
0.01680658646104285
0.02181334192533277
-0.009532923408507333
-0.0349588775217177
-0.03619735917085145
-0.038308100018258115
-0.0384413326127391
-0.03943866699521899
-0.03861826975078155
-0.03919651695096346
-0.03808819226151455
-0.0384191059933643
-0.03861505342700118
-0.0383707842540592
-0.03858715942607498
-0.03816135859897912
-0.03730254009392769
-0.0387547242223074
-0.03798454450027752
-0.03830662460183705
-0.03731599841765111
-0.035718746255280154
-0.03433432665876079
-0.032332877078267916
-0.027209673754702332
-0.02327084288772128
-0.013779153308905107
0.003910984853466737
-0.006116432810003064
-0.006268247275466838
-0.010703212109335747
0.0005079226140336017
-0.022179465717962338
-0.024746638504726134
-0.0302589477611447
-0.032376893199481886
-0.027194328227928385
-0.01601262691842909
0.0011241331269685186
0.004306362753828623
0.003202978246125416
-0.012152503185034544
-0.033549514295816464
-0.030007063942530304
0.0035458595609722215
-0.0010241524794520288
-0.027722690988184483
-0.02297297064573064
-0.0353585371517245
-0.03704390036637334
-0.035518196584596394
-0.03825034222358314
-0.03702765145621192
-0.03561812731439357
-0.034821414913559376
-0.038018763475088785
-0.03190500502054764
-0.03230676534788103
-0.035198395974912394
-0.03417785164391388
-0.031186874632391965
-0.018536091772286465
-0.0026808651395052886
0.0004080491883704045
0.010304719641822285
0.02216946522130143
0.012614179973604676
-0.01790006231866982
-0.03049556432543839
-0.03238495835636198
-0.030821859971350837
-0.03416452285113363
-0.036392940863777465
-0.03262363723723327
-0.03239653963815044
-0.030449410303818803
-0.02560745091055075
-0.016979641703006556
0.014628035844952697
-0.013994104222103607
-0.020659438159512846
0.0037407304750723346
0.004644523367280864
-0.007053828093669702
0.0053753652822314734
0.034149964253159706
0.037755506437932414
0.03507332153198487
0.02478399543664222
0.01570161843055736
0.013760316384518865
-0.006454681341571611
-0.009030865921309543
-0.009840040773984537
-0.01299117492558246
-0.03086476788397378
-0.026931485450316935
-0.023122478054850473
-0.015111452424658542
-0.029810357433678207
-0.03616454159863
-0.037332103244780174
-0.0365648494370627
-0.03566693494453419
-0.03717246623927738
-0.03618527958822705
-0.03742560576066145
-0.03753246885347745
-0.036494945124079074
-0.03646610671761949
-0.03696557179040405
-0.036531469666328406
-0.03616087383379409
-0.035834969324002645
-0.035608654073173616
-0.03267084554799541
-0.030201699999264146
-0.03096273725702717
-0.02443986033049132
0.01804504188880535
0.026764556557242646
0.009216211886246906
-0.002539568141716451
-0.004481570268113306
0.015540656257462601
0.017728091319704247
-0.0053915081439014625
-0.010574704172853156
-0.002252403303457035
0.006035425459824745
0.02316145927620482
0.01485997641517798
-0.02835028556380651
-0.03545594445209812
-0.03509544297438201
-0.033687937433611294
-0.03300808592797157
-0.02993115470622849
-0.03353560518284583
-0.030681831886330682
-0.023734768661648177
-0.022718902592985934
-0.004816315119692776
-0.01188272194622237
-0.02363423631909252
-0.030459014643975057
-0.035693660588738706
-0.03297159810892456
-0.0223279424514226
-0.03365326575032603
-0.03631497059292637
-0.020481516545627364
-0.024643964444340603
0.007671161260948784
-0.01123664348916296
-0.0315010188710149
-0.034599583718487044
-0.034186830360556156
-0.030359070326226187
-0.03456903052788881
-0.03536053992644315
-0.03610964086349411
-0.03570211463752376
-0.034919786275259414
-0.023241275942501635
-0.006738331717363307
-0.03247245949542474
-0.03396603178469921
-0.035429848130516944
-0.03267186412528924
-0.031235579929301403
-0.032194868783703326
-0.03257023385050842
-0.032556213875749626
-0.031684895943908914
-0.028072146792308232
-0.020130543612731713
-0.012051169739734706
-0.00036399753198434977
0.001078919223341657
0.013297363769415036
0.012004731893362893
0.014553938636475082
0.018263013600282138
-0.009346242018380739
-0.026212759532171483
-0.03508576007582
-0.03487885918697408
-0.03221382502721828
-0.021471874925384767
0.011098770761475543
-0.01085629326779228
0.021349400950370134
0.034053061428646246
-1.0
0.033822571701039736
0.024301823748923736
0.021625161593930867
0.02337390544367451
0.03755263114749475
0.04348096092394185
-1.0
0.04203481412641802
-1.0
-1.0
0.04220389642502426
-1.0
-1.0
0.04181421860931562
0.04254537867700797
0.042715841881138965
0.04093379347185355
0.04240802159045075
-1.0
0.04170377864910873
0.04339782464609039
0.042733029275339916
0.04362021649905136
-1.0
0.0420293286082248
0.04146360992078365
-1.0
0.039679038688707105
0.041057619432153414
-1.0
-1.0
0.034034862281908426
0.04293478718002675
0.04186829185009325
0.041859606618176795
0.04303044313751848
0.04210081619606664
0.02479569733929159
0.01112137011081676
0.0003657679598181401
-0.0025207821641781026
-0.00142069613606681
-0.0027017705843629027
-0.004644294194149173
-0.0030216756804706283
-0.002354753460626754
-0.0015289778043204
-0.0010692069698687108
0.005502485426383846
0.010553814498408885
0.031619706398919596
0.0356456005263876
0.03509086725507489
0.010113196336028767
0.02813184745789704
0.02809046309486022
0.021791344995713287
0.020287872605958518
0.01667669848863631
0.01294400311636731
0.012862932352779572
0.009729088776199261
0.011445723380393605
0.0067745037498503835
0.014626998777067038
-1.0
0.016203953736308983
0.025029186697575284
0.03595132610267003
0.02395337152709655
0.02980946294358276
0.03842131458541207
-1.0
-1.0
0.03677297606401972
0.03674728942998608
0.0390512078105091
0.037904329289556726
0.02899111808097104
-0.010001264309173865
-0.010881132122706754
0.017968309771772117
-0.01799583402707417
-0.03179173250151171
-0.03422026752684504
-0.030931918957648626
-0.039471215995762074
-0.04070017375675053
-0.04003097708498671
-0.040514573616293535
-0.04009741383464651
-0.03991943092731195
-0.039892810976494976
-0.038495488475327494
-0.039364018146154915
-0.03617587075337757
-0.027792591953900117
-0.019837192131973828
0.004047736725678243
0.015015098205551651
-1.0
0.02159179220611628
0.02400663428775883
0.010931839946106718
0.0008383983428544278
0.0027753896354756483
0.02554610860096739
0.02292798522696086
0.0007757673001717569
0.0013080014230404844
0.017720963814275476
0.027812646975573476
0.04144022690121865
0.038937459727852716
0.03946289442906134
0.04303699069214892
0.040995361603378924
0.03646148041301219
-1.0
-1.0
-1.0
-1.0
0.04013000495017233
0.035825274766690805
0.03734421892947338
0.03696760506156405
0.03949314795098988
0.028094779009077836
0.038075152833196145
0.03836828696117524
0.03893181144733898
0.035816466800287716
0.02125119690681977
0.016204501152948372
0.007033585851286347
-0.0014494036894132337
0.004316457292794523
0.03253834069019215
0.03265908953317532
0.024646607390967284
-0.01752442360594373
-0.020585675023666622
-0.022650733721108204
-0.02413605825819596
-0.024039902040473127
-0.015500996268561728
-0.003601963961791836
-0.009237444898879371
0.01153579276693907
0.019183203269194565
0.01853264307021188
-0.010358950153220834
-0.018873701261196182
-0.021985574758446903
0.020294550002687067
0.020193948806285715
-1.0
-1.0
-1.0
-1.0
-0.010058916662865246
-0.019361221721160494
-0.025598226777092052
-1.0
-1.0
-0.015369967341365512
-0.018241504711512656
-0.02161822708626797
-0.020032590688325438
-0.013354752158448061
-0.011705673864638944
-0.034429000498384855
-0.036457514843906864
-0.038193889025151424
-0.03897239319013304
-0.038449106578184594
-0.03914303820942674
-0.03868155536718659
-0.03844846807969215
-0.03863028394410401
-0.03863368053055598
-0.03788054671902788
-0.03703424036554311
-0.03773514844697911
-0.038531777242687124
-0.0384025810015952
-0.038843692254899746
-0.036858508110485355
-0.03700229630587407
-0.03613373591002454
-0.036735793294620116
-0.03650959890278686
-0.03686789648162797
-0.037912567736885686
-0.03768202052121434
-0.03840592963934596
-0.0388566316550058
-0.03930401402189075
-0.039702923807004575
-0.040223469919071726
-0.03842038589501564
-0.0372685677751276
-0.03173416356206628
-0.03389150513429448
-0.022983517602250893
-0.016047832918565746
-0.003554561122722096
0.01653670525130426
0.012790809126823104
0.029650007184328468
0.03448532194930138
0.03223110988900169
0.037136742775630845
-1.0
0.03980068256699325
0.029360280368499556
0.03742114850055709
0.03695909103001619
-1.0
0.03555727668916838
-1.0
-1.0
-1.0
-1.0
0.035635804487817106
0.04161857266996458
0.04129109403264422
0.034998322257574085
0.03904825154519907
0.03789160444459068
0.03078276764323167
-1.0
0.034425104911839664
-1.0
0.0366829413273097
-1.0
0.04086527774717977
0.039392833882151285
0.03450580915227547
0.03224044811652237
0.026874221875431068
0.024259317909605376
0.030740655437461288
0.03899997678363069
0.038089443616324756
0.03866220666286656
0.036375902210371874
0.028896626838000535
0.033367545112469775
0.0309837130821786
-0.0014809289343567231
-0.02369233441093643
-0.02696386792131008
-0.028053064939440434
-0.028207171358215676
-0.027762208200613682
-0.025975948879723935
-0.026815455852076463
-1.0
-1.0
-0.02882930194473526
-1.0
-1.0
-0.02603479913614876
-0.02708083677098428
-0.027742804359474973
-0.029193485055085427
-1.0
-0.029120106208803734
-0.026101738517489235
-0.024208880987871325
-0.009912052840520224
0.02301683034413548
0.000437352204239097
0.00853952716738442
0.025357475542975943
0.01565945408628934
0.006284030958490683
0.01328638222939623
0.036747656374021734
0.03412088389198877
-0.0027626528775562165
-0.010707089874776511
-0.010758783890200558
-0.012244536229091735
-0.014865124842975107
-0.012876321837877555
-0.00418404260956489
0.008939152145867277
0.026584371747882182
0.03220212983991999
0.03429467993340506
0.03425523097508136
0.018276881430312482
0.03164031646896433
0.03445861529680301
0.030384198529767942
-0.0041300675107511274
-0.012350562249888489
-0.014741566481978358
-0.014330604036976037
-0.01457211049726276
-0.015549924561337755
-0.01500634011793616
-0.01572120587708221
-0.01655607569385386
-0.01381215550739639
-0.014115148951444329
-0.010241992169596101
0.017971002252982985
0.021759939115901794
0.02196276743610997
-0.0018957405440377675
-0.015499120694036939
-0.018369021756543515
-1.0
-0.020498345658046167
