-1.0
-1.0
-1.0
-1.0
-1.0
-1.0
-1.0
-1.0
-1.0
-1.0
-1.0
-1.0
-1.0
-1.0
-1.0
-1.0
-1.0
-1.0
-1.0
-1.0
-1.0
-1.0
-1.0
-1.0
-1.0
-1.0
-1.0
-1.0
-1.0
-1.0
-1.0
-1.0
-1.0
-1.0
-1.0
-1.0
-1.0
-1.0
-1.0
-1.0
-1.0
-1.0
-1.0
-1.0
-1.0
-1.0
-1.0
-1.0
-1.0
-1.0
-1.0
-1.0
-1.0
-1.0
-1.0
-1.0
-1.0
-1.0
-1.0
-1.0
-1.0
-1.0
-1.0
-1.0
-1.0
-1.0
-1.0
-1.0
-1.0
-1.0
-1.0
-1.0
-1.0
-1.0
-1.0
-1.0
-1.0
-1.0
-1.0
-1.0
-1.0
-1.0
-1.0
-1.0
-1.0
-1.0
-1.0
-1.0
-1.0
-1.0
-1.0
-1.0
-1.0
-1.0
-1.0
-1.0
-1.0
-1.0
-1.0
-1.0
-1.0
-1.0
-1.0
-1.0
-1.0
-1.0
-1.0
-1.0
-1.0
-1.0
-1.0
-1.0
-1.0
-1.0
-1.0
-1.0
-1.0
-1.0
-1.0
-1.0
-1.0
-1.0
-1.0
-1.0
-1.0
-1.0
-1.0
-1.0
-1.0
-1.0
-1.0
-1.0
-1.0
-1.0
-1.0
-1.0
-1.0
-1.0
-1.0
-1.0
-1.0
-1.0
-1.0
-1.0
-1.0
-1.0
-1.0
-1.0
-1.0
-1.0
-1.0
-1.0
-1.0
-1.0
-1.0
-1.0
-1.0
-1.0
-1.0
-1.0
-1.0
-1.0
-1.0
-1.0
-1.0
-1.0
-1.0
-1.0
-1.0
-1.0
-1.0
-1.0
-1.0
-1.0
-1.0
-1.0
-1.0
-1.0
-1.0
-1.0
-1.0
-1.0
-1.0
-1.0
-1.0
-1.0
-1.0
-1.0
-1.0
-1.0
-1.0
-1.0
-1.0
-1.0
-1.0
-1.0
-1.0
-1.0
-1.0
-1.0
-1.0
-0.04271946877245408
-0.043485930470776694
-1.0
-1.0
-0.0451075314165131
-0.02494090922443147
0.009503498013259821
-0.008926059104719743
-0.027784767301844888
-0.021113247824529568
-0.03464564352560841
-0.028444046197524695
-0.00730206059782414
0.011142451714850642
0.005633749104130452
0.026213494299611728
0.022236581571339627
0.02114057503544366
-0.028215774964585244
-0.04178449645589028
-0.04265225732991971
-0.041157653171519
-0.041124667101294074
-0.031542865069930676
-0.006780585356719722
-0.0020060054764000023
-0.012949732122249015
-0.004371615112654824
0.030540884120296888
0.010212308057541227
0.02584259914871391
0.04332924556874446
0.0448110274366116
0.044539503890726244
0.021023162026478283
0.03205936985207667
0.013219766586017569
0.007556584279087989
-0.0005273229747670536
-0.023113316273091655
-0.02766390822899243
-0.022938783514614477
-1.0
0.02814351943226669
0.04525885947645844
-1.0
-1.0
-0.02079629277512435
-0.040661826268764904
-0.04049173020817623
-0.0404136427901389
-0.020257745947319772
-0.00745319120885311
-0.017788914081027587
-0.040168566960399124
-0.04715436725243222
-0.04650570314319218
-0.046192078966672316
-0.04707189738871378
-0.04646165526931418
-0.044865479381870944
-0.04538323455215982
-0.04630205642737113
-0.04601542510680093
-0.04611614299789557
-0.035823051812628307
-0.0428643794886988
-0.029449191671305112
-0.027058002382533426
-0.04309365180600809
-0.04265292377476954
-0.042817352619180696
-0.044030358138874626
-0.04483312985715495
-0.04235209472950872
-0.043537648876103945
-0.040687280079843596
-0.042117344324082664
-0.04185890195497828
-1.0
-1.0
-1.0
-0.0424141285439764
-0.042838648193651185
-1.0
-0.04367792601298015
-0.04167904497610049
-0.044225294204406775
-0.044980273756573146
-0.04381732957123118
-0.03225336715034438
-0.042122035283570815
-0.040958432812253275
-0.03527061483779904
-0.028101618044648013
-0.023862243286495242
-0.03465777485699884
-0.03135960405104597
-0.00607544437505019
-0.00402471958277818
-0.004558333581730847
-0.0012955596085707012
-0.025374647316978742
-0.028095609251883296
-0.0072553317475507586
-0.023996693660347852
-0.03946335964915335
-0.037893345939535646
0.013015293847994217
0.009874710717685063
-0.02250991744127669
0.012214623958475581
0.036032269766870316
0.03865936850452837
0.04148697008454165
0.03546480391451159
0.024576851327080224
-0.007488561903132124
-0.022102285705634658
-0.03394127070190037
-0.031022775891108762
-0.01217053636727638
-0.023430157913963405
-0.0035960501529844866
-0.014772788043622047
-0.02871232529965457
-0.021086201522776023
-0.001341676469503507
-0.021821623662624134
-0.03263895257322233
-0.04020261148286161
-0.039641540978887634
-0.036658389140973136
-0.04421491341008682
-0.04160480497910489
-0.04149267370107621
-0.039327949333557016
-0.04138586958416486
-0.03946989958902133
-0.038148366478285796
-0.0366004995379604
-0.03961925071667836
-0.034502379611212414
-0.03469689607884354
-0.03975915901328641
-0.03916309730026394
-0.02423483470921582
0.016672734674993212
0.03796451225252838
0.04437300470278357
0.04065155845271468
0.03915713817570743
0.03720371855886731
0.04025451031859952
0.025130863860050884
0.029738052046202484
0.03998953977813363
-0.023482277607803248
-0.009680718805103006
-0.00041273470459001106
0.0012130018756079954
-0.026105893353822286
-0.03974254707693206
-0.03727760738960425
-0.03869406175010291
-0.02490742603893553
-0.04091218928987255
-0.037556919146622056
-0.037187732945535665
-0.034298676357199354
-0.04013505671164962
-0.03898239550653315
-0.025332433912963002
-0.03174454374988368
-0.015355316093281722
-0.02481640767945722
-0.03184312997926039
-0.03332904241560533
-0.017635055138138324
-0.027095609485644618
-0.03895061710476932
-0.03193435019361708
-0.037668388460837
-0.02084414456737111
-0.011386118678920107
-0.008375474952347781
-0.009979657794736137
-0.029374146123281354
-0.03538933512829758
-0.042237765728321816
-0.0424206974348593
-0.040119094227844716
-0.03151503412232693
0.01614266466117279
0.012027518028256728
-0.004431193532850042
-0.0060509128965660144
-0.030475072094632374
-0.043388534508124736
-0.045508400558554
-0.04652368060863761
-0.04547065683567005
-0.04468039435838809
-0.04492042691481222
-0.04434162917226538
-0.04463262267720179
-1.0
-0.043718148417831754
-0.04343277526789744
-0.04405136659837167
-0.04353649903569845
-0.04425535117966014
-0.042426364808526046
-0.044101151522120643
-1.0
-0.04416046380871274
-0.045619464680197876
-0.04339302702365837
-0.027438470666850814
-0.030976841567566468
-0.03291050095133285
-0.01929417035201202
-0.03504726621590634
-0.02887054140107438
-0.015034100265952496
-0.037549575153479293
-0.03949699894584803
-0.03242351865282472
-0.037214153947123796
-0.034039348487514116
-0.02861409951994701
-0.022314188293564324
-0.03264959370225606
-0.04072269027275033
-0.041004527613183774
-1.0
-1.0
-1.0
-0.044050448076431895
-0.04254796662857336
-0.044230879277232994
-0.04452744404789748
-0.044869946822761284
-0.044570341598484865
-0.044905228674427755
-0.04318917156426262
-0.04486283105316178
-0.04558453067924746
-0.04436865152002178
-0.042635511344089154
-0.030955634210168857
-0.0257504889557932
0.0007189623016730099
0.0011835055393354826
-0.00020476660325106395
-0.032424660430814316
-0.046030731563788396
-0.04591507002029627
-0.04594194610683921
-0.046702327227459914
-0.0447891125583897
-0.045642677058118676
-0.04681751322491537
-0.04474752898873804
-0.04606909686173395
-0.04607226009008146
-0.0452434205900722
-0.046638169454870565
-0.04558293993257899
-0.045660170049969265
-0.0463599897456021
-1.0
-0.046307385862408124
-0.04581788026210065
-1.0
-0.04726070558490964
-0.046496890299793106
-0.04675685212447804
-0.0475474880353562
-0.0480434538554901
-0.047242105406529435
-0.04603830513703132
-0.04733633757326007
-0.047673983228512185
-0.04916490527695072
-0.04762626150007926
-0.045392010266841226
-0.044784658453200336
-0.04074863781751345
-0.03750209380774545
-0.041640511109345614
-0.04635166207228638
-0.04516530031805973
-0.046539969551610494
-0.045818472912239595
-0.04795938028974369
-0.04662320048421736
-0.04024959329912371
0.010941090737429231
0.03815707020161668
0.037873594601915625
0.04858556100809516
-1.0
0.049750643215988585
0.04848616059080836
0.04861398206451114
0.04830894905008746
0.048185367443691556
0.04572754471503518
0.049105817098423044
0.04903374299528857
0.047371749323658036
0.04042735839462279
0.030355558088632238
0.03042870149036479
0.03956178505105804
0.043996202351064474
0.0460696079027707
0.04664022269557175
0.04411148876141016
0.03798390386280747
0.04629379306115853
-1.0
0.04936420836295495
0.028342021185084523
0.040180913496103456
0.04510055914851501
0.03831591323424823
0.0367110432211824
0.04414490078782036
0.04460169579329444
0.04766031006964446
-1.0
0.038101429278836384
0.02883888674888509
0.02169208922819908
0.03438718699332428
0.03688945323430652
0.023950015359157924
0.01668441342576411
0.012232532910352902
0.024098654708335526
0.024762845024025155
0.019366698364337555
0.02415197011666084
0.018639309995862684
0.03416346419521031
0.04915396910887928
0.05092370592562845
-1.0
0.04767824754790009
0.043801361708876954
0.04895309501231992
0.04946935305749302
0.046064537798998204
0.03985201203203784
0.04095103944739731
0.009667025378067975
0.02792628561862586
0.010789800839800833
-0.015730851959856854
-0.02040869508101357
-0.023684088081793907
-0.008176607928010334
0.030629982359279946
0.02469044302209241
-1.0
-0.02023190412978753
-0.02577154307186855
-0.040323700895809216
-0.047026241275923024
-0.04924593483375555
-0.05103104202703032
-0.04873958525780691
-0.035343962888839224
-0.017714298129772953
-0.03227779932998196
-0.048444080088004965
-0.05006335614887003
-0.048832834239777564
-0.050038029083351185
-0.0491146872694929
-0.04857100812249041
-0.029030731081987043
-0.0033842514055124648
0.037116759070164915
0.0361598419770222
0.02741572843968606
0.028903355931680915
0.02022746715084547
0.02306612463366216
0.018408618278041484
0.010888637247155402
0.020096911682936414
0.026737864527424864
0.037742936346351875
0.032142978485072186
0.012111810190308974
-0.04161893881712895
-0.04858062919589685
-0.04848046074173871
-0.04664132483706456
-0.040848113468240875
-0.014773772643853348
-0.023475245205237413
-0.022521177683403462
-0.04096093608215291
-0.0365364599283042
-0.021061925310976858
0.022000224734444504
0.032253644512307285
0.02370334036117221
0.029787726056917256
0.038200165799651555
0.03850763639312248
-0.005012058591042883
-0.03303014690445485
-1.0
-1.0
0.04115936146813172
0.019976533621043287
-0.021585341375700614
-0.010052296270309301
-0.02535324135613087
-0.022843832570287846
-0.040273046656023596
-0.04083721497093393
-0.04319573624178553
-0.04252562905916625
-0.032664499509514715
-0.040811353093182685
-0.036549489427000356
-0.034432878313603
-0.033244876333173135
-0.022016499023670266
-0.02181921281119618
-0.0030537791335042553
0.02731429760787514
0.00677562366259696
0.01620152824124912
0.002983104791206582
0.027600759320328974
0.0204606983448865
0.030052610607974525
0.03768172340909251
0.030517744368717164
0.044303690583990016
0.04606453073621992
0.04835883199674047
-1.0
-1.0
0.03152043625197451
0.03126051576474663
0.0044967648923970325
-0.011005940949194075
-0.0007364353079685058
-0.014041029283582621
-0.02807442836016025
-0.030752966538955956
-0.03420062845541803
-0.04196129984544863
-0.045587821670279804
-0.045723158769336684
-0.04841439551930117
-0.04855208124956278
-0.050114689366174296
-0.05009019771898918
-0.04647600187349322
-0.04680021660762374
-0.048384365581232186
-0.04652604852353293
-0.046719257461780864
-0.03974297419892484
-0.04261721608793591
-0.01271078204115459
0.015229314605073502
0.028570826596315168
0.008111023673004982
-1.0
0.0373348494847531
-1.0
0.04622190312305468
0.04701789985955148
0.04618542079526258
0.0472929162601553
-1.0
0.04750772048336916
-1.0
-1.0
-1.0
-1.0
-1.0
-1.0
-1.0
0.04648317339466223
0.044023397347925805
-1.0
0.03506468564144326
0.038007586532797386
-1.0
0.010513498809226127
-1.0
-1.0
-0.033821884306739054
-0.036664742238228555
-0.037091512904053665
-0.029085988832087843
-0.04227887678323702
-0.02990457091399407
-0.03346350359915372
-0.03329836884567755
-0.0018871955405387866
0.005118948710126756
0.011960181494195239
-1.0
0.005286293993189454
0.03150579300590182
0.028172129108886123
0.027694569847973135
0.026348693002384724
-0.013319455667370977
-0.040272855913399686
-0.04792913338485018
-0.04719225843766601
-0.048203830089620814
-0.046092255092584425
-0.04277710818329133
-1.0
-1.0
-1.0
-1.0
0.032024262032392524
0.038701548031201155
0.04505441591625346
0.04772223541103104
0.04689660645065756
0.04694994903472116
0.047007508823453024
0.04612353728213387
0.04706998135693657
0.047175114299986554
0.04686855550725607
0.046034890613576816
0.04518209522057086
0.03927980689461498
0.04015341739276012
0.03336475640875111
0.04424172479886439
-1.0
0.04646867841778343
0.046416993042592274
0.04826074341435933
0.04704486204469409
0.04774950072881901
0.04641945468992878
0.0445735893417326
0.03688329246235112
-1.0
0.03432359024941762
0.03700462226047955
0.028860726816969502
0.031759437587329555
-1.0
-1.0
0.009074164167035898
-0.020241745633896878
-0.019955627156413046
-0.02773976184728128
-0.029176386541262464
-0.024073696677412923
-0.00017201999267164
0.025174979017113235
0.041737520077744866
0.024985452526631043
-0.009362103521432227
0.008334086959402284
0.007297791437030654
0.022726626243849538
0.03421931642288567
0.01965168132658729
-0.013877860756136154
-0.038943873894536137
-0.04485135465925635
-0.044622203719055696
-0.04317052796134597
-0.04493159793017479
-0.04543265553265728
-0.04544421744590803
-0.04532566696144459
-0.04695839848488714
-0.04887801118701757
-0.03964059072156308
-0.011003003290364006
-0.024322304866408937
-0.035592496487167676
-0.020176412384132852
-0.011970923677624779
-0.019430314008737917
-0.015160643994596313
-0.033224540407689754
-0.03232855107535293
-0.034898939479749286
-0.03279085323005901
-0.027434397741625687
-0.025620371598617894
-0.008559136542658078
-0.00641101783502113
-0.001711846165876032
0.007656584047677708
-0.0007134628639859768
-0.003077375477772285
-0.007057413725058941
-0.026993527873251086
-0.044092270310471575
-0.01979080328102601
-0.04323118555027514
-0.043530315315630966
-0.022542991243631304
-0.044209314968699134
-0.045769243639998396
-0.04557384220105251
-0.043769887357671663
-0.04228279305827203
-0.04375344052396283
-0.0438681076474128
-0.04486596470192432
-0.04389974004722899
-0.04372941214747476
-0.04333053446609707
-0.03852712178570254
-0.038411726984031835
-0.03735708021775627
-0.03479558405245121
-0.025138457479614157
-0.014876278517750072
-0.01800797908098926
-0.017806260562298726
-0.013146870519936368
-0.016688516896333105
-0.02262074603129098
-0.013180205542933142
-0.018362631526340482
-0.01730830187591212
-0.024162326052662303
-0.030506505811853397
-0.029435840601231274
-0.026456162517425837
-0.028342621690454026
-0.03352358131981127
-0.03598328384352248
-0.033208247414418655
-0.03503844579985469
-0.0341766259168381
-0.03158775469762407
-0.027052259836023305
-0.023266669916327552
-0.02176241308248427
-0.006622012704332907
0.004988733300614182
-0.02958370342931149
-0.03425206987206674
-0.035148511590781646
-0.030026161070515502
-0.026130420380760192
-0.03136608455233698
-0.025876762728024767
-0.026658287773884765
-0.025561967322004272
-0.01801965274310772
-0.02195675352706234
-0.009352429053117218
-0.010212425249306814
-0.02507830889702115
-0.026607846368209426
-0.03587258135680361
-0.042355864306319324
-0.042202089407098776
-0.04218449841624583
-0.04166185180132826
-0.043122407928340954
-0.04283854447787637
-0.042219812132597644
-0.03580890406489009
-0.04648024354230403
-0.045803596063768465
-0.046385101491963725
-0.030243673933928752
0.008363015126536982
0.0277310817624228
0.020944418814883955
0.02446836919818091
0.02665278367487925
-1.0
0.02468864727143926
-1.0
-1.0
0.04638714263177045
0.04602904306037005
0.04383001131817386
-1.0
0.04427952738424339
0.0451479984656919
0.028021587933943572
-0.017798635342729442
-0.026375665621818332
0.01930157491375561
0.014857383254566448
-0.008335432548984549
-1.0
0.015108479272572462
0.0097059526211987
-0.02684626064494579
-0.037120642865313754
-0.014610347052704954
-0.010287532220050211
-0.021354731025689588
-0.024490251159233384
-0.007289635958970041
-0.04134962306485389
-0.042642449576267935
-0.040199340013823213
-0.006074357752068824
0.015291643027722974
0.01935968713792981
-0.01005670814944552
-0.02325344224787926
-0.014179551710031069
0.021200197777042552
-1.0
0.029770875428733013
0.01761828128559921
-0.021250131813810726
-0.008203349784604857
0.0033311161471878035
-0.001308573730236213
0.0018235142102922836
-0.04196658118094595
-0.046864105655904674
-0.04676751214024387
-0.045719391256515925
-0.04210783991921325
-0.03718758917817561
-1.0
-0.00326722358395446
-0.031253735314530455
-0.040432392163301314
-0.029382961834925125
-0.03683993021899201
-0.03053986571165477
-0.030369057217651013
-0.03928142556336787
-0.03855473713354994
-0.03833768541350555
-0.013767830659805053
-0.018654564956312472
-0.031678098808282734
-0.02963843726853419
-1.0
-0.023633804854915088
-0.04000400704846368
-0.039413114499972035
-0.038838622250766626
-0.028200760310905737
-1.0
-1.0
-1.0
0.00030755694320518844
-0.014707605712235892
-0.02059418330162137
-0.03653960434197005
-0.02063371305569595
-0.03180721028812104
-0.042388958697436516
-0.04261635224177895
-0.0426583779997849
-0.04411327614977921
-0.04401828659660245
-0.043872423165092905
-0.04457404609033473
-0.04395373129456105
-0.04455553527565774
-0.044681457129989076
-0.04466147689605066
-0.04447426917536184
-0.04379414895239354
-0.04381501002773414
-0.04502687462707129
-0.045344006325809864
-0.045180548185840205
-0.04473842818313575
-0.04431086398607831
-0.04300882396123876
-0.04240596957282779
-0.042060868951884656
-0.04010328641079263
-0.029378187460246098
-0.01308331801373163
0.035028605356065175
0.04694466084752097
0.04726888608343864
0.046474647536929224
0.04777441277116563
0.049039692383201876
0.04702324987809845
0.04702544067729164
0.049516494415489436
0.04161442139075883
0.02390464624909613
0.019071242380976565
0.025677419891230485
0.021187950083344863
0.023578145563177066
0.015455916550270041
0.010799439986956299
-0.0032004493751314994
-0.011013030868919626
-0.011068696111078387
-0.007783900008056334
-0.001350393368074555
0.01231337336504469
0.03762544402696621
0.04313445708764254
0.04525274999716433
0.044515886475283074
0.04520122375066909
0.044568851261116885
0.04583959260411342
0.04295488300579053
0.043183701642499774
0.04018814140312479
0.04221505934359413
0.041904683451358275
0.04341419829926401
0.044413948100752554
0.04361967681141303
0.04270076460485371
0.04518690468290557
0.046161641267715194
0.04422019336640453
0.0428767647734877
0.012665692578261598
0.008519028404679174
-0.0184873865722837
-0.018357279394904443
-1.0
-1.0
-0.033493767090845915
-0.03233277317282226
-0.01666636347163
0.023527815213984955
0.04329365113678991
0.0369844449321097
0.043519265788494375
0.03540272100959061
0.034806349653540236
0.04025484559103441
0.03701836697286596
0.023915450697675075
-1.0
-1.0
-1.0
-1.0
-1.0
-1.0
-1.0
-0.04440289093943013
-1.0
-0.04527648853692613
-0.04559747664994959
-0.04609326418476524
-1.0
