-1.0
-1.0
-1.0
-1.0
-1.0
-1.0
-1.0
-1.0
0.03217885767219129
-1.0
0.03433494798085012
0.033595926282800406
0.037064948107985614
-1.0
0.035425032966172124
-1.0
0.032862799783504426
0.025062153353670402
0.02128820352592957
0.018018245019870916
0.009202173341964964
0.006525283818767169
5.3840072018837454e-05
-0.003161990048598494
-0.020834548832519798
-1.0
-1.0
-1.0
-1.0
-1.0
-1.0
-1.0
-0.0159689640058156
-0.00728167299499084
-0.007211999355473144
-0.007470858502448954
-0.022745510431250723
-1.0
-1.0
-0.03427887137541732
-1.0
-0.035513277959311466
-1.0
-0.03603865433533721
-1.0
-0.031590892242493056
-0.033097559963113574
-0.035739473508586764
-0.03452011342839593
-0.03539045368066
-1.0
-0.033664911570819196
-0.03466564132454634
-0.03260087339145098
-0.03547644264583966
-0.03492361157113851
-0.03414863781431434
-0.034926624487737194
-0.034034459913496636
-0.012546006780159932
0.00015575097334139917
0.0016508423277797667
0.0092870643348274
0.014827005600990983
0.01929302142377965
0.021187893377449557
0.01806376903866981
0.0178781091404618
0.014119585939724712
0.005689725926893247
0.007462885212505929
0.00544833044911622
0.012112191170750231
0.010756201829501941
0.013640249976217381
0.004888476214638713
0.013965803754729564
0.014622026519760143
0.01687942744812498
0.02490158852252101
0.028468939115037888
0.02976055352319877
0.0221568431527558
0.027534414975946494
0.026832336445861468
0.023694641146431016
0.02944674589627608
0.030330209362514543
0.03110879369305997
0.02736054176597311
0.03326406086585192
0.03241519932482343
0.0325847800635066
0.02717543364705469
0.0305556487278312
0.03351473022938188
0.03180760671895248
0.034387302252008714
0.030129752678031727
0.026765244270970854
0.03248961040514981
0.027187317022259416
0.02874030521372825
0.02665826135721248
0.029207758050634178
0.031529762336353344
0.025988801206745633
0.03166531997128604
0.02735462086244025
0.030272233819184605
0.02791622263937999
0.026905455834509328
0.019570515029652368
0.01990658317763913
0.01822731485894265
0.01838175903180839
0.024021404552816435
0.023436074870548704
0.020354528734719345
0.017994484430909338
0.0025622056902628526
-0.0030022079305278785
-0.01634756397669008
-0.019834435741146062
-0.018012117282861357
-0.02043859803287353
-0.03805544905041376
-1.0
-1.0
-1.0
-1.0
-1.0
-1.0
-1.0
-1.0
-1.0
-1.0
-1.0
-0.03790859626000344
-0.038611655649064686
-0.04007830815772837
-0.038002140074252726
-0.0406794238135108
-0.04036338682768149
-0.03963424706590712
-0.03943982110543869
-0.040913470472831635
-0.040516767438801664
-0.03306301892797049
-0.029571401637279712
-0.030231886887389037
-0.024851462484667526
-0.025339615166315083
-0.019577226503324288
-0.010228419496457392
-0.010093762751352413
-0.0018289281369386092
0.009650286336915719
0.01893860902366719
0.023069766194370483
0.024825950742616638
0.02773847689613062
0.025500324520145296
0.03316489425938852
0.03108349507408498
0.032532220357230905
0.0322577534857823
-1.0
0.02941330073689021
-1.0
-1.0
0.026107564732834213
0.017743988337304978
0.012145485421061466
0.013435403564905354
0.010083213229401316
0.00849911239288894
-0.006431381310629565
-0.014314702932097256
-0.02736218908317918
-0.028860411153342685
-0.030686235585849035
-0.029327239698459903
-0.03052496150868792
-0.03240507006888522
-0.028310013326636557
-0.029334447087504288
-0.031140137007826925
-0.018056363308085008
-0.016362955876987936
-0.01839632032805922
0.013553356659239754
0.017701695304397882
0.01683395293870271
0.026538579194985656
0.031086800896225144
0.025742134720894275
0.02626900273712607
0.029842235016610093
0.03486547046371705
0.031064679027242484
0.03036654879954117
0.027135144675036502
0.032986934781663535
0.03180965901829055
0.0325187855403172
0.03212348249148363
0.033809989730045134
0.03485617478383018
0.03696584116793474
0.035582296653614995
0.03456220585778056
0.031427077138854495
0.03191744353261054
0.032542488394834056
0.03566227280172556
0.027636135296908122
0.03090258926851861
0.028712304321863145
0.032938186263372346
0.03257178987703635
0.03449025957490231
0.033627049185172286
0.030320675270853328
0.02763465279667956
0.02400038245783826
0.020937286698061153
0.019767147055140943
0.019560544512733393
0.024276872745352476
0.026389892816263402
0.01889442659787491
0.02745587538620958
0.03470883550103312
0.026527868000050362
0.02965777818419087
0.02619512797448867
0.03151568743106431
0.031149408156015822
0.029534725591726835
0.031249541594132017
-1.0
-1.0
0.03272822393831249
0.026201754792533602
0.029382834991409285
0.029757927288405435
0.029154789620883238
0.026589931723621906
0.024241858248416445
0.025479071788966273
0.025804642558134517
0.022482524957255428
0.026419151120450735
0.03369060335479976
-1.0
-1.0
0.028431907781857935
0.021441117277079785
0.027171999662275636
0.026773764575406478
0.028500041512607138
0.029664007606299846
0.030448484656701233
0.02831702241645525
0.03626999247073002
0.031201038021277144
0.03407588512159201
0.02372676555748531
0.0362646254627864
0.02985789192379906
0.03456759580644944
0.03429050305423439
0.03099837427737257
0.029375737003045122
0.029487687205899667
0.03445832434745542
0.031587788873287004
0.03347397914737994
0.03280777166850417
0.03409800139499531
0.0319116711368162
0.0337961467760324
0.033720274840345586
0.03501295074093874
0.032652628392691965
0.033622334872762505
0.030355864580258626
0.02977288743400111
0.029994931920384122
0.026077219354844885
0.03181719716026129
0.026855488206278796
0.02872883960442059
0.030200434055931636
0.02240707511389871
0.0201427539066437
0.016385519570375495
-1.0
0.023996001372700904
0.030250204276363796
0.017472585853200592
0.01660161559297867
0.0218049508866728
0.01855918718686498
0.012677356875028961
0.0144953800722861
0.02064323359442067
0.018282640156175253
0.0252859883057914
0.0307380185437114
0.031798802806876275
0.03655569933904652
0.03916836252624664
0.03666803509124188
0.03331135780330999
0.03726422039078587
0.035775069293360245
0.03481185119327398
0.03400648914424038
0.03820793057405119
0.03744425082467241
0.04069613983709017
0.04065926863459968
0.04330167875902561
0.04300320166407162
0.03354501269487108
0.03517460146643107
0.027579079960317842
0.028868122192015126
0.026179260827753043
0.029891227895196746
0.017335203302503384
0.01760974624244833
0.004261214732070287
-0.007784053605216717
-0.008302633094061127
-0.011032675067277398
-0.03178454230984288
-0.04324622929625724
-0.04598360047976343
-0.04483083699746484
-0.0417923635213805
-0.0426645131759665
-0.04094135378842197
-0.04211026173692117
-0.043323528701105146
-0.042657054509527934
-0.045121383240112126
-0.04446644311087898
-0.04579694859272204
-0.033620379880192404
-0.0306601576622557
-0.021854132189025557
-0.012059907448391971
-0.00010852154003415184
0.0034686398126703146
0.006599974765964095
0.004737314791849035
0.007235373875188139
0.004698116981677879
0.009299132320055388
0.010551865030088245
0.016438675867990016
0.019273316670343273
0.016132135328927846
0.021292009124080784
0.014967240478003121
-0.007636314847427644
-0.023910294540610208
-0.02891038175121852
-0.02972044356394108
-0.031246984523265457
-0.02879616522145368
-0.0311757920326365
-0.030446995197632
-0.026848444469131424
-0.02642040871488459
-0.0010354215544768313
0.002665855103478476
-0.0005455272422056004
0.0032192571501874355
0.006281840904244308
0.013852715215546728
-0.002401000421077047
-0.015134503122648415
-0.012396999605274399
-0.017869910851390076
-0.01205660552632306
-0.014689856024877613
-0.011832573367762503
-0.010187733394694925
0.007197578308017594
0.019753148748169087
0.02419891898655728
0.03084382097780925
0.025319606446071966
0.029464168848100127
0.026819595492249187
0.029853613776865556
0.027169594708779263
0.028008898211566508
0.03587266617566345
0.03560913618998261
0.0372988084807621
0.035829821326861806
0.037019789295911626
0.02926406631213095
0.0338715838987518
0.03190564747717345
0.03600616425420361
0.03447677498830557
0.03706148519863859
0.039027755071924825
0.03481753009028014
0.03181238777243
0.027654075430933036
0.03459974495351865
0.0345931276304894
0.025432567511449834
0.03178716250685203
0.029267471036309948
0.03357366085344737
0.031747921452387695
0.026979962250484654
0.03071083679013724
0.02861161929534143
0.026470220885046924
0.0275141986776901
0.02326400837879195
0.03239072534376963
0.03268865813986222
0.03505565623944969
0.038918557600177456
0.028852213293083427
0.034443803503763255
0.039321184175562456
0.04215702708528145
0.03771259130245689
0.03842638386347444
0.038276890079319226
0.03261680272384966
0.04076853776513128
0.04170923465722397
0.032842412287058566
0.03224737701598568
0.03704319980861573
0.03412457403551815
0.03196059728691997
0.030514757211487123
0.035723528877215034
0.036002728880624515
0.033672168387581365
0.028923764139833524
0.015575073298824961
0.014320676963496669
0.027689479052922995
0.030077262717188424
0.032061703821371676
0.03479228582375162
0.03600606935060588
0.03463923506512716
0.03173614672401999
0.037399420170017475
0.03835805324528487
0.03918533311790418
0.03792398859631012
0.030209560463750743
0.022729109492001794
0.02007017570704789
0.012980123305272059
0.00018011685282636684
-1.0
-0.012843747582777107
-1.0
0.0023632858061278686
0.00577430553317965
0.00035744002996694054
-0.014966266721457153
-0.01128288373979791
-0.013368152602481356
-0.02763508623848131
-0.022313991642022742
-0.017714815924181688
-0.028404353485293427
-0.03792737139249986
-0.04310723345046052
-0.04643655069328033
-0.044330757266441284
-0.043340719794873
-0.042765812998378436
-0.042650245670924916
-0.04437679620210993
-0.04669656854139377
-0.04542323460824858
-0.05014796832659959
-0.04572322722255761
-0.04797296743990628
-0.046516891024872255
-0.04559545577873784
-0.04959541539615737
-0.04763411101751991
-0.046419865460550276
-0.047279211160541026
-0.05113424422618558
-0.049444587040998786
-0.04815942708201673
-0.04337675602798793
-0.03975459315352882
-0.037431000689669314
-0.027421949181903486
-0.021645760641255365
-0.026083942879420133
-0.020751687505275725
-0.020670743434926784
-0.013463082459245821
0.003980470689911591
0.013126354399189626
0.01782320479829158
0.025243552915288122
0.02348071259779278
0.028048167120059805
0.03029325779990647
0.03000765760358721
0.033728313367904245
0.03540430486978282
0.03432460755981602
0.03705166061298244
0.03357678775789846
0.033109935710496155
0.032472976111917635
0.03133079180536708
0.03269066490143362
0.028729103826797525
0.02251963167691448
0.030875911947926427
0.02872840644637674
0.02493458662864678
0.013141004881249613
0.016476300102255585
0.014514629888880031
0.01826309647754746
0.027769693055155
0.02753182919997682
0.025514045811057692
0.025995946780295723
0.026892562376056788
0.02511823450650046
0.02000488665493947
0.019938259990352248
0.02278551336175526
0.01987582841311376
0.020926540246287064
0.014143245787457513
0.0013127730316445094
-0.011063382888639353
-0.020209747041646613
-0.029866552709147495
-0.02971529152142793
-0.03462022132225832
-0.03518007369767496
-0.03758151428381371
-0.037835986722718255
-0.03893930630793652
-0.040480738820878846
-0.03856984487463369
-0.037982962047296016
-0.03488629407850326
-0.03384729715869802
-0.030551304364634727
-0.03290837017721884
-0.037800790767318904
-0.03932805587701385
-0.04311003940964754
-0.03956393627540117
-0.041757868719304064
-0.04412294821021569
-0.04237769701331616
-0.03955644063013796
-0.04001699004054815
-0.0391702234645158
-0.04069436908781844
-0.037439122794696716
-0.04120076306861187
-0.039462845995924936
-0.03978147997993592
-0.04415334374783026
-0.04826362188208174
-0.03730333342054076
-0.0118480668301555
-0.017068772081316134
-0.0011761173620414424
0.004661195772397991
-0.005774107221953998
-0.0011782361892056304
-0.007712880845645124
-0.011004435576596033
-0.011661254799489004
-0.016087909717538734
-0.0158533371782808
-0.01604761626817599
-0.026017217241892588
-0.042031591474941794
-0.04441766852427269
-0.04978137169768514
-0.046230343134166046
-0.046494280976025905
-0.0486913973424534
-0.04587421920429897
-0.04774245839387283
-0.04699837113845298
-0.046621146510805504
-0.042818028508151945
-0.03001930288110416
-0.01086673831431573
-0.005265455213057631
-0.003921135528982669
-0.019771651847222738
-0.01831411846229082
-0.015620566352284017
-0.004579191367283356
0.0065215803049337275
0.005847502415823463
0.007887922432271724
0.006583448830657527
0.01184841987943701
0.014276133596488938
0.011514094214270442
-0.005563311594624781
-0.011535483717447033
-0.008383856502166803
-0.024878790805523573
-0.03889734339063706
-0.04293331874735277
-0.04391432841367968
-0.04148884772736189
-0.038125010156911936
-0.03447750590952705
-0.028207770137366944
-0.009082166740203039
-0.000530244192233646
0.005227945605093293
0.011494233919883898
0.009701510693167938
0.010584623969222487
-0.004714726307919854
-0.012761105713766893
-0.013472958433329149
-0.013133446119249492
-0.007590023123682428
-0.015154629224408004
-0.014620537396541134
-0.00856253710871761
-0.010817347450028415
-0.029680788831917954
-0.030342870590925962
-0.03619762767540575
-0.034010144217025536
-0.04424415660457906
-0.043068859913941396
-0.04252184689280248
-0.046795868769166755
-0.04472267906376826
-0.04522997094781092
-0.04752565786902653
-0.04591783480412639
-0.033746223676666215
-0.04258625742651966
-0.04093507818193521
-0.03767281075970687
-0.038565822358375086
-0.04019689868608739
-0.035613688864588766
-0.011585332072447435
-0.016500436372454463
-0.009102830462846895
-0.004135492758077635
0.008762162006735194
-0.0011708156081074795
0.014523045432894692
0.01209423993198298
0.004016788241359404
-0.011806425539516354
-0.012653812787516603
-0.022090493795989593
-0.011519004961072804
-0.015782446796884106
-0.02231189342182897
-0.030877340748908886
-0.03629593172782364
-0.04181056061287022
-0.04483745732709289
-0.04370767290781479
-0.04350395859169335
-0.0394496520615446
-0.043289179397606445
-0.04460496256421411
-0.04084075351229614
-0.035258843612778513
-0.039453034055302545
-0.03789864879688199
-0.04184195647422735
-0.04447812296261465
-0.048993679279538564
-0.04083881246110607
-0.02866296956288903
-0.01399918027818827
-0.020027341885977743
-0.038336382920434224
-0.04630638908397613
-0.04762653983328265
-0.048707749898656706
-0.04974286794579111
-0.0480302230924211
-0.04304870760792231
-0.0452852465438376
-0.04635702413081225
-0.04877539957799982
-0.04657389973345432
-0.04349344542968159
-0.03939676114196501
-0.04676900875870391
-0.04459336503394526
-0.04341680877438606
-0.043594733231189585
-0.034778041616246
-0.033330891568019466
-0.031661063143361624
-0.038675281294773434
-0.03944968188151872
-0.04526223611186934
-0.042331887438682006
-0.041383271377803316
-0.04217705491293715
-0.04117819376945993
-0.043331261709879575
-1.0
-0.04499240444316449
-0.042592123700430265
-0.04602162101943972
-0.04234368757821852
-0.045062239911147134
-0.04600135989460084
-0.04448562901468896
-0.046298762057807696
-0.04381930413383152
-0.0411187376274892
-0.04737886910469657
-0.045651256154689276
-0.04651823576030431
-0.04765535215766741
-0.04993334584850712
-0.047620068619169814
-0.04494871445044316
-0.045695668050095666
-0.04276075707479653
-0.04518945033155053
-0.04561948166925895
-0.046757993715133374
-0.044386994207651166
-0.04220838617659798
-0.03612309244582905
-0.041803013108949134
-0.04016315150561408
-0.0444366335619215
-0.04111127951013059
-0.040951888942683264
-0.041792843325332875
-0.04066599800316726
-0.045802677650935986
-0.042453362599751396
-0.043152888243908706
-0.03778347801865821
-0.033226054816775215
-0.034432320185433754
-0.03135835382758397
-0.0335166802556683
-0.034986197405244314
-0.02921044739637929
-0.0137545353294937
-0.0039135136626811265
0.0034999970441618555
0.0017523535809108007
0.007001567986084149
-0.00817463312414469
-0.017857289804059207
-0.006629902297924327
-0.01725241673537311
-0.02497885091992357
-0.02257085789117216
-0.032303461183101435
-0.03992130009383556
-0.03765736612419734
-0.03757248685390988
-0.039257664932317506
-0.036251246188410156
-0.037802117120156534
-0.041061454719256964
-0.03750832786367286
-0.038381044383180456
-0.03996716944243277
-0.04082937929217632
-0.03586674700605194
-0.0399301858552091
-0.038097270256614746
-0.03220124100468199
-0.03246790579794031
-0.02260747286200036
-0.037015668312069594
-0.03502667790908895
-0.03645389387126473
-0.03427688452038175
-0.035411262596565705
-0.03078308296874241
-0.0318843392953763
-0.024856896331109605
-0.034745354173171934
-0.02956791140942357
-0.03023133227565616
-0.0322361990313493
-0.019636050524261064
-0.026604304120823045
-0.027921704297118263
-0.030846848601143107
-0.03362976867176906
-0.03019960496799505
-0.03009208233055159
-0.03109427167242304
-0.03676471707152558
-0.034683711597730746
-0.033792329235295154
-0.035497777199332226
-0.03971173716672019
-0.04017453274122696
-0.039820872829901044
-1.0
-1.0
-1.0
-1.0
-0.04136079264530575
-0.045073436522741483
-0.04448955275790208
-0.026971345463813454
-0.016238958219436817
-0.00747389375656314
-0.009624578464140283
-0.00726914245688527
-0.004859315984300276
0.003243653715524812
0.004366657204432941
0.0032112858935765378
0.0007125455986563736
0.008383499131694654
-0.004921905789824312
-0.002442578860894551
-0.0038010065518550343
0.0014418149595106647
-0.015198731880110655
-0.011313725835576237
-0.00898081448379055
-0.027247374799207823
-0.03824740982526964
-0.041640853957912526
-0.04425672329459602
-0.0448728378863563
-0.044323885145322234
-0.045237583913451916
-0.03166838994369004
-0.01977369079877652
-0.02231248736429614
-0.01544852813801494
-0.011449871436451129
-0.010049125844107167
-0.014892934843566717
-0.024535734727248043
-0.02895522510286067
-0.026604144376123354
-0.032768233856999195
-0.039153477571783384
-0.03904208423171687
-0.03780512036726169
-0.03675462039719752
-0.03833123266578363
-0.037566497299386666
-0.03789602210831684
-0.04241284549415895
-0.04180294671809127
-0.04430582690871475
-0.045829681421405484
-0.041050726079618086
-0.026795893695833104
-0.009170470428952035
-0.013975382939391597
-0.012717134441587178
-0.018341236771303237
-0.026824104976977663
-0.02334053335014062
-0.02023442690667626
-0.015386628366792636
-0.009124435186628838
-0.007195024184248152
-0.004462332368236667
0.002772575358699503
-0.005123783429072472
-0.025822574478720318
-0.031449752706897594
-0.03362101007031884
-0.032754355586869004
-0.039939800044122245
-0.03526105035475206
-0.03645761776125319
-0.03494912783913728
-0.026484261662100057
-0.020071338786350316
-0.030721304421784907
-0.03312455293671383
-0.03505303220937213
-0.03407975591501805
-0.030627006692835624
-0.020561074946222058
-0.01859290017267807
-0.021046880433109046
-0.015902012969459884
-0.019795922108084014
-0.02448303887299735
-0.024051790213784317
-0.0167278258782816
-0.008302920682263626
-0.009543248952176654
-0.0029125724833344
0.006386029768665481
0.014513286000146296
0.024760880913575787
0.024103389642310343
0.026383715212990003
0.03074036636865355
0.027740482194241127
0.02787645104855533
0.023642937573516147
0.02297191589600201
0.03536322084197033
0.03149695935204925
0.02949896903514553
0.034296981529988606
0.033879111165178326
0.029642082523516706
0.03497388870537622
0.025286397207931095
0.017202585493085468
0.0236321752652678
0.026896016020454952
0.019930483780189603
0.010326922086771448
0.01172129503593719
0.0006058020745830268
-0.015500282273270488
-0.025607733868634585
-0.027449988265738804
-0.0243722031680738
-0.030936739288029487
-0.03148453320795555
-0.029489242078827787
-0.03518100025179246
-0.028583324351579464
-0.027794465672421283
-0.026333818561685794
-0.013038995172413604
-0.01616178552096122
-0.013735656825354952
-0.01536768198675108
-0.018409907799470753
-0.009250690119777834
-0.01794882036584939
-0.0216863306846051
-0.019155385286365012
-0.01561410220075517
-0.015395740920380242
-0.02184631971444551
-0.020879524524139575
-0.020552246835074832
-0.018085672718210842
-0.019538800907679423
-0.008141357852468724
-0.012162712106190045
-0.012574338084824055
-0.012195502552294001
-0.008564369999789956
-0.013088361518806112
-0.018980129581486628
-0.027192989844877516
-0.029996951840357774
-0.030300369514499652
-0.03548595568649196
-0.03126762909280537
-0.03396710783142938
-0.029072978756504487
-0.03627300652267149
-0.034389981290254244
-0.02583941439869071
-0.019157978118326473
-0.016024876457351463
-0.01565020674781722
-0.004611101470235181
0.0009184636065211973
0.005505131348794326
-0.004290469357079805
0.0007021852514967179
-0.009807255187484114
-0.01001225018437573
-0.013993094214807152
-0.014825837828328957
-0.013384051459427972
-0.012626029065826506
-0.005301362759840861
-0.012936707465056776
-0.004965012932607925
-0.012515273628854049
-0.03508994531159769
-0.03258343176565753
-0.038859445918059184
-0.03883787122013161
-0.03424206160089974
-0.03949857268129871
-0.0349866498255048
-0.038740271145023625
-0.03649229746733177
-0.039624252778609224
-0.035275347826331356
-1.0
-0.03567939112671787
-0.03354413731293215
-0.03399432849703807
-0.034206706362262244
-0.03143114073634236
-0.03605152953008657
-0.03702880465295522
-1.0
-1.0
-1.0
-0.033421750799146686
-1.0
-1.0
-1.0
-1.0
-1.0
-0.03523846416710064
-1.0
-0.040876247950803545
-0.03606327260511658
-1.0
-1.0
-1.0
-1.0
-1.0
-1.0
-1.0
-1.0
-1.0
-1.0
-1.0
-1.0
-1.0
-1.0
-0.03376011359605826
-0.024329916359612395
-1.0
-0.029752345674495532
-0.02836957269061609
-0.028332217271220036
-0.0265768651291207
-0.03179773085602933
-0.028124087421543632
-0.03324679999476714
-0.029735247551622157
-0.028193952959916543
-0.025400926070993177
-0.029533759018065438
-0.030007833084861775
-0.027533968884328398
-0.02190941228597065
-0.014322010855321745
-0.021305568068482994
-0.022602892400226685
-0.020994737192832735
-0.016836538363761533
-0.024211081310192905
-1.0
-1.0
-1.0
-1.0
-0.015799498283018094
0.007315499379147093
0.015167734535539951
0.020176600111620143
0.02639724833010995
0.027963669613486255
0.032445318201340084
0.028833153028294044
0.028812184715873733
0.031418100542008665
0.038072586854839434
0.026654193536858353
0.029777954300876444
0.035976909483018
0.03704133818661949
0.029382101402449855
0.028755927330592578
0.03485004853160957
0.03380460944175841
0.024823105088844798
0.021447792078467136
0.01620653138130387
0.01531374643789946
0.027082636887921084
0.016197852146099777
0.027906729490835135
0.028810434480722683
0.02246740316799564
0.023637416138010816
0.02933644534749252
0.029324210161982698
0.0335740883248744
0.021305336296998007
0.019728390225431915
0.020306247202938842
0.015650573240263588
0.019956714175732113
0.028879195947802985
0.032559016924977306
0.03220463271347243
0.036119041872789914
0.04091739488778821
0.03041495234053871
0.03425580987191747
0.03535396240683807
0.03551350294248962
0.027904064133760675
0.028144485526666988
0.0295779793490628
0.02937811258752485
0.027400264267267462
0.02905861656940097
0.03449515879496681
0.034844215627137236
0.029142918413370647
0.02897057730438993
0.028577638189904633
0.027162606732153576
0.030679595932282408
0.03872460067257347
0.037899425587738955
0.03598588244253512
0.028972381534038093
0.01860521589708146
0.029395206895676162
0.030145328065881258
0.034512430806789084
0.028090336180426608
0.02539310099063259
0.0311872743311802
0.024392661792881895
0.02772621844626335
0.02893583880259548
0.028219290672158937
0.025740460391451322
0.017815537047833726
0.017530300781262373
0.023221429148315296
0.02869343619325928
0.02387679354879357
0.01671851136393295
0.02478329201993993
0.020090981411740157
0.026396810812037354
0.022363793188740558
0.015433248520076635
0.009189779740675212
0.009125827489212906
0.006068660677082888
-0.0009755063258918794
-0.0001857227507285757
-0.0003784740788703841
0.004526413438710709
-0.0023457975096985964
-0.015452781465623797
-0.012784242206829588
-0.013441008693673323
-0.011075811302951164
-0.019897177470424885
-0.019588849873046887
-0.019335753112676893
-0.020973976254118083
-0.01727597667054015
-0.020350041584828334
-0.008267938363225107
-0.00793619269202769
-0.00662956800035776
0.0031055961289176556
0.003780023509785694
0.008225175222417565
0.018729099768926977
0.02562341128586745
0.022055655845249322
0.021690622403753027
-1.0
-1.0
-1.0
-1.0
-1.0
-1.0
-1.0
-1.0
-1.0
-0.034559405242548795
-1.0
-1.0
-1.0
-1.0
-1.0
-1.0
-1.0
-1.0
-1.0
-1.0
-1.0
-1.0
-1.0
-1.0
-1.0
-1.0
-1.0
-1.0
-1.0
-1.0
-1.0
-1.0
-1.0
-1.0
-1.0
-1.0
-1.0
-1.0
-1.0
-1.0
-1.0
-1.0
-1.0
-1.0
-1.0
-1.0
-1.0
-1.0
-1.0
-1.0
-1.0
-1.0
-1.0
-1.0
-1.0
-1.0
-1.0
-1.0
-1.0
-1.0
-1.0
-1.0
-1.0
-1.0
-1.0
-1.0
-1.0
-1.0
-1.0
-1.0
-1.0
-1.0
-1.0
-1.0
-1.0
-1.0
-1.0
-1.0
-1.0
-1.0
-1.0
-1.0
-1.0
-1.0
-1.0
-1.0
-1.0
-1.0
-1.0
-1.0
-1.0
-1.0
-1.0
-1.0
-1.0
-1.0
-1.0
-1.0
-1.0
-1.0
-1.0
-1.0
-1.0
-1.0
-1.0
-1.0
-1.0
-1.0
-1.0
-1.0
-1.0
-1.0
-1.0
-1.0
-1.0
-1.0
-1.0
-1.0
-1.0
-1.0
-1.0
-1.0
-1.0
-1.0
-1.0
-1.0
-1.0
-1.0
-1.0
-1.0
-1.0
-1.0
-1.0
-1.0
-1.0
-1.0
-1.0
-1.0
-1.0
-1.0
-1.0
-1.0
-1.0
-1.0
-1.0
-1.0
-1.0
-1.0
-1.0
-1.0
-1.0
-1.0
-1.0
-1.0
-1.0
-1.0
-1.0
-1.0
-1.0
-1.0
-1.0
-1.0
-1.0
-1.0
-1.0
-1.0
-1.0
-1.0
-1.0
-1.0
-1.0
-1.0
-1.0
-1.0
-1.0
-1.0
-1.0
-1.0
-1.0
-1.0
-1.0
-1.0
-1.0
-1.0
-1.0
-1.0
-1.0
-1.0
-1.0
-1.0
-1.0
-1.0
-1.0
-1.0
-1.0
-1.0
-1.0
-1.0
-1.0
-1.0
-1.0
-1.0
-1.0
-1.0
-1.0
-1.0
-1.0
-1.0
-1.0
-1.0
-1.0
-1.0
-1.0
-1.0
-1.0
-1.0
-1.0
-1.0
-1.0
-1.0
-1.0
-1.0
-1.0
-1.0
-1.0
-1.0
-1.0
-1.0
-1.0
-1.0
-1.0
-1.0
-1.0
-1.0
-1.0
-1.0
-1.0
-1.0
-1.0
-1.0
-1.0
-1.0
-1.0
0.02797936697064249
0.02940504611489718
0.037806295784454304
0.024148573356409412
-1.0
-1.0
0.035428087859198376
0.030749751571250226
0.02595456925342591
-1.0
-1.0
-1.0
-1.0
-1.0
-1.0
-1.0
-1.0
0.007924624801366667
0.005171380316450799
0.003514465022211811
-0.0023237759041763797
-0.002026705001925982
0.007308797718822453
0.00844067076341557
0.011428157544561541
0.005305343253173233
-1.0
-1.0
-1.0
-1.0
-1.0
-1.0
-1.0
-1.0
-1.0
-1.0
-1.0
-1.0
-1.0
-1.0
-1.0
-1.0
-1.0
-1.0
-1.0
-1.0
-1.0
-1.0
-1.0
-1.0
0.031157322466935658
0.03512323782358233
0.028831273875865756
0.031328967608405874
0.036440834243003255
0.03296062673011608
0.03034557992746601
0.0346025739965312
0.026851928369024232
0.027869415180036806
0.032805875273987276
0.03355601085716233
0.03206655952517574
0.028842040996409645
0.033609168163247376
0.029631518188814966
0.030844111013026886
0.03292534358950977
0.030714669900557712
0.037143907804905986
0.03573677826993493
0.03544280077409514
0.02682818366186597
0.03351489714112639
0.027060248678675233
0.02880274837092963
0.03060921357764872
0.03044619709493088
0.026637077457954007
0.032755849849398125
0.030621870263350368
0.029011534940960797
0.029888579293946005
0.031487850562706816
0.030551731975121947
0.031243597548626406
0.03396396200746468
0.038438163012284185
0.031187847402731627
0.025652472650555043
0.030741396850801652
0.02904574247854828
0.026894997695841135
0.03076154808229325
0.02562597372103688
0.03223487871038237
0.0351162001483773
0.03059379751843426
0.02895960665771009
0.03231366547258877
0.02896681644313442
0.0344543408253279
0.03327733021501531
0.03584673989513085
0.03624337980006607
0.026139586814681478
0.03547230359628762
0.03320197869695016
0.03632492478921146
0.033837436838182335
0.038330081762433105
0.03700032033317726
0.038970910972242555
0.03465344284502733
0.04017635589488838
0.036033442544417454
0.038243691601019
0.03560131396470593
0.027426595765725682
0.02593787576372108
0.02330355534856279
0.006969733960673995
-0.009938879763625695
-0.025326431104966404
-0.03772776766385123
-0.03479094187043155
-0.03370146739749945
-0.03567825166893649
-0.041207932112224115
-0.04128454421963865
-0.040115594492678694
-0.01835811038508129
-0.014840042334889683
-0.029413279870217034
-0.0363094677396674
-0.04100079341931655
-0.0408091430696171
-0.042104585173533424
-0.04375178098367562
-0.0404043717182939
-0.040797281234703386
-0.03503123336477462
-0.025937857252404075
-0.028723399537189345
-0.039093366765277686
-0.03701935750231024
-0.0348515802302542
-0.036636542060228844
-0.03760264997717089
-0.024850790768548205
-0.011836977734159756
-0.0034911755440518006
0.007794537977271071
0.015770213295903182
0.013959563436201897
0.010399850628630284
0.0015005073539022895
-0.005569600914769508
0.004964549218102294
0.012314533531108889
0.006064546879062419
0.02376803671292287
0.03624018089855765
0.03844928056869086
0.028621452949541323
0.03144284340786631
0.026660437938835914
-1.0
0.023556597504810966
0.027948727603725156
0.016404574532381533
0.012657367069995783
0.009723924394862834
0.008710621837331619
0.010042999904150458
0.01347122533919476
0.01140744546486254
0.01617749175580276
-0.0006459303393250922
-0.0001643709354464425
-0.015042596259113278
-0.024139359923350607
-0.023775994527106107
-0.0282049156354695
-0.03370132743490934
-0.035662129535980316
-0.03731789203577014
-0.040642011176774746
-0.041568034589685804
-0.04261718058322828
-0.039525821814443036
-0.039484078003625245
-0.03700864357357842
-0.03836076146351902
-0.03946413387701439
-0.036606958977035545
-0.03801394161652037
-0.026560239969944416
-0.020287972227006842
-0.027723787863533945
-0.03955437824896
-0.03757633866342748
-0.03383282728928514
-0.03359791445108154
-0.042384867841236094
-0.03560786866907585
-0.04470843358383062
-0.03585518648014104
-0.023253897033727124
-0.02604638142255274
-0.02337282776516328
-0.04226701413579681
-0.04389327531457816
-0.043995457925499644
-0.044248787419081004
-0.042177436771775066
-0.043370876698757124
-0.04432408574355977
-0.048448240843019345
-0.04108642018277901
-0.029317967150842766
-0.04009298715717663
-0.018715813746208683
-0.011410905617590809
-0.010327482163858955
-0.011376680441219878
-0.01833007569308632
0.009071849194271899
0.019995093917578522
0.025393608287524055
0.022267290828900287
0.02212095361147399
0.023800104584907982
0.02519559954497976
0.018436285957150942
0.007957204424093476
0.012487487056181351
0.002386341812275928
0.008894195583146844
0.0024000662155365636
0.004795116123868147
0.0002961095745784201
0.0033334239307700225
-0.0048265037399620805
0.004355470891889056
-1.158161791061107e-05
-0.007250091287636436
-0.027360950624008663
-0.030009961510124604
-0.028056930965109285
-0.02804029955231785
-0.03117650420403517
-0.03876979850158717
-0.04080404485934687
-0.04294287129506262
-0.039395928275085625
-0.03864730796830721
-0.029552333319279016
-0.034717237613865325
-0.037249529799713715
-0.039027295580807884
-0.03605954974781297
-0.03605893058326118
-0.019114366684742996
-0.021894006952385754
-0.018931010552045918
0.005036942065527065
0.013702681666867288
0.014051978617499915
0.02058769216745393
0.02233808616974467
0.019387527244363854
0.019616810879923497
0.021251527954193158
0.027274949421983462
0.026551612212567754
0.029387580534096316
0.03272572308506239
0.027451470488191108
0.02683586700482628
0.03159697614415001
0.029227917120646835
0.03368268876629414
0.028476804173447702
0.02070898547199623
0.022582854895196597
0.02327222562312749
0.018732794178784342
0.01943062061784135
0.01922900289616111
0.023621410054086824
0.017993255994384432
0.01300370472773427
0.007921332955775542
-0.007057913399186504
-0.005674398822942855
-0.013102310990825424
-0.012853711591469601
-0.004972498857719492
0.0009776869256984493
-0.008277607809848417
0.001060208821936878
-0.017309756944119233
-0.0049365529718061385
-0.013215007963145698
-0.021535193192896214
-0.024316991720622284
-0.024155176330594223
-0.024257878662940414
-0.027912495625995435
-0.024609353322382458
-0.018661165394427016
-0.02431014646608274
-0.02538253131119926
-0.031582099259853044
-0.03031197274287622
-0.03518122059058154
-0.035716024002041755
-0.03440473195522731
-0.034920606151796624
-0.02628780881581823
-0.028282956450717548
-0.02942063427542398
-0.019672172431629182
-0.020699518521926218
-0.024015541106497996
-0.021505882664903112
-0.028753406902638095
-0.02690251815042565
-0.018427430244191283
-0.013174683187112077
-0.0016094411815448816
0.012132299996388873
0.015180876879924443
0.01328297467223029
0.010820255015846582
0.01166981048607417
0.004149889684081218
0.005733377053231777
-0.002905857263060488
-0.008333480294300328
-0.00650970943629941
0.008135997286015146
0.009725127582294697
-0.010355517221787501
-0.024281801503183938
-0.037275958291832306
-0.03883879131409292
-0.03475310279828287
-0.03311200202077036
-0.007797518578767672
-0.0008088617656322412
0.005281279266730432
0.0026073392885246215
0.0022292709244153505
0.00505722743948691
0.016293477986479184
0.023581684386372277
0.016830035235126273
0.014099740903778614
0.016164210009160025
0.013731877278392347
0.023072254030530193
0.004563937109171618
-0.013778584235997185
-0.01608689457588582
-0.018718416879296707
-0.023799624413119485
-0.020894981542496586
-0.02619234361658322
-0.028759731501463628
-0.02378060580345808
-0.0055976985457347386
0.0036880191907502223
-0.00027668059569466863
-0.006254854694257976
-0.010527997189365548
0.003390237110569783
0.004917286040673674
0.010979774436813626
0.030894531734687834
0.03541081984468791
0.042477123774286474
0.043485037127568044
0.037580696318255905
0.03313545925063217
0.03812881310753977
0.03749266527202868
0.01801077759882652
0.017198902708595833
0.017295524944163036
0.021776016161997296
0.017709333964911044
0.018539714169223172
0.014060158695017122
0.02667400284025052
0.023901362641881238
0.02554271905303941
0.0247648196846517
0.025336919950896417
0.0231475665588053
0.02779127752956367
0.022893455386137632
0.022737629833507862
0.027465401570725155
0.02831630538871992
0.02599080941170149
0.031213024499920285
0.02269212988145516
0.012780950965492413
0.01766609347675131
0.00990069066326988
0.011216487931808183
0.018843084534715063
0.015235161509639132
0.008432302549179762
-0.012485103426609002
-0.011170832905540298
-0.003823558138484755
-0.006157460264434392
-0.008512010689630211
-0.018185448167843
-0.0475242042224583
-0.05270056991393225
-0.05080379610184042
-0.04587092065345019
-0.04861528069023449
-0.04662273881729258
-0.0395661400835248
-0.04157058064346676
-0.04224536665614984
-0.04475944215083664
-0.04555870477759019
-0.04453314292864745
-0.043661824820348756
-0.044626715213439805
-0.04467538940647465
-0.0448714494487042
-0.0442966873950906
-0.04092308622800602
-0.045861181465678295
-0.048674487786058665
-0.046344442919117775
-0.04575902445203977
-0.04510905464249946
-0.04460254481913289
-0.04539809090643828
-0.03719938067234794
-0.03767420178419364
-0.04439961790982309
-0.04676604376178601
-0.04398521285084704
-0.04541021623365326
-0.04486424694114989
-0.04277762425345655
-0.04344315292104845
-0.04660740852628138
-0.05156274198493423
-0.0430517494884625
-0.04805302566325471
-0.05064865967718822
-0.0449635686408034
-0.04934281782340811
-0.048105354219707505
-0.04705411376661671
-0.046694652094661705
-0.05019924545838126
-0.04684889231932343
-0.04784366167575534
-0.049668213536292846
-0.04767280798955659
-0.05167894076567536
-0.04806067131318424
-0.0502445133162078
-0.04913992271087157
-0.04837556947376983
-0.04093675459414124
-0.04062384168884524
-0.04182477430638142
-0.03031377413896971
-0.015228403222081454
-0.020229156986135487
-0.01849051513258888
-0.027891924747574234
-0.03146033613471096
-0.04536936232157932
-0.049643091397098535
-0.050761852156967324
-0.048654026903947066
-0.04938361457875416
-0.048895727803789035
-0.04446432316328704
-0.04776695413726301
-0.046466183972993125
-0.046989084518514995
-0.049250807144562675
-0.051155793522188166
-0.04710747026430381
-0.04677984069655244
-0.04862382117624248
-0.046356089050007036
-0.048176927377530154
-0.04535610504295401
-0.04611054195417999
-0.04873072137805903
-0.04862133432454941
-0.044564131820016
-0.04540484682257908
-0.04337486839855093
-0.044508890180348676
-0.035870531820328136
-0.03507772104261826
-0.035881733098859746
-0.042646451934908756
-0.046928360394358624
-0.04973609812555402
-0.05119849982625183
-0.052655499511972396
-0.05072319269250137
-1.0
-0.04816807049524955
-0.05102885420846471
-0.048056419906070964
-0.04668747673734975
-0.05261143625102534
-0.04830222465831591
-0.047324944748976125
-0.03461393535816078
-0.0219880131622036
-0.019355730115082802
-0.027152764784909817
-0.029043352975647595
-0.025716182996549486
-0.014265617629564235
-0.00722074562156032
-0.020665424390568444
-0.024599010866060197
-0.035484569544770035
-0.027554273102012947
-0.03531795032396387
-0.0174159486179006
-0.030976260096691834
-0.036465846096609626
-0.03681675350496655
-0.03712527322692269
-0.04107432267085617
-0.038938505215798294
-0.03272215202524963
-0.014801653112061098
-0.006138481366033502
-0.015029666880128707
-0.016204019848316882
-0.016428480178594877
-0.011027027632933995
-0.008426016883223024
0.004600497473739272
0.0023232756794971726
0.019068400044255883
0.03006882684574858
0.02787140674254377
0.03597645576198419
0.029944375499427054
0.03476134214486133
0.039446467592272515
0.04452850118447238
0.04371666291714669
0.050932211647329355
0.04531336495581306
0.043565775972301025
0.04866686588364257
0.04963186762616167
0.04837922744702436
0.04881000744137265
0.047918534189436465
0.0456927943550234
0.039072543523404044
0.03956901880442798
0.04377493098401913
0.040236618864023195
0.04868001517861824
0.04326234053093352
0.04425718276980412
0.045534516526523516
0.04107153278480194
0.04597630708343552
0.040280948539591355
0.04136666910675995
0.04514694338286649
0.04491227159744455
0.04148660710950884
0.04136575403267648
0.036171928970464146
0.04036186857655997
0.04438261439352192
0.04481566991271266
0.04405073586513617
0.04428044998114018
0.037924469073973184
0.036341699047708495
0.03742442098019865
0.03486619319632333
0.03800704571133695
0.0399386026496308
0.04235057975053006
0.042777834719732295
0.04190852452535026
0.04329293122508863
0.04363152346920037
0.042503988548698315
0.0437640273280481
0.0383970710581098
-1.0
-1.0
-1.0
0.04238427513238837
-1.0
-1.0
-1.0
0.044377309709447386
0.04598843734225643
0.04698385516428689
0.037566610562776805
0.043447147161222
0.04718730004050381
0.04327590992635207
0.03038045894134327
0.03958373085374204
0.04091370280038938
0.031228563330675183
0.028432741468478448
0.03797327105620771
0.0447506591714354
0.04172570573106458
0.03467380689352967
0.03558864856329718
0.04043089872438729
0.026152295242612034
0.021331385405652874
0.02515639874029388
0.026621060444064683
0.024286084471371115
0.027990649762230535
0.031915037882719266
0.03559122612017867
0.03281856492950773
0.03138722780866787
0.03805174297605469
0.0482957170405424
0.03736295307276013
0.047785702044479086
0.05014598084135287
0.045682923094391044
0.026232025130569797
0.014816915513973988
0.00023027749136073926
-0.004506866001123697
-0.005344736881778548
-0.017120194814765302
-0.05095161730550154
-0.04579563691820304
-0.04733492219327406
-0.0461154929232594
-0.04611488400758057
-0.04638519515955308
-0.04459181426850188
-0.045697540674976264
-0.03103418353559521
-0.02288501234589317
-0.02548687374182265
-0.01247248086819035
-0.007363953891892702
-0.002459476784155905
-0.004844548773477454
0.0022332645474360214
0.015270328480228053
0.015136195136809466
0.01608784064359227
0.014217544077665244
0.01604957647490946
0.018951050441946636
-0.0019170643540144718
-0.012099322855061725
-0.017970758136892688
-0.01875288028083285
-0.033902785143689385
-0.04792361068218749
-0.051740771972658396
-0.05205657395141836
-0.05011011119840445
-0.052622756494591305
-0.051851282059918485
-0.051471322557363475
-0.052004516035369194
-0.051429960347061446
-0.049793966352034445
-0.0481052809314425
-0.031773257976823836
-0.0010483841467503771
0.012499645964472323
-0.001391483754654207
-0.04672702941593795
-0.05045272842599137
-0.03973695283051303
-0.04400296542320247
-0.04341011122512723
-0.0474331196536626
-0.04807913670451573
-0.050639115947862405
-0.04346336446626872
-0.0417880637638695
-0.05157512331684545
-0.05061966373293252
-0.05268197260370979
-0.04763827886011705
-0.04798435226233905
-0.05080544283999006
-0.046828347829985364
-0.04965020323687166
-0.05079527171125633
-0.05142274462989177
-0.046592580740473885
-0.040599417440841286
-0.040143955281358105
-0.043967657429257616
-0.04210409557599724
-0.04726579726789977
-0.04418755428920179
-0.04883973881658357
-0.039209217806703105
-0.03722523630533869
-0.039891074242968484
-0.050033414567201666
-0.04989673420660526
-0.052177534503135885
-0.05516459052459805
-0.04958382390595506
-0.03922126215847946
-0.007004470880937561
-0.0021275449337039122
-0.0061416557501618235
-0.002261914429579328
-0.006137234792779624
-0.013061778801024286
-0.02144495152447549
-0.026619450067739647
-0.027456277024333557
-0.0454501549122194
-0.04292714123368029
-0.04284487450108483
-0.04148913069337553
-0.04677354970797456
-0.044874933478172244
-0.040670247626565646
-0.024012930708917933
-0.0018941268943367636
0.0024712891516844356
-0.0015609633337796808
-0.0007229613334630207
0.004161675492298518
-0.006243800669166693
-0.012245866872601199
-0.015368998203444714
-0.01112518702353968
-0.017716476408074423
-0.016360743991325727
-0.01919327212145124
-0.00976062124004657
-0.008436526856073809
0.004558160004985759
0.002506759200978302
0.013269366341172867
0.019417252941917353
0.022578998983806504
0.013785786543084044
0.007892382023277932
0.0006325216045803936
0.00280058484268864
-0.0021302717398589757
0.0023449921894305825
0.011977565421454407
0.019768701712803247
0.011497306021219669
0.0062637424584268304
0.002560093093758841
0.010107588666577058
0.027692300153082883
0.022051942415119763
0.022332195126156928
0.024533680184566052
-1.0
0.029680535881663913
0.036697241711576914
0.03150174727380745
-1.0
0.02956744509725717
0.03532329545061415
0.03258351736554561
0.027575522797838314
0.020367414690458493
0.008039034783746308
-7.2051890748777074e-06
-0.007640869428044677
-0.012849732073708467
-0.02218015438135193
-0.03181262495606211
-0.03616957510916945
-0.03181871920548639
-0.009873852254704244
0.01825493882650347
0.026946392569819875
0.03153080774187878
0.02823762536288992
0.022961827192359074
0.025150633075510156
0.033007937654617944
0.033747567366394324
0.03164400684883045
0.029172013432571368
0.026406566621864646
0.029077475916580393
0.03691693163520595
0.03591337055394515
0.03388590616067096
0.02871019718006908
0.02858264990676351
0.026638978339099968
0.024554410174888536
0.027811406658125138
0.015124170788126239
0.0037316587751260472
0.005393219306748893
0.02088017045126652
0.023613059883598905
0.019871158916236337
0.03579299524712562
0.03791660690215847
0.03106670370372718
0.03120651177206413
0.028614675272617664
-1.0
0.010765329349653002
0.010741494383700551
0.007747604396083039
0.014151889370584848
0.009708868581940176
0.017555223579621006
0.0214439124066849
0.022212258471126362
0.02181156077647472
0.016822563853765415
0.005661249540984359
0.0016382953378004182
0.006010647845425216
0.006611250039597577
0.015252215247687884
0.010416077450280604
0.004968478979382712
-0.006990112693347062
-0.0076797692483721435
-0.006374450853498588
-0.009484185343842665
-0.00612651844735237
-0.006103375181816192
-0.0033831695357931556
-0.009655979992835226
-0.0028406837650288156
0.0034401994220655645
0.009949469097032303
0.00033722643512303167
-0.0017603707750754995
-0.006091760371668507
0.007232728895926312
0.010553470836160875
0.001943119633424899
0.008054832586965223
0.017031301970933714
0.012331618437547454
0.01205341147989402
0.017272745402834074
0.018464163141448546
0.021085259583707265
0.017417214819850545
0.02416487160089983
0.027536182547626055
0.030830703061594467
0.02236026006814923
0.02774342423134795
0.01997056471492859
0.02656558283261747
0.023511722713778993
0.02614690200999114
0.014363304570677325
0.030857532333015365
0.02877660020508291
0.027315716436971237
0.025880118030542285
0.027058871674735877
0.03332495214056156
0.03950930785366924
0.04245964616139518
0.03953284930513417
0.031764456397637274
0.0350075932580258
0.03720173454793594
0.03270064194081922
0.03346595547746853
0.03237576378476556
0.036723666853522206
0.033349362825776635
0.020552830205825153
0.026331112997563935
0.02223839210635175
0.017478063473448872
0.013669315773972884
-0.0015013235040402474
-0.028617052156708907
-0.02848985928057724
-0.026811873542209454
-0.020936022367539456
-0.026753186763220794
-0.04588385307910889
-0.04259153157182611
-0.04540162424833535
-0.04713701743183172
-0.04303710653395258
-0.048066597410933436
-0.046281408745782196
-0.04783275161305451
-0.04712454307461808
-0.04220169674743389
-0.04606402766532283
-0.04026957627651455
-0.028418599998862985
-0.03299121212635561
-0.037444900060381224
-0.03857186120673347
-0.039830200158496275
-0.038274089394566856
-0.03660024848237664
-0.034036529487965525
-0.032684187386552245
-0.03877007770812068
-0.036535519540126474
-0.034366482269712444
-0.03877551799925246
-0.03791004082880471
-0.037971353932435614
-0.037892540019417
-0.03731515337965371
-0.03834288426173966
-0.04112145476580562
-0.04175003536465969
-0.03839763430130026
-0.039403116945637695
-0.04363825222023443
-0.042927835523621664
-0.044674425760679794
-0.0425425145594381
-0.03965943049500138
-0.035033315843318924
-0.03803778423612673
-0.04103539206365658
-0.04196134842816384
-0.03661495413296547
-0.038295863677658394
-0.03987735246329039
-0.03851461561626202
-0.042720882802474616
-0.03726263595657394
-0.017997133416029314
-0.02759672511048068
-0.03572161774290753
-0.027668690772658905
-0.02257885158449899
-0.030823318015335804
-0.029807243083332862
-1.0
-0.021597509378999923
-0.021097799839904126
-0.02025614304018838
-0.023884292076712704
-0.023540923669727477
-0.02320012195761466
-1.0
-1.0
-1.0
0.004903036276766976
0.006018957674613927
0.01690529339490387
0.014358900403909408
0.018533858560265303
0.013560704478886883
0.012275750138405594
0.00822871258401596
0.007806483724704397
0.009578219204067047
0.008272809664043932
0.012721776966238744
-0.011719949855280642
-0.009726887890480982
-0.005378278907828822
-0.002533185176922485
0.00040268326661205603
-0.005431368798134081
-0.011757489848491768
-0.010113716929002451
-0.024495968866392697
-0.018865839257438503
-0.01716773230188127
-0.017513765967992964
-0.02261119782529791
-0.01822044893212668
-0.01656151650988838
-0.01683365040627801
-0.013586884936264232
-0.010496116706609835
-0.015922104377702556
-0.008756450708728655
-0.004758764461450309
0.00021579085792435208
-0.011608959517500177
-0.0160992995792602
-0.020438865151325487
-0.02683634493364951
-0.027868840679615318
-0.0314267943507429
-0.03805956856632752
-0.040529992886138386
-0.04346279237198108
-0.04517499736562621
-0.043591641629659714
-0.043108375399089835
-0.038213087309941704
-1.0
-1.0
-1.0
-1.0
-1.0
-1.0
-1.0
-1.0
-1.0
-1.0
-0.02707642114342425
-1.0
-1.0
-1.0
