-0.04034860157754685
-0.049187678025716844
-0.06781817636020492
-0.06696185511028788
-0.06428811704901168
-1.0
-1.0
-0.02067053089638479
0.018922461572383684
0.02986316312055841
-0.018015361459635795
-1.0
-1.0
-1.0
-1.0
-1.0
-1.0
-0.06841429748478267
-0.07030458145545122
-0.06769179034328199
-0.05916126344035705
-0.05327885239166229
-0.06554058120309054
-0.07274823016506098
-0.07328579767790946
-1.0
-0.07499302443089144
-0.07215815961596056
-0.066060077547465
-0.038295638915431474
0.047724011440551585
0.06950318577249637
0.0693471335149626
0.07444597321332115
0.07373747239220507
0.06781639250217861
0.06916746600540274
0.07253272998405469
0.06984244578843678
0.07188269119036662
0.07095461748308182
0.07252279796194003
0.06990329083152684
0.06914438598602006
0.070126734481127
0.06490872987234475
0.06640836714531731
0.06321665919696358
0.0683095410129814
0.060638021280603936
0.05924026052604279
0.047155540173506004
0.061087533108203626
0.06879874990007294
0.07515062806516935
0.07762209322754947
0.07005760000053363
0.06656985839970006
0.05193009001937581
0.024864287027794797
0.013912960966773934
0.02414419478312715
0.016406343762861434
-0.013492138590903648
-0.034630963606131354
-0.02953335070240412
-0.015853105918695817
-0.03089942873114895
-0.06524246096722541
-0.07488469645418278
-0.0790633028824316
-0.07247962032312327
-0.07761795407919728
-0.06647536258616533
-0.0659795178658374
-0.07049363193333556
-0.05754519901512414
-0.018310014112342315
-0.004507862509563698
0.00126393383255425
0.01539961104811408
0.004486365607393355
0.014305680582576493
0.011446345161999895
0.0073085202061385045
0.028034758667573313
0.02095662370734416
0.01723182696171098
0.005348684164480182
0.0012688007034493732
-0.020884401831353743
-0.031278461860415614
-0.04641145693315353
-0.07650793400957176
-1.0
-0.07881978942248732
-0.07846393856788483
-0.07769367144835625
-1.0
-0.07716215722273505
-1.0
-1.0
-0.07493865318473943
-0.07733986292842436
-0.08008716018939761
-0.07571839543172491
-0.06874304101361471
-0.035058692932381764
-0.06343562740559665
-0.07534585443499363
-0.07538882575332562
-0.0820154550454982
-0.07149034558202333
-0.06899419865413783
-0.01979416321406026
-0.007697784938989153
-0.017913231757205824
0.01938811272644246
0.03794247941774961
0.03181362620295357
0.03422725591750984
0.021193940187982343
-0.012792057922386562
-0.04127972200428401
-0.04239100641529271
-0.04454086088635017
-0.012509300928902367
-0.034208551862630804
-0.026409544576239043
-0.035483615197776715
0.012606786344892418
0.029520629432811772
0.040071414051051524
0.04885688401168819
0.05181107880715495
0.0531473873662723
0.07111271883786169
0.0647037099936439
0.06036366044225075
0.06552234903402916
0.0398629629083409
0.03420792671299781
0.026604248923613114
0.0490616115622554
0.04513647863161013
0.055059622014470636
0.03890868734787593
0.051159464812121594
0.0509280394975668
0.038514127301405514
0.04552082205775187
-0.0022060392091635067
-0.03639131981249443
-0.04523376230156164
-0.07938200328300365
-0.0825462401635633
-0.0746827012426129
-0.06097976090220128
-0.06654862104354352
-0.08296928324505501
-0.07993336816051334
-0.08068226357894076
-0.08051753040073362
-0.06989585445817499
-0.06754387854298419
-0.07305979209571216
-0.06355684306584959
-0.02113117510978697
0.03941403383112224
0.05725821010286227
0.055332420176019546
0.040842735174551746
-0.008668082710327917
-0.013685729220082784
-0.03636647636761292
-0.010495304635780921
0.012765622617651124
-1.0
-1.0
-1.0
-1.0
-0.07818966688943244
-0.08238071224800135
-0.0821985102923307
-0.08485046713483141
-0.0824062865658068
-0.08116224710179458
-0.06286053058828309
-0.02110263683600458
-0.0733909531103051
-0.08061351462831384
-0.07852227397233746
-0.0744427822843266
-0.0772516891297081
-0.07695547108905543
-0.06829439998637833
-0.074965915118287
-0.06918445623381601
-0.05336821563223576
-0.056270110898786675
0.0013963531527615468
0.0006238269440458074
-0.023635746938126943
-0.049681971427359035
-0.06328145741236915
-0.06978098790968594
-0.07499304596263699
-0.07097513229115504
-0.06642950250996878
-0.05994741994794316
-0.05207920820762474
-0.055518389057784105
-0.03722329014712564
-0.030578334882579286
-0.01920466444560257
0.027080022975398747
0.006178626449941492
0.03617974340645286
0.04918648124555396
0.029840135219573162
0.018077687082562435
0.0002024440349136738
-0.053665711671667754
-0.06807746131311328
-0.038503940352315344
-0.011034444122172408
-0.03181196152459658
-0.020540038468981465
0.01272190296873923
-0.018107818442547184
-0.018318974240564355
-0.03307831153231497
-0.04420072110261433
-0.06496433306975644
-0.07222577460297454
0.0012762228614043637
-0.03675155606347665
-0.06597053391847783
-0.07226099330844415
-0.08063023399804777
-0.08054477481065983
-0.06389351537166843
-0.0638801582729796
-0.057678791270685106
0.009951145194251805
0.011388989414565816
0.030379893674295576
-0.00212493818769187
0.02933549229772809
0.03228023068150143
0.04628412070013308
0.032281797142699915
-0.007778074444816062
-0.07070228891680458
-0.07587788629951855
-0.07554421309436378
-0.07210578384558156
-0.07774259915405678
-0.07794851543736556
-0.07561486972098803
-0.073757270184221
-0.07500908187005739
-0.07717417297749747
-0.07296305761438379
-0.07244178570906466
-0.0743788847345148
-0.07717777252205746
-0.06540196962247193
-0.030304643767476786
0.028524454172175105
0.022769844330050387
-0.03474853828676995
-0.0016565087037989938
0.026179157473958645
0.022578707170094935
0.014116206829947818
0.03452151503783205
0.013630055346104479
-0.026240380063920904
-0.029353493660007935
-0.0348263071236023
-0.038498506366805456
-0.03286844180303333
-0.02394040310979269
0.005055673776994316
0.008428760820399983
0.004545999491800176
0.043548169864190904
0.014692557865340312
-0.020710534956846185
-0.018869619940392754
-0.011875577717450243
-0.027954342450146108
0.002946933839254604
-0.016197893893630525
0.018802046214267076
0.06191910833956256
0.0680363340708152
0.0749718038554166
0.0778765367303245
0.07611806397544896
0.06668890904880051
0.053707161020821355
0.05581782364168467
0.04502686002077135
0.06435544946648598
0.056238837300695406
0.05481347514033884
0.04298940680766246
0.0048979362354451775
-0.0036031606169333657
0.002224351134861462
0.02505939449187555
-0.002578059850834349
-0.002511369774444871
0.00701831757192325
-0.009429667788259483
-0.009344193988215527
-0.005194203020344319
0.023941083379949404
0.05500209400146568
0.06314375128049725
0.06341398008646228
0.056728028607256564
0.059316721190541294
0.05585563744975651
0.02803598916420118
0.003978177979897159
0.005154542653811893
0.03945500305389697
0.05245458925319654
0.06840121247320335
0.07358696063802507
0.07321145100875376
0.07415700211238364
0.06356593286189811
0.06450790897678661
0.0622945014472922
0.07172901607213591
0.06856701538257785
0.06315392369926646
0.06657076402701828
0.06227976666053883
0.05735377859066421
0.07177694421117661
0.06192376335674694
0.06646612293247353
0.07259266824472009
0.06761620168099253
0.06902777950530252
0.06600776758040848
0.0725982961353248
0.06198406390292191
0.03448453891070105
0.029727483990012807
0.0389601450958943
0.05025631284894339
0.02702088134271871
-0.00640026252645753
-0.0012113167288143752
0.007438688326336965
-0.008390750496351825
-0.003121235154323181
0.01103750078125602
0.015011240155479836
0.019462350211204515
0.03056717844089876
0.016023189599790225
-0.003424417632514593
-0.0043629338167778565
-0.035490927129287725
-1.0
-1.0
-1.0
-1.0
-1.0
-1.0
-1.0
-1.0
-1.0
-1.0
-1.0
-1.0
-1.0
-1.0
-1.0
-1.0
-1.0
-1.0
-1.0
-1.0
-1.0
-1.0
-1.0
-1.0
-1.0
-1.0
-1.0
-1.0
-1.0
-1.0
-1.0
-1.0
-1.0
-1.0
-1.0
-1.0
-1.0
-1.0
-1.0
-1.0
-1.0
-1.0
-1.0
-1.0
-1.0
-1.0
-1.0
-1.0
-1.0
-1.0
-1.0
-1.0
-1.0
-1.0
-1.0
-1.0
-1.0
-0.039987277340978705
-0.0329709373047085
-0.03388705013865873
-0.029473190098645387
-0.01321661917735236
-0.025510412314389573
-0.01661495168424829
-0.0049392975873461305
-0.0031636185589464954
-0.004486990730670179
-0.00847647432345102
-0.030482168391574437
-0.032699781867228696
-0.037727617484290654
-0.03712634834028516
-0.03814108768973135
-0.03309516948624679
-0.037026927898997586
-0.030352325917410387
-0.03388917230867817
-1.0
-0.034552528899186696
-0.04083520346489711
-0.0353611587782432
-0.033307651537265955
-0.010887689737080413
-0.010583142289104362
-0.009440903679914752
-0.015818715682894863
-0.011464901117146318
-0.006265819829368391
-0.002672369682027312
-0.0021411528607647727
-1.0
-1.0
-1.0
-1.0
-1.0
-1.0
-1.0
0.022014684848969714
0.03589222359828351
0.0327714549731191
-1.0
-1.0
-1.0
-1.0
0.016337176577629474
-1.0
-1.0
-1.0
-1.0
-1.0
-1.0
0.02415600902687591
0.006747132755501391
0.008189159983909833
-1.0
-1.0
-1.0
-1.0
-1.0
-1.0
-1.0
-1.0
0.015291111432330362
0.018595995006504374
0.02146877725956513
0.014681534002627242
0.010890055960229147
-0.002786584716475603
-0.001741386290995865
-0.004928485051854554
-0.004944052765350624
-0.008186629009191971
-0.010047805832465126
-0.005274261826243566
0.011409283206780032
0.022441003110819913
0.006968267588692087
0.004283153209364382
-1.0
-1.0
-1.0
-1.0
-1.0
0.013139937821868486
-1.0
-1.0
-1.0
-1.0
0.0028087664145484666
0.013712887011068703
0.011084201664210482
0.005593328281940224
-1.0
-0.02317243071532364
-0.022583024338447413
-0.024629538743124214
-0.029602474037641206
-0.031179807888510772
-0.0371516227180814
-0.03293345857441999
-0.035776335013709346
-0.035830906763587446
-0.03216416518324499
-0.027675939976743107
-0.03050372534225603
-0.026183627161347367
-0.037871693815333035
-0.029044094064672555
-0.00905659437215004
0.002804841539288405
0.0012056375341477604
-0.017657011279648055
-0.026430477194142293
-0.025567973989490424
-0.02153218826636326
-0.027616411460219044
-0.034908483752695535
-0.029739613550998457
-0.018721061684886388
-0.028245951736800112
-0.02418525931453049
-0.02705257276916862
-0.034248443165018606
-0.03401850083260038
-0.02424453995348027
-0.02836390539189635
-0.03342688694214395
-0.03170629521947098
-0.03783224503996656
-0.0316335287378875
-0.03240027965176707
-0.03849387151498208
-0.03973217787554628
-0.03341870436586956
-0.03231514325612902
-0.032095475731274345
-0.03591787513258284
-0.028852306635193788
-0.03359282327638143
-0.03416443016517316
-0.041043169744237884
-0.037353086716967646
-0.03829798059265552
-0.03581426161509126
-0.0407508798898232
-0.03967635250106862
-0.0364831971021844
-0.03789939539434546
-0.03395539816889962
-0.034383539359793096
-0.03684868411307262
-0.036410759809304784
-0.0382007951344226
-0.04115355681860687
-0.03976547666483397
-0.04316006511816241
-0.043779317923497436
-0.04463313352275165
-0.042518487039373734
-0.04517341669916707
-0.042928121771654525
-0.03796653999800308
-0.03174191913996786
-0.02790298151689935
-0.036050469619621994
-0.03104158888328791
-0.028963663099302445
-0.01708341866118771
-0.009393546931111265
-0.002410602935436853
-0.005371821722906202
-0.0027730086917430266
-0.004472846863173102
-0.010514281314390252
-0.010014305289949574
-0.020835730748356363
-0.022610829665946134
-0.017766895940603263
-0.017332793431645087
-0.012512021463162727
-0.017468070739442565
-0.019997705968119714
-0.015925140851989317
-0.01884041687110305
0.002649991375752099
-0.006267237250982618
-0.017813088701624836
-0.016205158153878414
-0.022335756029069034
-0.011482502292193927
-0.01467661446488373
-0.016829076829535602
-0.020603672278220974
-0.01887619335048782
-0.03492302120671537
-0.03074496183388027
-0.0404428948800225
-0.037401981776206884
-0.04019087947950969
-0.04103262260699077
-0.03988351168486279
-0.03924302653345448
-0.033158803294508765
-0.017233633815645237
-0.0012685679157475038
0.0038661821289960605
0.0033003567468181364
-0.0008287762679885546
-0.0008255657311493205
0.00976644410550402
0.004126574770438824
0.009537503905309943
0.002900204282347794
0.006743802500775781
0.012755671288137245
0.008190059421838876
0.012279774257265234
0.02075237091016947
0.0233081608869334
0.021794083476342978
0.024704247197464654
0.01805512893323725
0.015928682479995585
-0.017411758413295477
-0.0410723932903311
-0.0389605609723109
-0.042858732144904564
-0.04698464817226986
-0.04461287877033753
-0.046784846117727215
-0.04547118802816927
-0.04438239083635648
-0.046366847081696076
-0.045995274717460406
-0.04306765735240159
-0.04279297296297585
-0.04169315524341674
-0.03732234701950035
-0.04160807919521309
-0.038480890764176455
-0.03868058322062629
-0.03254673571485881
-0.033618305984411886
-0.034691948805335104
-0.040288781968135685
-0.037463650901872994
-0.038939018364502045
-0.04117323752954382
-0.04100344196632981
-0.042525299516511815
-0.039755001620097125
-0.039974221457806526
-0.025246171923563775
-0.028617947892490888
-0.034593958716246286
-0.041340505830197355
-0.04829707772311351
-0.0464290197494867
-0.04941810570140164
-0.04769983403426367
-0.04490185807687745
-0.04114808807908882
-0.03405121155161254
-0.02355948141780424
0.010692847689769878
0.022999365363316506
0.02985234855117954
0.024302335555142152
0.027419086064705
0.03944058364796121
0.039341340997699356
0.03820320503896226
0.040468225557688746
0.039621199257390854
0.04178387189528662
0.04644971320812294
0.04438863762674782
0.04582942532238149
0.04571262181775692
0.04611520875536279
0.04482837757642029
0.04178090878965223
0.04366184061289464
0.044049678083425435
0.04355636226580117
0.04445243484457194
0.04719565448665376
0.04914413418705115
0.04659963155926314
0.04481293491669393
0.03864005277040117
0.035780209041826196
0.03997665907961179
0.038180035514688106
0.037595807661212705
0.0337539687053868
0.03481761347129075
0.04028381012244791
0.04173702216960354
0.03718693342423569
0.035610585273376724
0.035668830225009114
0.03734219031161873
0.04155623236050115
0.04179622288593748
0.04368840879308329
0.038554187311254685
0.04036962219421424
0.04528007236569915
0.03316839206892925
0.03485109819653694
0.038217116045743675
0.03753160484768043
0.040179605322692026
0.03954406761261718
0.03677151912996535
0.040889375991300346
0.044212884490286
0.045198004665006536
0.04162471204113117
0.04412188903538315
0.04350464274984764
-1.0
0.04802193604622471
0.04522467935184196
0.047083840127696196
0.0439049964579202
0.048881061353154724
0.0420738134172666
0.04579342964421568
0.04185208901656052
0.03962339725027136
0.036722111716633914
0.03824510329570668
0.044529256767509934
0.03898336697959804
0.039207163205366484
0.04694443089203151
0.03280033639757031
0.021734734035087126
0.012465551155642619
0.0026737792477512516
-0.0029527655102867356
-0.0011344383184538115
0.0006575803423403826
0.0040424887047651285
0.0121111334585283
0.006062260982826954
0.013133889544690348
0.019085000903434204
0.012540585096475765
0.009748240468350846
0.007002553497595773
-0.0009080054914137536
0.0043607053031343
0.01349820668731039
0.022708788507741894
0.03600480381180833
0.034750022437540586
0.04030386813514063
0.042815012693145735
0.040912246036003075
0.042550370342915825
0.04645296936675388
0.05033615369494714
0.04753672336988554
0.02911678832703609
0.03142561930911116
0.030975231134189866
0.021653100889215664
0.022292999543525722
0.02007265406666013
0.02892723297007587
0.03166587669907075
0.03030041250525985
0.040724646177756244
0.0421767133682196
0.042548704900449784
0.040290095850687276
0.029898141527491828
0.028518907787642336
0.0020168304316568655
-1.0
-1.0
-1.0
0.003921385377184114
0.006970054184784964
0.017545510378759503
-0.011374859713815156
-0.0173496558721049
-0.0031535805850053623
-0.03587428877283827
-0.04856893860419727
-0.051862999584900336
-0.04931491758026943
-0.047688320862682834
-0.0502334043345777
-0.04870364872979637
-0.050582591152599526
-0.0487549744110022
-0.04684904971111335
-0.04919298185853523
-0.045133872867536624
-0.046113586922139564
-0.048924898193339526
-0.04982585862662733
-0.047259372897999974
-0.046595112695281195
-0.041147356635809706
-0.045916548470303374
-0.04750872879825916
-0.047557473387375246
-0.047068114892602736
-0.038452786341174404
-0.03431933518419849
-0.036522746742984794
-0.04265149624122236
-0.04160703204753492
-0.03721681409317587
-0.044475504632273
-0.0485679655479303
-0.04978243281261592
-0.0511384962602631
-0.04766590535307106
-0.0476785647316843
-0.05081955398154133
-0.0430464199081162
-0.024605310615982215
-0.023355409451938387
-0.022753387831602228
-0.017163705632498152
-0.03846791379087527
-0.03900228074593419
-0.04285406592668702
-0.04712820856525781
-0.04720569503840715
-0.04626162577362914
-0.048898237683296125
-0.04866762568863834
-0.045100370521858134
-0.04586463668566967
-0.04257202529087471
-0.047381018144459816
-0.04533463563263222
-0.044882880558889025
-0.04398826009515127
-0.043237198418233
-0.04381726285818627
-0.044608056002618385
-0.02744534193364702
-0.006206226617753506
-0.0058384771187633125
0.00946067013787631
0.019267810432495154
0.015332427097036319
0.02957804390062402
0.03375871799112691
-1.0
-1.0
-1.0
-1.0
0.044733385757915675
0.04389602208581352
0.047528738625180554
0.046351567383688175
0.04357424895465107
0.04347415365826827
0.04437509399401684
0.04113783234935664
0.04366250670627787
0.04694173130758107
0.045124535282986024
0.047626211115240964
0.04473527341442498
0.04796584448732218
0.05482965794299202
0.04752261064284968
0.04863333993688561
0.04852723255296423
0.05020879554196715
0.04729757633865651
0.04486903840537665
0.04918786810419466
0.03984689755750503
0.04340032285820352
0.03627965721404355
0.039447859410547084
0.04582389846853675
0.04034444050351135
0.03935935788417709
0.03916412689193129
0.03649325865236898
0.036304472135563225
0.04350394494054736
0.043894473745318074
0.038444949848961796
0.03791790259084298
0.041522204701786275
0.041576888958991046
0.0432939433183838
0.040093511871843894
0.04662158530910136
0.04548732647748357
0.045417981351585625
0.045255752364000715
0.047088763482587455
0.04220245324627545
0.04012695886578309
0.04485888552773617
0.03959681259780514
0.04574081228451504
0.04184854971586035
0.024560511993456418
0.02384378064756435
0.028031620607364
0.02152010252803045
0.02637461230693612
0.021797631605075855
0.032242425751510324
0.03310458372323518
0.02516318705518691
-0.002356370800253722
-0.010337229563910083
-0.025393356559833144
-0.02621901989301232
-0.03374685855911787
-0.03131242245498711
-0.033500499128227224
-0.026078750574385485
-0.018550189702235743
-0.02848170763854015
-0.037119051522690245
-0.05156117872371042
-0.04699112329824332
-0.04806881221626764
-0.05146297255795533
-0.048928257195385884
-0.027163384927649407
-0.013543920625902317
-0.02627920188340732
-0.029752152426712124
-0.029507729021317472
-0.03546892249106128
-0.04477669540961177
-0.04564785086091365
-0.04395024269461157
-0.029131845694503722
-0.029327983107945047
-0.029447037439735355
-0.02089801264931855
-0.008005057543928974
-0.002172380562713439
-0.007002217137610235
0.0006710197267140153
0.00890010085368312
0.011683914004807585
-0.002313055319922184
0.0059900978301674415
0.02288710774616392
0.03628369890413435
0.041779377959004285
0.03883951340038996
0.033296349673985745
0.013930377429405592
0.0028516158021585935
-0.02112631703503635
-0.022327629474187535
-0.019384072471494075
-0.01622587691299393
-0.016012421042859583
-0.03956429140896316
-0.04664218470373141
-0.04795873672229903
-0.04272241290660601
-0.04731340570731911
-0.04823192408755208
-0.046791638635396544
-0.043604023390073895
-0.04191181829903941
-0.02116001196008115
-0.01929624720539887
-0.0014054897058413294
0.027530612789281882
0.03105746793210353
0.038736897908563654
0.03623759671661686
0.030710387746748398
0.038226219503266975
0.041126251355315446
0.04261326146954031
0.0454142263575795
0.03779539608055705
0.03685439444306799
0.03695754565622487
0.037314564879160246
0.051281642527762725
0.05246257863077648
0.047215402244520886
0.04784254247046414
0.05167235033065475
0.0424664257638256
0.046039041056459215
0.045512845254766184
0.046005718382782314
0.046163374882413934
0.04320193485666215
0.0462408837713616
0.04455827886169687
0.04763640760696463
0.045861984010901385
0.04568138401587805
0.047271003065944915
0.045918193330230075
0.04996067954755733
0.046279744540293224
0.04237459535663654
0.04399876212420396
0.0461720003045264
0.04502375619865263
0.045977827366004524
0.04870666567783705
0.040556766713930284
0.03724952261157754
0.03870521454472335
0.04257990648887269
0.03983457892501983
0.03707963357398999
0.029768254462690543
0.01826690448306373
-0.00759368025668322
-0.02517054296621775
-0.028631654324480817
-0.042731527210690776
-0.045796952877607475
-0.04417556158042139
-0.046594022751587305
-0.045334137770189895
-0.044310685122790926
-0.04571724568676025
-0.04463921435552937
-0.04789866761588392
-0.04515135305935411
-0.04311959249545934
-0.04631187737822455
-0.049488810674849656
-0.04853107832564821
-0.05009834159905634
-0.041505863396230615
-0.0440874739624095
-0.0316600021530214
-0.027546861034375997
-0.03216743137877238
-0.04384891580023145
-0.04654976585420351
-0.04521209206827944
-0.04446651443082805
-0.047127213851735586
-0.049385291707608504
-0.04687044430667739
-0.04402095229576903
-0.04133900797493043
-0.03212156797299416
-0.032217119778626256
-0.03778354595783835
-0.03333451901810479
-0.024746183002503693
-0.029684951390419226
-0.034213144338222055
-0.041794028511923174
-0.03591072723344427
-0.037081173756228415
-0.04563225056530863
-0.045326614294404495
-0.045394417812775624
-0.047678152312233844
-0.04694227090311634
-0.04489259056551283
-0.04541319495222701
-0.04787018636832633
-0.0450765796490766
-0.046847908245412045
-0.04511036406954155
-0.049846314573422215
-0.043560420815838635
-0.02543918610544145
-0.012334962213271416
-0.008993296630952304
0.002390965227654886
-0.003360772912761174
0.018881322998836204
0.01538621063922857
-0.006858376763733696
-0.022921308626219043
-0.013828462659660068
-0.008181080907320242
-0.024629924807863617
-0.0407771437609315
-0.04781600673752499
-0.043385111111157074
-0.04621943689374354
-0.04834580771107299
-0.04439582097440232
-0.04976313044344615
-0.04705740530022808
-0.04785978714055332
-0.04680519570317715
-0.04313155908812223
-0.033938804651160795
-0.03394406241458115
-0.03820494622328329
-0.02513272701818902
-0.010604079458718666
-0.008809612692413196
-0.0026063043882930486
-0.0065731726064659985
0.01100604245825546
0.009483007184775037
-0.019146674836010496
-0.027694652648632915
-0.02648740718620518
-0.017559632937747073
-0.02405393985433229
-0.014252096872932067
-0.008996646232605453
0.006350556556024003
0.003018721122656187
0.0034057638941743934
0.00566827403683729
0.01408622367715912
0.016714715429139288
0.012178032759515485
0.008547078971625766
0.007895232189579122
0.00228652080420955
-0.025509783282602814
-0.03367720215314635
-0.04147933308021185
-0.04570658173330562
-0.045373462101427155
-0.04186452455376884
-0.04386969529246927
-0.04540158313723138
-0.0432745221020504
-0.04448223137736589
-0.04647528653239714
-0.04585191323654426
-0.044911445511596204
-0.047531221226597524
-0.04203572393061038
-0.02359577828302037
-0.009601896115245433
-0.012728098696687073
0.000441738004420861
0.007079722638506093
0.002867744208290564
-0.004623783004615902
-0.014381371436802072
0.007990713664474689
0.017853352685058554
0.03081222605705566
0.0198805505429313
0.011795614893850174
0.010054100441578846
0.004368521309506746
-0.0019848667376480412
0.006176220690356111
0.003197554653767604
-0.00018124361658719684
0.01531471542944034
0.01784266226474046
0.029130523749135582
0.02906455826172184
0.030945636610827755
0.03563982794064774
0.037465568171460954
0.040106238168921116
0.042573656964708995
0.04135836562863132
0.03819132340708046
0.0374800444734931
0.041439553349937125
0.0382476647345074
0.03402741412912688
0.027149744504389024
0.02124774211265945
-0.0009837621206860109
-0.016356691331387386
-0.012133662840899652
-0.014753896352086153
-0.006760060363225774
0.00030922421675781225
-0.008474370271257319
-0.010797584436571318
-0.01171640628388921
0.014214559809237018
0.023560807443226247
0.03218809311330889
0.029731808789817155
0.031867555898978044
0.03151153862473909
0.03145526124390467
0.03093938014359087
0.022666580461079933
0.027941039778788864
0.029204600057938623
0.02793424026597834
0.03970512246350005
0.03127762359246575
0.03266775114972404
0.03363525718312441
0.03373464229004498
0.017520746048891766
0.005718336950060518
0.006313735345134185
0.009621028762551607
0.008648574488056102
-0.006273516017780704
-0.005664393199545111
-0.013642371308841487
-0.012749179839228512
-0.016761245554255545
-0.012544575598721682
-0.011194092296297302
-0.006880326744215442
-0.011192696613026142
0.012726316803281507
0.022770274816148267
0.013507189935230717
0.017754282137392278
0.03448500621425216
0.027999112221263694
0.037488339877429104
0.03605620171059473
0.03466941426049454
0.03981912117657431
0.03569448213393503
0.034866823415702825
0.029820057679080886
0.022828754837324
0.02148645687406589
0.018519366470146376
0.023168718674804724
0.0331979801018098
0.022612536251383823
0.0039801008079791336
0.014812697845326562
0.001030206916986723
-0.0037725905111660758
0.0060646621855915015
0.003649656000353008
-0.005552252839848523
-0.013312702816005648
-0.012465568890461952
-0.0032460355146378917
-1.0
-1.0
-0.0013803109594088623
-0.008779668511260212
-0.018466466393143116
-0.023814793709646776
-0.023885777963050372
-0.026008028932076634
-0.030946367504197998
-0.03168336759873658
-0.025091809106317094
-0.01317835279310879
-0.004199299959083863
-0.025379582964815597
-0.03934627381189467
-0.037886762342577464
-0.038893465468112606
-0.040887778911714405
-0.034928939157815295
-0.03859255320380564
-0.040561886678127136
-0.03502744383162841
-0.034932896977840015
-0.03879911959929753
-0.039206412377716805
-0.04169145914210066
-0.03879050909517747
-0.03510692411134919
-0.03486924343701109
-0.03660446654035862
-0.035134030253693396
-0.03619764649165051
-0.0376353985114233
-0.02277626839968782
-0.036024463343787824
-0.0369339770928599
-0.037424614063338156
-0.03677530044114116
-0.038685455930959387
-0.035716419652641815
-0.03898778794191947
-0.036937217338036614
-0.03512533675715976
-0.036043077912416455
-0.03774837755791319
-0.038395749057981744
-0.03682463053507503
-1.0
-1.0
-0.0373675278203192
-1.0
-0.01000336050889021
-0.024167020783305217
-0.020847081944003126
-0.0033102418979780754
0.0006549764673333758
0.010396154320003808
0.00796174539085102
-0.004782248942061375
-0.010022372439170285
-0.012834312897749956
-0.013802375460876735
-1.0
-0.005025609377406154
0.010524391280420861
0.02751044320193637
0.01799447591119471
0.015104875973559508
-1.0
-1.0
-1.0
-1.0
