-1.0
-1.0
-1.0
-1.0
-1.0
-1.0
-1.0
-1.0
-1.0
-1.0
-1.0
-1.0
-1.0
-1.0
-1.0
-1.0
-1.0
-1.0
-1.0
-1.0
-1.0
-1.0
-1.0
-1.0
-1.0
-1.0
-1.0
-1.0
-1.0
-1.0
-1.0
-1.0
-1.0
-1.0
-1.0
-1.0
-1.0
-1.0
-1.0
-1.0
-1.0
-1.0
-1.0
-1.0
-1.0
-1.0
-1.0
-1.0
-1.0
-1.0
-1.0
-1.0
-1.0
-1.0
-1.0
-1.0
-1.0
-1.0
-1.0
-1.0
-1.0
-1.0
-1.0
-1.0
-1.0
-1.0
-1.0
-1.0
-1.0
-1.0
-1.0
-1.0
-1.0
-1.0
-1.0
-1.0
-1.0
-1.0
-1.0
-1.0
-1.0
-1.0
-1.0
-1.0
-1.0
-1.0
-1.0
-1.0
-1.0
-1.0
-1.0
-1.0
-1.0
-1.0
-1.0
-1.0
-1.0
-1.0
-1.0
-1.0
-1.0
-1.0
-1.0
-1.0
-1.0
-1.0
-1.0
-1.0
-1.0
-1.0
-1.0
-1.0
-1.0
-1.0
-1.0
-1.0
-1.0
-1.0
-1.0
-1.0
-1.0
-1.0
-1.0
-1.0
-1.0
-1.0
-1.0
-1.0
-1.0
-1.0
-1.0
-1.0
-1.0
-1.0
-1.0
-1.0
-1.0
-1.0
-1.0
-1.0
-1.0
-1.0
-1.0
-1.0
-1.0
-1.0
-1.0
-1.0
-1.0
-1.0
-1.0
-1.0
-1.0
-1.0
-1.0
-1.0
-1.0
-1.0
-1.0
-1.0
-1.0
-1.0
-1.0
-1.0
-1.0
-1.0
-1.0
-1.0
-1.0
-1.0
-1.0
-1.0
-1.0
-1.0
-1.0
-1.0
-1.0
-1.0
-1.0
-1.0
-1.0
-1.0
-1.0
-1.0
-1.0
-1.0
-1.0
-1.0
-1.0
-1.0
-1.0
-1.0
-1.0
-1.0
-1.0
-1.0
-1.0
-1.0
-1.0
-1.0
-1.0
-1.0
-1.0
-1.0
-1.0
-1.0
-1.0
-1.0
-1.0
-1.0
-1.0
-1.0
-1.0
-1.0
-1.0
-1.0
-1.0
-1.0
-1.0
-1.0
-1.0
-1.0
-1.0
-0.027953710607531945
-0.024364522332371217
-1.0
-1.0
-0.021240801251712186
-0.003870702527650912
-0.00230100892465767
-1.0
-1.0
-1.0
-1.0
-1.0
-1.0
-1.0
-0.04425211866971336
-1.0
-0.04210838239357624
-0.04610272149091975
-1.0
-1.0
-1.0
-1.0
-1.0
-1.0
-1.0
-1.0
-0.039899103532181714
-0.040905054501515055
-0.039103165241078756
-0.043482412879723834
-0.03954579010016855
-0.039666081250302146
-0.026494658204653545
-0.042877353384842054
-0.04595649460800688
-0.037128683484390065
-0.03936299562713121
-0.04438447306416946
-0.03984738683177973
-0.04860752042341414
-0.0448906380851524
-0.044822899335342524
-0.03920848483337314
-0.04603463265402251
-0.04082634500990133
-0.042438718357369065
-0.044574335930938035
-0.043837576285181604
-0.04276256718284835
-0.045664024171954073
-1.0
-0.045080565556247336
-0.04457136785234013
-0.048882219070080044
-0.04608383425290977
-0.04576544266647912
-1.0
-0.04797647972019892
-0.046065799183604844
-0.03309047667910573
-1.0
-1.0
-1.0
-1.0
-1.0
-1.0
-1.0
-1.0
-1.0
-0.04657409513537358
-0.04898131804319139
-0.049079553191049945
-0.04506908516528897
-0.04562862951184536
-0.04595201999111821
-0.02866238154508255
-0.004518834152625517
2.9051024900279555e-05
-0.005685522609362868
-0.019971316364984053
-1.0
-1.0
-1.0
-1.0
-1.0
-1.0
-1.0
-0.02760832626292345
-0.008686479787213432
-0.017047119655134977
-0.01990530464741978
-0.025006596637272817
-0.011707276827065372
-0.018849589912094327
-0.05168943525085731
-1.0
-1.0
-0.05314879183528157
-0.056039075591374825
-1.0
-1.0
-1.0
-1.0
-1.0
-1.0
-0.002950543447082044
-0.005948099185916307
-0.0016417466221569736
-0.00588345974422376
0.006829669180660993
0.0069851475489305665
0.005285890814968599
-0.00562925587242811
-0.0019652261926532757
-0.007857221113328932
-0.009704758998736747
-0.006945388845797614
-0.0032974430312736397
-0.0032673925141950087
0.015791688221548653
0.017448632332283602
0.025969920125886073
0.024874607862338586
-0.0027067695061001725
0.0051058593294350295
0.0007622172949874762
-0.006017988002242117
0.0020326672388829795
-0.004151020047104625
-0.02921236212912623
-0.037418045597649136
-0.03687970226638397
-0.03771905986529365
-0.030829535951768964
-0.02735287428316828
-0.036018090688763695
-0.03333742992286456
-0.03707532586299691
-0.0428330133450731
-0.03977997104168321
-0.03436985736011686
-0.04157968284567829
-0.03225983110383534
-0.028204254600117894
-0.03511510379343102
-0.03035386320456257
-0.04162014324008045
-0.036517997951139775
-0.041413146430148005
-0.03482948915169145
-0.0406277612864383
-0.049540811730362136
-0.0497124693113041
-0.05287291270045037
-0.052898376085824046
-0.053710004828376894
-0.05069016337882541
-0.04172896341829419
-0.026410553199036294
-0.00038394729022844353
-0.00038483104505775866
0.007631222122591472
-0.001692214916199923
0.0004899264105190617
0.006412955272426645
0.007269977108698365
0.011707976388592192
0.019967502604783388
0.017199059628245274
0.01564791140572355
0.02763815137879469
0.028030397706311397
0.024944088145750925
0.021898105033621395
0.024490312178596634
0.027221966691837993
0.029844813851117005
0.0351880505495621
0.04189175982151144
0.04462181059305277
0.04477667143071595
0.044456866154948316
0.04824415447069955
0.047369894439812196
0.0507925722543987
0.048186011852727605
0.04715058938232665
0.04742428196702553
0.04367837251990073
0.042983166905375174
0.0472831437545693
0.04447834483121417
0.042478832060042916
0.04615389468644055
0.047041077681743815
0.042807189703015995
0.04912636093697264
0.04363467637536872
0.05026207633581667
0.044882306665258595
0.04553123764286476
0.04476434334079422
0.040977401620413426
0.044277679225485755
0.048260888850384154
0.045395236992277675
0.04578023176957048
0.044109115978002586
0.04238687892933865
0.04038855964456099
0.04799148358152617
0.045585987415460716
0.05034180268686535
0.04901232728016822
0.0422396527069829
-1.0
0.05069196401384305
0.04574071541553722
0.0440112204236689
0.04368122162941361
0.04442567658458864
0.04256444463765449
0.040312912095675994
0.04488233098439228
0.04362855969346599
0.03540268215596963
0.029228439200837734
0.016271866316421923
0.01847953675000348
0.0130891843685227
0.013646310139026199
-0.0013619051325506717
-0.008340746373600154
-0.008058991992791397
-0.019929480311106442
-0.02746605564843826
-0.05574789014326141
-0.05562020047758606
-0.055663275292212926
-0.05820187577979709
-0.058709397753094215
-0.054980346327719205
-0.05584044703143578
-0.053561650985748575
-0.05606745099947768
-0.05338912334010455
-0.054004170472386606
-0.05428761098632962
-0.056520957571744745
-0.05302715392657899
-0.05404972015454739
-0.05182175562805901
-0.042075799334326446
-0.03664714769937127
-0.052872977968632134
-0.04522950511013919
-0.044599560833847966
-0.050019011355018884
-0.05380990827896593
-0.05325007109270526
-0.0472326256247267
-0.05013621756737905
-0.030995776292082694
-0.032000453180223806
-0.02780959097085359
-0.024100764058640346
-0.018046365256344125
-0.015048771185257107
-0.006440855057162921
-0.01088794541087413
-0.005861960538936932
-0.029689527409564386
-0.030938508039518003
-0.025908109690938153
-0.038808319830794115
-0.034959543557247154
-0.0443779849642705
-0.043650599328373695
-0.04595656045455184
-0.03914643912871878
-0.022812845491988285
-0.017047364858719535
0.005487512839178227
0.018343197076477063
0.029741445085141403
0.029697494307997344
0.02937671087980585
0.02707973453654263
0.029307125625309037
0.02822682096590767
0.023169545459116214
0.02065820778437305
0.01644956418187874
0.015486328311395917
0.013760873448365442
0.017120346176908472
0.01951017505800142
0.03025735162047625
0.019513780290246037
0.02491346477345559
0.01077822981208824
-0.0003596312078349058
-0.009307119632908797
-0.012290248802355104
-0.009000326522017717
-0.02047231264889416
-0.03773600560872341
-0.06135477074877526
-0.05920151640184501
-0.05821221469569733
-0.05669475544586434
-0.05838744195617437
-0.057839043119963844
-0.05739468779585732
-0.05177588228251546
-0.05531253227469196
-0.05398411765566413
-0.04953865330279628
-0.05171401830354507
-0.058486906850076265
-0.0499711409067527
-0.054779456614874246
-0.0562755230323254
-0.056730857868138536
-0.05456487531653261
-0.05728680508591619
-0.05662566391059399
-0.05510911146318697
-0.05719685656467654
-0.05838354143426361
-0.05034637831056684
-0.024537493917780203
-0.01934102064536004
-0.02849472002498531
-0.027154707958039568
-0.023778054134311947
-0.02751821933612797
-0.006858578767650381
0.0025935941398727964
0.002430276939581295
0.003977040376589109
0.003521963783605176
0.005124445681766673
0.010545495793597969
0.005193388851392903
0.013385480893391038
0.02068758217843141
0.024504660204815003
0.03770299404041972
0.03780809214213793
0.031474954784646056
0.02769878022418423
0.02497573964642491
0.02585036500406167
0.04047245188489754
0.04215422953691833
0.039651235635376876
0.03056923433393804
0.028047033034820076
0.03504723771862044
0.036633575001845504
0.042303498189827475
0.04231715892093136
0.04359158188721306
0.03974592055331045
0.0402960316997852
0.04367258434022459
0.04470278770682885
0.04651115303790668
0.0437325634587558
0.04466191781090919
0.04366520902218564
0.04663231895555373
0.038936407619744935
0.042652626759853124
0.039294931536689164
0.009625211572805476
0.014011419448979892
0.009877773121865859
0.022412616529713988
0.018148036790918875
0.005634149112391802
0.022725791015003435
0.01748594463869253
-0.012962742143722169
-0.03562544192630712
-0.04098544957064321
-0.040414162891619865
-0.03579616674409216
-0.04347967603945683
-0.04025333081989673
-0.03954212581268904
-0.040339200983894805
-0.03785725956066304
-0.03857191427657379
-0.03365642144006545
-0.02390153654294569
-0.010788091625066106
0.006808541099834019
0.013116028403617606
0.008461801218541906
0.0029821012577645623
0.023236654031734034
0.02356203106835621
0.01698115870976491
0.02482783830673454
0.033813995865816675
0.03878885140331608
0.042736324711410284
0.03874699816355409
0.046516263826876326
0.04406286461321812
0.046637729403556365
0.05059496370503276
0.05154061038242574
0.04615763853464096
0.04786956235216964
0.044167784581230565
0.04864922924416437
0.05238685380055261
0.04993893156214648
0.050416142966912804
0.04631539785182814
0.048994539607641795
0.0451405644839773
0.04622420981778796
0.0419225730216341
0.051347241223518116
0.04595252645890526
0.0494549666592438
0.04632324395960874
0.046169091340806684
0.04097245204517414
0.04602964926471849
0.042272318172147605
0.04409969311251175
0.04097216281606596
0.044641678826860626
0.03478884762509611
0.03537328918567623
0.03164451051864933
0.03453120329911064
0.050488402024898946
0.0448712716348763
0.042444919036116455
0.042437022559865735
0.04457720505203137
0.04435640670897146
0.04156014248808341
0.04578078394622961
0.04530251563863389
0.04239398411736386
0.03612483201882442
0.035812290035697046
0.03865093972242443
0.037976545349532397
0.036528846091602556
0.03881103569843866
0.04260762384416506
0.045285561416071055
0.043273361795340845
0.049725546765360486
0.042997717602072924
0.038085738633930055
0.0420826084046592
0.04386644641668953
0.03518193997623025
0.04215337172684882
0.04211095717508485
0.04612925795232375
0.04398142789304991
0.03913215806789117
0.045871234136246046
0.04679346845369015
0.021609072425127846
0.02708344796616262
0.025587247362981333
0.025532278534460016
0.02550447719693875
0.037810640199043434
0.0377492567882503
0.04361892868435683
0.036233954391504425
0.03349392116638648
0.03579781746629478
0.0405196277144464
0.04238985901874402
0.04574260936339995
0.0389488413310296
0.04912398432262115
0.04109995168394549
0.040237390370955826
0.037207488019226756
0.043634029827824404
0.041480149894045255
0.04057039472347725
0.040987029562333493
0.042233128238927484
0.041189207554685796
0.042097924782533894
0.051232513409261236
0.04763282219552472
0.044199148183902075
0.040148071444462606
0.041743744438019016
0.032266457073104944
0.027777771812682907
0.00837026738411965
0.0080067702671475
0.013166053567003753
0.016003544936060807
0.01671734378590189
0.014059041108177173
0.0138655120588111
0.031640722915520135
0.041900940991297174
0.036398946074093
0.02944300862745631
0.04688860692520907
0.04035664855828971
0.04008195501547244
0.04209196348977287
0.05138788302574613
0.052770614690740354
0.05210891094275962
0.05044900277772253
0.04815199333635073
0.052297823595337814
0.048843825792259335
0.048401101011388704
0.047852325008431264
0.039739734251923696
0.051920760076871735
0.048180941660564046
0.04753287659946097
0.04536852772010627
0.041608292709997816
0.045053876508907166
0.035782820186917544
0.02809116997805391
0.029999273539887995
0.012322284801811537
-0.0007459320140056812
-0.006245642154888816
-0.01275935422387388
0.0028622550716470995
0.0031976217371151045
0.008434542025631157
0.025403923624995696
0.030556596198572355
0.01844059590307202
0.024710713638088324
0.027123234442718663
0.025684144576383357
0.031223207020780606
0.01979844039162319
0.015785138278087762
0.030260060670589114
0.034851505788298806
0.04064282974743722
0.04046988208350759
0.03504269984069984
0.03490738065557147
0.04296799224278736
0.038034590618661795
0.03345267279188692
0.029827934828300033
0.031705023046072305
0.017096027507723183
-0.007050450229194128
-0.01158325660048725
-0.023451304999037068
-0.030467923922802155
-0.04134605781458493
-0.04124258232535423
-0.04170746442019403
-0.04085685485502182
-0.029429526084501
-0.013056153475006606
-0.004882629002387843
-0.0032224864959617427
-0.023626342591839808
-0.03811820232882777
-0.025788992089720932
-0.013839543269538051
-0.009242501890813734
-0.011513622925017017
-0.02211582706255028
-0.02250905105428378
-0.02314863749945556
-0.023683775300839167
-0.029367755779033066
-0.030751347178834113
-0.043687268125684145
-0.049885171696799804
-0.04570665587822895
-0.052067232580167135
-0.0442815113565668
-0.04439922759295025
-0.04151378463248928
-0.007950133434300566
0.006780854125030398
-1.0
-1.0
-1.0
-1.0
-1.0
-1.0
0.024685098318174666
0.026847070452130847
0.031570434719982284
0.027246378778491603
0.034374594080910585
0.036378393093545125
0.03581350511596277
0.04124366847140719
0.03152540881361245
0.025239961157242256
0.030350735869055314
0.025456138984176965
0.023848143444167483
0.03322301371496754
0.029132864950826492
0.030267108523348192
-1.0
-1.0
-1.0
0.04343170565123947
0.042354862477449726
0.03797347993272586
0.041920651212804284
0.03777229405598474
0.03471475823564003
-1.0
0.024829600787740977
0.03130747707312721
0.02211790669942707
0.02155746501560099
0.005947955341593842
-0.014414378585727467
-0.040163946276686555
-0.04830158296120341
-0.04610004931256492
-0.04089536107413252
-0.03328314485971953
-0.04275617666840165
-0.04507726777644374
-0.04106386072263564
-0.046598645852219685
-0.040885168817034426
-0.04088730790976338
-0.038553463503928145
-0.030004825951399926
-0.016784376193898505
-0.0216863937118544
-0.024663352041955047
-0.023911205909333776
-0.03512463890944433
-0.047305845394846044
-0.04443373842687068
-0.04859318796096452
-0.04821594708785034
-0.05053964187361892
-0.04167386355771833
-0.043171841313724334
-0.03892267004055038
-0.029021134230915818
-0.018904314678404654
-0.00836261145762467
-0.006991865874555626
0.00419333761396237
0.011917995508234865
0.02452320374778981
0.02626226773556366
0.03518071319026428
0.03904834860817044
0.04118803101613862
0.04266842129933066
0.04314916194533275
0.046179803196291856
0.043787460777483314
0.04639655574462683
0.04424653144299764
0.047102001470026474
0.04268978395678642
0.043321800677124836
0.03612995553704619
0.03527687990647122
0.03236165201574992
0.03284857566565381
0.02959290757338404
0.002083892521549515
-0.02479449474404507
-0.022249064488051352
-0.021470553470266423
-0.018630770431588617
-0.018493141396820276
-0.02255222494659234
-0.029325667201602255
-0.029104063432392663
-0.0029197638644360493
-0.009883189990856122
-0.033208213859489716
-0.03855296270566247
-0.038462548982408085
-0.03280859835827925
-0.034645586193516355
-0.03362348707169544
-0.030435755547429538
-0.006418426798400797
0.004581313628715525
-0.008267381569673484
-0.04670547101046404
-0.047535918381235144
-0.050019607158766466
-0.04896895087610879
-0.049827829485332265
-0.04954171408288306
-0.04690042373508256
-0.044378653845975356
-0.04453332841919277
-0.048894779500519694
-0.04440251949679876
-0.0366491540189517
-0.04070856952247371
-0.04281128374490706
-0.04453867467009936
-0.04207036567536875
-0.033089407070051105
-0.02998481307123526
-0.0366664084062869
-0.03481911206623795
-0.029140836947967222
-0.028574890822988287
-0.0367253866962443
-0.046752707367750605
-0.045768458470132736
-0.04458952983104146
-0.03850463885526204
-0.041913628135784455
-0.04018067673340803
-0.04185352600232163
-0.03714158637643769
-0.025547045973556542
-0.01784601426805986
-0.04177504718562659
-0.04755465160501085
-0.04642395540891257
-0.05046958459620686
-0.048234334566141325
-0.04810022763724154
-0.049387988288579446
-0.04921610340544881
-0.044161967040636116
-0.046804247083861224
-0.049604818477008074
-0.052903761386213145
-0.053994877499044275
-0.05231966602525327
-0.0509917246410875
-0.04500309148988237
-0.023534124573886612
-0.03333437434298332
-0.03848457204047495
-0.04244309553549469
-0.03614440242340211
-0.013477833803741538
0.002398010754773153
0.020799485412163993
0.007277808479635833
0.00988481083929876
0.004000286420617066
0.008429978122097323
0.009155957059801574
0.012223540595161354
0.018738354655356455
0.019547586441884156
0.020699488515739804
0.014396969692201849
-0.0074412723338629794
-0.005800971883765166
-0.0012737401931852404
-0.00862988733685142
-0.013016177161931363
-0.006018657597777451
-0.010538943854541884
-0.0167951739612176
0.008272128909910253
0.02836564433667604
0.01919910107431095
0.024667668686005912
0.016185610248490707
0.01800361162667045
0.0320333998141309
0.008536461541071003
-0.0018431286431467397
0.0005449333266209271
0.0006826565120188178
0.003988193377795138
-0.02122533474211234
-1.0
-1.0
-1.0
-1.0
