0.04791725612202141
0.057182458453770894
0.04766834807656673
0.05507203939708206
0.047202365614685445
0.052013622035854475
0.056062784359660084
0.042984199821809246
0.02619200711640768
0.038641045859120496
0.04673898708219738
0.03713666753877703
0.052904394474006
0.052586527978404976
0.05178530979909348
0.05505671890689059
0.057021960259015264
0.055757611688543395
0.05979655141296596
0.060768361937318056
0.05048458268532918
0.05553624871301586
0.04926101619882426
0.05273158441521279
0.05335194418273396
-1.0
0.05236398271574555
0.05850519151592311
0.06226868483288944
0.06538347772975003
0.06252138028167753
0.050073783769148804
0.03481665246417491
0.029438515277205965
0.05321917384261241
0.05911163024858203
0.058056961866130234
0.056814728585691796
0.058484787515483985
0.05035187031772853
0.05138824823273451
0.056132422198256385
0.06206768707506358
0.059454847863246056
0.05956701130750966
0.04980996827260468
0.05113948986030642
0.03790945284946007
0.03399168115312367
0.011635147204686122
-0.02051601285433719
-0.07561909831099911
-0.07823145310842121
-0.0777468821583949
-0.07574374023368267
-0.07601181570544085
-0.07408593072538434
-0.07698610130045676
-0.0760154806914261
-0.07594258259804836
-0.07652587013445936
-0.07186217887097554
-0.07713388774276368
-0.07723938214353315
-0.07573394548769069
-0.07186003956993456
-0.07467491590094756
-0.07332593605090347
-0.07074267538451613
-0.07310381079312722
-0.06716054754864222
-0.07347990977460946
-0.07527508236327698
-0.07340840197488704
-0.07680030319528064
-0.07104177360932568
-0.07511960340529306
-0.07492501823811529
-0.07617714520269968
-0.07263680771905169
-0.07422409781436085
-0.07299985645777445
-0.07458411146937022
-0.07882015072607375
-0.07717799142504159
-0.044001483482807566
-0.02400913545138985
-0.018339967261047183
0.009656404310320268
-0.00778704600630871
0.009602765577836583
-0.04304121249827674
-0.07311725823347176
-0.07567563853404516
-0.0801994993970935
-0.08353732615754404
-0.0787970682441933
-0.08154258740671415
-0.0780256684680764
-0.08378245336047345
-0.07366153983853449
-0.06442325838968414
-0.0571304749430445
-0.04977670706638715
-0.0587357765747923
-0.013610896191885748
-0.03517058758796565
-0.02383139340186377
-0.005298209055047842
0.02987035991017319
0.04128066118416314
0.04283961013925595
0.038713791255982385
0.04795851252340869
0.045223108421266076
0.051172452213445054
0.05288906117523666
0.052437049901899624
0.031783308490648685
0.0005788861082042131
-0.02626715182723819
-0.056197530382078996
-0.06829085505822212
-0.06893229610207531
-0.06726388615712767
-0.07174616968763228
-0.07423369316770957
-0.0740980340168943
-0.05217252126278797
-0.04419533131172295
-0.06087689371207793
-0.024254460234255086
-0.05972155390358565
-0.0589328429128622
-0.0580102158476287
-0.07044723056274367
-0.07434726650984079
-0.07316476176709714
-0.05579898744172913
-0.016016891267732845
-0.003933637707911241
-0.0010979934478321583
0.000422640255172749
0.032535597594447734
0.025574983695952253
0.02779047068321769
0.04203592554176127
-1.0
-1.0
0.05537158111341804
0.0629771813456038
-1.0
-1.0
-1.0
0.058454296877733944
0.05481600964448008
0.06366834062050461
0.05210791453006676
0.06269121795321475
0.0630668653630214
0.06115977959343992
0.054304120457332614
-1.0
-1.0
-1.0
-1.0
-1.0
-0.0723885755075636
-0.07630699047234449
-0.07720714856435698
-0.07888716292141405
-0.07683775758593102
-0.07062280767211436
-0.05794293755406616
-0.06451152756659247
-0.04557727045333668
-0.07227990720096251
-0.07835706180105566
-0.07659654184204547
-0.07922276206966858
-0.07351261482900727
-1.0
-1.0
-1.0
-1.0
-1.0
-1.0
0.021537776715085936
0.027404169816581742
0.014586273622448577
-0.018929667847786075
-0.0615524592808088
-0.061225382148330475
-0.04699722062086321
-0.018357434147039157
-0.04353898361149773
-0.04409737961561999
-0.05491963159220853
-0.07744026534870274
-0.07934353748654471
-0.07836767336863928
-0.08012511100323852
-0.079981060025919
-0.07515518758040807
-0.07133180731309766
-0.0725709734506122
-0.029662316828626585
0.014978794370739502
0.006980232458855414
-0.014954670617468867
0.017496730418210902
0.02314055407696078
0.04155818642558139
-1.0
0.05088832451956911
0.060289977793705825
0.054889838720946306
-1.0
0.06123227285309326
0.06835009507559683
0.05813384706360193
0.06702505112991777
0.061611980590928754
0.055301794926853054
-1.0
0.04709764925349793
0.04466741558508169
0.054684662293563335
0.04335634622225154
0.0503040935152715
0.06247676657884779
0.04571418074466327
0.046758239993209424
0.05396641353895163
0.05227058795248806
0.015855249948541046
-0.037699336655593316
-0.06826805886239828
-0.0730674802634548
-0.0661350873038539
-0.08021870324373644
-0.0806990126596258
-0.07982167936113381
-0.07902715308091159
-0.01967433791058287
0.014397898604192667
0.01730836557740437
-0.007851406680445526
-0.026501011377773002
-0.011211479929921171
-0.01984750217764277
-0.03662602553983559
-0.07492779979077496
-0.08011161014037639
-0.06988718932387589
-0.0755336478039689
-0.07995817251304459
-0.08033600712122069
-0.08087450842028335
-0.07952003520456315
-0.08180677090783268
-0.07827456273990153
-0.07616276275291745
-0.07872916048977448
-0.0766534799609627
-0.07780777251980014
-0.07747100641388303
-0.07585491601625707
-0.07844999110680724
-0.07683156792941158
-0.04918274033722984
0.0010953289777828467
0.004835317362725137
-0.021487207963055144
0.008815861088303376
-0.01163134171109851
-0.022815087621440577
-0.041842478387407
-0.046510548837491617
-0.03267890434995925
0.03457619374445242
0.04719674154012893
0.044617197757454145
-1.0
0.05797337326190228
0.04291437689513116
-1.0
0.061336551121374
0.06675134933589723
0.046649411581109954
0.04765864326355038
-1.0
-1.0
-1.0
-1.0
0.05358150536022147
0.059120537981417885
0.06743738936069246
0.06689834210156065
0.06491855680587286
0.06403876553764051
-1.0
0.06389895083175429
0.0668746330944788
0.06625430182257734
0.06872559266395398
0.0665911882413116
0.058787441082617506
0.06011551573207617
0.04742554639732724
0.04612150847907349
0.02231408462299167
0.0005969982139288432
0.01100573570395253
-0.04476318730178693
-0.05516916241819707
-0.05114842186287064
-0.047745543107016626
-0.055150275706193755
-1.0
-1.0
-1.0
-1.0
-1.0
-1.0
-0.06355928066618272
-1.0
-1.0
-1.0
-1.0
-1.0
-1.0
-1.0
-1.0
-1.0
-1.0
-1.0
-1.0
-1.0
-1.0
-1.0
-0.059810814442775063
-0.0331895559617589
-0.044082544238112614
-0.03228956671082629
-0.041980853710680895
-1.0
-1.0
-1.0
-1.0
-1.0
-1.0
-1.0
-1.0
-1.0
-1.0
-1.0
-1.0
-1.0
-1.0
-1.0
-1.0
-1.0
-1.0
-1.0
-1.0
-1.0
-1.0
-1.0
-1.0
-1.0
-1.0
-1.0
-1.0
-1.0
-1.0
-1.0
-1.0
-1.0
-1.0
-1.0
-1.0
-1.0
-1.0
-1.0
-1.0
-1.0
-1.0
-1.0
-1.0
-1.0
-1.0
-1.0
-1.0
-1.0
-1.0
-1.0
-1.0
-1.0
-1.0
-1.0
-1.0
-1.0
-1.0
-1.0
-1.0
-1.0
-1.0
-1.0
-1.0
-1.0
-1.0
-1.0
-1.0
-1.0
-1.0
-1.0
-1.0
-1.0
-1.0
-1.0
-1.0
-1.0
-1.0
-1.0
-1.0
-1.0
-1.0
-1.0
-1.0
-1.0
-1.0
-1.0
-1.0
-1.0
-1.0
-1.0
-1.0
-1.0
-1.0
-1.0
-1.0
-1.0
-1.0
-1.0
-1.0
-1.0
-1.0
-1.0
-1.0
-1.0
-1.0
-1.0
-1.0
-1.0
-1.0
-1.0
-1.0
-1.0
-1.0
-1.0
-1.0
-1.0
-1.0
-1.0
-0.041139303302567924
-0.011453197523008368
0.0155550541394442
0.027799274729953225
0.012956140002338771
0.0068926670597198175
-0.013524320765985313
-0.014767360471282706
-0.005937061059182013
0.0088823239503643
0.014627467803999266
0.006648289148402011
0.00356452149282617
0.011687854752687963
0.015996943044871127
0.011673100051004259
0.021915821208323628
0.02802692998360022
0.035425943565724954
0.013648663966706252
0.0010757413443852788
-0.0635628463631782
-0.06454184028507473
-0.052149775576569045
-0.049313961770587326
-0.05505322067685204
-0.058495944702538355
-0.05954411523030134
-0.06030783204448639
-1.0
-1.0
-1.0
-0.05379469675357657
-0.05751331521824402
-0.03877498617249926
-0.0047279745544270444
0.010993942624219242
0.010811491296932568
-0.010278763003949129
-0.013128266687173444
-0.015293963750813084
0.014764398064316927
-0.014270057445847905
-0.03901069938848426
-0.04950058460447506
-0.04755247328354925
-0.04920302757925676
-0.036030636162516935
-0.02557728389928543
-0.01754438864292274
-0.03405610580984679
-0.04100221690003535
-0.04747581241183559
-0.04617369196153017
-0.056707239304032556
-0.06461642625806167
-0.06505204080113373
-0.06482485626112194
-0.0663757120379574
-0.06802899400712317
-0.0667805702586144
-0.07034299007040273
-0.06857236714545722
-0.0650917365701664
-0.04785789235585572
0.005811882473257844
-0.0029675006692859154
-0.011406741374271362
-0.006330984339815557
-0.0016892548377755749
-0.006582662777550383
0.0113767349038245
0.04017429482529252
0.017185091828488284
-0.010565301984224177
-0.02035674952606182
-0.016716850059278237
-0.013735379168896644
-0.026044540085118157
-0.027623321117412888
-0.011215259766903365
-0.014781541069023055
-0.004619389110544998
0.0026052092131051627
-0.0217249176400861
-0.037148364692014525
-0.03573674915418365
-0.028135417349404446
-0.006605778618965292
0.0140255854516076
-0.011512032854841243
-0.02003739514449118
-0.03568622597717693
-0.04034558746498412
-0.04321470176550573
-0.036821222138215766
-0.0312260064592904
-0.010639378252852088
0.031650206166293715
0.050346796017197264
0.06264379366328601
0.051077840470127846
0.05198453987291584
0.0603304597767661
0.06345011240674656
0.06215911176997045
0.0664994806803294
0.0638685869524166
0.062320509941338816
0.05929721965931217
0.06548227229785321
0.05928003483778082
0.05613922052752335
0.04796171516116897
0.03979514986621994
0.03204635471609992
0.020905864726618886
0.017438794293955076
0.017164128531169595
0.015121711950451613
0.011981065164250546
-0.017209159334576597
-0.05627721413123546
-0.06297464521375924
-0.06984326674734924
-0.06861856762479374
-0.07186598186627177
-0.06767634950333161
-0.0665668725793739
-0.0698523778056773
-0.06760990726877744
-0.06679750682030038
-0.06662822445098816
-0.04186045468906211
-0.05779228191049986
-0.06364531577902509
-0.06574918590395828
-0.06060855927563342
-0.06353651489803802
-0.06572960497395161
-0.054520250010258425
-0.06165455364477082
-0.06171670657915415
-1.0
-0.06914861229413384
-0.06623725481067776
-0.06513909350267773
-0.062484007325983415
-0.06458749791605806
-0.0655586531643764
-0.06373064963279733
-0.06335706352028979
-0.055069056466549526
-0.058041684441016095
-0.05602144832096756
-0.0519885109604434
-0.04733538424375046
-0.0665700686152307
-0.06801736607461628
-1.0
-0.06459103423726686
-1.0
-0.0639178012240415
-0.06848725411891449
-0.06288045567526125
-1.0
-0.06699854713080876
-0.06744451013246339
-0.057759528199222164
-0.06116306133675436
-0.06441110618658918
-0.06291148921011715
-0.06069279272363039
-0.06457064405675443
-0.06738360662366112
-0.06307441171398398
-0.06599997506664552
-0.060261245465460814
-0.06544725492453271
-0.06840184135227577
-0.06652394733323046
-0.07413987632659881
-0.07141025366356722
-0.06648825683784025
-0.05897217129068223
-0.050437544532010395
-0.05124673668262177
-0.0419174894217443
-0.03330123205753417
-0.03730424543584755
-0.0336068499709379
-0.03416793650752142
-0.034833708580725445
-0.036957332833506926
-0.030284176157502257
-0.029825684715774303
-0.03815544244504991
-0.021112647226874892
0.0274912247622485
0.039014893520671105
0.04536693077113076
0.050153486120878984
0.05313149646902165
0.0662403831213634
0.06391301557603586
0.062345655044967155
0.06924037674994257
0.067179797681868
0.06805120783204772
0.07308030528134395
0.06369073431296317
0.06562392858617333
0.07136630652861764
0.07044254460397976
0.06933076681591618
0.06395401377647193
0.06796012812821493
0.06761994558708351
0.06367018660624826
0.06547583920842814
0.06325150492885497
0.06327735413001923
0.06326703185816307
0.05959131892900197
0.06493780594137358
0.06312914931272216
0.06433147437987498
0.06651707717164666
0.06400220744704602
0.06598031296228332
0.06352189342283314
0.06518522320865643
0.06275924538368756
0.06272838725681674
-1.0
-1.0
-1.0
0.06452254015866445
0.06166977574454246
0.057604493249233016
0.05762899374336499
0.05213211538179797
0.04048267667177406
-1.0
-1.0
-1.0
-0.01572192353254727
0.006167816141642796
0.010238563547228937
0.017629084278072624
0.015214025068834677
0.027350925459188827
0.028597063014195408
0.012926348371926704
-0.022059971318357314
-0.04898805338517006
-0.0583094363362391
-0.06300865286303825
-0.06038677955425565
-0.06108180525547136
-0.06436945314970308
-0.06463467340810501
-0.05418592496527541
-0.051673978633084205
-0.030612422181660093
-0.04069217692565837
-0.06554517882269617
-0.07152679223153811
-0.06963617821526231
-0.06911092164013061
-0.070184139002954
-0.07011307913703085
-0.06984764641996181
-0.06587571865250576
-0.07109057328417079
-0.06864648113200345
-0.07044592098521259
-0.022944851284143114
-1.0
0.024074110620467458
0.027270900734597096
0.03475201302030881
0.03180550040310907
0.030482619539812662
0.029636351045224742
0.024940247877811995
0.03382091859966351
0.04301461855007231
0.03272016397148559
0.02793681398640465
0.00010386541712722517
-0.05364844325847839
-0.045110959264171045
-0.0392344841713774
-0.03519892054830975
-0.029960066685107867
-0.052059594425524706
-0.06267340424819934
-0.05701343850196598
-0.0640248857426423
-0.05882818375441269
-0.05326976028140178
-0.05245247781165703
-0.05478105688660502
-0.05801844048212198
-0.05850350657043798
-0.0489851552292223
-0.050752710595202845
-0.06034904951133787
-0.06683509380642763
-0.062072617285914365
-0.06314335531361079
-0.065935180881033
-0.06497787555552875
-0.059240500611800466
-0.05046273895205026
-0.053495023967842344
-0.059196437965198676
-0.06176417625139867
-0.05470676435444629
-0.05908702174062829
-0.0507433300675434
-0.06005230683380316
-0.06374258651465704
-0.054214816247839824
-0.06893927726233105
-0.06274352577964051
-0.05545932360242697
-0.06537234248203946
-0.06158265136974135
-0.02652067367776744
-0.03844176230015624
-0.039381173278154914
-0.04639474078525128
-0.029976001330259558
-0.023438319278464112
-0.02254118134235596
-0.04321209216578981
-0.04777514566691092
-0.04799569406513745
-0.06597012708691724
-0.06193980554970834
-0.06592090067358125
-0.06483714815980329
-0.01964411262785772
0.012926338450923593
0.007404092745038984
0.00969440097129606
0.03341414842294628
0.040359688607298015
0.036266368037526704
0.020514968408639884
0.010635994508773868
0.01708551672667115
0.019744850731584287
0.03563419846905193
0.01301693154602885
-0.025740528847679096
-0.01890264801044532
-0.014621099008038197
0.0046512324986727575
0.004789748697033399
-0.018341649359348133
-0.017798558484917505
-0.018175688213803082
-0.013372672078825304
-0.022567495017061064
-0.015107004785167938
-0.022889255634233982
-0.018290993749224
-0.020252727889018735
-0.008256466433707511
0.008215186136085396
0.03409812213622505
0.05378872171803535
0.049867625604879555
0.04549398229688791
0.041784767414043564
0.042201176251038745
0.0642654064942683
0.06458062648905809
0.0633819212345671
0.05528850245304354
0.05390950725183035
0.06565957190878301
0.049795504112059075
0.05559317682039882
0.04722521290524984
0.0470434427328065
0.05060108043539009
0.05168062804855063
0.04475478972289281
0.007914065006741753
-0.029349340390500793
-0.030025150762912074
-0.0377777040781522
-0.04411583305970451
-0.040589835998406966
-0.03689024361254733
-0.01125061520351697
0.025296215374012297
0.02207184637601958
0.02236242317947762
0.01612263127871023
0.012501297566869386
0.004742861786895652
0.011334164763240614
0.03654172244935294
0.056599075390338094
0.049269586007596906
0.04739234936857247
0.05567558631529846
0.05759799319722906
0.057320397251840634
-1.0
-1.0
-1.0
0.05148711516718571
-1.0
0.04859797244988984
0.05296998026764842
0.053193678099786874
0.05746488244731706
0.051424303660300034
-1.0
0.04857341757048291
0.054062705771701705
0.04831944545834048
0.06114253417228856
0.058367480528685484
0.05350770130078251
0.05587797789777743
0.056450629214633355
0.05436294642058948
0.053616965704399056
-1.0
-1.0
-1.0
-1.0
-1.0
