0.04698115438445276
0.0538217234354478
0.034946078514425424
0.05913984254306917
0.05441565848205233
0.0521523653582525
-1.0
0.05371284566358149
0.06155133341301034
0.05680524530573484
0.041601305236292935
0.014188371188678483
0.04185363913172182
0.0366736856741328
0.046069621089842895
0.017060587843288177
0.0005410300840540103
0.02046868116015018
0.03134339777869934
-0.013090051335621553
-0.03987379550602916
-0.05071956977747854
-0.0572329411855634
-0.051613887270152245
-0.046618085257076836
-0.030521596565672614
0.017608654206207955
-0.03536569326661118
-0.041668564466703285
-0.03507920197682783
-0.03403147317198568
-0.02046270759741781
-0.021518288669673185
-0.03186061378456458
-0.01218929823515045
0.024897322111472435
0.022256494937750376
0.03032945721401344
0.010734617869810857
0.03601420855661613
0.0453108405816063
0.035684726981857366
0.04030391536519647
0.01089379077828657
0.009912721318101933
-0.030331835247200345
-0.04233954494805063
-0.03954996246006033
-0.052208236115489574
-0.04677968732816826
-0.03373631336884326
-0.028943567167199084
-0.03273736120149024
-0.0016752060524697625
-0.048203989030997256
-0.06663134157828914
-0.06803819608271423
-0.06387978688883329
-0.062044188478725934
-0.058192404792087246
-0.03769002159889839
-0.0570376419405949
-0.025724301316204505
-0.014527610483667684
-0.021299767940217634
0.043289898959406777
0.027513066090650583
-0.05321496295049126
-0.06021292435404116
-0.061262799514007406
-0.06398121746663916
-0.05970400057343953
-0.0672739838131371
-0.060412668960171785
-0.07405327268774427
-0.06554157210749709
-0.05209172685468878
-0.018575492608616226
-0.0485115763167399
-0.06056629602241111
-0.06685734348619175
-0.06279720581283423
-0.06498304057274983
-0.05904763135097159
-0.06793789052616428
-0.06817768735192924
-0.02118952021365771
0.013879073035981302
0.028740565415403575
0.04676786180954667
0.022096563795085386
0.02925047085294437
0.032752686809379455
0.0379216380250275
-0.0064452280637731655
-0.04418621362226554
-0.05150991772777027
-0.05230766957437126
-0.037932204964978185
-0.052661232587977204
-0.05402568793703274
0.02703043616577646
0.06113011263653146
0.037050801560764894
0.050120506165135956
-0.009995837707222838
-0.0032290703048270457
-0.05354998454767035
-0.057864943124455774
-0.06480593640280902
-0.07037200113296257
-0.05477204941500179
-0.07239406929950545
-0.07055605905202805
-0.06824567201159427
-0.07680785603911139
-0.07159300657535338
-0.0717742023094721
-0.06276447308410919
-0.06951239224997763
-0.06809511307047666
-0.04197225311379701
-0.05574705969681153
-0.06436867535155215
-0.05788623826627572
-0.05910407729866227
-0.048851215003977065
-0.044999035329057774
-0.03149163607417599
-0.050122303018144354
-0.03297276199003022
-0.03130280774405771
-0.008057081307641286
-0.025293515786497005
0.017209231971046672
0.017345972632972755
-0.018460698729067207
-0.026738233770462843
0.0008251406833262066
0.06224934678292018
0.07430195060404608
0.07696349341229275
0.0557055561869588
0.06050343989414236
0.01807007508583801
0.03163892607890237
0.0062703378320882915
0.031929108940702534
0.024617042482644652
-0.038755196183039325
-0.07360368366947764
-0.06928843894121442
-0.07647856862615682
-0.08187002185309734
-0.0786587030144802
-0.08525990139865974
-0.08089821445514656
-0.07557137746021514
-0.06966063763471304
-0.0699096992440087
-0.07420201318141541
-0.06676411896948178
-0.057534793875047625
-0.0007781179437330506
0.04718749816111087
0.03598718020545022
0.054164768866102025
0.0683335771232664
0.07013847948625
0.04640822608218967
0.05941458487920525
0.0020745951888398455
-0.0026405843403252034
-0.03168165532454294
-1.0
-0.04376931436853007
-0.014821641962460257
-0.008478298750205332
-0.026637854278806532
-0.048877797851332415
-0.06208380169129021
-0.047626759397156763
-0.04591217890832264
-0.03065126155002408
-0.03744890662456352
-0.04575644380806537
-0.014098418397949388
-0.025363597141936933
-0.023218462846235414
-0.03400232387518069
-0.016911450437131433
-0.003087245531144513
0.0009677629776727062
0.015187267967774544
0.020738621542964422
-0.018461760416928454
-0.021525326041685267
0.018264527384511977
0.018652048984463147
-0.018601425000616432
-0.03387085614549984
-0.003906398614560285
-0.02270299516854971
-0.028962176193921253
-0.004832465623737034
0.024987482793707716
-1.0
-1.0
-0.01174304605268599
-0.01978046197268139
-0.004349397682180852
0.0009068547618382056
-1.0
-0.02104036258233883
-0.021440950032461086
8.134478132434469e-05
-0.002769302360232005
-0.03963044138018452
-1.0
-0.05088179972441571
-1.0
-0.04544971482126819
-0.04671071733631548
-0.0038161798425275497
0.015263190114733555
0.0077498953103869615
-0.029730791195275153
-0.026350712696632292
-0.04335708227172457
-0.04582386941104658
-0.04785495192408609
-0.011100779132360145
0.01729447110289559
0.046222518076196324
-0.011556282683784459
-0.022756096802017598
-0.052105058923836434
-0.06531711598131955
-0.0580231179115794
-0.029218419284996123
0.0008125936421614392
-0.05123602032272399
-0.06339553358027179
-0.0648623735214298
-0.07540188335897884
-0.07713172462528523
-0.0581659980757254
-0.05544033950122589
-0.06722343615804842
-0.07033945952109134
-0.06624217401329109
-0.07026448207407542
-0.07115318107956571
-0.06669519691895955
-0.06501680344147055
-0.06884306851933125
-0.06858827048897224
-0.07215466536175866
-0.06815102589843605
-0.07422373070013034
-0.06975255135865717
-0.0699537590950704
-0.07465160762886874
-0.06311045113258969
-0.06767809481623728
-0.07178165063064589
-0.06613294288322374
-0.06788817722251492
-0.05929167816640516
-0.04667425811211517
-0.012509686226819808
0.007785139847590388
0.007289035491556307
-0.012403239864554924
-0.04117405449477348
-0.05296030323522759
-0.05859660593663878
-0.06517927181531011
-0.05930474584018605
-0.06074914310611975
-0.06680334817398072
-0.07077842813388271
-0.04439777578907392
-0.03768612733340699
-0.057306967859237105
-0.05548568933474822
-0.06549120186425754
-0.059639528447405867
-0.07298608525502949
-0.06464421162271652
-0.06691628494847954
-0.06393858857348111
-0.06729396303935567
-0.06480330981413122
-0.06925782748744987
-0.0693484110676464
-0.07229447295777948
-0.07294789309844726
-0.06811235100966444
-0.07409066606123751
-0.07231739229104832
-0.07265808588600176
-0.06350745717476534
-0.05389976455050825
-0.0444789638546673
-0.06965916039893912
-0.06456728787111114
-0.06747763597763352
-0.0723074961632394
-0.06676080073980961
-0.07275596742388267
-0.06546483081037552
-0.04443222757828368
0.0045406609307160764
0.02338957417486049
0.0030561316866316315
-0.009543418463752966
0.05134909830603272
0.06130012415057697
0.052262774930477256
0.05735766677243601
0.05618539127864039
0.06833592520173981
0.05861215156179204
0.05172597527452735
0.03686891587241362
0.008360084501103844
-0.009344953233342898
0.0326029601653215
0.02833416439331097
0.03539375281515766
0.03472481984680831
0.0579823691998255
0.045928596572205535
0.01113266006591146
0.00728719011965866
0.01405881669544063
0.03305048645187782
0.003912121170120064
0.021375248384912147
-1.0
-1.0
-1.0
-0.0015624682861234572
0.04358103564579707
0.045865722410760146
0.007645346286522091
0.016093142648442162
0.009556258588945573
-0.05264362276798997
-0.06250483675273673
-0.0797890219868284
-0.06869571083796196
-0.06339317191205154
-0.07035530436780038
-0.052850162899197445
-0.03352540374466111
-0.006229679494577311
-0.03775609689479706
-0.027153333980599614
0.024308581459900693
0.015238036205300405
0.005275622337651609
0.04420729560893539
0.02410636608149075
0.043725744846556905
0.022805869974326383
0.02204632760835692
0.051727023641128876
0.04444843339636444
0.03952183129410394
0.048356938988654265
0.058855309094059165
0.0393506259381009
0.02468406608492085
0.03422042792895717
0.05135336046524917
0.05175194613432066
0.035878351536475325
0.025870285991925847
0.02445769095525635
0.029077432332677264
0.05370128736657535
0.0432819057834585
0.04593757947352373
0.020276146725721228
0.023255109448325418
0.0704117417913212
0.0632262294545611
0.06610371572405727
0.0638744095415388
0.0634230155523763
0.05573584640967325
0.05129330907185499
0.04655591961618649
0.020285275808753563
0.012137041214809508
-0.0013613341930549224
0.01985693008516911
0.018583661714296283
0.032149469715605464
0.03375793942818343
0.05060825758408401
0.05808679816104409
0.05465592853173907
0.04186889284494147
0.05047171104644273
0.04184257814636987
-0.022051978500493515
-0.037794276699382824
-0.041659144323789546
-0.024860618266988366
-0.026058500132929183
-0.01367459577319985
-0.026092676492404817
-0.03862221769256396
-0.006352530922499481
0.007851325520312811
-0.01968670806581399
-0.028937708397137635
-0.0421629658601967
-0.0371061642835921
-0.04519642086367674
-0.026992506612510327
0.011374242350181335
-0.005409896609354635
-0.016549438164904607
-0.011300041470699294
0.03809168803811984
0.058191339732159064
0.05809686897557443
0.05142133468860353
0.059197060886020954
0.04851724668961473
0.04116184836629741
0.005651677734342373
-0.024749729436222286
-0.04124109634886402
-0.04577647681522895
-0.057316887206254385
-0.05189395220175877
-0.05291776360622834
-0.04585489316989622
-0.05194990292587386
-0.02691079008285148
0.018416556035924205
-0.023713783423776235
0.0022392425708156177
-0.04273133722292913
-0.05632211430945529
-0.059676828475745514
-0.06325164877412613
-0.05897821944483548
-1.0
-1.0
-1.0
-1.0
-1.0
-1.0
-1.0
-1.0
-1.0
-1.0
-1.0
-1.0
-1.0
-1.0
-1.0
-1.0
-1.0
-1.0
-1.0
-1.0
-1.0
-1.0
-1.0
-1.0
-1.0
-1.0
-1.0
-1.0
-1.0
-1.0
-1.0
-1.0
-1.0
-1.0
-1.0
-1.0
-1.0
-1.0
-1.0
-1.0
-1.0
-1.0
-1.0
-1.0
-1.0
-1.0
-1.0
-1.0
-1.0
-1.0
-1.0
-1.0
-1.0
-1.0
-0.017723834713885844
-0.012237445065801404
-0.009189156499512127
-0.007906572079019292
-0.023119721956326233
-1.0
-0.029101224166038404
-1.0
-0.025762068630450063
-0.026539206545191988
-0.02332722851058636
-0.016539869967656298
0.0016888953887193854
0.003929594453098096
0.02707645917574975
0.030417091557239
0.03353741572788617
0.03390901636538241
0.038335473049276106
0.03572196893672244
0.028575447186103223
0.02286916789201477
0.023273885366729058
0.018485866709158305
0.025536547996806262
0.024115098320439347
0.023793871062624282
0.027451295715202544
0.02822576143172
0.024375082963862642
0.022896185330684108
0.03611600576749853
0.02920121548003899
0.024328553794327468
0.01855173262360603
0.021102626948094602
0.02669177806546255
0.03639238685210141
0.033097186506326925
0.033888495706382304
0.038262488891326746
0.03194550260495723
0.030487939167203774
0.03185241991671693
0.03379139176412265
0.02976769768606418
0.03336421532039618
0.027555401838828247
0.034831581867565214
0.030795721860256267
0.03354752501030099
0.032196472058830056
0.024061061251403126
0.02926092947116611
0.029939462074991444
0.024669558360758983
0.029350411035171147
0.031081399031099646
0.01948114432951517
0.023396875653812245
0.01077279443361679
0.024829586468025293
0.026271956528756968
0.025595145839421875
0.024384084766007806
0.02209159260709241
0.025730857119076495
0.030004491875337127
0.022680607676429283
0.022522006141279728
0.0015106142552756875
-0.008080833203771485
-0.005558427364988827
0.0025036032701485993
-0.004637021253835996
0.01438778722500555
0.007180017842077906
0.010451547070575214
-0.0009301200196891495
-0.00034212339197818353
0.0007229478246018927
0.0051854218829380135
0.007407014773885638
-0.017731693468007702
-0.01765461384091719
-0.018287235799869624
-0.01930135795078393
-0.013128883204588989
-0.009819433862546047
-0.015511553208332007
-0.010491105697951869
0.002812286177535236
0.015108084374740642
0.020094214953645897
0.0171667325160784
0.017675534845224963
0.023137754861844467
0.02401000861379848
0.02948901045676707
0.023577483350905832
0.019593629514987637
0.019126825632441672
0.017009230221617547
0.023980268547778277
0.017849932529533742
0.022431393405309714
0.01869257499612672
0.018513107409340333
0.021955483737187163
-0.00199578079145558
-0.015124990412338717
-0.019516628234959067
-0.02585767545229013
-1.0
-0.029376204899508918
-0.030733316307766743
-0.0256999976284503
-0.024278376283357914
-0.02050960246133205
-0.025337700086615997
-0.02396994806562784
-0.02471000613079787
-0.02985714020355999
-0.025202602208040013
-0.026767670238759058
-0.025981667934290957
-0.02185462744964328
-0.025932550365526122
-0.02465726588801588
-0.026785259937233737
-0.02855908941983557
-0.014305985586012319
-0.006096969030882125
0.001644357794488615
-0.00035088557402242237
0.010849846912179896
0.013198359739816081
0.014229124180135194
0.008603308028495238
0.0038064466865526253
0.017876110064802355
0.027665829496286893
0.03376858926129463
0.03519371887752739
0.03173761013408753
0.03168461600429276
0.03124425526554153
0.012921383587301008
0.00048003043455605336
-0.00021036151502259572
0.003374951989699351
0.008149977360576792
0.007070638161207078
0.03351814349767064
0.03454099449693779
0.03347205611132005
0.028270428826024502
0.029976135555597326
0.0234207921998973
0.017678421693732318
0.024116803272252022
0.019616529105975403
0.01849917073670385
0.023599217199048655
0.027742226748794608
0.019511014819760423
0.02159767791605708
0.028321223635987467
0.03502429076574227
0.02855616168452429
0.008352567029781486
0.01709342432296841
0.01876127147929237
0.01512986140529266
0.01899814495897189
0.02089492721202077
0.026286333821662032
0.0346272088381425
0.023606241094664096
0.02538617440603978
-1.0
-1.0
-1.0
-1.0
-1.0
-1.0
-1.0
-1.0
-1.0
-1.0
-1.0
-1.0
-1.0
-1.0
-1.0
-1.0
-1.0
-1.0
-1.0
-1.0
0.027048872513434952
0.025158410492768592
0.01504176360015899
0.02555550495565709
0.026024965296201807
0.02578857596506178
0.0321786601043724
0.03448244271686225
0.0380142251425059
0.035832376857665243
0.037653636018720966
0.031583184783980894
0.03697396449049692
0.03278375146802508
0.03214894454872174
0.035103076414491445
0.036268387013955586
0.03684682298184346
0.03733948481099005
0.03777484085878731
0.03822943674572765
0.04000790986909121
0.04139349293964425
0.03991469488076175
0.039184027304924346
0.03154750814187912
0.037597947090188516
0.03911694112346827
0.03338932249834499
0.037354255677442834
0.03898890507733347
0.035946258841133276
0.033445205721289735
0.038966122229137055
0.03125117405437108
0.028606219394761583
0.02858804276180938
0.02014293216263272
0.030321012414433673
0.01834557108781652
0.02286240412335635
0.017812119876553574
-0.011402268079247378
-0.012664284114424993
-0.014561544508782318
-0.015577222016848767
-0.017097736580055325
-0.001996642375207884
-0.004254381958809342
-0.008353467775441211
-0.002582983658346488
0.014828981544273409
0.02032423796623432
0.01905598522753976
0.005136389633978105
0.013480444992901519
0.009614952453441994
0.006122110755585033
0.007009656341140074
0.016223183864185867
0.013704090605577672
0.017054835288191898
0.023652026207167887
0.026396075336519248
0.022550690231444917
0.02074930127563147
0.02662037503158968
0.030924761682962685
0.03599496469113324
0.03158128658182586
0.03932694392064859
0.035690671848837736
0.0376502457648874
0.031618933546855466
0.030593717200814156
0.03060676645200617
0.035863236322001696
0.034353767425337696
0.03385761299395812
0.03624847296467769
0.03487780809797747
0.0393392631145733
0.028201899948756666
0.029517340163104033
0.029933988676115415
0.03401437581830733
0.03325453351171133
0.03606456346299817
0.029718203132976316
0.031117104127799142
0.025137193577494863
0.02649349215388566
0.022340839847594364
0.019491784589019238
0.008400728046955715
0.01677969496388784
0.02034789987629133
0.026215739281816614
0.017847615375762866
0.022566921132663367
0.01723496433597939
0.016994120549274565
0.029937856405651168
0.018241410443362843
0.012446068475094637
0.019240968287844502
0.020105982908073892
0.0240638225106514
0.010359698907869313
0.009907952963456952
-0.008251865072683641
-0.006280882846000188
-0.004023314274187496
-0.007787874870334024
-0.003741494798768649
-0.0001818175610819068
0.00466528923072702
0.0014248641826787888
-0.0016659083913520127
0.004137414192572743
0.006680069592681458
-0.010851106533320208
-0.019489344158375332
-0.028174073600037815
-0.021835585438815513
-0.028033435498165574
-0.02342093809444023
-0.014949915093082371
-0.013397131719780724
-0.013761396799697031
-0.02233606587532363
-0.013934189147133498
-0.008339301617574906
-0.025111916979402044
-0.026545773152517067
-0.02556235708381138
-0.026413346620935467
-0.032193149624628006
-0.02422969937822404
-0.02888134989974989
-0.02994704514853105
-1.0
-0.030500865314855498
-0.031353053584873614
-0.02761918903683028
-1.0
-0.02852266508396803
-1.0
-0.02837373271311043
-0.0264072071768378
-0.027750225058743503
-0.023928704949495186
-0.026537215998793235
-0.02739606538337838
-0.01706292595620415
-0.0007762390358316387
0.020472754181372784
0.01632320380125369
0.01517845379400825
-0.01593296657296732
-0.022728383456799728
-0.021377341184465277
-0.009597281747208867
-0.026431744263109326
-0.02770976216240549
-0.03036209339031568
-0.020879501674310113
-0.017130455599435122
-0.029950045023190243
-0.029331359947057975
-0.032615038514181974
-0.02255593311484126
-0.016495878374084817
-0.020580445416809184
-0.025101090615786883
-0.016821100883034568
-0.020941166597910035
-0.012400763518264676
-0.010241450316449201
-0.01594008518181657
-0.017829341504038823
-0.02003079419643781
-0.023249416070523492
-0.023709968212377783
-0.030696397705928996
-0.02411636723520325
-0.02365229793441298
-0.02457255023869118
-0.022602791177049535
-0.011932863939928165
-0.022073209864558973
-0.03037943383911746
-0.03315188503939496
-0.02330541098085685
-0.01698927367491373
-0.018133344235368935
0.004504923838295417
0.014715705275553503
0.00837594866543785
-0.029718892182310882
-0.035721593648512025
-0.032693562425330405
-0.03356855146327331
-0.033869307991136924
-0.035081227075984316
-0.035725664815346586
-0.034892020892132856
-0.032869998201019573
-1.0
-0.03089087916272239
-0.016245168851012303
-0.021137299092538767
-0.02566780111976149
-0.024283788622302644
-0.01793888356606897
-0.01291910152496579
0.0020217361946798756
0.009192567775808028
0.013152566516131635
0.008044175459452386
3.058926464884416e-05
-0.01512564612689079
-0.023179037747459733
-0.017867700020470546
-0.017839240154972673
-0.024515522396085926
-0.029331403836723002
-0.02809450150939189
-0.02976501682686272
-0.02848812376999404
-0.027742343526309568
-0.02212712662601656
-0.023019263368242854
-0.025803277579994274
-0.01464443406305104
-0.01878988771100463
-0.026256589277421735
-0.02441265644294688
-0.02510885101895442
-0.012889247774569016
0.008118529706470621
0.020563452185975162
0.02487049245378409
0.026199455758274263
0.04164459128724874
0.044761006495064586
0.04423506146703522
0.043671851322143566
0.03778624823373873
0.008978855817325613
0.008585286638391563
0.030567928826945274
0.04075850683416688
0.03624766372344966
0.030130647067002265
0.018250303777329252
0.004482870479485488
-0.009212130349728358
-0.02777184668181553
-0.030173281579642348
-0.01426775192283248
-0.01835914833806926
-0.015222080334824332
-0.008804897033137677
-0.016535162784018398
-0.006400071767274444
-4.213246705277191e-05
0.0035683497277669376
0.006187030783175783
0.007647449511011633
-0.006257464822404996
-0.018096740095463002
-0.008975149126082368
0.0025271821533468983
0.0014090429097959366
-0.004377132628178793
-0.029891071833103463
-1.0
-0.03482553528607661
-1.0
-1.0
-1.0
-0.03475545792028794
-1.0
-1.0
-1.0
-1.0
-0.0388271557752559
-1.0
-1.0
-0.024348052222426118
-0.01928303273378017
-0.017838767291053607
-0.01976373664429896
-0.026598271837731783
-1.0
-1.0
-0.03221645340772534
-0.03330220871933385
-0.03523251300288707
-0.034272775746107556
-0.03317160407471613
-0.03611960663691593
-0.04208897450625841
-0.040231880135837304
-0.038229650744153035
-0.03950184696262011
-0.04236084122978136
-0.040202495106785335
-0.0423917767204464
-0.032786125357534716
-0.019785845069323234
0.005775104083783861
0.009915449852836012
0.013403545128222116
-0.012732806410587435
-0.018658919464462527
-0.02330729201853646
-0.03692025094630451
-0.03942279333670677
-0.030884651369322343
-0.03753620260707621
-0.04000280538781841
-0.03869399665806266
-0.04057674250554036
-1.0
-1.0
-0.036013566969162567
-0.034268207427594226
-0.03900623145406956
-1.0
-0.04064166627421647
-0.03886505310005618
-1.0
-0.03568290380088221
-1.0
-0.04037669826927879
-0.03949724817901168
-1.0
-0.043385793211263506
-0.039515268309050416
-0.04078339256639
-0.03680415337485448
-0.04202603800216987
-0.04108569595068855
-0.04034029720749977
-0.038837865142584235
-0.03842932546010512
-0.034426050933368556
-0.022890465650458023
-0.036736454806383614
-0.036486018985787294
-0.03342528699724779
-0.038277955476031994
-0.03712882650490941
-0.0303050862564921
-0.026594055873631298
-0.02599476260994103
0.002196036894229348
0.014388786329828205
0.016421029050961204
0.010092698580893462
-0.027121498460039025
-0.037986299434771435
-0.0427871666119643
-0.03937761825501187
-0.03838978359643482
-0.03904253029039976
-0.026554915337485465
-0.02775564212651073
-0.03018560678507276
-0.011692025030182556
0.016374148463579232
0.030919221730138106
0.025485388496019827
0.0247528428449824
0.008554223035399254
-0.005568890911814794
-0.00010037374718064304
0.010301522578796622
-0.016048931060990364
-0.021875230478207598
-0.011945040742237742
-0.013475152847292242
-0.03188146650219139
-0.036834782411519225
-0.0368080190185443
-0.04089679302096279
-0.03988462107163268
-0.0424045252174453
-0.041536861710532016
-0.04375439291327172
-0.029528498321566093
-0.0027971253080281457
0.0014857232499878483
-0.003146639379448647
0.0134065351364232
0.008512327995937246
0.011255125054796368
0.024770105168038507
0.019045515671525202
0.013698961052526597
0.028039071616960252
0.018412544152630654
0.01763226057319825
0.018691319960860407
0.007520949623297525
-0.010330265891810473
-0.017415251473468608
-0.015309459621400902
-0.014277288663668935
-0.012921804893553698
-0.0056491801430437584
0.011972868613884283
0.02094792647377348
0.01944161245075586
0.026635763419457063
0.024951801474839653
0.019824891453284397
0.0019994141660946074
0.003165284949251838
-0.029274705835139775
-0.04654568494231247
-0.046608462553348606
-0.0479093030157792
-0.04728786324192745
-0.046062165951367064
-0.042941007103254984
-0.0450806502245356
-0.04063819528421877
-0.045925873361373125
-0.050383292608055706
-0.04592536073818955
-0.046968192899491217
-0.04556290047781386
-0.04524402438479701
-0.0335877623449434
-0.02198012806229919
-0.0017817014706189565
0.013387466872483428
0.014459649773785284
-0.010261652359959328
-0.04581536728843937
-0.03422659886041109
-0.029940915141537672
-0.044001243592689844
-0.03391101194882332
-0.041410670058989414
-0.04027983561702105
-0.03834942441147697
-0.0323630615821526
-0.037951135256350715
-0.03882614682969196
-0.03734083551280015
-0.037482189693537546
-0.045586731647479145
-0.04771536370064787
-0.048837936436408894
-0.04175793725082802
-0.0409638761761959
-0.04503098585722756
-0.04477096171896629
-0.0429686536976963
-0.04479991966220451
-0.043679943229273474
-0.04572898613434457
-0.044775251443296825
-0.04490006073793636
-0.04807960930558548
-0.047810183407512745
-0.04118598387708424
-0.04086980249113911
-0.04816066417814853
-0.04690109015282435
-0.04104185147487223
-0.018042481047129494
-0.011770413266985861
-0.009839344328547172
0.00867224279399109
-0.0030932308669418427
-0.03460177191938837
-0.042458554222675235
-0.040224829979792424
-0.04095202112341064
-0.044447395931938555
-0.036857493253481526
-0.022423781995308707
-0.02706358386432817
-0.016676316621407238
-0.018823948745129847
-0.028180277348060827
-0.022614395060468945
-0.037850543230126966
-0.04207437786458907
-0.04779759703970093
-0.04293551828690977
-0.04007844264735012
-0.03718745671296427
-0.03737673144842085
-0.04394457722700377
-0.046547889369643394
-0.046390732248688976
-0.04752608342958661
-0.04769822766800512
-0.040610102996627984
-0.022220544408162127
-0.0034610168917254217
-0.018243645244508767
-0.034341088300013006
-0.02901918399622655
-0.025727819977439188
-0.026579822951219217
-0.004909435136569137
0.00016346723312057573
-0.0037227502507673027
-0.008756376972321189
-0.02159277818513736
-0.028557571733200934
-0.020946933068225256
0.0024813271672436874
0.009839759887265959
0.012770239075554388
0.01692430536603189
0.011200523952744944
0.007921200235812328
0.011899929046160471
0.021129853490178784
0.013262739074431013
0.01914160659152814
0.017843515947502407
0.017824341753717117
0.027867988050769232
0.036700552410490056
0.031312491265833686
0.02816183795595022
0.024957123130702107
0.029132996335650283
0.028840661069108587
0.03275361082002562
0.028693471949630258
0.028801289639502074
0.02300509342912556
0.02198562711085397
0.01754665839202735
0.021245721573074826
0.014104299740111818
0.023748225201485156
0.011021146286530933
0.02178175506076705
0.047813762571668854
0.04057204458846297
0.029884681729696078
0.00878152285926366
0.015565050945065374
0.010711497427158443
0.018777328143541404
0.004896867267392688
-0.0016265145019098725
-0.007239613800467896
-0.016055886371166478
-0.006057903001631718
-0.013417140113957901
-0.014265235393673727
-0.0010028106472208277
0.004114281319468003
-0.0012747334795873368
0.00849056761799767
-0.012605262484865983
-0.02008598394415693
-0.02204730130621817
-0.024090677153298795
-0.035697282051268514
-0.03838831322037512
-0.042419993844239
-0.03922530963431469
-0.04085840646127892
-0.044203491974779296
-0.046211606097475495
-0.047832933446926684
-0.048770812692164114
-0.04867798245917096
-0.04561525138323754
-0.04747607555525602
-0.04309769259746623
-0.0423218313109006
-0.046497918942083404
-0.0338150745199654
-0.03340239743299932
-0.024798294370678795
-0.023480646325479117
-0.010170496043283258
-0.02113238851214939
-0.027945264785073896
-0.033577872917194634
-0.037497282268727034
-0.038451731098793344
-0.024398024309221073
0.005940474688633402
0.009397054817720293
0.008349582800579349
0.023678458840632178
0.03694601282395877
0.034259651549836546
0.02413100276397327
0.012220614691642793
0.02320798511695609
0.034974279615320826
0.043961490158563196
0.047946767268506045
0.05126831068775741
0.04874654134814319
0.044286574534100634
0.04839128414430144
0.0482288892429112
0.05363907524334089
0.04637247883289818
0.04129827437719977
0.044485871265042075
0.03785312025391789
0.037709398342224976
0.03319593891522997
0.03027060895245381
0.031075807499510374
0.03135848637380677
0.0355009880857739
0.04499797539774596
0.04978159055281789
0.04750199779569947
0.04364962909202375
0.04734370906503183
0.04537751800412425
0.04656021813050492
0.045545247060346836
0.04811880416861322
0.04171107924351202
0.03956776399588802
0.04646028520058631
0.04215643014560376
0.03906362875394834
0.0458002159574793
0.03300294991557305
0.031009929023054682
0.026592556454541998
0.01594164558047025
0.01728553976043349
0.03117403805124071
0.03013745629792374
0.0004844615656652518
-0.027446632570326073
-0.027726295031154372
-0.030853962156732067
-0.027094672270791556
-0.029998099491123698
-0.023991252611005633
-0.025388084346649693
-0.02177306572791907
-0.005761028987384523
-0.00230119484446401
-0.0019218550459245303
-0.0017359506788826302
-0.006555153117419796
0.016763378073897203
0.021951944512862503
0.030431129290556386
0.03253509901435257
0.037510150461807154
0.03628851163032967
0.043551513024112615
0.04200167651274421
0.045349122339068106
0.04672297482404342
0.048242688955082026
0.04409354039620253
0.046380877617519904
0.04444417186940487
0.038615316822225715
0.04285227784844088
0.041897341570207726
0.04819472772909524
0.04670419202608877
0.04013160728016572
0.042727881434328645
0.04773959364920775
0.04114515849977971
0.04167891201388695
0.043053610024534304
0.04233292525141001
0.04426234170519127
0.04681194495435713
0.04514059054792343
0.036941124830441804
0.03823191854753762
0.0341713485630222
-0.0045816223451180076
-0.008896549560101477
0.0017909331422922238
-0.01091098467124191
-0.015288993520327313
-0.016776818127417447
0.00275395313790095
0.010511258982047073
0.03204313534571522
0.03837271072156285
0.034906615591714485
0.03937011006847457
0.04442991865140136
0.04007101026614982
0.039658717603831
0.042117391983935645
0.04140924574645933
0.03877594900586093
0.03940894129505511
0.04302294287296329
0.03921538103390226
0.034142522141715474
0.0292343488152325
0.03256311837419776
0.027440045115396373
0.033892275468719306
0.03165505298792733
0.02195223566694793
0.02036095384811113
0.01308285517288269
0.011436782202255706
0.013682107851314868
0.014048343486311643
0.009044514474073556
-0.004805656264564464
-0.04093213773403093
-0.04197370851683548
-0.036139416931839856
-0.042025980175076506
-0.04018622043360592
-0.04592262649669466
-0.044045983625593074
-0.04013553691095246
-0.039812203091802174
-0.044497037312369064
-0.040621741958591556
-0.0376214784450324
-0.03749861814764542
-0.03921093047171823
-0.033091710048718734
-0.02675039883421407
-0.004890009648266087
0.0035735795292953917
0.004221965652822658
0.01689697709709992
0.008800926935430074
-0.005948978073344436
0.0016253332540722037
-0.030136806368491427
-0.029984995698235477
-0.029842084584203187
-0.030703774557563415
-0.030230993747023267
-0.032741175988788083
-0.032586338737076996
-0.032575216448088924
-0.029899950212446572
-0.024086468670984757
-0.025320968529459472
-0.030532695299392888
-0.029811722545337056
-0.016532171276448016
0.0035298483849988244
0.0023755469030419135
0.0007394039544325885
0.00017133527647922035
0.004063432128963245
-0.0018875617785975584
-0.01096635403980815
-0.006334106896169829
0.023606649271610356
0.03064263392313511
0.033729011116228884
0.021714471639481425
0.0328692316835367
0.03668840249827794
0.043279538786359054
0.04855236133767173
0.04604127364196866
0.043149533630186976
0.04774591323588886
0.04812807931491145
0.048111803339477066
0.04852517314071727
0.042056860672279955
0.04570893107523757
0.047440097611291004
0.04837469887762186
0.041514853023780725
0.04083287887086096
0.03966349029297638
0.018607073149254458
0.020803752523688157
0.03747172857257852
0.030780409166397352
0.02582599070576949
0.013146406879301614
0.010343724257063695
0.029842665393516002
0.018898271782609437
0.00701505590494232
-0.03482706806832472
-0.033914572241216245
-0.03486485251701727
-0.039528963651004216
-0.040933944396030854
-0.03741349945339274
-0.036187755220355104
-0.030816066989039905
-0.03198228256808897
-0.03181087763577145
-0.029406997302889433
-0.027778947423237246
-0.018964957897407243
-0.019416212661285473
-0.019624577087045625
-0.02006917106676525
-0.015935481166302137
-0.009039394874255898
-0.01056012152603092
-0.021002965553910555
-0.019419601604100844
-0.009687532600815969
-0.012524355187928977
-0.0022079797977885914
-0.006866936862960343
0.0014749760700620027
0.005544492808233556
-0.002586731582016654
0.010395784079930992
0.023441826600119866
0.016595908745290017
-0.006638520118422347
-0.02635161624927901
-0.03527780649736368
-0.03731452082785468
-0.035270770738322015
-0.03509884194733181
-0.023779320763358387
-0.03580888336547875
-1.0
-0.03472939739554967
-0.03839393468181471
-0.03916567390210769
-0.037704279796042635
-0.03690512799075157
-0.040656211755681446
-0.04045056566671003
-0.040402290122377144
-0.038865605374461036
-0.040199234959272995
-0.037503113503660375
-0.03496071078297798
-0.03874270533577953
-0.03572466731607831
-0.037098493183574624
-0.0240375097823654
-0.0058977397206605425
0.0030446339758493407
0.007231138792899643
-0.0012871693680263218
0.0049154397736181
-0.0015177973113183305
-0.02187110960750115
-0.027526692732445006
-0.029375016810739122
-0.029081972781124097
-0.01729058317118683
-0.02635579396599162
-0.0314519164903742
-0.03183017179223784
-0.034611361717339084
-0.033916037543768054
-0.031784840120424644
-0.012000597482179992
0.022429680093060497
0.010961503593245972
0.012009807127045708
0.01618583220537174
0.01661187226132531
0.019696334639496747
0.028510294905343583
0.026127838006488647
0.022398758585502408
0.023654249624720042
0.01901994727688319
0.024840035605795372
2.108123924907967e-05
-0.021636368641526793
-0.03157342196847941
-0.03576155550937367
-0.023565953988276322
-0.0238671051177823
-0.0320483768464356
-0.03365630775609491
-0.036901129524435236
-0.03564055943325829
-0.03834728715217295
-0.03108620134710786
-0.03305451717528167
-0.03550101418260958
-0.03596300716760414
-0.03769471699899875
-0.029110944812503016
-0.03898938894327872
-0.03259409527386626
-1.0
-0.032712954276126145
-1.0
-1.0
-1.0
-0.031460504610189156
-1.0
-0.03707404999375952
-0.034206410205837194
-0.038325619491415205
-0.03481415595060313
-0.011876116504083746
-0.010767745710496704
-0.02280092915996916
-0.02692701287991445
-0.03170299144856621
-0.026865242913436692
-0.02842471187471618
-0.025887261074364884
-0.021927663963046292
-0.026941298884641824
-0.026630117301592978
-0.020279105089287063
-0.03148379770189978
-0.031485143494532485
-0.031777156598967106
-0.03155869657862588
-0.03154145656814064
-0.028934727136052805
-0.028894346199409626
-0.02647891231099113
-0.029198421212211268
-0.028619011438140256
-0.02908211740324098
-0.027589164996828487
-0.028794671998966407
-0.032043064485335046
-0.030790363557252624
-0.0345839740305317
-0.029308139709553958
-0.029093407501888786
-0.030711611005978474
-0.02710439333342842
-0.02969804392672468
-0.030412800497070302
-0.025705205937557502
-0.028375575216561987
-0.027808029820891512
-0.03025474816766484
-0.028849466124040032
-0.026420202447937472
-0.03487867986012662
-0.033424312861168974
-0.0024551951473708107
0.009981805155522912
0.009294626140235178
0.0024183409855396856
-0.011427307314435349
-0.016236359666595535
-0.0008249637505486916
0.02210454102888555
0.016766283327126714
0.02552840152174473
0.022535020799433602
0.008179121504360518
0.008638821836291683
0.0005475316735547873
0.011597151848833117
0.020104339820655674
0.01283709618491425
0.015458037563425297
0.012834089021758924
0.005524757830713343
0.010713766592649714
0.015376426122607378
0.014575935342877828
0.014289912003315619
0.0033596091083959037
0.0059409309299958395
0.0031840749335029857
-0.010511372516960526
-0.0042897005045932305
-0.0026715596229239663
-0.0087172636749409
-0.015620798488454829
-0.02376517256606501
-0.014975691374331026
-0.021219689936764763
-0.021508802897458035
-0.0166982538007755
-0.004725653785899438
0.02179420359577438
0.026152240974217658
0.02193424664978717
0.027147276921236654
0.021105361767225474
0.027024255435275774
0.03289256611289844
0.0326351139081934
0.03286928800349754
0.032117410372003816
0.03531146119847243
0.02875691008460924
0.028941649713869838
0.032548929888366634
0.03537479857940338
0.03324615449998137
0.013650483060146098
0.014370567897321579
0.007669479569971263
0.005619329350441867
-0.003216392559227806
0.005479512453391209
-0.0052345800931599485
-0.006538649201693801
-0.009252496717719546
-0.005575404230734645
-0.02342191231031024
-0.03157687717214931
-0.030838248659980166
-0.029406166456590114
-0.03194421324941249
-0.026800635129213095
-0.03254246432993485
-0.02736346963144272
-0.029769552207616966
-0.028693920058615867
-0.031110630230595196
-0.03709697932668198
-0.03838684564147003
-0.034954403481615506
-0.03184870624337733
-0.024147314346480847
-0.02861621894086429
-0.014203906390250416
-0.012790136627728082
-1.0
-1.0
-1.0
-1.0
0.010758535595090539
0.028298958145257295
0.030282349599025503
0.03214932801209328
0.02848725667095151
0.030097957897438906
0.03315950341045025
0.03800553187452046
0.03776594755819276
0.04065230329626861
0.043442380621705586
0.03956296309918136
0.04159356606728788
-1.0
-1.0
-1.0
-1.0
-1.0
0.024479904111559977
0.006860631993624677
-0.016464484019734327
-1.0
-0.02152718091293721
-0.01282359454673746
-0.01657826059394447
-0.015216142411935434
-0.01740966284646763
-0.021301688990113407
-1.0
-1.0
-1.0
-1.0
-0.010681886003842353
0.01507382633586033
0.02346259772687905
0.022246090529909945
0.012345169848876967
-0.0019334831225357157
-0.007162036019760298
0.0008155598394266701
-0.0004808903847068153
-1.0
0.005761232834404369
-0.002418025456249791
-0.01317159673641027
0.007174278124895949
-0.007325579573694905
-0.006116819549232163
0.003422171920086446
0.024154685302681923
-1.0
-1.0
-1.0
-1.0
-1.0
