-0.05198972844308762
-1.0
-0.04103524492553676
-0.050367624913524894
-0.051457011426873804
-0.040841589476688374
-0.04751609938911135
-0.048154803786628876
-0.046778469618804185
-0.04542739863888565
-0.051569690640622126
-0.04672290225758249
-0.03693454597648186
-0.051602517178378465
-0.05394503340232403
-0.042038126671948485
-0.030457332230323767
-0.027183260668584692
-0.032222785059283
-0.03257375839935575
-0.044629272752779135
-0.04496110157570085
-0.041912635753582936
-0.040552036884805076
-0.03338186399916891
-0.030856604057382202
-0.013031824177743026
0.004476196642581545
0.03636937665683978
0.04999357081195129
0.05411867859194772
0.051714135880828356
0.061743080851239356
0.062209202658108066
0.05833641100349254
0.059067751086496374
0.06076584364760842
0.06297024996225145
0.0576796415086243
0.05190358234698496
0.06050677437422954
0.051633459141319976
0.05085985648030163
0.05580284501808338
0.05256789497262514
0.03603284765547293
0.010444411516348869
0.009651273614232595
0.02386599315852662
0.005656761976288087
0.013706852642158577
-0.01413476230265604
-0.03513678996591995
-0.04865633105058445
-0.04917110540470765
-0.052614837225016656
-0.051576173910291165
-0.05507300501504304
-1.0
-0.047633556567153575
-0.05019580090581485
-0.05243508626287479
-0.05538464611247816
-0.05310048781399631
-0.04125506283153338
-0.03675345583910551
-0.030624486436767465
-1.0
-1.0
0.008360008238927871
-0.01030217746650244
-0.02325303398248337
-0.015741751525115075
-0.0025009253233686667
0.004538306692267132
0.02052063040526229
0.015010578169883292
0.02081253139157993
0.024909533122579593
0.02549690979634667
0.03967352853467559
0.043405644692563305
0.058951102943532854
0.05569497998095536
0.06318306856061257
0.06457471891256183
0.06125798634311848
0.05973565096320333
0.05806486476152693
0.057655943718051
0.055169837608948585
0.05594386073042095
-1.0
0.059560318833035676
0.050514339236729676
-1.0
-1.0
-1.0
0.056149202821238996
0.05824422378784484
0.05710359061922893
-1.0
0.05673309272040964
0.05459218372978688
0.053785874771879794
0.055388537659764724
0.058483501966217544
0.053724262832469664
0.05303098031451655
0.04661846092547732
0.046176308804911616
0.05014819753213615
0.04881099846983603
0.06042850746742133
0.05942121012040246
0.06420639045758025
0.057765984635160805
0.060158546136704065
0.06255987596007288
0.05308349555425962
0.05655232491178748
0.05041911109901633
0.058459727341026634
0.051424903992081765
0.05123460256710849
0.04808314125570544
0.006047511502915512
0.0023827664393890878
0.00013193321196603656
0.0035407416380066775
0.013899121772973519
0.04984966008831495
0.052702136399269774
0.058423706563301085
0.054539078356166726
0.059389526891119544
0.051179183614868784
0.03199847052993304
0.033208565671854394
0.03305673203553278
0.053006677543379004
0.054653103220546166
0.05258433672195896
0.054388732581675654
0.05168646916004437
0.04612301020205064
0.05153373417733414
0.06046373431334059
0.062669844276037
0.05745335038570938
0.05826720762440772
0.05991850405337571
0.06118660695807109
0.06401377119954067
0.05801804281638783
0.06274484998732163
0.06321996546950696
0.06750604812235779
0.06434016893024098
0.06472406537707456
0.05158335170441236
0.04942065845360422
0.04783400570388794
0.036986413877168264
0.04490478153536845
0.021790382098848943
-0.01481848114909808
-0.006622009064549907
-0.01334343169396171
-0.030918957128682412
-0.031248807936877197
-0.022713647955131606
-0.037116682148204724
-0.03270424827632045
-0.0390583140239532
-0.039674340984836055
-0.011266365468075624
-0.0025048421562794926
0.007409110314163791
0.026884764294897535
0.025870314186738123
0.04107029325609517
0.02147780007646085
-0.005689599866415061
-0.017715485295521843
-0.00035105458478529186
0.014930405775083202
0.01763475905795899
0.011988310440383194
-0.0023654075241604762
0.020466574918071006
0.04169118977667888
0.040971799879050266
0.03745664055771715
0.03157253404773784
0.026379834223527375
0.012233628084539405
0.014399783233231609
0.0024278783451745175
0.012026362305427236
0.020168631544827825
-0.0024080945026653893
-0.011471867793587484
-0.00947106068513256
0.01179172220574254
0.01761477491723872
0.022348324644012183
0.012292576047607065
0.008550496294525386
-0.007832997329468218
-0.005997517088785367
0.006284121748396311
0.022710955320512972
0.0280345518901823
0.023512374399916124
0.029142059674356662
0.04165789628761117
0.03528784514441185
0.021068431557327356
0.015812112120362244
0.0056627916669952805
0.007774395644948742
-0.0018552064074725111
-0.010366299323691068
-0.01631974946771389
-0.041243219594767344
-0.0426887392641133
-0.04086997641723533
-0.04116618152751859
-0.044436320226192594
-0.03546584793453066
-0.041268182206819715
-0.03680550925481454
-0.02790314042328411
-0.02080298640292393
0.010754534980085216
0.013089235563193975
0.02947345265856299
0.032262473239998056
0.035320546500299164
0.03679000809601474
0.044765484723418625
0.03147741666794308
0.0313421295294365
0.04035075325715347
0.015923923724093313
-0.008145611719549126
-0.02443873116477135
-0.03254220688934956
-0.02899497502605377
0.0017075373551289708
0.04632278823241387
0.05179181982206627
0.0547112469088599
0.05709007286959017
0.05550458720532434
0.054529538666933004
0.04523145512310417
-0.01362903569793091
-0.005963850179288768
-0.024434592792631788
-0.028758690427772446
-0.007580844236828049
-0.010019592886364724
-0.01931618510631549
-0.012311712454564399
-0.03115763693164132
-0.0324510640206735
-0.04215242077529426
-0.03647382825675476
-0.0445752535497777
-0.0465277243401814
-0.03944551378643204
-0.03934909741182165
-0.033613886460072274
-0.04987927481435734
-0.05188512400929697
-0.04377303187190205
-0.03890735282379665
-0.048996360253173235
-0.054813183070237345
-0.049007596110919024
-0.0479636325760839
-0.051719288125343536
-0.044653677568196895
-0.04893847071223543
-0.05194897550874567
-0.048543163696565854
-0.0416224931959421
-0.03814103611638779
-0.04426603601252678
-0.03973299451865157
-0.0505321483313172
-0.04383849273110598
-0.048189929161221966
-0.05817342867048437
-1.0
-0.037626562891897995
-0.04966397999031964
-0.05604798192280895
-0.05505618431210026
-0.0604384782469163
-0.05487065245909477
-0.05494308172200643
-0.05682876054509845
-0.05585739046180289
-0.03956403915466881
-0.02476048471453336
-0.010168260124475846
0.0010419039321828162
0.013386133499072849
0.025192321566342227
0.02415475001393017
0.016914520869253716
0.014742071088705951
0.02078167012289043
0.006755201772105461
-0.007508223697290175
-0.02441628437325681
-0.028887408170212323
-0.025919429436667377
-0.0021840088923084046
-0.0037635510431808334
-0.00885152326831648
-0.024619479246913902
-0.0025671208445526704
-1.0
0.0061379390422746415
-0.016691164235278926
-0.018884320139428944
0.020909896544723486
0.058480077635966056
0.06068968346736517
0.06361273307241666
0.06383350382028125
0.05940719050249486
0.05202338750442736
0.02085103346967962
0.02115840541535004
0.043038412437464445
0.04459290308047149
0.04861619866509605
0.045412376595503075
0.05057198381200201
0.05447123402232113
0.06048784644926232
0.0639425580651271
0.05892107126422631
0.04831192016968758
0.04972544319251196
-1.0
-1.0
0.06716757061557456
0.0653557756327264
0.06036717720990604
0.05915234652460177
0.027351193977868612
0.011211059854826054
-1.0
0.0064213028697881055
0.000950687720985758
0.013243306109245132
0.0073206210774701816
-0.007774891771865521
0.013184650256663783
0.00390295105268181
0.01577325958749061
0.0009261151345863931
0.033451958716190625
0.03811562348747823
0.03932562133339327
0.05311988633955209
0.06081036582549123
0.06123629674000915
0.06118952837334399
0.06344836044344679
0.06179846736998463
0.0623814943915373
0.06398574547643872
0.061811648921303225
0.06188308439180564
0.053409151412773616
0.05757864332612236
0.055724335885343416
0.06032004555182631
0.05860032120602967
0.04946381721235828
0.04259027740858936
0.04530715950597394
0.05387475390481936
0.06201047238760788
0.06107853404128731
0.059748530875722884
0.05716000470598545
0.04119170349772572
-0.014890569451200736
-0.024703763859417215
-0.022186325108898723
-0.0259313145309813
-0.03952224792206444
-0.05102658057979713
-0.049558475710394866
-0.04050309776122432
-0.042232931823454264
-0.036371519465207655
-0.044527561663220555
-0.04897796094574908
-0.049734081629982024
-0.045905206978186536
-0.04504659187029198
-0.05139941425592479
-0.04953125970782955
-0.040751034392743184
-0.04204820832279257
-0.039781808346983014
-0.03869421419237085
-0.03491845533635911
-0.04620352709740763
-0.05249358567865352
-0.046203782068933545
-0.05315222466403683
-0.057388924177288914
-0.047605837679455865
-0.04255601426096901
-0.045441643435646356
-0.04557391742789811
-0.04248345731040716
-0.04086860087525054
-0.052767960888662854
-0.03946049833256268
-0.04120551909904891
-0.04549759498881464
-0.0467652861084298
-0.046898304779025915
-0.05539303914088152
-0.059265002974111046
-0.051311351886979294
-0.05078489506455628
-0.0586007868055194
-1.0
-0.05511633539672663
-0.052973888016063224
-0.0479329182966485
-0.05394422575420505
-0.0544382182895478
-0.04932840819848786
-0.053633343828138134
-0.0495161735830768
-0.05265659818487885
-0.05284529209566186
-0.053030603562487955
-0.041626202121500255
-0.030241184490530454
-0.04303557055044075
-0.03363550602171669
-0.03509225713329378
-0.0391206054048528
-1.0
-0.03589933444035828
-0.04191616449659663
-0.038778821476087924
-0.04188083310208891
-0.04609772958582056
-0.042842022316135264
-0.04671055748628189
-0.041518856024026406
-0.040229424701839454
-0.03824771610551838
-0.04096746075122727
-0.04155574876277306
-0.03811736110652971
-0.04026451268654153
-0.04947381348355783
-0.04590480777412644
-0.04776387617297329
-0.04325961440329448
-0.04439328113638585
-0.040116162205058224
-0.024097249836802094
-0.03454927296268921
-0.030595851750887346
0.006074938390854217
0.01875968404421023
0.027492334934594267
0.029882045885137504
0.03502813610279757
0.04186822794976571
0.046190910800273426
0.03887615223084091
0.05747609581763978
0.05426626201777386
0.056850190961757426
0.05073188785171642
0.05214745326841234
0.05611451750385568
0.05593157955659861
0.05760959017665567
0.055388738974714934
0.058199780747230506
0.060895777707516134
0.05333136408329543
0.054065718143215036
0.05059532149097464
0.047517591343334345
0.015327305401638831
0.02003235859728987
0.0261712578045919
0.024055093424464446
0.03154872592340241
0.039147043373645156
0.03278366455359767
0.04718012411149116
0.04747233721614635
0.0465879090830302
0.05434962546913245
-1.0
-1.0
0.05636443601965496
-1.0
0.054354402612826376
-1.0
-1.0
0.0494476040468055
-1.0
0.05707567540172531
0.056171124802173795
0.05564459818650158
0.05501536999938062
0.055276825663195396
0.054861895396498335
-1.0
-1.0
-1.0
0.05366924002336373
0.05272990234557395
0.05392941924573867
0.05313158627331729
0.06130754182199672
0.057406463264020824
0.05227967934853585
0.05025938410305389
0.04406137730578074
0.03969391084705971
0.051311845366234864
0.052023937941400665
0.03563122249567363
0.04123253532973454
-0.013855025406125276
-0.033996932759641135
-0.04228554982902579
-0.02749166513200877
-0.034008910643134195
-0.008581163509217522
-0.005116429810072925
-0.008529632378260717
-0.016413308235367366
-1.0
0.01810712693248002
0.017163653376878238
-0.006539962083979312
0.003468651048320387
0.05031951726207816
-1.0
-1.0
-1.0
-1.0
-1.0
-1.0
-1.0
-1.0
-1.0
-1.0
-1.0
-1.0
-1.0
-1.0
-1.0
-1.0
-1.0
-1.0
-1.0
-1.0
-1.0
-1.0
-1.0
-1.0
-1.0
-1.0
-1.0
-1.0
-1.0
-1.0
-1.0
-1.0
-1.0
-1.0
-1.0
-1.0
-1.0
-1.0
-1.0
-1.0
-1.0
-1.0
-1.0
-1.0
-1.0
-1.0
-1.0
-1.0
-1.0
-1.0
-1.0
-1.0
-1.0
-1.0
-1.0
-1.0
-1.0
-1.0
-1.0
-1.0
-1.0
-1.0
-1.0
-1.0
-1.0
-1.0
-1.0
-1.0
-1.0
-1.0
-1.0
-1.0
-1.0
-1.0
-1.0
-1.0
-1.0
-0.011772206767449046
-0.010733705305753152
-0.01542112051057719
-0.01015623720042342
-0.013502366108660832
-1.0
-1.0
-0.017142812536516838
-0.011349681764226103
-1.0
-1.0
-1.0
0.00564512234066053
0.01037360459268968
0.02199516604344157
0.03661736474759946
0.03637919459469141
0.04083743174254074
0.0412678593720356
0.04026092195341149
0.041741400994134176
0.04555012863522543
0.042369406050634835
0.04072679777063644
0.03738788069249479
-1.0
-1.0
-1.0
-0.02023009355633387
-0.028191064940233483
-0.027935500484268058
-0.03223022930136466
-0.03238694030419093
-0.02897610869116241
-0.02704794659027005
-0.031920971598168806
-0.030660615553116433
-0.028590813626996562
-0.03394683217815095
-0.03104853108503881
-0.03339919842539008
-0.03086183168628619
-0.02513713641163108
-0.02866943010977886
-0.03491982303073297
-0.03271671338863472
-0.028973165783719154
-0.030787671162771067
-0.029196207150812708
-0.0273186553398009
-0.028029959326578504
-0.03393399417032208
-0.03346067564212001
-0.03286092469003725
-0.03582585785423201
-0.027695582607132115
-0.025367371606635936
-0.02072708465243824
-0.02454456959254376
-0.01811073176367617
-0.005093049522382728
-0.007808759631687875
-0.024555286996742903
-0.027131321304555783
-0.030265333199216506
-0.034895123745662206
-0.03425397224976769
-0.03160788337146746
-0.03177366041175856
-0.0353474331306313
-0.030703966673814132
-0.027361976855346457
-0.027445472524691195
-0.030507308967893915
-0.030417431920014813
-0.0323279746896728
-0.030887054589120826
-0.03139348325404582
-0.030705528974284028
-0.027930695100436928
-1.0
-1.0
-0.0002839489950357462
-1.0
-1.0
-1.0
-1.0
0.03062763148783388
0.03845791770526883
0.049947996928566475
0.04766962317730074
0.048206570137693965
0.05140393211646039
0.04652944564739144
0.049904357369080436
0.04645636088460909
0.04512121256928653
0.0468042917072091
0.04495110805271801
0.04466402648920373
0.04524112042288133
-1.0
-1.0
-1.0
-1.0
-1.0
-1.0
-1.0
-1.0
-1.0
-1.0
0.03800206129788745
0.04340305483572053
0.04346267893057122
0.04081411406506288
0.04917065000969611
0.04472746347749513
0.04499177399208215
0.039135452164351936
0.050780320572949005
0.041192400313871454
-1.0
-1.0
-1.0
-1.0
-1.0
-1.0
-1.0
0.013754594329352778
0.026865158200932052
0.03999063857359016
0.03519590040127934
0.03242174385626762
0.03158163904526385
0.015885403081645013
0.0008322766381511434
-0.02087716635430254
-0.027980202267588215
-0.03254238605386518
-0.032254790460530924
-0.03490666141262513
-0.034851993537020586
-0.031199885989049932
-0.02933788021175079
-0.03234781567089828
-0.028669533720128888
-0.03267829485212027
-0.025052335800302042
-0.016382031505549066
-0.013908909287522933
-0.009775011106354653
-0.00740693514124246
-0.010049400158594471
-0.012655976063197757
-0.020133345181594722
-0.020905639335369302
-0.012531506305219403
0.014320623402170527
0.025992438031786594
0.022910106603097582
0.017356589273203375
0.01980757342143285
0.016476534109562933
0.019796062661534736
0.032926592753797244
0.03284187415326828
0.03019296430047891
0.023779570337650453
0.024179121587945097
0.02444025202868682
0.015542655166390217
-0.01654260451131252
-0.01870533489474371
-0.022406686320247657
-0.028679656022975668
-0.030865912164136484
-0.025173409703026527
-0.02755645013847173
-0.021236780116798616
-0.028057300236267693
-0.029253824747158815
-0.024873240741377624
-0.02569000371169206
-0.024430339247629183
-0.03432656185921716
-0.030921198794968966
-0.026205895779390007
-0.02251206050721464
-0.029420827978606453
-0.029852670054496693
-0.02381524003766449
-0.01581539267216904
-0.024343429425556982
-0.024685593057724903
-0.023135782873701227
-0.01650564378371048
0.01023069309907539
0.012593164434779988
0.018746058565376672
0.004803566708208525
0.005738205824065032
-0.003643592760582452
0.0003326323406338128
-0.001606615101203413
-0.011587641346675087
-0.012649465786223248
-0.012423559428251758
0.0005425608782538643
-0.023964234536314306
-0.032922359515390145
-0.03456138336652717
-0.0270902770276892
-0.030702607832641306
-0.013175363539937557
-0.03333788340558487
-0.03723290965833291
-0.03721983324084358
-0.03995416834137802
-0.039015555148324534
-0.037142297996478536
-0.0414107610725721
-0.04036134314106495
-0.04101262395031928
-0.04294578114108566
-0.04110343501033995
-0.038128534288713094
-0.03880242501241883
-0.026496999631584996
-0.02133514860338729
-0.022616503219566913
-0.028624392374384418
-0.030348145804798984
-0.025521073937967587
-0.03240508085381699
-0.019523811369735054
-0.030985948229826137
-0.03869520028162266
-0.03468984470591805
-0.00858596169401723
-0.008791613346220332
-0.03531414904189723
-0.0390842052143139
-0.03807965649634751
-0.039090670152777424
-0.037517208420978505
-0.03578593245431204
-0.04340371315245131
-0.04172191624896567
-0.04155319729362617
-0.04121966453356802
-0.03992579408696392
-0.041946308754192106
-0.04153327593533589
-0.04195422528986508
-0.04269126442710843
-0.04213246640013888
-0.04408404437463932
-0.025993943953615605
0.0005099628518163139
-0.013167909235428025
-0.0030814006199165918
-0.003203129480310426
0.01046693394057065
0.005414009999978897
-0.004771700055061194
-0.003268421089160997
0.00035767325260430165
-0.0036725077059967903
-0.003533876105260192
-0.017650775282638205
-0.0227509089476103
-0.010315117583921809
-0.008182044054787287
-0.008810269726494296
0.005352624672202432
0.01949934659172402
0.02883832879868604
0.03595266302779997
0.034700712755495
0.027910739229221302
0.030597175040819075
0.035352273874950414
0.0345937073395139
0.03627970809493796
0.038631601220915
0.030642459088802337
0.025318530995353264
0.007472479521024663
-0.004172683098270232
-0.013334426532183773
-0.027485272832059704
-0.028399530257228554
-0.030416245278267636
-0.028703236820530224
-0.01481811556428626
-0.01656395589391695
-0.009031847907285416
-0.0129451910655444
-0.018821526501635006
-0.009488200000442234
-0.018189676802070526
-0.01292028328184589
0.0012109726557161865
-0.02617497914266632
-0.031652316827855
-0.031017180887063144
-0.03620938709525877
-0.03256314201749997
-0.03269976752066395
-0.03067389735293966
-0.0212195637125054
-0.02559264746421535
-0.0339181013890743
-0.03554339758507341
-0.03920260260853299
-0.039463235527592316
-0.03420462762139146
-0.011312731749952336
-0.012668781468255695
-0.005873464986928519
-0.024936257380195843
-0.031373836619413425
-0.027408579948100448
-0.015033235381924618
-0.020172157639980495
-0.029565008214205785
-0.025713609007386375
-0.03373392290788591
-0.04353391685288279
-0.04324741406488403
-0.04760101657275519
-0.04114009642474823
-0.04694648991254537
-0.04442832153034519
-0.035147335349233706
-1.0
0.005154059796385238
0.014802368505237957
0.01514574462031736
0.023311369729438303
0.015480512367675635
-0.017579871165881084
-0.020375947545353216
-0.020703833274997543
0.013357765619255384
0.044713932728274626
0.046422547104146145
0.0506566412260884
0.05153997984725564
0.049672644171445395
0.05555490332793228
0.051293985672884505
0.05144865420284157
0.05592838411050104
0.05177649607530177
0.048916338915554906
0.05319082624137895
0.05536334092742753
0.043457669063454905
0.04560857654108905
0.054484794465883335
0.04990304044955171
0.05310380944879832
0.047606272873938565
0.052134098203577256
0.03671957696879966
0.04032403909415378
0.0517181904117553
0.05300549746737327
0.047879806944205815
0.04456584104932116
0.04115928991517605
0.047255588692898844
0.041764165311790814
0.050502782628234814
0.04817527179786633
0.04693986914355361
0.05008610303433415
0.04412921230701777
0.042156658986189824
0.055081170001209476
-1.0
-1.0
-1.0
0.016165897467152333
0.02116795421473597
0.009136015209650464
0.01676471917945477
-1.0
0.00047419528963133385
-0.025519297740163562
-0.040603230905407295
-0.033134770121886904
-0.028991317639250135
-0.04238646037848185
-0.04493935052612567
-0.04214677814600494
-0.04286141281759899
-0.03547526597162337
-0.044458333274714136
-0.05066116931301852
-0.046697018211142645
-0.04496616652618572
-0.04584762571988295
-0.037847242276530704
-0.003177358925494774
0.02356676929250283
0.03582105163111088
0.044634250793379966
0.03873440411051906
0.034872537566995
0.034974768730693884
0.03283257448043465
0.030022156131352735
0.043751644238038935
0.03305639480560073
0.032854696260184744
0.04473680318165064
0.03851573550158811
0.048487704497802916
0.04791238257398017
0.04313479312102987
0.043149295253586344
0.045675718168275474
0.025817932883690702
0.019075871937530728
0.009837448899784875
0.013318346677591828
0.036406143621889944
0.03966774921976889
0.03581339929122089
0.03832658803120271
0.04458393749649405
0.040477774596708274
0.02821836045729929
0.045694629724166734
0.040707303353864036
0.02891132230734948
0.015348829362915394
0.014433434427179273
0.017340634548340964
0.014800486363676965
-0.028964514478434903
-0.04926766313668595
-0.05169520628171414
-0.0488698586856402
-0.049942946198919126
-0.04808533673530927
-0.04844717507307923
-0.04775770926133298
-0.04673862870058323
-0.05035329312941596
-0.04313007362513914
-0.047029300920321614
-0.04286919737506332
-0.0430741593548238
-0.042406280162232565
-0.04139988277036261
-0.04355330965353912
-0.0439263389574711
-0.03136213721806667
-0.025521438950376528
-0.03792417612231076
-0.043702990557559246
-0.04349136391144663
-0.03925654506639069
-0.03798359398914375
-0.029595824315464682
-0.018067513442542437
-0.026300890226822107
-0.01796577858565638
-0.022655637382600742
-0.027505611843667406
-0.015949042468051775
-0.008562910801176835
0.008902325456439706
0.021120011263514378
0.028852664184605806
0.02052430155900065
0.01788623054671871
0.022184579251976658
0.006077510502037012
-0.005997448226074672
-0.003610809398676758
0.006277809621861614
0.0026397684300869502
-0.015786198356391862
-0.021995221947239497
-0.025929174979932072
-0.033378044897412376
-0.03199349173830059
-0.030537033553164585
-0.017359944928638273
-0.02430833867431641
-0.04273775011209156
-0.051903555452142335
-0.043255638707340074
-0.03816429432708618
-0.03976817455840068
-0.038588782047876864
-0.03877712530133776
-0.038797779145770574
-0.039985964449399156
-0.03328494469963965
-0.010659943269776807
-0.013574921295406805
-0.02559810594350284
-0.027432243786584494
-0.02417788305936836
-0.02297807244072527
-0.032882374596790706
-0.03738994629737921
-0.03974761630374745
-0.03314104301287483
-0.04057722804171071
-0.038364415115429144
-0.0409860504144399
-0.02627002431056343
0.02509210432668225
0.044383600654246534
0.045565812254485014
0.042913174587057415
0.03708350845763022
0.039698784392741326
0.035973082120575144
0.02974847211930374
0.03044349164349211
0.025724238012194294
-0.008788875654442998
-0.01257401377219981
-0.024097912603538277
-0.036942638753155864
-0.03619799098601125
-0.027314799785100954
-0.020655480875169156
-0.024590573925344434
-0.014350167217309537
-0.020193796278234245
-0.018985580727076852
-0.030959015961914672
-0.04591886428014
-0.046110250438930946
-0.0447519171814925
-0.03647477514723629
-0.03516580665959263
-0.036586172895811335
-0.04493954372599954
-0.04878827472640935
-0.04202065244316168
-0.04806199168291273
-0.048174101804512995
-0.04398993326020139
-0.04026601756431954
-0.03803278623800125
-0.04439606778490798
-0.04052701398234072
-0.04085239403334126
-0.04002905323828467
-0.042413894013781324
-0.043923535325510445
-0.03941826171985686
-0.04498328497861848
-0.04546478963295327
-0.045609112653946564
-0.039080569305219866
-0.0361199314039974
-0.009165809945323292
-0.012463760974370925
-0.020898188193577787
-0.0032433122196851094
0.009584253249033049
0.011308091173432221
-0.0078046325507377815
-0.002281627840946886
0.009839030581008048
0.005554125996943429
-0.01882555457122476
-0.030890935107561978
-0.03909834925518924
-0.04510604930605515
-0.0473904566343623
-0.04485517759640762
-0.049672319646343735
-0.045342127108914644
-0.04977207525798826
-0.04126669796768288
-0.0452050733152398
-0.04559255997247638
-0.04557580271633683
-0.04733144723276349
-0.04346381964788483
-0.02765983141347018
0.0028527625315034662
0.0237899188222328
0.01608919181437285
-0.018382699985914946
-0.025490776129788645
-0.02790817095910681
-0.035415236990609236
-0.03692861714490835
-0.03573956671346991
-0.0326769004337016
-0.03362549781602929
-0.023476026182715968
-0.030006764182410488
-0.03571676047476825
-0.03752869375958739
-0.014643910020151099
-0.02391686256417373
-0.036819423831793964
-0.035012047102949265
-0.0400411813468084
-0.04019501900109699
-0.0438219402134838
-0.04499271736267841
-0.03937001530596851
-0.04141830256426748
-0.04444346618722476
-0.044354791473298676
-0.043396606971568503
-0.041505381713184894
-0.03969268042466177
-0.03160656656424005
-0.033945226189223646
-0.04116832437228355
-0.038322071126886785
-0.0475922913164794
-0.045964370544012596
-0.04559226476582916
-0.036232005781244254
-0.023299372718340206
-0.03467668124378338
0.004083245069209861
0.02910088275391425
0.031535404624658744
0.03182000011862572
0.026250058615812744
0.02642469692619321
0.03455167368061566
0.04347863986120504
0.05071731612921177
0.043001614063744885
-1.0
0.0548191880840985
0.053478273595093405
0.0560313897726947
0.05760884314911395
0.05031653113918759
0.055241628349499375
0.05270982388314759
0.0528807665812323
0.0502178600661859
0.0522331771220047
0.04685215171331243
0.05211666342158267
0.05141785607895422
0.04742542148957126
0.04435157250373937
0.04681643661185142
0.049403018409768136
0.04920117865833035
0.0401727273466138
-1.0
0.04431629346663811
0.047818499330996446
0.052614707038689375
0.05037967179140237
0.04808984194266286
0.051378560649298674
0.050435250574871686
0.049542946942768396
0.04606805308293341
0.03862262873364323
0.028799047590620214
0.01948204087981538
0.018301204334230155
0.018827455826440832
0.02743181887011403
0.019343753865614946
0.011088024909431771
0.010159153933784462
0.006447684044022039
0.009347349618626677
0.010337311640999321
0.02423596538048023
0.026340215854418883
0.02654277213225816
0.03099767614563922
0.012740251784405824
0.025759615993028964
0.02908701856146638
0.0380093231997242
0.03406975620912855
0.040251171959674335
0.036283478647647534
0.029882940734057024
0.02488386024101467
0.022511602682318728
0.028638754684682136
0.027402286975429884
0.03243545590380021
0.048161168947851975
0.04448472149393008
0.04736761196920706
0.04728646598102194
0.043599180852821225
0.034179494143361355
0.01133781048408539
0.028717179966494387
0.026902602081006907
0.024484912100845815
0.0267008659800726
0.028942160235663626
0.01029258195724461
-0.012758283045407139
-0.02411028472021243
-0.010269303644384931
-0.037606458458428464
-0.0475942810280746
-0.04891105618108848
-0.04642064572212911
-0.046092307762420195
-0.04475295412408356
-0.04534871295035446
-0.04214356610337
-0.0444362322534478
-0.04120206697554358
-0.035498331255886514
-0.02752635272373687
-0.04201851679722856
-0.04232848541365653
-0.036581221459078245
-0.02893713334736527
-0.01205464985495448
-0.011997521395633648
-0.0026338087615699252
0.01232594190086367
-0.007733436705790265
-0.013927682715678378
-0.022097003440185496
-0.027875033915521062
-0.01882406033626507
-0.02414715770568121
-0.021018401566604342
-0.010096592145578972
0.006806178312359218
0.020864299112648952
0.032462461355347666
0.034126414974672815
0.041612547099004006
0.04985609992580864
0.05019634209635204
0.04301290117457738
0.046504134822792434
0.05046181032881733
0.04903536811204785
0.0446593998703546
0.04731072583382344
0.04334151662340724
0.04259180639507285
0.04635462664157154
0.03893265490934139
0.03965037945320744
0.04274863595583897
0.02430608836032686
0.022313938223085767
0.019319149625454148
0.004902471256621198
0.003466753992833603
0.0029716307490190745
0.004546369871929686
0.01279336664149671
0.015294764542862575
0.02340008199318136
0.020591958037729542
0.018504878097305385
0.020786750988479073
0.01976845917673855
0.017415118897203038
0.005191634207057621
0.011000745926322344
0.008811201621092281
0.018992125976120194
-0.0047400153810207854
-0.00749264048251027
-0.0010202005492943027
-0.009333999404344701
-0.021622427627818838
-0.016358362137940567
0.011484099564271908
0.028494670268591808
0.0014148020800728144
-1.0
-1.0
-1.0
-1.0
-0.02480592106805501
-0.025751485456974185
-0.017421970715148536
-1.0
-1.0
-0.0260188444604041
-0.043610624629931476
-0.04106776248262341
-0.03575184887321209
-0.031804021319092636
-0.0410239579139125
-0.0408414946310481
-0.040778262840752734
-0.03819284130188021
-0.04044885849146073
-0.038303757752913344
-0.03633471105730834
-0.03584591870679969
-0.036853194263517054
-0.03765045646933711
-0.03895825915419336
-0.03719316112927734
-0.03909700748321829
-0.040793149499087016
-0.03939256976543782
-0.03972685416235415
-0.041345722022730604
-0.0384347181503131
-0.04061419101296362
-0.04134599040097747
-0.037382818552760856
-0.03910082774497041
-0.0416468721832459
-0.038000530413969974
-0.041417909045068896
-0.0379271061620637
-0.03704988770280771
-0.041906593027732336
-0.04335284603606549
-0.04228779800435855
-0.040475847866059254
-0.043826347051265896
-0.04179327438310497
-0.03441029490442119
-0.020386882394627947
-0.019582201086384747
-0.008105971741877929
-0.001317362257859765
0.011447060369648493
0.013757543625812564
0.013294603826949386
0.0225763493510973
0.03492826666709944
0.037762729879723
0.0105030546806895
0.0208778938901346
0.014192483935835836
0.006143813727601634
0.006763750814600938
-0.002594719356668059
-1.0
-1.0
-1.0
-1.0
-0.0017665208083723894
-0.010611273238701549
-0.021524225575972007
-0.02397833551206929
-0.014066666402244354
-0.004863074173819281
0.016693405753112355
0.03786063523524592
0.03433970085026958
0.041846613095623174
0.04177688410455961
0.051711914343206454
0.052368810023607694
0.04837141687501674
0.04081931202902131
0.029426425689547422
0.02871923435631622
0.02947791602636698
0.020660157899692756
0.009832387988748945
0.006159611986462712
-0.003295442602955187
-0.010184490438740182
-0.011354795630357168
-0.009769443622535425
-0.01790204774102494
-0.03854672651087302
-0.03755863984883597
-0.04121967726851631
-0.03661335555956947
-0.03583542913089739
-0.03781422048508858
-0.03591226187537595
-0.03941565240867128
-1.0
-1.0
-1.0
-1.0
-1.0
-0.03706708539917635
-0.03693465695392162
-0.041862978897971026
-0.036968928282580374
-1.0
-0.037287028761027054
-0.037442610997304025
-0.038028377224920154
-0.02890866301299154
-0.02681237321814059
-0.022338774281344443
0.006924476956388523
-0.003137979160557513
-0.008001710939235813
-0.0037300252301311603
0.010683185449470382
0.00021821419634426373
-0.024903101520317016
-0.018687881452399028
-0.038153000611274066
-0.035810362327585846
-0.039463833572494236
-0.03529130822332008
-0.031087383703603668
-0.036644269218797716
-0.028219470258396478
-0.019456008920881323
-0.0013672884275869343
0.021117232521101096
0.022391147579782247
0.02888305699940225
0.03570849014778399
0.024994863127349602
-0.023210561878360216
-0.03301772949832797
-0.030681269928520497
-0.029089358855579475
-0.032314380693312626
-0.03615255684901577
-1.0
-0.03226837087777384
-0.03793324462288728
-1.0
-0.034266897493069694
-0.02926619759678048
-0.016587734814624486
0.008087596451562375
0.004102782657338259
-0.02546908616974212
-0.03593616195216423
-0.04144761864928305
-0.04060382373937291
-1.0
-1.0
-1.0
