-1.0
-1.0
0.002932476991486255
-1.0
-1.0
-1.0
-1.0
-1.0
-1.0
-1.0
-1.0
-1.0
-1.0
-1.0
-0.023535278218530804
0.01901940418616285
0.008466105954868025
0.03480618626543602
0.04164079904245562
-1.0
-1.0
0.014903618800025657
0.00609847764175134
0.014907012250219794
0.015271870459573907
-0.0015025805921521256
0.022460617319480774
0.02937995008085562
0.043716671116219206
0.04927515739088153
0.03541230360327907
0.028327399256793735
0.03296115261773883
0.022309126539545702
0.031721861333445144
0.030362274435794277
-1.0
-1.0
0.07681374568735766
0.06665574487432724
0.0687184345057643
0.06970240195756292
0.07091598472335023
0.06617268295376902
0.053193572802882845
0.04550367306927117
0.06144543157244354
0.06293753481136972
0.06743844257897383
0.06908985179083761
0.06522699599423541
0.06812903925526864
0.06723054804687213
0.0655025785599222
0.06917361638620231
0.04523531985556337
0.042753640329262994
0.06882439886697361
0.0625831959715418
0.07331780839223381
0.059796138222270714
0.07243848150962132
0.07527924816363706
0.06251268008515651
0.06796830532667231
0.06761740061794762
0.0665079040236608
0.052184127440526966
0.03706638189546955
0.025531238081733947
0.04365555468720328
0.04000046804027497
0.03440704281149023
0.049065973043831534
0.06473750103495894
0.04968790216700799
0.070954528396219
0.06365119441017916
0.06516454634364813
0.07568415550922203
0.05855013773573019
0.07176021520159272
0.05951644750430425
0.05646782755402276
0.04947175534161418
0.0629453387927811
0.04897017124962202
0.0650909480658631
0.05771298449402986
0.06382315361248632
0.06315070823692269
0.06168072248146275
0.05103232600516846
0.05440968965223225
0.055865495129371806
0.06620007658305654
0.0453869032934833
0.020279372382899424
0.022940743554488614
0.01065680718884449
0.013326053530756318
0.01782921216379135
0.010915148265562285
0.004277420889889595
0.0012170294450062065
0.028007914564152286
-1.0
0.012438986595893544
0.024792762964813798
0.020692896323122614
0.010493138880647282
0.004910981184352248
0.01489147557689609
0.006703797854540168
0.003406251701749564
0.010050743883789461
0.0047908703549545744
-0.01393196179441598
-0.01563927736832002
-0.023565332089011702
-0.007751110818874353
-0.028998255131372778
-0.0169696298845778
-0.018694607626043743
-0.021724734417829458
-0.02950102116313517
-0.019985896801716353
-0.03520012285402342
-0.04051621877452272
-0.048657663681228376
-0.05410487328182562
-0.06107726828964272
-0.049438706561545386
-0.053328274893165634
-0.040773944277693076
-0.050387491450742776
-0.05136836598314188
-0.059570498862297504
-0.05022120571345888
-0.035436780885234616
-0.0030628558160495445
-0.002891991639882484
0.006097912140497093
0.005872764630981926
-0.0055928114709452754
-0.004010384464481824
-0.013648442765027259
-0.011417657916171768
-0.012805418571562236
-0.001955723494526889
-0.015218015726768556
-0.015811133205354343
-0.02814903519174475
-0.03873744776869338
-0.04121496146789854
-0.04696355447722565
-0.03696732312931899
-0.04575522515353569
-0.04115563980682428
-0.03740572638561623
-0.03832298561661876
-0.022837837440767207
-0.021573321213330582
-0.034085810763753596
-0.044062516069087704
-0.04428270121646072
-0.043851852974048804
-0.050765397106308986
-0.03034255600528739
-0.03253120404720832
-0.010866590496025714
0.005880823741877693
-0.0008716871580395974
-0.039265037483501235
-0.033733146127757505
-0.007314681016315332
0.008837803540817854
0.044491760279178165
0.06583618225159948
0.06342401100039592
0.05949274026625295
0.05948273951521876
0.04890795189859335
0.043192744799808
0.04503403779464921
0.04860317653584389
0.04878048874888538
0.04246152545335465
0.04196787708755095
0.050120810327012606
0.051060847317406274
0.04507773523861306
0.04672996034818023
0.04380508505565678
0.04370200803163112
0.00692515384502621
0.010914891450266506
0.013779381567438714
0.02054960280620652
0.003164260135749807
-0.006256128471298463
0.012205375669480014
0.024896343262826616
0.038794917198556766
0.03882492759947875
0.07347661806437605
0.07442075743527517
0.061238632801227405
0.07406205553688287
0.07055395124367633
0.06548568435944363
0.07117747509324689
0.07525818522079857
0.06059646659556302
0.05261918869521341
0.048270055587090556
0.04391338122569222
0.01047199823333292
-0.0028372477675903235
0.007186975308097203
-0.016736158799123282
-0.010203986419720874
-0.004076601788738828
0.0050892846443080335
0.004486832509796654
0.012458007170823024
0.02010654481515004
0.03853665413775829
0.043454200314947074
0.040787339056055624
0.038099965838746364
0.03722432352754345
0.03451026025327514
0.029929014220510378
0.023441609919237542
0.019529475722585017
-0.03004458277475468
-0.0412860254790458
-0.010814121256292457
-0.0270430197833451
-0.02546790972054519
-0.015046060294826202
0.019867658259163177
0.009913153261434111
0.019437453570136085
0.02807408145960635
0.036904254519849196
0.042280742220948735
0.050430399629680905
0.043229233297294396
0.048608025480879516
0.07281765052177887
0.06868348902967214
0.07566508705974172
0.07505757940115305
0.08275489560459577
0.07948625592162593
0.07209201609053481
0.07192832877908079
0.06588825443129981
0.07063849276749974
0.06446997537429944
0.06785391640733247
0.07307673795299134
0.07209843035059207
0.07105822216517123
0.059313781536787485
0.06085093183629221
0.05648084194853067
0.06294751753652805
0.06510538117562523
0.06779888389342803
0.06958856943369617
0.062066040094692985
0.04642820120354551
0.04131339719695014
0.03832056070119281
0.029410502473631375
0.032234147721016584
0.016459633147486503
0.021486504990492154
0.03951157171966637
0.052944031948790264
0.049595550575714714
0.04794255980454715
0.05382888011442676
0.060446374951964
0.05523493662804434
0.045271342317532604
0.05722496214258023
0.05560363510290748
0.04756253521791001
0.039371842262253015
0.030881344924071946
0.030317251239778867
0.013023441422484594
0.033612054961234226
0.03619148017069055
0.04808739815302153
0.04233871116764217
0.052094891014137786
0.03983684444925352
0.03849359763412886
0.05150612427898374
0.04303687827117546
0.009412359096981527
0.007330416361533526
-0.012610605408057264
-0.0026040284833974583
0.02184197016108843
0.027307611662646405
-0.002992600037858051
-0.004438363601355886
0.0013976248440130286
0.0014637665571297558
0.007110021233888399
0.032525506855451254
0.05062627916552325
0.04029157543317517
0.0547471098253562
0.05583773054842783
0.05614578340097882
0.05694777686180096
0.05485105780137762
0.039896876462519985
0.03386315804066805
0.03766195102461962
0.03345502341969146
0.03979907699903418
0.044803937636777834
0.020327343787287882
0.024025839363889964
0.02138226998704008
0.051771174397858194
0.05034911940082541
0.05306319725411716
0.04519731077971637
0.06001277980353107
0.04994847615693345
0.058371128368954715
0.051505175277422176
0.0535012939993596
0.03194713588514895
0.02523252156892441
0.019843332531789742
0.017513920528943745
0.03047802621122779
0.007789326755145546
0.011932520488017509
0.02096982823224811
0.03227239298524158
0.018788700098002084
0.023657298388930173
0.026566661892690444
0.029701090006556862
0.0320221029164031
0.02650071906411478
0.03274431934691112
0.032707107485059866
0.05436728720490768
0.03855704481942711
0.039453029676560517
0.0496543349360485
0.040209058200508546
0.04445878573967937
0.03721396076689561
0.034035288138529074
0.038062320225354974
0.029445932767270172
0.020541462273083427
-1.0
-0.004839871334436053
-0.021102521110434317
-0.015135673124453282
-0.02489364338163689
-0.024512586330068274
-0.02706594147906276
-0.032170187948956555
-0.0110075043028913
-0.032378370893235295
-0.04555547952337766
-0.036192652340255455
-0.029155625409884853
-0.03824990785612984
-0.042082258838194275
-0.044963924450530296
-0.0258675729134983
-0.023650801044327013
-0.023698501412304156
-0.028601407025832994
-0.018668961479947198
-0.01703964796527675
-0.021804158858858388
-0.018869412010850906
-0.029185144577056496
-0.022155056846096106
-0.01987323235385896
-0.024292447186898155
-0.03062410666069742
-0.02142052028442343
-0.019177459320280674
-0.03379335708622949
-0.05200962597442038
-0.0644180613936729
-0.06890482748530977
-0.06328719125831829
-0.06142297912911633
-0.06250869451093413
-0.0679225382625476
-0.06653992566219251
-0.06617531192021275
-0.0661200348535446
-0.07202760852243006
-0.0654377421861961
-0.06207959393394679
-0.06923125872559464
-0.06315569081796843
-0.0476935642739062
-0.05524385459107208
-0.049252649310504756
-0.042826203584178935
-0.04975622657385182
-0.0421923419144104
-0.04894817141593247
-0.05332246142135363
-0.0563585817216312
-0.037242651597254144
-0.03814862063081949
-0.04478862874392393
-0.04814521534976091
-0.04565656882119929
-0.04975391733241532
-0.05130599004731434
-0.06212695221683619
-0.0659475001179018
-0.07144853930702613
-0.07117722351810427
-0.07057125851913727
-0.06415939314677457
-0.058669601205487865
-0.06957776943377429
-0.05777142859477792
-0.048292601041661484
-0.05556493457902164
-0.05052588594878922
-0.048303089987656415
-0.05351276845060133
-0.05300985546516706
-0.05573566185807336
-0.06909415650761888
-0.0658132890662726
-0.056858327238776415
-0.059066328931155404
-0.05861827938387219
-0.05264047346289734
-0.06393921652647869
-0.06894360222591238
-0.06525144232593828
-0.06234470573332801
-0.0714170425654896
-0.06889082919905454
-0.07594656308940848
-0.06191467722113204
-0.0664705195087565
-0.06580280117232506
-0.05999890116343704
-0.06270201735682805
-0.06330662622981065
-0.057037909026784184
-0.03643240115985786
-0.01007940362106087
0.006375953619208839
0.006090312005851895
0.001499708895949102
0.008181332105538867
0.0038398618307429124
0.016290918238290437
0.012766045800261295
0.028108319898271287
0.02335756646822573
-1.0
-1.0
0.014186380497483676
0.003624671918186586
0.014691014361599575
0.016709070281324713
0.013201092003159998
-0.002748144131038591
0.011659110517151891
0.013683299839750113
0.01872820488327972
-1.0
-1.0
0.037575489704779544
0.008780370608303053
-0.0059558564397687985
-0.00833140827452202
-0.006447782659269013
-0.006638397422227256
-0.003977437974085514
-0.004580554425607293
-0.006280941609377606
-0.026307744658478193
-0.018302555690838853
-0.02176102854064292
-0.030259024393255327
-0.019668914829590375
-0.009952861350342315
-0.010672528175112307
0.0020961876735312345
-0.010089046800584563
-0.013195454182853011
-0.008784285815016732
-1.0
-0.003900972918968411
0.0050053544194241986
-1.0
-1.0
-1.0
-0.02825162329917479
-1.0
-1.0
-1.0
-1.0
-1.0
-0.017669119373944258
-1.0
-0.022997259631076756
-1.0
-0.04560967323544739
-0.04477875667251245
-0.07005043685422067
-0.054452469008489164
-0.058722346178006576
-0.05998792649772864
-0.05238571353133073
-0.03720876396527327
-0.027718644961359423
-0.02487641893398299
-0.013345031159126518
-0.002336142390676047
-0.006807542710632958
0.0031787685855564876
-0.0029127455208927205
-0.004388637543708046
-0.007898762159055946
0.005525714651968453
-0.013529748088868062
-0.015970183855784522
-0.021193716101191883
-0.015540590181828632
-0.022443861202438194
-0.003237579066597761
-0.024056594595560674
-1.0
0.0009862592634319652
-0.015783235672568154
-0.013992229234171904
-0.014585074493104852
-0.014284715214917466
-0.016511197461119127
-0.03159523711808515
-0.02519695348194766
-1.0
-0.03947193114086533
-0.03147265941115598
-0.03847274678814604
-0.011693271490289845
-0.005500878357045339
-0.017650914261738013
-0.0028662544256609565
0.0038130660218727037
-0.008194204812252878
-0.005780398664252718
-0.00942853836823862
-0.00386265568537777
0.006099727717593139
-0.000636155158508059
0.0027754235882928614
0.006943670575799707
-1.0
-1.0
-1.0
-1.0
-1.0
-1.0
-1.0
-1.0
-1.0
-1.0
-1.0
-1.0
-1.0
-1.0
-1.0
-1.0
-1.0
-1.0
-1.0
-1.0
-1.0
-1.0
-1.0
-1.0
-1.0
-1.0
-1.0
-1.0
-1.0
-1.0
-1.0
-1.0
-1.0
-1.0
-1.0
-1.0
-1.0
-1.0
-1.0
-1.0
-1.0
-1.0
-1.0
-1.0
-1.0
-1.0
-1.0
-1.0
-1.0
-1.0
0.02160826259127386
0.041758195633873035
0.029969424104104376
0.024571178891943945
0.019035638279685713
0.029596132589587848
0.02728684851411869
0.02830143443082351
0.031123064644790602
0.03344849645168387
0.03321045853591872
0.016619145397224398
0.03631933954218658
0.03482455111769254
0.03424273370836459
0.0347464664972383
0.020767890136344988
0.007323494437272683
0.01411155747434206
0.015439313113819225
0.015422811061663513
0.020471836159295115
0.027119832620347246
0.037012314473845134
0.033309681169730515
0.029669037235964934
0.017162563435847246
0.025330913684300058
0.024259397724124946
0.034333591640839704
0.03140757710968204
0.02544279135297447
0.027240831915684997
0.03085669793678672
0.026335399406972118
0.03154565054318285
0.030990062383761126
0.019735449618865152
0.027321709684720617
0.035133243471157344
0.037183281264893724
0.028408003999722573
0.009807371373400035
0.006851681702481445
0.0021107745665665196
0.005959518217700438
0.004270917100330178
0.0011554842099093653
0.003766136529953752
-0.0038169573044480654
-0.008124275573392908
-0.009424550017563418
-0.004641590619239197
-0.0018054170793184588
0.007373376979389929
-0.004563415343521595
-0.0017569017716973186
0.012592105957630797
0.018712838745860695
0.021673584283680238
0.0076173576787236285
0.008680036403303771
0.011125993070688575
0.013114487000175359
0.014575480227910416
0.0037304141424810058
0.015347212154323938
0.01963855008891813
0.025555013585124145
0.016909996685317435
0.015175670004321521
0.022463958715610133
0.01751420507477709
0.020910629233463287
0.018169317569336117
0.018094700553883226
0.023345403751891314
0.010807528714159215
-1.0
-0.012032078432991486
-0.01746019954037968
-0.03592448629485645
-0.03916029074729851
-0.04153685435427634
-0.0412375081185578
-0.0441214211275465
-0.03850700139425883
-0.04750172558465179
-0.02793777622221282
-1.0
-1.0
-0.026514124712819682
-0.03726845191504117
-0.03593967420616566
-0.0389226526847512
-0.037272562697202444
-0.03915228518582329
-0.039516358826923455
-0.033456340051052476
-0.04887876945692437
-0.02997524357018341
-0.029571853439751827
-0.03712348214958465
-0.04421530941225361
-0.03581603765121207
-0.03237839810294416
-0.024773613860488555
-0.026662847319180106
-0.019691040943467682
-0.021016265451131454
-0.01513498576819482
-0.01965957277189915
-0.031044241690763776
-0.018060126664609405
-0.016452042233658704
-0.022545246745128037
-0.011056806895595385
-0.014234023023574969
-0.004881864854600683
-0.017248906832822392
-0.02287718877710892
-0.024096881626239068
-0.03617218488988678
-0.013404778208579958
0.006398200270461449
0.02524891135689995
0.03413747146208423
0.03104102357491084
0.04301063618171269
0.03274406221309127
0.027360505637812903
0.03786652779897292
0.03780370367741982
0.03492933331155651
0.03994382442706559
0.021104736671901565
0.03647601892566117
0.034736244088221395
0.03544706892038186
0.029034694566266308
0.03314790773279393
0.023702655325794453
0.01502891526033658
0.02216883412429856
0.0376070724293584
0.033604096019489174
0.03395135479255717
0.012776651534730468
0.016044118538403897
0.023476880369309196
0.01839043153631392
0.028319280916903257
0.006786371887651527
0.013411772537975644
0.012157084761206713
0.0092730007552357
0.014940773309285092
0.028665411292752997
0.03392015062598639
0.031488851124663826
0.030339795430238382
0.025855796866397857
0.02707293246451582
0.022266029309997794
0.023702076461876873
0.020535674852388053
0.02944115515732754
0.029158678417808913
0.02369987084066204
0.02239313366546732
0.021389932894607992
0.034670362084778625
0.023249252343109074
0.021004884718439233
0.01864757300776469
0.01105993420842161
0.02373145303760664
0.02140756568206512
0.028384710341049862
0.024910463995961262
0.02102923459615442
0.01884944880312157
0.0140800506392298
0.004202807147623759
0.011261550528589402
0.002453239274005188
-0.003615204689200059
-0.00023241132174131607
-0.0012943157439508457
-0.008354371767155979
0.0070775762423850195
0.0027567208713014375
0.012254062681296472
0.011866280056181906
0.01910047317741105
0.019009552282395592
0.01034489278517033
0.01330972558739332
0.020051281196866867
0.00608966002075095
0.001165934255778769
0.004907861629306722
-0.003960085984709577
0.0024683607229159027
-0.008688869516199222
0.005534764203531448
0.0007528141989564506
0.007698642711829482
-0.007968440673553743
0.0005334594425742491
0.006216262008487911
-0.008473467566947532
-0.02450215872912001
-0.010128385623458903
-0.00144401028105341
-0.009544534533096026
-0.00952084443024308
-0.013362912295576042
0.005706030637219885
0.012994726070387028
0.0032674154828448002
0.0012181154592157157
0.0010813116644903002
0.009433520037083407
0.01321559264522392
0.012271982281208096
0.017719905609235753
0.010652275056790363
-0.0022786584283589857
-0.00013658502374929986
0.005180931876415469
-0.008970109237180172
-0.0037282075207039863
-0.006103339518522899
-0.011765881894060427
-0.013761455059591296
-0.018216535394099346
-0.020132325309663777
-0.0162148501737203
-0.003383182052642107
0.0001556750160065622
-0.008923110330395634
-0.008955026845525575
0.004396387772793469
0.0054998563718507585
0.0037774591584330136
0.0035895315473443695
-0.002769973892153278
-0.0010311383850550744
0.0037930547180188893
0.0022366952237852754
-0.0028189621294552915
0.010108790909860837
-1.0
-1.0
-1.0
-1.0
-1.0
-1.0
-1.0
-1.0
-1.0
-1.0
-1.0
-1.0
-1.0
-1.0
-1.0
-1.0
-1.0
-1.0
-1.0
-0.006192126659932973
-1.0
-0.0025838253757215174
-0.007832553050906882
-1.0
-1.0
-1.0
-1.0
-1.0
-1.0
-1.0
-0.026282297993536794
-1.0
-1.0
-1.0
-1.0
-1.0
-1.0
-1.0
-1.0
-1.0
-0.02378347541034748
-0.023813767270155866
-0.02108767645673472
-0.028092827022263706
-0.03161202109857478
-0.032461846910084864
-0.036256097331386274
-0.042417108151486395
-0.035881549177564934
-0.0343816131237442
-0.03235922214541683
-0.03928115264001887
-0.0375775685730442
-0.037876026525731195
-0.04093674340983857
-0.04241248492719761
-0.05180944535547208
-0.03637940073398968
-0.03687565533465411
-0.05443177264847011
-0.04320352674929079
-0.05789259215618779
-0.044787350352677426
-0.046544680595279185
-0.03775250919179099
-0.04774799446249688
-0.038597391467596685
-0.035376502333130284
-0.026906861812877693
-0.026382001455614285
-0.039475294462265866
-0.04036482135331922
-0.04403854467547788
-0.032068009039839876
-0.03505623427561336
-0.043419472356026605
-0.03285922992575199
-0.047645171222485516
-0.04856615507177774
-0.03357178651604044
-0.04413798397182591
-0.034464671378657365
-0.04086170143362623
-0.0365960189372481
-0.03837484509637092
-0.04759336571830439
-0.039099200686327114
-0.033053086241575276
-0.03653738416304689
-0.03023392188460083
-0.03576617539589076
-0.03893641932619314
-0.017902558531535644
-0.031616864890200436
-0.03650945841171623
-0.023536374669267633
-0.02993452485980019
-0.03668757184416403
-0.04095263441896132
-0.027625328641222028
-0.04228676905410124
-0.037943802571139676
-0.0470520131183384
-0.03632711315578123
-0.03121966233773896
-0.03561941714304774
-0.025320078743768966
-0.03401227021748327
-0.03730867150662503
-0.046127086452365164
-0.037046794646436385
-0.04711059783435491
-0.06178774866514163
-0.04819375316085437
-0.045629499155967194
-0.05228153307372056
-0.04874633535668279
-0.03508368098241743
-0.02938823125906889
-0.023614618784298085
-0.03429433811445053
-0.02478154992187289
-0.03154818267573239
-0.015992131999720553
-0.018899916138026183
-0.03452723559653317
-0.030405342182543788
-0.024001382410911636
-0.026401798989667054
-0.03035094253060772
-0.02078412849346125
-1.0
-1.0
-0.021963278711282303
-0.026917477051144785
-0.01909671220725254
-0.03672049028044404
-0.04113263359083155
-0.041435027646366834
-0.0316432826834317
-0.045113691765754256
-0.04493773177811592
-0.04036819079807454
-0.05661337131016435
-0.03876476339265691
-0.04708902949410375
-0.05329317889468387
-0.044023442492810615
-0.03866757515152402
-0.04536150219768912
-0.05564327756305657
-0.05744885742794332
-0.042860315632799434
-0.054899126405615534
-0.05283348222011497
-0.046649958383321276
-0.05425187563979177
-0.04862929591375851
-0.05024912811513347
-0.0463263621648446
-0.054032774983466966
-0.044931019283656844
-0.0478053098454171
-0.05049639382021603
-0.047855424577277955
-0.04893760126128016
-0.057101514463194045
-0.05970165376061567
-0.0518180313472247
-0.04867191684487945
-0.051785268013583984
-0.03759294915626911
-0.07207692396752245
-0.05712537429685302
-0.04367738948501466
-0.05136589425010306
-0.05242428234124316
-0.06528777726406824
-0.058112041665893975
-0.040106999152360344
-0.03929105130981586
-0.0502449246089732
-0.05355918113456887
-0.049267157355937764
-0.05039214865450027
-0.046135556316594585
-0.05518555372791134
-0.05569999387279267
-0.05316289757637079
-0.05819807826609769
-0.043444707627447794
-0.03646667426376639
-0.03680984701114467
-0.049613327142939624
-0.04988502762864793
-0.05223669566170368
-0.03851904672281557
-0.04850167629093152
-0.03710375699999403
-0.027572120641123493
-0.03267133810128906
-0.05140346079309759
-0.05099159416455545
-0.043796820136275366
-0.04333760316173641
-0.04129671622441129
-0.0520742551020069
-0.046726961408492265
-0.04929511469698984
-0.052322522753662185
-0.04087327088780356
-0.04201598744313356
-0.058743832514616644
-0.047691332010103143
-0.04639662738611875
-0.05112243012861451
-0.0456276400705634
-0.055263589519407665
-0.04894078889852948
-0.051108700277809775
-0.058278485518446166
-0.05269290608568254
-0.04922787117931064
-0.04491417220925343
-0.03864482655012251
-0.0506317406708165
-0.04015082027804796
-0.049794984022161135
-0.04469492424647921
-0.04057297004857712
-0.03706055930075799
-0.03964298572887216
-0.03571969385010756
-0.04071303745971974
-0.04825936146370438
-0.041999707090957725
-0.04200454520314595
-0.03873827411719505
-0.04450449783058359
-0.037246588784462575
-0.037888120050461445
-0.03063870477610928
-0.037069491707667254
-0.03190188690153473
-0.043938501480352825
-0.042671938741146054
-0.037026585454743514
-0.04546349637037199
-0.04037440356701048
-0.04012626065718162
-0.04571113271583096
-0.04001463332763041
-0.04027669831955094
-0.04298080168292096
-0.04493160389854515
-0.03834978729014195
-0.04607446547934802
-0.04843069962225084
-0.05817037614286008
-0.05026555219710551
-0.058777861583720115
-0.059671168220122715
-0.056371739818721685
-0.05561905624130534
-0.061383038753124564
-0.05245002900572926
-0.023623671375471705
-0.0128410783135512
-0.013978631182592844
-0.00577741401590916
-0.01486316786522899
-0.016285351621906984
-0.013554403331226353
-0.008537864506791198
-0.001733233180411291
0.00017925879505919633
-0.002573190596759414
0.01063994517209985
0.012890720881600096
0.005136836384867861
0.013295024437716555
-0.000951481487766343
0.006826074874536945
0.000569030265288438
0.007970017412795431
-0.0005939629155742109
-0.00782979465900049
-0.020227599491705727
-0.015301623970063141
-0.018752132272187545
0.00028973822623957124
0.010809577710913471
0.012567733551069557
0.000452483132864626
0.013434730244986232
0.02084592859795872
0.03406163005167666
0.02897772013996399
0.02611444123853677
0.03392329155966804
0.04176931970278022
0.043121668324700574
0.04928591895425832
0.047311390512228546
0.0521020230119094
0.045436348707220194
0.051383280048908374
0.036063509938278254
0.03285791554366963
0.016623946721382916
0.013272013209133937
0.018481225276443587
0.033405180054145334
0.04049052805450804
0.05193778730896807
0.06771430504174239
-1.0
0.057082578032081804
0.06150204482206278
0.059930727613357215
0.06094039855177
0.06068094091585278
0.05736756726582998
0.06273931468857108
0.06262884806980039
0.06285065953057409
0.05536071086520445
0.059115368813531514
0.04638095983332665
0.04963693684540996
0.05545676423468637
0.06103532947420539
0.060289214287584623
0.059718696374691814
0.06467070572693294
0.06208672798006504
0.06217654511174817
0.05773166501601618
0.05394721436314964
0.06613278885721088
0.067132734521996
0.06159821381538573
0.06171608580943356
0.05819325699731478
0.05185091938763171
0.04695009825185427
0.04635941550698925
0.04879450727721848
0.045242275482330445
0.04650257854149296
0.04235658029724188
0.03271043666339194
0.007947037209513806
0.006384015385175574
0.018991151222038077
0.020244701136578853
0.024543227886844047
0.022975224373705312
0.029983624777196367
0.04002701540103675
0.04221172678849916
0.03542740546461869
0.03778913367316231
0.04143380001658671
0.04993159437291551
0.051723669467394234
0.047290625707205526
0.04938653250031673
0.0555308664722082
0.05658365695173142
0.05297003968051733
0.05483449798499578
0.04918761276881726
0.055513142990505915
0.05329056524597498
0.04714330115149263
0.05139053021472
0.04712738061933565
0.05029187709188576
0.04809847176471403
0.05228492531108333
0.0470499226120379
0.04739713417406222
0.03813778742558665
0.04460473621679462
0.036584987829452506
0.03846624231709966
0.026838018416229157
0.032630669668979206
0.03394429500433669
0.019325088628060063
0.02327482329481183
0.033736731315450456
0.04025423836676441
0.04000103993363918
0.033540489786936765
0.045770469950283575
0.039668272209677835
0.0359985873987506
0.035472348441931735
0.03723737062053348
0.03197446623885191
0.00798486009204751
0.006633393166294024
0.009599717532571569
0.01849203325477397
0.02019843038232672
0.022848630191985367
0.014444035003638663
0.012740010328343791
0.007234451382791958
0.006265058891627985
0.003142051307526768
-0.007619127499008501
-0.01201742307676344
-0.018111297089939735
-0.01035638174593469
-0.018818599496825975
-0.011702733079655615
-0.016940772300774065
-0.010349985489565325
-0.016968707671348834
-0.0133772715887199
-0.014183720419346972
-0.020389277437482388
-0.01667930966088992
-0.0430321754119948
-0.04530314351459043
-0.047778482041623466
-0.03283459748133292
-0.03299659318714174
-0.04249079473666639
-0.04510130738535304
-0.043624891790076746
-0.03401997359986584
-0.04354712995443122
-0.03420228508101733
-0.03147621987028257
-0.037821899445809826
-0.038033335257867895
-0.03633827626315117
-0.028299610620588955
-0.036661995766533347
-0.03716297027951526
-0.039665819753535864
-0.037649477426559115
-0.0345071796509619
-0.020048412412134477
-0.014253983655523212
-0.015896691238981516
-0.008938433317786612
-0.023062877733090785
-0.006765749051203481
-0.01097137566778338
-0.014138765522160307
-0.014659595954463235
-0.0008428698717938016
-0.007666320966779737
-0.0077409570647374365
0.006121568615399219
0.007753969532619414
0.0019609845675044907
0.00025471373076928536
0.006117124718535107
-1.0
-1.0
0.006434325779840927
0.0004394128876159194
-0.01158872345923928
-0.015791749572810994
-0.023109790768535435
-0.012907399326532122
-0.015500155504350284
-0.007621791772873465
0.012169276671966602
0.013940315521312087
0.02441507301042058
0.02596274446757983
0.029345559577422915
0.031096528052825416
0.02757704611602562
0.028343626132321456
0.026111091850861367
0.030274742666601125
0.03189927453257052
0.03091315533772058
0.02999738600090331
0.03316274891739468
0.026136666831400722
0.030031783497349706
0.03164795964355528
0.029626863693489002
0.03477005137659836
0.03535475532846571
0.019409201580156483
0.020581852026644587
0.016871456822672933
0.01882936491826602
0.01821269839369799
0.02877149273511029
0.03261590570994221
0.026854829532983605
0.02533626555480358
0.020357142605116525
0.019713947219368054
0.025797260397657066
0.021300230744822325
0.02412955361102409
0.015091756170546972
0.02028203770960746
0.023751709850101815
0.03139274833208515
0.03164161283930638
0.0482780261753634
0.05126838510016831
0.04338532897455872
0.02734909630773275
-1.0
0.025255881703194653
0.00812230710651688
0.02035203990828379
0.014834407210271633
-1.0
0.030030885224946912
0.03397863806762127
0.03627262171020923
0.03917024504521662
0.036366449931067205
0.03943834017188742
0.0324284112303097
0.04426187748128803
0.04393154448492622
0.03580440297963452
0.038110248852575794
0.03446490426734313
0.03350699535293799
0.03854717492953107
0.04077871785186569
0.030200888477899125
0.040576268387365035
0.0383475581768843
0.04209721479018332
0.03362649617858801
0.03824661157982751
0.02765896049722811
0.0021809806990903367
0.002023420953451877
0.0032676917604919082
-1.0
0.023091468594072517
0.0326434138505917
-1.0
0.037940816338777356
0.03320918168647597
0.03009059365338829
0.03915766401057943
0.039290203559248234
0.04620186557935198
0.04343750882325755
0.04423976581206595
0.050173970183935726
0.03356972165916348
0.03225762605399526
0.034967537489647815
0.0408912560733381
0.04695718953047501
0.032014974117655665
0.039652386244348886
0.03631062368571367
0.04868399257388095
0.04002863753456423
0.04900258563315871
0.03937316867938442
0.037136651032327495
0.03744498505677089
0.0473085393437084
0.036059847225071655
0.03831540777475733
0.04403733472848807
0.03420717526970106
0.0424617561522804
0.03360365150950045
0.039306070709690555
0.04132233952955906
0.04016856622980056
0.03432365792993245
0.020826263681655764
0.03435265838806053
0.02782812025735433
0.026482491801209252
0.023316511770619476
0.009405321670487304
0.01246289325579643
0.0027395254576479955
-0.0031825587444135506
-0.026980472861860824
-0.013752829732257015
-0.0021764516562203344
0.011768534231386137
0.024385457539068647
0.027844523538727267
0.014160470884420902
-1.0
0.020872543339735435
-1.0
-1.0
-1.0
0.011844953569122161
0.024845879332555266
0.018303016001845147
0.018282074916871463
0.01773782895021354
0.017970284088813293
0.015074688481895854
0.025796333630549586
0.03480864100089364
0.021258197761673384
0.024486759927456466
0.03609001805100318
0.027487401965283063
0.03830492237261203
0.023722966640575126
0.03561565651957069
0.030633344722264158
0.03156329407344631
0.027047496214919205
0.026767742380826867
0.02171583779789029
0.02563981330970717
0.0279856273059214
0.023833549598116496
0.05117880955004908
0.039008442196524
0.041910261798252614
0.023207078331292857
0.01918503313308034
0.013554559025225362
0.013888246275232557
-1.0
-1.0
0.015355330606382101
0.014099094193353128
0.019039363470385606
0.0038346116459696544
0.0072654795686456644
0.008647593151477116
0.013954727951145435
0.009017791361756237
0.014204333975328188
0.02692756989033308
-1.0
0.009232741792156666
0.007421514511333344
0.020815331903897647
-1.0
0.03788894898043345
0.04526341017529012
0.04245371113053361
0.033148915164395644
0.03485156187693131
0.03722791730912366
0.039203518835423244
-1.0
-1.0
0.03389128219198559
0.045301767041518455
0.03152866220435351
0.03726925016964492
-1.0
-1.0
-1.0
