-1.0
-1.0
-1.0
-1.0
-1.0
-0.012327761576979183
-0.010744786896881018
-0.013408296239457834
-1.0
-1.0
-1.0
-1.0
-1.0
-1.0
-1.0
-1.0
-1.0
0.0057202109207867904
0.013498226357611757
-1.0
-1.0
0.02058945784144299
0.026433879866888013
0.02309856255122887
0.02275881721232569
0.040837747144957734
0.027777920074995747
0.01743891895125833
0.01590436551672709
0.014462406332793979
0.02505195404109901
0.025274199815169224
0.028798068547784966
0.023642962860956813
0.02984163907747963
0.024914817651080397
-1.0
-1.0
-0.012575619358038645
-0.01632452938362579
-0.013566937774519753
-0.012597049221620318
-0.010220399791174584
-0.015536961518093004
-0.010232413821919919
-0.003917991532659502
-0.01672933150330515
-0.014884326253185774
-0.011431934946851423
-0.0199842453972571
-0.018515008126272034
-0.023864118278479413
-0.022814302242419326
-0.02064753157297526
-0.01267408456833758
-0.0013921166449493954
-0.006707951203346988
0.002303310138366991
-0.0004669006968770996
-0.005323916281939152
-0.014328964289551287
-0.012003564578419869
-0.022487789558425363
-0.017442175093630333
-0.006168255349434517
-0.011791118077450967
-0.007238847395629278
-0.002851852390015455
0.006957873223178887
0.012403487240817275
-0.004392132114969545
0.0024238719166351573
0.005802674645759208
-0.0019632879131497886
-0.005195326779513659
-1.0
-0.008561730401990575
0.0038872346550549142
0.023779558615654766
0.01769723641724955
0.015929576645903637
0.012658646818498804
0.012254829707919265
0.008268574832333953
0.010490787353137033
0.016884607724911814
0.019641190893923712
0.01716686792876147
0.018647623058501806
0.015493633302918223
0.020545878676357494
0.019467774535705612
0.015297899518032138
0.018758339596101254
0.01739549848376701
0.02400112179142829
0.02544122337369038
0.023455486579209168
0.03196145854015586
0.03206621926380582
0.027891428383463337
0.028930450451811408
0.02625342983839311
0.027384103379981838
0.033879387222074696
0.020619496763500115
-1.0
0.021613734964113958
0.022329866691730465
0.024434988191219992
0.018938048148190004
0.025548077548772644
0.02198228635127073
0.024200820237061344
0.022750534125793944
0.024162170164866426
0.025184272150415743
0.029939163884721533
0.032302680959140184
0.033170926639890304
0.03255383933224949
0.03199146931490891
0.029666319727360394
0.02916575440466533
0.02426048372654984
0.02761265715763616
0.025790816477848054
0.024906541985555832
0.02535416261096124
0.026443448110959698
0.027153337150226258
0.02648618692347308
0.02897640269582717
0.02753289314076923
0.027977904908892286
0.024470586909426432
0.024494413732570317
0.021157350086008282
0.01726156314463953
0.019523435090482294
0.008654737817843193
0.011990454206845514
0.0115547831889411
0.016076375991265074
0.011927430236699232
0.006232026495134504
0.014006983688294138
0.016190839754115637
0.014550321909992236
0.012111049653522476
0.017574525652202962
0.013498719245584136
0.02543802593253234
0.03007906565638578
0.02274829159181783
0.031127115899028966
0.03062021805586496
0.023994717640011348
0.023234093296585996
0.022731717135035464
0.020374603878972036
0.019850001383159743
0.017130124633248728
0.021827205735419648
0.024426253159045414
0.02276834230769595
0.03300084546137298
0.032758792016054944
0.0265955330723232
0.026815595232981798
0.015322108374253431
0.019424040545528355
0.019914278595320876
0.02841324632376486
0.023302251530781585
0.02382221194359668
0.019373325000338292
0.007213317322531874
0.0058326642147641244
0.01006424705294494
0.00749940888122525
0.0036771219911011
0.014245851963266162
0.01650219074561402
0.01678549880577135
0.014683951416332037
0.02045397912016322
0.01782902721362468
0.02073659410157785
0.02333879133736515
0.017981543190791913
0.0154510473746375
0.017213221122503928
0.019404012751357627
0.02227170771983719
0.024416585803687673
0.024201268777766557
0.023883633533283884
0.018787373053631054
0.022767642344236477
0.031547247088053225
0.022943277041122267
0.015067503375409186
0.013254325786458883
0.005453316064558942
-0.002259737038543289
-0.009291423890443037
-0.004425020016541223
-0.00391318048704601
-0.008307761632412302
-0.00793955898836635
-0.013208565835330406
-0.008896239551786018
-0.0001884415454493689
0.0014456477890033696
0.0009764095622934891
0.004173730099799509
0.017660605375758077
0.018917857623202076
0.02138157385878259
0.021260271624573043
0.021188446629225557
0.019821458000803673
0.018924108773714688
0.01771167614919367
0.009718578078830455
0.011897932881915993
0.00040941848988972226
-9.16153274092577e-05
0.0007670356220962573
0.003162776383093419
-0.0021980301127918615
0.003890936959827052
0.004075394714894767
0.011212891616589261
0.021668270801187845
0.03032489321695615
0.040102072134433495
0.03041847090999903
0.02779757884637083
0.030786012365716972
0.027104658550697092
0.01302521133275697
0.013341623426142512
0.007900833446816158
0.004817827594657354
0.000158284811880577
-0.003883018241639105
-0.0038112984470541154
-0.004128697477291504
-0.0037218067097781206
-0.012457958009317083
-0.021722338265806395
-0.021171646235354825
-0.022937429707346108
-0.023514570968374008
-0.012908653542306187
-0.009884144360263915
-0.005283282627404529
-0.007058927407219979
-0.014291197011101013
-0.01543702457345779
-0.01962995273331673
-0.01780173581420528
-0.019113486527708112
-0.017476460764633977
-0.020180003117795636
-0.021966929133829742
-0.02366171788407978
-0.026655041997130473
-0.024507254018498605
-0.023003042202743254
-0.01417984209256874
-0.014209010872059667
-0.010528034079270535
-0.010956534232642319
-0.005425083935377031
-0.0030844737377051716
0.003525191459400594
-0.0013873110406571792
-0.0009510557681970512
3.503502253120835e-05
-0.00655397707664882
-0.0021308448939883224
-0.005282670374074701
-0.011080232608071307
-0.009915574881112646
-0.01690685938572242
-0.01679322725028769
-0.017424549200116476
-0.017689173841468987
-0.006029627767496788
-0.010169763018382854
-0.00035244852536784146
0.004092796079068524
0.00535033238835536
0.004857387645126769
-0.005860738191604286
-0.010860194133033884
-0.008924366450018569
-0.005944449064384705
-0.006014730732573765
-0.010725939002477935
-0.014836997636254665
0.001165758194282771
0.017100395525913362
0.010282184960638558
0.005270138362400829
0.004881654580661917
-0.012893416942807876
0.0017504940736483164
0.008330696957736817
0.007300021181687712
0.008980014995236924
0.011927088768780025
0.001952366459203349
-0.02314813507693296
-0.018188510518705986
-0.025419439356395818
-0.027255162355130917
-0.02670835864429813
-0.022195148031420534
-0.021909152954800185
-0.018861025755791568
-0.015032989311995641
-0.028825196864285058
-0.014638100027558092
-0.002071497727108797
-0.006790905736976602
-0.008218489543817204
0.0018436905986611851
-0.0011334485326428283
-0.004958420889946357
-0.017615079088740195
-0.024180531334956856
-0.022553838614001454
-0.019210822928129333
-0.027873513534363015
-0.02347182674125452
-0.019510552026330397
-0.024415101138377922
-0.022838586982390136
-0.014585943694245802
-0.01284255640614175
-0.0008731711728509012
-0.015718005957024158
-0.010462888453742767
-0.0017659568741208605
-0.0022245570468979264
-0.006368205161219562
-0.006307700202845852
-0.007922860068431055
-0.005919035358726178
-0.008157514575370816
-0.00986429063348035
-0.016606263676648133
-0.018814729306951033
-0.020500451147164214
-0.021638141366948277
-0.02623962955364543
-0.017787595451960063
-0.0238613880812762
-0.025461503741618485
-0.026516578967606074
-0.02728737618102272
-0.025784837364465116
-0.02365051623895431
-0.017399962379390597
-0.013767170531545673
-0.01507968044172754
-1.0
0.006858829707854006
0.010026098316022788
0.012348803329230254
0.01791384312782069
0.015918643496981532
0.01903491628836778
0.0197258443632282
0.019120663837939443
0.022898318216405283
0.023560810145790506
0.02237159380228491
0.016992750781418972
0.028234711682427586
0.028547307578750097
0.030865071431966706
0.026104938023257414
0.024092101653497285
0.03162632198467245
0.02131782757020717
0.020249598022577434
0.033188732704437375
0.023429464281312543
0.022780420806363843
0.022567055797858244
0.030443951282635835
0.03203065921042076
0.024757750500633634
0.027881302012287976
0.023603347416459506
0.025179160372897483
0.026820707451392683
0.031627966935776415
0.035321052077482935
0.042337430828732266
0.0337439639048113
0.03364793466705648
0.032989480311389166
0.039062396714430306
0.042061400096264696
0.040569885823824016
0.03969974471053978
0.03960514857529376
0.03596541621564197
0.03089581505921746
0.031530056081114005
0.02273358502383006
0.01986184484178725
0.01434524372757835
0.016808035155965347
0.02666637666747176
0.012222299737648988
0.018797605243574277
0.025035101597616776
0.02155362230970348
0.023709538301743677
0.026293629682800714
0.0325986982053434
0.020922781436193357
0.02376824370315429
0.019044368932664073
0.021635300756804126
0.0224148353038971
0.03367650021743758
0.040017857588505616
0.02868788233057464
0.03795589366770141
0.03498992049952714
0.03438808414455285
0.033432079341045334
0.030593219147573614
0.02976828144456199
0.03562607611597042
0.03040600959117868
0.025112733286763625
0.034357257862499414
0.036468112723861267
0.04139488457500992
0.04623504165751744
0.03851476835101876
0.03861789960746267
0.04313714128623496
0.03681864519611751
0.04176970739482195
0.03503530214674904
0.048439815967007714
0.033455096553408566
0.03299616870930995
0.030389917847147757
0.035932050425508746
0.038147923065119084
0.035285188407920234
0.04152941777682439
0.03835459511400729
0.043119584086866135
0.04213698753499454
0.03869996333137737
0.04575414346263615
0.04059318327849524
0.041877349162792774
0.034547823803985696
0.030387662470255022
0.03441375802701732
0.031492029157733865
0.02767771675967349
0.031067316430294048
0.021377653612663305
0.023050063152843178
0.02112614794157797
0.02473232040392823
-1.0
-1.0
0.028965197074377735
0.026758628372953643
0.023425092032170174
0.025906272319970634
0.02271225200946343
0.027021340241798735
0.024106028800321443
0.025036735591495378
0.010721353655496936
-1.0
-1.0
-0.00857878844956294
0.0017552180800517576
0.00727602951018877
0.002028438639206852
-0.0036262626494562755
-0.009584532349965175
-0.0049607450595732325
-0.010120613704018254
-0.002967501868312173
0.008391952002173382
0.013333199320941215
0.012726905365376368
0.01479829087510591
0.005871623810122951
-0.004742385790374854
-0.012144287859503949
-0.0026866034034271793
-0.00640514886045254
0.016358379003232355
0.011800934217380328
-1.0
0.0031779890906010167
0.0056598990074268815
-1.0
-1.0
-1.0
0.019534371220653005
-1.0
-1.0
-1.0
-1.0
-1.0
-0.00253384471058236
-1.0
-1.0
-1.0
0.028124112653397225
0.037001616803993324
0.048096367437612676
0.04184886830771707
0.04621248088072307
0.028819137364811988
0.03232483832399839
0.03666221015455607
0.026661067375412965
0.022124921890344516
0.027329124193276946
0.019991406639653965
0.02450377686485721
0.012733939167489229
0.02956057847288329
0.031088975392241196
0.02058454787904684
0.01661732943451172
0.01750664004284504
0.006477479683424009
0.017663655557241063
0.011522401138642257
0.010185460829571613
0.006805270137313497
0.008469175513832422
0.005979775046605969
0.004142874584308656
0.004016847842661478
0.0011216327040897162
-0.0021149934577484254
-0.0025178417546338
0.0009175564516818747
0.010552120963263554
0.008111207658959249
0.006575978353775309
0.013075386020113147
0.0044778531828624565
0.023347022899758606
0.0201936739179179
0.006231116079128471
0.008377648236942968
0.008298576842317508
5.415417760558706e-05
0.000457746471456378
-0.006054418007319544
-0.002915782667456772
0.004573893298195117
0.005010734175277414
0.0027239405375298208
0.0050280901230759945
0.0028172638656589373
0.0014624296537922496
-1.0
-1.0
-1.0
-1.0
-1.0
-1.0
-1.0
-1.0
-1.0
-1.0
-1.0
-1.0
-1.0
-1.0
-1.0
-1.0
-1.0
-1.0
-1.0
-1.0
-1.0
-1.0
-1.0
-1.0
-1.0
-1.0
-1.0
-1.0
-1.0
-1.0
-1.0
-1.0
-1.0
-1.0
-1.0
-1.0
-1.0
-1.0
-0.04087151236739223
-0.04693921921807552
-0.049305102136509724
-1.0
-1.0
-0.030246874362018783
-0.02380162432383313
-0.02457444610034131
-0.02900678221448342
-0.02001318512767668
-0.03682208892243507
-0.03559504227166384
-0.04718330668495828
-0.037924467491485626
-0.03590958377691016
-0.04012012620200797
-0.040366097835545144
-0.03886530576253793
-0.04306147291334251
-0.04639181368752325
-0.048185319659494456
-0.04046697507421294
-0.05182405282985794
-0.04140493113412824
-0.04411370887550524
-0.04979695265129011
-0.04089676675981028
-0.033676023578449815
-0.009992511877167813
-0.011070659744322902
-0.01378433854432964
-0.018316220161182162
-0.034608573668296075
-0.0344878116391969
-0.04533279394341776
-0.04242600629900927
-0.03449798358966869
-0.035839156677513646
-0.03850532323852465
-0.038569517169835116
-0.05261715505251521
-0.04147537507557429
-0.048326524069096766
-0.05086114584753631
-0.04828350931649841
-0.050525115170826675
-0.046903514554115885
-0.04102560021985512
-0.037700180017263746
-0.045228192315603606
-0.048479315624638024
-0.04345508073440117
-0.04848897786444428
-0.03689013027758816
-0.01408305461995753
-0.006581368248323387
-0.005375734998192158
-0.010611466334073014
-0.00877728408500659
-0.0097959881370494
-0.0020115012947295842
0.010484363354618335
0.004216709537568461
0.009022984434828915
-0.005507595087456085
-0.01652919791448589
-0.029229978660957962
-0.029420532497504048
-0.042145640450289255
-0.044566129680447944
-0.04762111815603974
-0.04304123319011594
-0.027398017847739105
-0.010842340531352848
-0.004520000591592484
0.0004941752812830508
0.005484969985928205
-0.007571635041911808
-0.012968514514230402
-0.0018196285048159306
-0.005761367826259287
-0.0032361390530027613
0.005671917508361293
0.01340726396706552
0.010462395130411391
0.013848144138871334
0.015817636860593478
0.00833633599853191
0.012806834622674304
-1.0
-1.0
0.0020091608906494963
0.000998667801704815
0.004821960940872434
0.013221677837548464
0.00495110990105748
-0.006226331280196734
-0.0055589703847628655
-0.007555139241047093
-1.0
-1.0
-1.0
-0.03461048727395173
-0.03444349224066822
-0.027690987675417385
-0.0325774016254175
-0.02875419543345356
-0.029159077894863366
-0.02591282619135148
-0.025091984965625362
-0.006812735887471878
0.014798323433982283
-0.0006004731678564555
-0.006932782461759141
-0.0024358747309993533
-0.008465893229363006
-0.006776450736739488
-0.010070051201405084
-0.04367984432234142
-0.04961765113430994
-0.04801569475475562
-0.043420407781112336
-0.041636919008226775
-0.0376030112962503
-0.03973504556439619
-0.03609177409139849
-0.04741851956874885
-0.04059339361106501
-0.04358018912634596
-0.046108347011837185
-0.04534649685496255
-0.049633359139644964
-0.046797138901544695
-0.041184238718340815
-0.04251878678053263
-0.03946672514341345
-0.04231710819232897
-0.043446838242187695
-0.03949089324085793
-0.04464081863361333
-0.042248394954799796
-0.03333590215273643
-0.02776409608403414
-0.039633610469870184
-0.03240068996291699
-0.03403750887234274
-1.0
-0.012478091509207421
-0.012388206944083784
-0.004294165709700573
-0.0048132055286906695
-0.006243582017314287
-0.009001311125010446
-0.020320113189167766
-0.029082821059780693
-0.02437881404616224
-0.015311225716912298
-0.021238939795016825
-0.028609359176572795
-0.033345252756808504
-0.0445774858524907
-0.0367410105147336
-0.044764327961566465
-0.03594823660991088
-0.039802633790109176
-0.0389487671746879
-0.031527703755740356
-0.03972034008943536
-0.04490340331999728
-0.04215974397531763
-0.043413468046603426
-0.04015686970914937
-0.04372090679391361
-0.044864006674027214
-0.04013261662294161
-0.043239819148892224
-0.040732138588732474
-0.04519562761133628
-0.04219045459317536
-0.033455837504540044
-0.0294601954233329
-0.039545587000491565
-0.04056666207206549
-0.04799782542374036
-0.023198587989058266
-0.01363163926464543
-0.03584714724631268
-0.04161632930795628
-0.03840343256459409
-0.03774308822055199
-0.043024463637186726
-0.0426507877316173
-0.049603967317086516
-0.04147380333974011
-0.0378108070379784
-0.04153342167119277
-0.031603366357966255
-0.03191919669920398
-0.030104516652250148
-0.023620355878912733
-0.017825275956986734
-0.020104415057873654
-0.03643977631724317
-0.03709490879180144
-0.04724832125151911
-0.04048751834353749
-0.0429064936411013
-0.047017382946131045
-0.041643310370278366
-0.04394995271641268
-0.04648757376219326
-0.05259183540043491
-0.04868678853017205
-0.03483144979943325
-0.031390379461197195
-0.035391907792864184
-0.03086134252995932
-0.030320204038548078
-0.041290774010519275
-0.0381192447545206
-0.04786543461145437
-0.03793316332650913
-0.02822541246178908
-0.03364302225202201
-0.037661866913614415
-0.027733932909821568
-0.01892517726649748
-0.014501769443670156
-0.030443782285924557
-0.037344115330638944
-0.04044798790535144
-0.018554089821386125
-0.005255650758084764
-0.02170847889746719
-0.025615039762502605
-0.035701848195533015
-0.045736142115985035
-0.04635625257081093
-0.05196732588477636
-0.052329969561479193
-0.045718319862140255
-0.04291042554961736
-0.04557262083364763
-0.045731525113166104
-0.04670004198796053
-0.038059947300750796
-0.025219262885671292
-0.01349204770134835
-0.023654441261911345
-0.02928579563587032
-0.03595179371460974
-0.045373619558650595
-0.04536394914931515
-0.03761630933728218
-0.043672948361794965
-0.039288640432454794
-0.04320771545568565
-0.0429973944956237
-0.038032030626515036
-0.030487283718265683
-0.028233955273636965
-0.031659653159942
-0.039893005767209236
-0.04027053012784075
-1.0
-1.0
-1.0
-1.0
-1.0
-1.0
-1.0
-1.0
-1.0
-1.0
-1.0
-1.0
-1.0
-1.0
-1.0
-1.0
-1.0
-1.0
-1.0
-0.03001047735158762
-1.0
-0.03595734957504965
-0.022403075916827605
-1.0
-1.0
-1.0
-1.0
-1.0
-1.0
-1.0
-1.0
-1.0
-1.0
-1.0
-1.0
-1.0
-1.0
-1.0
-1.0
-1.0
-0.03282969272682388
-0.0236479257540479
-0.031741486234635574
-0.037685514187389704
-0.037355446535913404
-0.042464284584406674
-0.04270714755673148
-0.03741508187189912
-0.036973243140985344
-0.035199548983853704
-0.032901062049576976
-0.0348231928987942
-0.016748114758366912
-0.02176922097986558
-0.0258109452567973
-0.03835540908798415
-0.04503275099425013
-0.039833876896266426
-0.04540463605560171
-0.0319435701938263
-0.04419306059429164
-0.03876549039071174
-0.02230367503570159
-0.023831933596206188
-0.027547862203320533
-0.03439315406756867
-0.031943154850493934
-0.03932857812592013
-0.034837118897233565
-0.03245727689041854
-0.03589358717414214
-0.0436908343512354
-0.030903553631221634
-0.033273759001741385
-0.02976855143096677
-0.021475806759492223
-0.008471974828190178
-0.0011692298247554707
0.0004903763223661178
0.000814366539195791
0.0008071710257915791
-0.0016773462010615657
0.0011020438506677156
-0.007545171890462529
-0.014822386466300144
-0.016088166970690747
-0.02001977421644591
-0.01283255226879521
-0.026399583227871396
-0.027237620490639946
-0.01708584351606976
-0.019949646515912987
-0.022401864505077224
-0.023614130675585748
-0.027502620292119615
-0.032785423323649164
-0.029794005558572242
-0.040245201065541934
-0.04599246570546636
-0.04878003311633614
-0.04362340678413432
-0.05433668657014277
-0.05057566823944895
-0.05163208643600059
-0.049992044914334795
-0.052530938381829505
-0.04995327273731533
-0.04446715761185156
-0.04810611042428667
-0.04764421238734628
-0.049600850194713476
-0.047679635807620635
-0.04221199832951596
-0.04692542086938416
-0.03416260130918787
-0.01384339859340573
-0.014011291715066272
-0.004481290745706969
0.0033637760093400628
0.003536870439980484
-0.007643085689315931
-0.020236368872528825
-0.010899923127130177
-0.029117525590671458
-0.03643537349889772
-0.03744860017413961
-0.0330522553165108
-0.04773456718619949
-0.049138774100835225
-0.04560422618217175
-1.0
-1.0
-1.0
-0.038033407145160805
-0.03237355794197474
-0.021812386734002816
-0.026970863031172743
-0.018854600866102054
-0.017556770843010924
-0.021897319206024786
-0.013158801185037653
-0.00801883513344985
0.009435762197498683
0.009123659451933575
0.01805782907246617
0.021917489959910084
0.016455390825331415
0.011412219096434775
0.0061109299530154775
0.007985118050004446
0.012989128590330813
0.015415098528888003
0.020321800116388903
0.005775485134145167
0.007352010442700951
-0.0003000492635048286
0.005182322612237792
0.0008689703167097932
0.0002645534809612977
0.008951941220962715
0.01421475083416564
0.02501929890334584
0.016704066295456527
0.0260581050144645
0.022476899908105953
0.023930848482100833
0.005086384732510151
0.00618602242271811
-0.0008685389487881545
-0.0037684876862750395
0.006504358822681259
0.00852113224239485
0.0025335227140991594
0.007839570860828073
0.007695683721376759
0.017597921463670414
0.013137410889832423
0.01421178118541926
0.013805998303069611
0.012874809854297408
0.018489140117753045
0.010736371461884418
0.015399671349005054
0.014779829067929061
0.026694769958838783
0.030651520576412433
0.02251024122094356
0.023159216578146454
0.02123492240621846
0.02252483698121181
0.022518661316767996
0.022559718695999237
0.027031787738081587
0.022076858309580547
0.004390144116131622
-0.011886644285921446
-0.034271460721692515
-0.03387590618072949
-0.03084144981553785
-0.029478281511574753
-0.01941559226712937
-0.01163458233905307
-0.008728796797755296
-0.005617553490357379
-0.004335017225537916
0.00940342800109399
0.026998435929485063
0.0102264063578272
0.018173549516429698
0.013925677009464637
0.011455244381798874
0.006497044221036344
-1.0
-0.035077246671959605
-0.03071020471364143
-0.03462388403173764
-0.035357064044876894
-0.028147640736948382
-0.021268627133652896
-0.02349840482121604
-0.03218616347952627
-0.02815828336192098
-0.03768257170898748
-0.029917422097509676
-0.014695580515984524
-0.01465556653346765
-0.023648800947540342
-0.025332259495061366
-0.031125523711072633
-0.039729787906484425
-0.035173000986034125
-0.035287320942767555
-0.03753761294677322
-0.03273256449745065
-0.02800175200074285
-0.025406915147469417
-0.01948382086892957
-0.019323231541973112
-0.020608798449853766
-0.030223384875511808
-0.030018071229121646
-0.038390252470312886
-0.03647347346039905
-0.02262570365475766
-0.025775056195838475
-0.03567748988965595
-0.04054771485731671
-0.0361742103110699
-0.022990407381574603
-0.02953876972847606
-0.031922885708743014
-1.0
-0.03512600872798981
-0.03614025907230139
-0.026600125086361635
-0.031323753656592644
-0.02442051573485678
-0.026689175344459103
-0.008189945627043492
-0.02080456947903063
-0.020776480471783345
-0.0017745792990554066
0.0002200445548924234
0.009763244458842931
0.019704627127805692
-1.0
-0.037660889019577204
-0.04124845988813642
-0.046869652439151824
-0.01864153613231861
-0.008701611661662932
-0.018060299555521353
-0.024929021823981896
-0.024192057751394568
-0.02706584229148956
-0.03480090965893641
-0.03978347365069368
-0.04204215096057707
-0.044435645995310746
-0.0380148402887919
-0.04282149073499025
-0.04426816032478296
-0.04270187431807791
-0.04507215675250634
-0.0373767244247557
-0.039885580764830945
-0.03505239440516957
-0.01792142311588855
-0.017887623237936905
-0.020857798117844308
-0.009997346780639805
-0.0004102134498875527
0.008936721468674249
0.01681476858235129
0.008627988241222555
0.010118597566378134
0.0021906011403157203
0.012857740779132107
0.01269315031016508
0.012275458223830284
0.018863877768583368
0.022639872846905662
0.023796981188962247
0.01742756953207459
0.023507683094962834
0.018606612197279226
0.015327005787615259
0.005978681380690918
-1.0
0.008329333297887417
0.014176906758489954
0.017695948082176
0.015237669126699315
0.009434738285705029
0.01018375624128748
-0.00217540370706942
-1.0
-0.007339468607351687
0.0012866019245320601
0.001129383094638356
0.0027929341321119468
-0.005291811863688698
0.0004664681928306317
0.0036164010996957733
0.00249181780554661
0.007633969323054738
0.012891595158491352
0.013056195545996402
0.0065387686968001206
0.015535395700619055
0.009397156520131967
0.00936315170409905
0.00210785784716317
0.010779664851079571
0.013651831653106565
0.009224237941778778
0.014187493404528823
0.01045479189381075
0.013772555018325553
0.016417851422958936
0.0022899423444979125
0.011573664161664646
0.0041241040713739996
0.011143331451214555
0.018514817327659132
0.015937912708316192
0.009877701224002894
0.010564713523882368
-0.008872643982710048
-0.011691352677328012
-0.008023063931443685
-0.022853095142291426
-0.00981612817669314
-0.017267109678150597
-0.024478017578030125
-0.036528038014334935
-0.03858737506430342
-0.03577490540570339
-0.030813886385050508
-0.03642887056275069
-0.026339996746765678
-0.026765363380974024
-0.022264509815732428
-0.02377162545931864
-0.026762657860935086
-0.029606972575680925
-0.04158188844171625
-0.04460166845299304
-0.046838267286306925
-0.040575815578479224
-0.04680564155306129
-0.046209576785017456
-0.047276396884428175
-0.04606485479963088
-0.04214199093293363
-0.040572525335443956
-0.039656221705990896
-0.04088922507548576
-0.03195753053722176
-0.03132593399403301
-0.04775638221517633
-0.03184350329572949
-0.036507964368358944
-0.03916552148564626
-0.04118900094308813
-0.03571375148104165
-0.039063557498739514
-0.033858562313158265
-0.04094985008400673
-0.027485052187237683
-0.019156649402001277
-0.017868995211306228
-0.031110636835201273
-0.04189774641185631
-0.04206723779447104
-0.041706463631582834
-0.0530438486555013
-0.04872831468925429
-0.05037302112554435
-0.04525474451793566
-0.0491012801947955
-0.0393333546813693
-0.012208188051863626
0.008954409518487905
0.012684902783806068
0.010330939739498309
0.012979992052331921
0.012645999758997977
0.014152142863946445
-0.0015299875031509517
-0.007688717870466209
-0.03773647975027856
-0.029190094803048454
-0.029158034142539185
-0.016795682676267937
-0.01235862414948889
-0.02552130205679002
-0.04088815885285826
-0.04167628482759692
-0.0450252724063808
-0.047619646498810106
-0.04887707754368637
-0.04553867216789776
-0.04624346920207964
-0.053169244272365135
-0.03828348667913378
-0.023433061972080827
-0.017416904407837233
-0.013087327294501964
-0.010470152951555886
-0.01624771696597149
-0.012564401972390987
-0.02099581765634593
-0.014894474687862638
-0.018354549543121598
-0.00949629172005737
-0.007639885780612845
-0.007548677050470393
-0.012862328677330552
-0.00024280242842961033
-0.006815293343930112
0.0055795193902633934
0.0074595365452646886
-0.00492481478968821
-0.003532305822398783
-0.0027278385036603662
-0.005266961018254142
-0.0014794815284288147
-0.006114260204935296
-0.0050437818637923204
-0.005117864247231296
0.00881927378472243
0.022616497277003683
0.023730283715278265
0.024808794884840578
0.01867201474702768
0.019328064175649185
0.020825907946867863
-1.0
-1.0
0.004191548790328257
-0.0020642436112446568
0.003115193246350383
0.00016356319754899944
-1.0
-1.0
-0.0021703120481963135
0.0007865719164084259
0.014006201512673231
0.004879120690154537
0.001105100765693712
0.0007777987037362328
-0.005923974480447848
-0.007844795768653146
-0.013809989889655648
-0.006520192389657833
-0.023253272503528953
-0.03909110716107323
-0.04138555449696026
-0.04039279699820523
-0.04183619743124151
-0.040802244862965034
-0.036733291204625734
-0.04418522505623803
-0.04003891172684418
-0.03734076497831037
-0.045249978133137546
-0.045314635322727774
-0.03664337721201902
-0.03989221762530642
-0.04254047582556061
-0.03990068269476412
-0.04257463199259301
-0.04420135459732638
-0.031156713255646656
-0.019552056775865117
-0.016297849381814413
-0.01733948106836443
-0.025541420328345225
-0.028074321939641295
-0.028030688987722752
-0.032266230613374115
-0.029514903579856082
-0.023362584361613356
-0.018433577942366795
-0.017431511536817296
-0.012822149562125762
-0.027999508465525656
-0.014487563422820364
-0.010328006627023148
-0.018522292420492636
-0.02113062975162935
-0.031524955111760754
-0.0291641676317241
-0.031775796637578416
-0.032218059450792355
-0.025159269887641222
-1.0
-0.009844704032135772
-0.005327446222608585
-0.016112642789580543
-1.0
-1.0
-0.02086717180980439
-0.01585277195367918
-0.021600339647464828
-0.02407416415487497
-0.0268323945375836
-0.01403408194768153
-0.01973529699302241
-0.02105392643509365
-0.026182779083464964
-0.02946241443133233
-0.030235976118136408
-0.03708402777540057
-0.02944190743928956
-0.032930921361938315
-0.03995916601913196
-0.03601445245906065
-0.03467306271696658
-0.035446625915493364
-0.03593439121360663
-0.03993618732683127
-0.03390255306428415
-0.020929653250408912
-0.008112957978972667
-0.015557091676344996
-0.009484603356714678
-1.0
-0.022980866558645657
-0.01078318133804525
-1.0
-0.01368143024344792
-0.012749732376839957
-0.006054759628390059
-0.02138266420820989
-0.025582282998852436
-0.02781809568388713
-0.02973800171832695
-0.04200128774093107
-0.042423495050209786
-0.029123315252991284
-0.03427539915113955
-0.030990965623492857
-0.03870448700448743
-0.028155621533924903
-0.032515803060568706
-0.04117724910984314
-0.031162205643729325
-0.027633055648755015
-0.03608381955015822
-0.03594305202675567
-0.04078576763056241
-0.03642202128601694
-0.03762431671660847
-0.02960609655669604
-0.030994940566279192
-0.031346971020599
-0.028683344866078767
-0.03318214158523433
-0.03323917878389454
-0.044601831343161584
-0.033058226403198054
-0.040997580018565585
-0.0377919117921705
-0.037041515157686736
-0.025710928532852038
-0.03135395089890863
-0.03153861567808965
-0.034454800434309034
-0.029008852697470663
-0.029676689307671863
-0.02467998795883455
-0.023816662891662135
-0.030274914008201318
-0.020506002220421555
-0.02669176267921692
-0.026725200771150065
-0.031306875241890166
-0.02985257117520723
-0.03447003458938222
-0.013597549011846155
-1.0
0.009320903520077195
-1.0
-1.0
-1.0
0.013098151795636856
0.015516760659478237
0.004782398685058017
0.01841231450771368
0.014856298462116852
0.013899680727097324
0.016129362056427475
0.009959852177707023
0.01407282447762431
0.01969105389639949
0.020002894196701246
0.008849135621368184
0.0003046649087541054
0.002704421342377784
0.003129196912141124
-0.0038569265948237667
0.00923313710515678
0.010352510144606093
0.0046981002797067215
0.014219560958384534
0.010279737380964191
-0.0029296656830086506
0.001136504751403153
-0.005670368696670282
-0.010122748831908163
-0.012326684011635917
-0.0036403857256336798
-1.0
-1.0
0.015337799158242118
0.021944092022393683
-1.0
-1.0
-1.0
-1.0
0.021837138631626882
0.02889740704859538
0.03260919259051185
0.030735057046336965
0.032975791464709345
0.03201421282352508
0.026261078903032257
0.029394810206448675
-1.0
-1.0
-1.0
-1.0
-1.0
0.020968338885639523
0.017303287347783476
0.0013718423218592333
0.007897812744648944
0.005130156122523929
-0.007988128609917338
-1.0
-1.0
-1.0
-0.0031528734934426236
-0.008328931418465345
-0.006128242094527115
0.002029860038146141
-1.0
