-1.0
-1.0
-1.0
-1.0
-1.0
-1.0
-1.0
-1.0
-1.0
-1.0
-1.0
-1.0
-1.0
-1.0
-1.0
-1.0
-1.0
-1.0
-1.0
-1.0
-1.0
-1.0
-1.0
-1.0
-1.0
-1.0
-1.0
-1.0
-1.0
-1.0
-1.0
-1.0
-1.0
-1.0
-1.0
-1.0
-1.0
-1.0
-1.0
-1.0
-1.0
-1.0
-1.0
-1.0
-1.0
-1.0
-1.0
-1.0
-1.0
-1.0
-1.0
-1.0
-1.0
-1.0
-1.0
-1.0
-1.0
-1.0
-1.0
-1.0
-1.0
-1.0
-1.0
-1.0
-1.0
-1.0
-1.0
-1.0
-1.0
-1.0
-1.0
-1.0
-1.0
-1.0
-1.0
-1.0
-1.0
-1.0
-1.0
-1.0
-1.0
-1.0
-1.0
-1.0
-1.0
-1.0
-1.0
-1.0
-1.0
-1.0
-1.0
-1.0
-1.0
-1.0
-1.0
-1.0
-1.0
-1.0
-1.0
-1.0
-1.0
-1.0
-1.0
-1.0
-1.0
-1.0
-1.0
-1.0
-1.0
-1.0
-1.0
-1.0
-1.0
-1.0
-1.0
-1.0
-1.0
-1.0
-1.0
-1.0
-1.0
-1.0
-1.0
-1.0
-1.0
-1.0
-1.0
-1.0
-1.0
-1.0
-1.0
-1.0
-1.0
-1.0
-1.0
-1.0
-1.0
-1.0
-1.0
-1.0
-1.0
-1.0
-1.0
-1.0
-1.0
-1.0
-1.0
-1.0
-1.0
-1.0
-1.0
-1.0
-1.0
-1.0
-1.0
-1.0
-1.0
-1.0
-1.0
-1.0
-1.0
-1.0
-1.0
-1.0
-1.0
-1.0
-1.0
-1.0
-1.0
-1.0
-1.0
-1.0
-1.0
-1.0
-1.0
-1.0
-1.0
-1.0
-1.0
-1.0
-1.0
-1.0
-1.0
-1.0
-1.0
-1.0
-1.0
-1.0
-1.0
-1.0
-1.0
-1.0
-1.0
-1.0
-1.0
-1.0
-1.0
-1.0
-1.0
-1.0
-1.0
-1.0
-1.0
-1.0
-1.0
-1.0
-1.0
-1.0
-1.0
-1.0
-1.0
-1.0
-1.0
-1.0
-1.0
-1.0
-1.0
-1.0
-1.0
-1.0
-1.0
-1.0
-1.0
-1.0
-1.0
-1.0
-1.0
-1.0
-1.0
-1.0
-1.0
-1.0
-1.0
-1.0
-1.0
-1.0
-1.0
-1.0
-1.0
-1.0
-1.0
-1.0
-1.0
-1.0
-1.0
-1.0
-1.0
-1.0
-1.0
-1.0
-1.0
-1.0
-1.0
-1.0
-1.0
-1.0
-1.0
-1.0
-1.0
-1.0
-1.0
-1.0
-1.0
-1.0
-1.0
-1.0
-1.0
-1.0
-1.0
-1.0
-1.0
-1.0
-1.0
-1.0
-1.0
-1.0
-1.0
-1.0
-1.0
-1.0
-1.0
-1.0
-1.0
-1.0
-1.0
-1.0
-1.0
-1.0
-1.0
-1.0
-1.0
-1.0
-1.0
-1.0
-1.0
-1.0
-1.0
-1.0
-1.0
-1.0
-1.0
-1.0
-1.0
-1.0
-1.0
-1.0
-1.0
-1.0
-1.0
-1.0
-1.0
-1.0
-1.0
-1.0
-1.0
-1.0
-1.0
-1.0
-1.0
-1.0
-1.0
-1.0
-1.0
-1.0
-1.0
-1.0
-1.0
-1.0
-1.0
-1.0
-1.0
-1.0
-1.0
-1.0
-1.0
-1.0
-1.0
-1.0
-1.0
-1.0
-1.0
-1.0
-1.0
-1.0
-1.0
-1.0
-1.0
-1.0
-1.0
-1.0
-1.0
-1.0
-1.0
-1.0
-1.0
-1.0
-1.0
-1.0
-1.0
-1.0
-1.0
-1.0
-1.0
-1.0
-1.0
-1.0
-1.0
-1.0
-1.0
-1.0
-1.0
-1.0
-1.0
-1.0
-1.0
-1.0
-1.0
-1.0
-1.0
-1.0
-1.0
-1.0
-1.0
-1.0
-1.0
-1.0
-1.0
-1.0
-1.0
-1.0
-1.0
-1.0
-1.0
-1.0
-1.0
-1.0
-1.0
-1.0
-1.0
-1.0
-1.0
-1.0
-1.0
-1.0
-1.0
-1.0
-1.0
-1.0
-1.0
-1.0
-1.0
-1.0
-1.0
-1.0
-1.0
-1.0
-1.0
-1.0
-1.0
-1.0
-1.0
-1.0
-1.0
-1.0
-1.0
-1.0
-1.0
-1.0
-1.0
-1.0
-1.0
-1.0
-1.0
-1.0
-1.0
-1.0
-1.0
-1.0
-1.0
-1.0
-1.0
-1.0
-1.0
-1.0
-1.0
-1.0
-1.0
-1.0
-1.0
-1.0
-1.0
-1.0
-1.0
-1.0
-1.0
-1.0
-1.0
-1.0
-1.0
-1.0
-1.0
-1.0
-1.0
-1.0
-1.0
-1.0
-1.0
-1.0
-1.0
-1.0
-1.0
-1.0
-1.0
-1.0
-1.0
-1.0
-1.0
-1.0
-1.0
-1.0
-1.0
-1.0
-1.0
-1.0
-1.0
-1.0
-1.0
-1.0
-1.0
-1.0
-1.0
-1.0
-1.0
-1.0
-1.0
-1.0
-1.0
-1.0
-1.0
-1.0
-1.0
-1.0
-1.0
-1.0
-1.0
-1.0
-1.0
-1.0
-1.0
-1.0
-1.0
-1.0
-1.0
-1.0
-1.0
-1.0
-1.0
-1.0
-1.0
-1.0
-1.0
-1.0
-1.0
-1.0
-1.0
-1.0
-1.0
-1.0
-1.0
-1.0
-1.0
-1.0
-1.0
-1.0
-1.0
-1.0
-1.0
-1.0
-1.0
-1.0
-1.0
-1.0
-1.0
-1.0
-1.0
-1.0
-1.0
-1.0
-1.0
-1.0
-1.0
-1.0
-1.0
-1.0
-1.0
-1.0
-1.0
-1.0
-1.0
-1.0
-1.0
-1.0
-1.0
-1.0
-1.0
-1.0
-1.0
-1.0
-1.0
-1.0
-1.0
-1.0
-1.0
-1.0
-1.0
-1.0
-1.0
-1.0
-1.0
-1.0
-1.0
-1.0
-1.0
-1.0
-1.0
-1.0
-1.0
-1.0
-1.0
-1.0
-1.0
-1.0
-1.0
-1.0
-1.0
-1.0
-1.0
-1.0
-1.0
-1.0
-1.0
-1.0
-1.0
-1.0
-1.0
-1.0
-1.0
-1.0
-1.0
-1.0
-1.0
-1.0
-1.0
-1.0
-1.0
-1.0
-1.0
-1.0
-1.0
-1.0
-1.0
-1.0
-1.0
-1.0
-1.0
-1.0
-1.0
-1.0
-1.0
-1.0
-1.0
-1.0
-1.0
-1.0
-1.0
-1.0
-1.0
-1.0
-1.0
-1.0
-1.0
-1.0
-1.0
-1.0
-1.0
-1.0
-1.0
-1.0
-1.0
-1.0
-1.0
-1.0
-1.0
-1.0
-1.0
-1.0
-1.0
-1.0
-1.0
-1.0
-1.0
-1.0
-1.0
-1.0
-1.0
-1.0
-1.0
-1.0
-1.0
-1.0
-1.0
-1.0
-1.0
-1.0
-1.0
-1.0
-1.0
-1.0
-1.0
-1.0
-1.0
-1.0
-1.0
-1.0
-1.0
-1.0
-1.0
-1.0
-1.0
-1.0
-1.0
-1.0
-1.0
-1.0
-1.0
-1.0
-1.0
-1.0
-1.0
-1.0
-1.0
-1.0
-1.0
-1.0
-1.0
-1.0
-1.0
-1.0
-1.0
-1.0
-1.0
-1.0
-1.0
-1.0
-1.0
-1.0
-1.0
-1.0
-1.0
-1.0
-1.0
-1.0
-1.0
-1.0
-1.0
-1.0
-1.0
-1.0
-1.0
-1.0
-1.0
-1.0
-1.0
-1.0
-1.0
-1.0
-1.0
-1.0
-1.0
-1.0
-1.0
-1.0
-1.0
-1.0
-1.0
-1.0
-1.0
-1.0
-1.0
-1.0
-1.0
-1.0
-1.0
-1.0
-1.0
-1.0
-1.0
-1.0
-1.0
-1.0
-1.0
-1.0
-1.0
-1.0
-1.0
-1.0
-1.0
-1.0
-1.0
-1.0
-1.0
-1.0
-1.0
-1.0
-1.0
-1.0
-1.0
-1.0
-1.0
-1.0
-1.0
-1.0
-1.0
-1.0
-1.0
-1.0
-1.0
-1.0
-1.0
-1.0
-1.0
-1.0
-1.0
-1.0
-1.0
-1.0
-1.0
-1.0
-1.0
-1.0
-1.0
-1.0
-1.0
-1.0
-1.0
-1.0
-1.0
-1.0
-1.0
-1.0
-1.0
-1.0
-1.0
-1.0
-1.0
-1.0
-1.0
-1.0
-1.0
-1.0
-1.0
-0.03324713172689325
-0.03154686081645588
-0.02951464762010423
-1.0
-1.0
-1.0
-1.0
-1.0
-1.0
-1.0
-1.0
-1.0
-0.03269810567529484
-1.0
-1.0
-1.0
-1.0
-1.0
-1.0
-1.0
-1.0
-1.0
-1.0
-1.0
-1.0
-1.0
-1.0
-1.0
-1.0
-1.0
-1.0
-1.0
-1.0
-1.0
-1.0
-1.0
-1.0
-1.0
-1.0
-1.0
-1.0
-1.0
-1.0
-1.0
-1.0
-1.0
-1.0
-1.0
-1.0
-1.0
-1.0
-1.0
-1.0
-1.0
-0.027878674171778462
-0.026605997913195085
-1.0
-1.0
-1.0
-1.0
-1.0
-1.0
-1.0
-1.0
-1.0
-1.0
-1.0
-1.0
-1.0
-1.0
-1.0
-0.02536618739972108
-1.0
-1.0
-1.0
-0.025522191458110754
-1.0
-0.027229724558222746
-0.024113055305777186
-0.02236886351585151
-1.0
-1.0
-1.0
-1.0
-1.0
-1.0
-1.0
-1.0
-0.023591958650834702
-0.024402924561681347
-0.01896204542424421
-0.005767631448535575
-0.005901826370344746
-0.0033840058712790123
0.0014220494383091788
-0.002098349637659581
0.000344315478177505
0.0013781861664567206
0.0020356784485051492
-0.004446461110403189
-0.011150222233768076
-0.006008635341780622
-1.0
-1.0
-1.0
-1.0
-1.0
-1.0
-1.0
-1.0
-1.0
-1.0
-1.0
-1.0
-1.0
-1.0
-1.0
-1.0
-1.0
-1.0
-1.0
-1.0
-1.0
-0.024029104838668016
-1.0
-1.0
-0.023131403955245503
-0.023731846439109975
-0.025866937867657314
-0.026749042487016428
-0.021760783979539906
-0.025641911752148257
-0.026802018275830567
-0.021081391493961325
-0.021820787878371096
-0.023630674268805885
-0.02343022611097866
-0.022588698319631204
-0.02331129730493178
-0.026479297359537912
-0.026774161399732207
-0.026593159281916127
-0.02242021923843884
-0.024838530186222126
-0.026346144484885224
-0.026953655591101754
-0.023720990434353457
-0.02637563834724843
-0.022958093355288214
-0.023729302377756663
-0.025916918679136033
-1.0
-1.0
-1.0
-1.0
-1.0
-1.0
-1.0
-1.0
-1.0
-1.0
-1.0
-1.0
-1.0
-1.0
-1.0
-1.0
-1.0
-1.0
-1.0
-1.0
-0.024501842974235345
-0.024931867233385186
-0.023965939937561725
-0.025352328068679375
-0.02199520961973687
-0.021572861620578594
-0.022563969014437302
-0.021210707885741142
-0.02170417588438382
-0.021077344019498255
-0.02238189784459986
-0.013407071768316051
-0.01695627303907614
-0.0172546188527883
-0.01649145330637845
-0.015013227463693367
-0.014097540872360339
-0.014026542782574253
-0.011741166030137001
-0.010967700646785546
-0.01494475029386304
-0.016311324100169486
-0.02023920602995427
-0.023949751561658638
-0.024282159481685325
-0.02560150929616191
-0.02339965241762642
-0.02353471669986044
-0.020025702343643526
-0.018386058883338035
-0.011243023461220318
-0.008482424564764305
-0.006599975236097802
-0.00820343192834784
-0.014481993348503327
-0.022205484575118725
-0.022078477426027088
-0.024881649141390218
-0.023714634715030148
-0.02267459301704513
-0.02306513509737819
-0.021341440094412314
-0.02290332320804328
-0.016555656668907227
-0.011421600035479415
-0.012086673776198776
-0.007669234747104427
-0.0023212651478843487
0.00023147175743667194
-0.0004809912224293936
0.0031231634587708776
-0.0048211359280114835
-1.0
-0.014366296397642987
-0.016286929802904103
-0.02004805057415546
-0.025400700563830213
-0.02123346837730276
-0.02155159311525756
-0.021684006457031845
-0.018400514673111542
-0.023913475057282634
-0.024339444248367575
-0.022769653443139404
-0.0243931017296025
-0.026528237899016042
-0.025947015906379652
-0.023427634535702978
-0.024822131578265624
-0.023741062140334203
-0.02863214078218163
-0.027469504461820164
-0.026389398716828175
-0.026819244732055356
-0.02549208315231537
-0.02722327417716601
-0.02672330242534763
-0.027281807806951244
-0.027531957120893468
-0.029448005211499997
-0.026792003393249074
-0.022520996831297047
-0.025439717529657836
-0.026778185580818074
-0.028207178195732516
-0.02709993553410817
-0.025060743541331258
-0.025991096604152684
-0.02386215767330278
-0.025661360110647024
-0.025589370480752088
-0.026458835499980692
-0.02362926249950264
-0.025984141510672843
-0.027719943528625425
-0.023876116377309853
-0.026050043486426096
-0.025440618207179386
-0.028383626671092933
-0.027400230986687358
-0.02854445422176212
-0.02736721000850682
-0.02653934226914685
-0.027050696863403976
-1.0
-0.030476005336175206
-0.028690632174239165
-0.027592855086909496
-0.02783939381411895
-0.02231135575949281
-0.026892117367609974
-0.028351775524332237
-0.026539157091517655
-0.028008032902571676
-0.027486587467589387
-0.025069622740827285
-0.02767099821097717
-0.025291619587107024
-0.027140277989626
-0.028660862051772897
-0.027615116065773486
-0.024983067967919506
-0.026880317347681152
-0.027955658759333785
-0.025136243239041324
-0.02667611189233407
-0.027265342513523052
-0.02500668467017972
-0.026470352198499865
-0.021680220194206505
-0.025303412279138866
-0.027512492501846696
-0.023851441654462808
-0.029013430864820017
-0.025986885372854773
-0.025992913120185878
-0.02920890324010756
-0.023275717458170666
-0.026331714735655334
-0.020021975082702127
-0.014436862710319995
-0.009808021248253862
-0.007589347353145426
-0.009775080034737677
-0.005510700076580278
-1.0
-0.008906219311353122
-0.011177650605988536
-1.0
-1.0
-1.0
-1.0
-1.0
-1.0
-1.0
-1.0
-1.0
-1.0
-1.0
-1.0
-1.0
-1.0
-1.0
-1.0
-1.0
-1.0
-1.0
-1.0
-1.0
-1.0
-1.0
-0.012128270072911854
-0.006009273377057291
-1.0
-1.0
-0.004582081616627004
-0.007842390850380097
-0.0041230829515665575
-0.008796727000449001
-0.009091692786518456
-0.011443538660944991
-0.012841925706886264
-0.011121815932875536
-0.011993853667073711
-0.01754272107817404
-0.019237914718445517
-0.021160258702741033
-0.021136363509858393
-0.01948071716123979
-0.01401590788221947
-0.01733416742236049
-0.01759821899666888
-0.02002466935574111
-0.019591811270270546
-0.020711686305153586
-0.02135876036793253
-0.022760917795986012
-0.022426765736895005
-0.024249811135414523
-0.02236639937027732
-0.023326644939960284
-0.01974257274926579
-0.021824189224112625
-0.022681617835259214
-0.021160355768831747
-0.013071457794712492
-0.00647034548886838
-0.004884556558411178
-0.005409268857260911
-0.0025782167949378984
0.001227471240223981
0.0006837518520060155
-0.003920686104110208
-0.004183773987472222
-0.0025480129380500856
-0.002607610915979294
-0.007416487386496486
-0.013980786005650324
-0.017323240914957173
-0.020407033156898503
-0.017100995095164967
-0.015280540573168846
-1.0
-1.0
-1.0
-1.0
-1.0
-1.0
-1.0
-1.0
-1.0
-1.0
-1.0
-1.0
-1.0
-1.0
-1.0
-1.0
-1.0
-1.0
-1.0
-1.0
-1.0
-1.0
-1.0
-0.004097038217945087
-1.0
-1.0
-1.0
-1.0
-1.0
-1.0
-0.01491745588639185
-0.01726400944620785
-0.010827027783570956
-0.006155615337739083
-0.004660415012846109
-0.006648755816763244
-0.007359218975007944
-0.010917392456455241
-0.015390118026926282
-0.015446951586300788
-0.013635032489903758
-0.01609927243531746
-0.018006322006903087
-0.016612121959102687
-0.01919664411138591
-0.014431288954032943
-0.01425790512382514
-0.015566061702862741
-0.0138822709473197
-0.009522922957696781
0.0008598307022598376
-0.0020269201486323215
-0.004156791393654284
-0.006629460723837512
-0.003301028722821899
-0.003945441647598956
-0.012942909737253792
-0.017752319262379655
-0.019664947017242904
-0.013988597118799259
-0.01250550689986574
-1.0
-1.0
-1.0
-1.0
-1.0
-0.021199171262281245
-0.025383441712203414
-0.02507089099953036
-0.024897262695221547
-0.025447937432367937
-0.021229187774622443
-0.024803472771483107
-0.028144085764961475
-0.025818574282760836
-0.027039327077182346
-0.026684313628473906
-0.024186853901446526
-0.02076328950977034
-0.02533340122866617
-0.028229583637635593
-0.029598864641869723
-0.024917219064003578
-1.0
-1.0
-1.0
-1.0
-1.0
-1.0
-1.0
-1.0
-1.0
-1.0
-1.0
-1.0
-1.0
-1.0
-1.0
-1.0
-1.0
-1.0
-1.0
0.006716313186332644
0.008832101957302484
-1.0
0.012623413420573036
0.009986983538645631
0.010766181345798811
0.011640020189484502
0.011908081666824685
-1.0
0.015482876819849325
-1.0
0.014963649847219233
0.013362212132555158
0.012256267759926536
0.0061850686635172075
0.002901114346297765
0.0007331989755078824
0.0009025898222416128
0.00544747235926587
0.0027641166830340153
-0.0078632513436725
-0.016662307696486675
-0.017059501755513427
-0.019050247027635834
-0.020006524199732173
-0.02113866507203103
-0.021221841451854625
-0.02305220954817323
-0.02108303159508931
-0.024009287096542927
-0.02253093470427829
-0.02380584499742554
-0.020457369627073257
-0.02618840502756019
-0.024657168905402944
-0.022523475268126588
-0.024908906037542245
-0.023309693197288244
-0.024929419365686673
-0.023185212601401977
-0.024296163641629002
-0.021684530130998983
-0.020366583630437758
-0.01952483740988036
-0.018202421259809212
-0.019387621048904433
-0.02121188662844361
-0.018125372491825345
-0.019113616449677764
-0.01571819901463975
-0.01376838845722194
-0.013689370165637548
-0.01323184719369365
-0.011525964936336331
-0.00784368301626018
-0.004306276037127738
0.002963978068101277
0.0019371876330465424
0.006037451496669686
0.0036100351703870436
0.003607727091750927
0.0020787775788786017
0.0051828151051602255
0.009231346700584227
0.006859959984904942
0.007767643814936828
0.006225935455303086
0.008188386722970616
0.008506769975415983
0.005543827051971135
-1.0
-1.0
-1.0
-1.0
-1.0
-1.0
-1.0
-1.0
0.007620149871920576
0.009406308065112168
0.007274257061420535
0.008206981055623154
0.006581523047578979
0.007866467289673827
0.006437395150710556
0.00620223342706323
0.010714661652410314
0.013711029426464221
0.011774367690060322
0.010770886469592372
0.01222236421666003
0.011757971820667044
0.011549453113366016
0.013544239842855427
0.010473060011226162
0.008052618166681465
0.007890846549951272
0.007301543693129136
0.0054472901521974626
0.006118290614713586
0.011073628095045054
0.01028369269927612
0.006289445434254829
0.004637145115902788
0.00424384478223795
0.004305375661091295
0.006394895156489155
0.002742334031452018
-0.00019209514035037223
-0.0016401221055703124
8.138831812900152e-05
0.0006552871368741349
0.0057838904679912385
0.0070164158803655615
0.0033672420771898443
0.005506452720375554
0.006635274015011575
0.001609184622166169
0.0014640641530091916
0.0016648510618142648
0.00012960123153047003
0.0015719196073121719
0.005458797408530134
0.0025714051220890317
0.0025447170449904234
-0.0015995579979480395
-0.003686098397261271
-0.0031309397186749
-0.004308577486383947
-0.0005788737486314176
-0.003312251016408866
-0.0034585425841916445
-0.0026097717338879364
-0.004193442675573741
-0.0021416702138742413
-0.0027920325496189865
-0.0031473077650090594
-0.001112152116432177
-0.0024654946105421246
-0.0008332504478517207
0.0033889599616632334
0.003418636294286903
0.0012295240974051613
0.0008652135841236917
0.001068094762349966
0.0023067622845543336
0.0026275756280468043
0.003998420995311532
0.0038520170722007897
0.007088797274163491
0.0050943472910751925
0.00677080162402505
0.00809282995634874
0.00880828820086178
0.005991010881427192
0.0020996181650034754
0.00038549510454683085
0.004875359838018946
0.006100837765658808
0.005519274292289882
0.005351901344079993
0.0029456345637377244
0.0032468202072507956
0.004254181219638758
0.005042108461510744
0.004114795609421169
0.007063551713520483
0.008254038168144465
0.004348484358162185
0.003841999352907075
0.004200234025267713
0.004325075205897246
0.002360952421252753
0.004868070001695446
0.007396733081208264
0.010282666300497114
0.009149787555558554
0.011026218257863584
0.01220280287559119
0.005905958712944068
-0.0019250398152194574
-0.009376907803168142
-0.012922056642845868
-0.014295677215691787
-0.01319460862864187
-0.014483089390838704
-0.012245811063061971
-0.016600786783907088
-0.01379122540199959
-0.01750348722100992
-0.014505728188016214
-0.015917120907965134
-0.016111385664276192
-0.014173501597258328
-0.016508754748275505
-0.01606198326595622
-0.01485974956854986
-0.016300538985178997
-0.011588852236294443
-0.014432302415877419
-0.013608578550244159
-0.011996304636104895
-0.012636513592887576
-0.013403850228274028
-0.011178811385317898
-0.0072515388359811785
-0.004414490175277031
-0.005932567359432476
-0.004255578347839686
-0.0003004849439137551
0.0035116156122229378
0.008268627436919968
0.0077643232065348
0.006940453770557816
0.010558810120984122
0.009899979374765675
0.013478655216842954
0.014356727809921574
0.009298955178745896
0.006903667138160356
0.006587875840862082
0.005552276521372052
0.006712543539530073
0.007717909925594677
0.010179841597000387
0.014949605096800555
0.015829873308037454
0.01513784129347508
0.012386077451755548
0.011842368251099179
0.011668849188479345
0.008852242210668737
0.01270161634937048
0.015729256250109423
0.01685942833911741
0.014294008407094994
0.014899769548464711
0.012134568949851763
0.008499494592151614
0.010098533619623037
0.011711947332674688
0.00938251993466599
-1.0
-1.0
0.015561622392511625
0.01538326492654066
0.013214122608248216
0.013886286478101124
0.014072207277657237
0.016379516688888065
0.01850381397881945
0.016032394226772342
0.014420254420535041
0.013916775706075638
0.01591628064717403
0.01554565291001679
0.012916650531437245
0.016054458356018333
0.01673523524443954
-1.0
-1.0
-1.0
-1.0
0.016332839270568163
0.01648137177644997
0.016222452438851388
-1.0
0.015461198088640606
0.0140268122906435
0.016619916618408077
0.018035434474105258
0.015070865276987014
0.0166560355447067
-1.0
0.01779196473761342
0.01724453970705278
0.015922275747184265
-1.0
-1.0
0.017953066102554333
0.016481526987469748
0.01714380814873499
0.015321027252909175
0.015970846346930037
0.015291915210627758
0.016954503785855023
0.01986322436083189
0.02004598406036203
0.0206036341949697
0.019890112401939025
0.020761624564426387
0.021888278102300738
0.020348850659641187
0.0200852122803461
0.02111987449636672
0.01903634508505424
0.0220152663892123
0.021490153953600356
-1.0
0.020577591328382275
0.018113461776107263
0.01953585861593508
0.018459877617430686
0.01805448169729507
0.02122995292807031
0.019225122269113867
0.01868823654051705
0.021534732228292094
0.02117369729548432
0.021351998619177522
0.022293095724742366
0.02145144400609411
0.021126579198492392
0.020568193871063296
0.018474616750304075
0.020306330109885466
0.02160600779890001
0.021003348320273098
0.01979764568782708
0.020203083966002094
0.01974765086396713
0.01850881723731265
0.01911485059819233
0.020157877579895005
0.020874446337513612
0.021269008899447522
0.021706253686243418
0.018679284117623925
0.01876203568625304
0.018915731819095682
0.0179148256491489
0.02032367359635956
0.01964224566863141
0.019136903943737293
0.020363546716037274
0.01821891066229925
0.017657527473815215
0.018008936953620335
0.017598047760520097
0.016736255353959343
0.01775838338994514
0.017141207520202043
0.015521867066610366
0.01830716306965697
0.01906006453255764
0.0198885651321632
0.019789158513959963
0.01960169967986512
0.020700012755040725
0.01896278232710017
0.01795078175082058
0.021994435678731016
0.01789851118049587
0.01926542419507752
0.02042769917271788
0.018342903312566744
0.01794026393882014
0.02009911144862943
0.01726533016207956
0.017198799284905156
0.018117212666707898
0.020466471614792855
0.015667528641804478
0.01696167049084807
0.01626277752586965
0.021588102920905825
0.0208950383903047
0.017462023614726565
0.019326548380002896
0.018435912796502255
0.016129908316249317
-1.0
0.02313811656442082
0.021465583147991595
0.015516871758020783
0.01577906029176248
0.016113343623289665
0.015152775658463421
0.01595212872023776
0.014439967115222599
0.0153001055799425
0.0208926221528628
0.018642804504326666
0.01976602241756603
0.015320181502298177
0.01977367811159409
0.016998343419839423
0.017469379873498676
0.017089689688918195
0.0147575578489791
0.018259590230594584
0.01894925488104834
0.016705877782562745
0.017375956542881106
0.022892422174104653
0.01918589688711276
0.01914963747257039
0.020118779454789314
0.018971249734660522
0.01802481183736172
0.0184589988179108
0.017689407036965248
0.017706194225260017
0.018158256652205343
0.0185829663696503
0.014710132026182467
0.017380849908469373
0.014246138704198491
0.015426958287545004
0.016263679609211813
0.017960865166569594
0.01872606428458129
0.017025352700762237
0.018346058665806755
0.019745502901944434
0.018398325024603077
0.017944727563595064
0.017920361120210487
0.019475254001959055
0.018897599299493167
0.019762413312402256
0.016125771136403406
0.014910475531792844
0.015149468597741841
0.013206581130130988
0.012607975658665435
0.014834710105523261
0.01681833115576452
0.016719271136631905
0.01925135499417716
0.018182484336580332
0.017302354997919708
0.017573021526797867
0.017603127527548
0.02290804727898112
0.020656913033494446
0.01474090655006614
-1.0
-1.0
-1.0
-1.0
-1.0
-1.0
-1.0
0.01749594915470385
0.020355486819763652
0.02215971208268377
0.023954621341590366
0.018077878226661393
0.016437737485806424
0.015134638482510737
-1.0
0.013610919594054338
0.01084371436621084
0.013793545283555007
0.013899301877132265
0.015528418852004169
0.01385883847915865
0.014856346015471802
0.013051011990880651
0.013903250195430605
0.01432948661377558
0.014455553114306637
0.011656311321308638
0.009937463600312816
0.011603369240623315
0.01705740329888467
0.013527929979050909
0.01324966160674406
0.013949274044255694
0.016674013013413157
0.01566849340662535
0.017113199940950227
0.015421777322113897
0.017758080803864092
0.018864017458131516
0.017264866822956495
0.013827282270201907
0.009945810484325858
0.006857185714333589
0.00516213160466036
-0.0016828316037207456
-0.005796974563226436
0.003459241691678386
-0.005078145721993027
-0.009478258928729636
-0.009966537365891513
-0.013938149516470833
-1.0
-0.02016683285805418
-0.018509714941407965
-0.017880036799839988
-0.01749283124014954
-1.0
-0.016223146328701837
-0.01724121095664333
-1.0
-1.0
-0.011188972406345466
-0.013840164429893803
-0.010595895997966294
-0.006603895199883191
-0.007257632383905883
-0.020741899733060478
-0.023562864379310287
-0.020693448471914247
-0.021929600259931136
-0.02124686910129085
-0.023315286046437615
-0.02207445502227551
-0.013809390767511668
-0.00932875927318184
-0.007936533911471871
-0.016073090538152514
-0.015302043795399555
-0.014862805707110224
-0.02033684491837859
-0.020082994933506165
-0.008324750671729383
-0.011302240334611274
-0.007422547646578174
-0.018895136533780124
-0.021527818920431277
-0.0261193479581591
-0.028517665300534397
-0.03112134538501989
-0.02867526063900639
-0.03150813331362819
-0.028931632252084682
-0.030779334726954866
-0.03248577966474839
-0.03198897573034651
-0.03197435223248685
-0.031664733744863754
-0.028932669740070888
-0.028624032351083135
-0.03296776967118165
-0.03164622892884325
-0.026631357716179884
-0.025027744210617174
-0.026692527695323754
-0.030900436227084594
-0.03148046847844455
-0.0327013459785788
-0.02977110450164717
-0.02747653805524028
-0.028468799731286885
-0.030316138038211714
-0.029322418319741198
-0.027298022654426792
-0.028640381909434767
-0.027850888542401506
-0.026976537610934
-0.030137459197368186
-0.031561683516906996
-0.03179309254217408
-0.030787344248762148
-0.032542796318309315
-0.0331449520939759
-0.028811872892804746
-0.02977092858185174
-0.029890917933434076
-0.028515856755870903
-0.02973949563402399
-0.028242755489095998
-0.028562574169822923
-0.031165484181660884
-0.030759822171507203
-0.028854707497243785
-0.031391913597607846
-0.03137020329707759
-0.033101473354292706
-0.032344754514863815
-0.029852404279253526
-0.029553792654935122
-0.032295034500085924
-0.027102845375895215
-0.02520956163519864
-1.0
-0.02699464449948796
-0.025966842991403602
-0.019906424290057786
-0.018679376465302797
-0.021240987257127475
-0.024183929155349507
-0.018128025403101482
-0.01648684138236091
-0.015835352393004928
-0.012452619147980586
-0.012216482291921857
-0.011429643312670792
-0.006706071556790845
-0.007271928417497532
-0.010472021712990458
-0.017481090198983303
-0.01902957506875094
-0.02128460079701238
-0.021207885286523426
-0.023235088159970437
-0.021324055851222278
-0.02338525405017716
-0.017899239271401614
-0.01202923658706972
-0.011772716811836425
-0.012786106241853328
-0.017743136462093488
-0.02513988124556443
-0.0230102512124963
-0.027482942246788294
-0.024361908278383672
-0.027564620322869583
-0.02711124337949452
-0.027917016849624405
-0.027047266030846364
-0.02599487203276183
-0.026282551182852897
-0.02518122286876646
-0.026886564884501724
-0.022523616149695745
-0.023401934056540785
-0.014910260472515207
-0.01565683563338676
-0.020421701729229295
-0.025107410790120226
-0.023306571853381072
-0.019488333615239568
-0.014888026553772391
-0.005916852658993439
0.006011398616744544
0.008909458480242573
-1.0
-1.0
0.01555025252484868
0.016416432220569686
0.017410710345488464
0.015542261421422622
0.015813936403520308
0.01881125702827615
0.01615726268954747
0.01658795098443684
0.014983986594278876
-1.0
-1.0
0.015197021703793712
0.012073182646052408
0.013242827574084853
0.013235722721842678
0.015203399579052597
0.015872735031691763
0.016043464627575776
0.017248552246787577
0.017398230727087162
0.018032181472011445
-1.0
0.013663922299421621
0.014079962044060496
0.016559309619870278
0.016977480685477688
0.016466799227074752
0.015675373013961554
0.017726530578890936
0.01520540133415695
0.013513257766163692
-1.0
0.014279483847028913
0.012481859896683776
0.01416732288541373
0.013660596930642819
0.010836059721410449
0.01315883640533639
0.012685392758814255
0.015348712484333412
0.015129430102260196
0.013701487785159975
0.01339658676803021
0.010323845615881124
0.00938136288241108
0.011453168705978572
0.01139111806253478
0.01435377129890808
0.014412712057033055
0.014560748441276049
0.009923583453805633
0.012928399655961884
0.010456274470622652
0.009409342748844593
0.009402985758371707
0.011456944064443104
0.01513942457430342
-1.0
0.015315306150364577
0.010939849085419109
0.011121561855664399
0.010140653186037423
0.012929144039572541
0.011217870519932772
0.012862545224459279
0.01018407613156625
0.009973465989515675
0.011676629045449869
-1.0
0.010270088108849409
0.007121246839039591
0.008175863232541967
0.010893324580446798
0.008407336395675688
0.012001459464799195
0.013603444420254292
0.017752533975233745
0.015611252135059603
0.013107911484319468
0.014042345649090543
0.019389970279960735
0.016895406002197542
0.0185675483963904
0.014117265194650746
0.015109560696690628
0.017239383890174844
0.016698283359788804
0.016566302729019045
0.015703945223076485
0.0159021805307475
0.016433107990461517
0.014575118335542122
0.014964900469946129
0.014752297454022791
0.008207361442441467
0.009069879001255176
0.0074312490189530865
0.012450920295867664
0.014230972107429917
0.013788679745222002
0.011938958586802939
0.010099784012333303
0.008756831654819164
0.007988314217192167
0.006558931793761088
0.008340199288043098
0.009272873652299314
0.00946376856203117
0.004610437444047985
0.002705634660682007
0.0007849337180116153
0.00041770023196779996
0.0011258131887847916
-0.0018503922905946885
0.0009328357819879966
0.00019114015427816342
0.0011272523664791782
0.008461530596432771
7.205024538756722e-05
0.0005082179220275424
-0.00010045528121946902
0.0003475325749329727
0.003232935912484101
-0.0016112356468669846
-0.0013812874892288932
-0.002848778185940941
-0.0021571631077527357
0.00022361172286518836
-0.0029275821672917826
-0.00358717763392073
-0.004471931685578138
0.002149294103114235
0.004774565617233899
-1.0
0.001170354250652877
0.007163234174888124
0.014493621364378364
0.015799037775259168
0.01181187392130154
0.010755354971168786
0.009246071775740368
0.011462477995706573
0.006903697282579593
0.012884921098271962
0.015186726871961074
0.012695928491424724
0.01277913312271687
0.009106659514853389
0.009097270985405323
0.008172826051262728
0.00037785802755872176
-0.0008540547204855443
-0.0036279084928222374
-0.01143393490684116
-0.012258363236242702
-0.010381200311877739
-0.010932899088150148
-0.012999327044080747
-0.012957131083466633
-0.012346662154529389
-0.014165277308158147
-0.012784399745907154
-0.00751102367030552
-0.004916554407139914
-0.004392533871734937
-0.0030904827795058426
-0.005443496756405922
-0.009058944317264209
-0.004057627556857714
-0.0032133504382491386
-0.013753573346926931
-0.016776162676540828
-0.016032585298761077
-0.022185134651756644
-0.020664174419432493
-0.028889757762771855
-0.03378342523022686
-0.03381044313630545
-0.0346607760914959
-0.0342405683316908
-0.030808122561527887
-0.03395123451978259
-0.03408410137336616
-0.03152394148374742
-0.033119556314572134
-0.03535582765165737
-0.03402428155956078
-0.03354099677935067
-0.031035106004264724
-0.03413931854162638
-0.029610807638752096
-0.033003961324867936
-0.03336702701900735
-0.032416167946394236
-0.03174710657736418
-0.03486986326285712
-0.03428483890988128
-0.03149219309261256
-0.03265879709155033
-0.03159372536211132
-0.03329209755619721
-0.03256601728850964
-0.03014648490279979
-0.030466857566686732
-0.028831758864158754
-0.030547604035678695
-0.032737135137354746
-0.03117650985998706
-0.030039984096111638
-0.02850715204835855
-0.02999458655224012
-0.030571929067640474
-0.03155145425124812
-0.03221158931764765
-0.032678938945005724
-0.03155646236544138
-0.03283434468370337
-0.03125073805836952
-0.03309198868567002
-0.028509507496411516
-0.03146508346360306
-0.0303324487678548
-0.029129532654910868
-0.03337169007026936
-0.027962394754633902
-0.029088537037823197
-0.03116832340658295
-0.028432376127947395
-0.0284154430625585
-0.029765810039468224
-0.029623734523121212
-0.03057796993186943
-0.029396351303640718
-0.031762383703359584
-0.030146206728630255
-0.030566251996597783
-0.027056593547502294
-0.02834452871857681
-0.031387848917230364
-0.030196357116542227
-0.03022686684909363
-0.02876033393182368
-0.03077349792394213
-0.02997146209801665
-0.030156934371657677
-0.031055209986127416
-0.03265202263248764
-0.030894889713979082
-0.03326596156712087
-0.03207969505238082
-0.029076686767188654
-0.03329838659947289
-0.030922182340222253
-0.03366447198686896
-0.03345290217399181
-0.03227046473763881
-0.03174845728265916
-0.03295059188318709
-0.03366849978442148
-0.03208812929065002
-0.031565092309838234
-0.028256198959529393
-0.03381316045539904
-0.03591202659405528
-0.03317579675229847
-0.028456382781292505
-0.0319165971607132
-0.03097434592980059
-0.027442213548364857
-0.025427745172860353
-0.012194269217279785
-0.007678681205518288
-0.002596737371348191
-0.0015123452776285515
-0.007965086238120788
-0.00833513166456202
-0.011806026359021069
-0.015541819104520467
-0.01556760397140848
-0.015461980441567017
-0.01635830159013368
-0.022240534856804335
-0.014953064055438194
-0.015771307299743447
-0.01283431093003308
-0.011927069450092762
-0.01113073190618022
-0.011997943203540232
-0.011217074096226106
-0.013019830431495925
-0.013160192971097025
-0.015051249416694496
-0.013845072959016958
-0.014661355016349834
-0.013800411054545249
-0.007718271480017438
-0.004521784096063267
-0.00019987735253472689
0.002036096730244307
-0.0009831470714325554
-0.006069494684343362
-0.006410049344478004
-0.002291499665434207
-0.009163156047899931
-0.004966687617947289
-0.011114822547018505
-0.013164526938558444
-0.01135170478653485
-0.007290978564522652
-0.008527712962742203
-0.006795798740193186
-0.0072176732565860215
-0.011612239639027322
-0.016661959045249863
-0.023497172265395407
-0.016366535182092565
-0.021615412343050398
-0.018182640431091263
-0.016154148685907893
-0.016017312516580312
-0.008978386259002833
-0.0064176550471919955
-0.00423057847632987
-0.008327112007365575
-0.011378262036559556
-0.0073288253070671215
-0.00656308945798153
-0.003205441334178369
0.0006035470227564843
0.0015879115299658885
0.002601240821252004
0.004898764530117267
0.007054547787392554
0.004757291414570745
0.004378651707050143
0.004618206550353848
0.0022530352257160127
0.006488303384027138
0.008895922056548213
0.010726650344170956
0.013606693894384222
0.01313381721575189
0.013641097116868542
0.014069657089128537
0.01529756654830783
0.016005586290020957
0.013486350585718787
0.013974500588300987
0.011959182569758472
0.015677695903770456
0.014542537466276062
0.015569513132440605
0.014356821319187295
0.01412769911474584
-1.0
-1.0
-0.007155198705716624
-0.011629583469929252
-0.013793040509200069
-0.01757727502379901
-0.013037384937970069
-0.01347692861566051
-0.010274007648973854
-0.008038539840261202
-1.0
-0.016093565625869784
-0.01991875848726995
-0.021882395329599146
-0.02147195105425726
-0.018483706922556343
-0.013022702802853349
-0.014941509419019935
-0.022019457201827294
-0.023435216928143064
-0.025643892139554314
-0.024874982691600503
-0.023953050680300715
-0.022945418793375878
-0.024796394214313816
-0.025366707822329356
-0.026326458285750736
-0.026594578732017187
-0.02255654377339226
-0.02440240024877844
-0.022083137202022145
-0.02300540539049476
-0.02395439367213386
-0.02262875344496151
-0.022682364728329657
-0.023936446567517807
-0.010724909079927396
0.00036813258129920134
0.0010771769113446857
0.0021061769933750233
0.003246044966370183
0.006008741482228844
0.011872415207938563
0.009838584533086716
-1.0
0.008590474718643245
0.011132890002636066
-1.0
0.009582168711187345
0.010263122405437891
-1.0
0.0077444690633921955
0.008336442125013114
0.009189665827772454
0.008052000811452385
0.005930664899265352
0.008619406185041386
0.009214183293025157
0.012198664474609868
0.008427763273389401
0.004352715898182549
0.0042740814029622815
0.00598731230883648
0.008492114041129435
0.009827908275659073
0.010006979752558803
0.0017821878272604515
0.0003924670882133164
0.006623402004132208
0.006126065692802013
0.006394636491832722
0.004364415115642684
0.006542009373704323
0.002788979151993843
0.0006008544345897962
0.000387453255442834
0.0007623636999106312
0.003436217044954241
0.0017800938918385478
0.00011101852214680038
-1.0
0.0042550240448166144
0.0021686242959519176
0.002281259080580989
-0.009415303351397779
-0.010760155211004065
-0.012517491036453743
-0.011500183599858216
-0.01106132838932522
-0.012062886087026221
-0.015553445182912998
-0.020183417866011494
-0.018156602891014683
-0.01646955885299901
-0.00612005559511664
0.001757555393270566
-0.010548540778579073
-0.020759367888610228
-0.026593332151752757
-0.026726788972465283
-0.023636350460401516
-0.027899632032480682
-0.02790388648472446
-0.02688877224831003
-0.026548733141557392
-0.024397686342961165
-0.025709746605191562
-0.025595508746302356
-0.02123531477763462
-0.025152216549379505
-0.024880770786632492
-0.022997617636352143
-0.02577597158723971
-0.023311011979431886
-0.024183432652400777
-0.023027865789811156
-0.022188644822957963
-0.02571365200751726
-0.024120824497966452
-0.02662042131498844
-0.024864961078788023
-0.020609592611088863
-0.0029289104679357052
0.010740080031058257
0.011319497362993747
0.009489240290647374
0.001273466349242381
-0.00411494491550989
-0.009663215799050311
-0.012041358869870912
-0.015409319439668992
-0.01370819682173372
-0.010543764096216334
-0.01926232309534335
-0.01810011677727481
-0.014954698836409493
-0.016501134662007137
-0.014384329657336898
-0.014705770775128425
-0.018251163436272255
-0.019684059464058906
-0.016999979023545254
-0.02189432232453203
-0.021733871756265462
-0.022226902816791346
-0.018451721450844026
-0.013919797890813873
-0.009306022199286607
-0.0143680448656537
-0.014937193094604732
-0.013225758753400334
-0.02146702320477272
-0.025437888462934988
-0.027043895170032473
-0.02519523204722022
-0.02952886137853882
-0.025271442508226962
-0.022848609680631377
-0.0237992686583598
-0.024871965104402025
-0.028743038244445615
-0.028745854006867466
-0.027528525697860753
-0.029537060114293447
-0.030008418968349413
-0.02836153834730605
-0.026576599685009795
-0.02921482134517299
-0.028715132705940918
-0.027745420959735187
-0.030253611428458095
-0.02854621927559627
-0.02754443287704552
-0.028980201157301787
-0.029472883410443233
-0.027565668518017578
-0.030179622284597963
-0.02654706320902402
-0.029993637580127453
-0.027091038035495136
-0.026051478409407903
-0.023008352626019954
-0.017089659307323146
-0.009926070656236612
-0.008446095271254006
-0.005547839044657782
-0.002926490529694694
-0.004636620563171914
-0.005122222519057531
-0.0023997194231916283
-0.0013967097655708768
-0.002640706332837756
-0.007068177080063102
-0.004070093615683211
-0.010026308182691372
-0.01076551015026155
-0.008795509158261133
-0.009889041772156907
-0.00817974291955954
-0.007436764244152423
-0.002186958822791122
-0.0017811869681750281
0.0003654086624749648
0.0035749334515156428
0.010562248127555976
0.013381241716345239
-1.0
0.0153055403656403
0.01473788671224405
-1.0
0.011625116007012269
0.015419338796091624
0.014464766541611128
-1.0
0.009053702037538322
0.010497299801229626
0.008657132547622619
0.010642685373412699
-1.0
0.017094629326635476
-1.0
-1.0
0.018250524318092202
0.017678307979608177
0.02176133979054988
0.02064030999684989
0.01982135278334796
0.019820491021096853
0.01775621810053372
-1.0
-1.0
-1.0
0.01971387465307185
0.022440776004223433
0.019376574258941463
0.021355247762509973
0.02190065298961201
0.023004292457854635
0.022509739220275708
0.01949686224583194
0.018507030773584475
0.021577870455121773
-1.0
-1.0
-1.0
0.02161884103549518
0.021213012729199586
-1.0
0.02484645362181936
0.024199997009560652
0.023103369891946928
0.020375489119676016
0.02265177090126361
0.019802368689141297
0.023384152286534732
0.02188091614000723
0.021049994466302135
0.021943315768616085
0.019154240336949863
0.019101486678513427
0.018309594559801246
0.019732857053403576
0.021748117185744206
0.018308422087044213
0.018468460916855202
0.018390606749889384
0.01990159608375207
0.016682352510483524
-1.0
-1.0
0.01878288244240274
0.021783829784769945
0.02674897299831832
0.024758289457212194
0.02617354343901318
0.025983829455755555
0.022862390535497032
0.021580990419957126
0.024274977575363916
0.02165291191893061
0.02240336944522585
0.01897662128872065
0.023020574011298766
0.022383588887545137
0.020317213930353892
0.02194514746973213
0.021895618849613312
0.022714800278205525
0.022646857944974005
0.02173049053212758
0.019662844960532288
0.020708042092247927
0.020788518114989975
0.021422897891633555
0.022177932934798333
0.020363783776333588
0.022300600977825016
0.019525919647093874
0.02237760411256618
0.0210166887476879
0.019730472111190715
0.023555621254781386
0.024472407315105096
0.023388072983942295
-1.0
0.024405452640669265
0.01808440762769109
0.022172116204879223
0.023345934228162307
0.02307426978873062
0.023914133348051786
0.02504047291086579
-1.0
0.02346408676575058
0.022430543080058058
0.023269392631575816
0.022965792356013714
0.02110833683960498
0.022490486494519787
0.024948076978462224
0.023971078172658634
0.021005164341028712
0.020281842109136368
0.01880308009708091
0.01915843094874928
0.022006982988920697
0.02142833973058159
0.02204655801764854
0.022606259507415398
0.022510523872835985
0.02058494853300512
0.01964096361654269
0.017216735794236673
0.01713558814795699
-1.0
0.013790172844312238
0.013803252792655261
0.015307544198662239
0.014781289612285371
0.01849440289649652
0.016992476411432495
0.015198037883112232
0.01354299130401767
0.014334725115153478
0.013754353449617836
0.007792029470979325
0.003953991554185165
0.0027992140871493294
0.0010021951371308002
0.0009709747552659626
0.00024159469191408048
0.0019433583005243802
-0.0006955389709656737
0.0006836338606453688
0.001038536079771351
-0.0012106559884317938
0.00037667217422061394
0.0036172749541183986
0.001961414773255455
0.005044638961873307
0.012106337815542951
0.014652213712367966
0.014565529214691278
0.016948296984618753
0.018721384152746306
0.01809392588480747
0.015277023123081051
0.018348489822761608
0.019699183795386745
0.019388864883502572
0.020938922888716436
0.020986919645962235
0.021273874574451748
0.01748695380301331
0.018502423049785242
0.01939845400425329
0.019349942413542806
0.022453022200447304
0.021172803691704392
-1.0
-1.0
0.02355616843811324
-1.0
0.019557303918389952
0.021764744568633233
-1.0
-1.0
0.018069655750848276
-1.0
0.019518577629046078
0.021051448528031657
-1.0
-1.0
0.020885071809978336
0.022087821089099097
-1.0
-1.0
0.01707926373932111
0.01842216461961639
0.01757153835563309
0.014652543793220733
0.01509703002142538
0.011538360153998879
0.013761120809305779
0.01122407617316331
0.01403479902730849
0.011922309218440728
-1.0
0.013861467288287509
0.016189403761071672
0.01831904993835978
0.014880088239924648
0.015344902334799562
0.01431595542604197
0.014606394113926701
0.012059236932317748
0.011709688825411468
0.014129574486669069
0.012416558596427277
0.013936363156116394
0.01519238657009681
0.011416379648379544
0.016909498526577638
0.01432878454909738
0.01476543965127754
0.0145649023101891
0.01442354152018915
0.012942351983211793
0.014769168626314437
0.011799296436426658
0.015915905099291125
0.01608869904208051
0.017004972534589415
0.0178600292881992
0.015734744372982133
0.018244782102522387
0.019775879452298244
0.019640464411011273
0.01927500192944696
0.02127141081776078
0.0195941331242648
0.016496365044105114
-1.0
-1.0
0.0182652011001284
0.01753551397771996
-1.0
0.015636906706881618
0.016294889766165464
0.0161062422267842
-1.0
-1.0
-1.0
0.020753667105101996
-1.0
-1.0
0.014013426221474922
0.01175494176862063
0.009763083377319185
0.013288305998433817
0.014998462052327723
0.017922173103810668
0.00830145294437739
0.008907033290222872
0.007014842244463224
0.004466466860638954
0.006847574597735515
0.006547273183257493
0.008987704487136159
0.01001828081702034
0.010257758994133268
-1.0
-1.0
0.01260952788655074
-1.0
0.014665889147855804
0.010403966027939844
0.012487822347998626
0.014615449956656205
0.014605526561303707
-1.0
0.01704558185696747
0.013876889183229576
0.013600628030417615
0.016885587169039575
0.0229615902750922
0.022429060367339375
0.01612066255814121
0.005922081320460201
0.007540261800570523
0.008156378849308681
0.009154278823294672
0.003138064837683074
0.005494643587749485
0.0037212320377666107
0.0052209941836941
0.002003798827540285
0.0035365274334592436
-1.0
0.010105641396173957
-1.0
0.008203267831701291
0.01030656715231959
0.009685093848468398
-1.0
0.0033633777213939245
0.0019478254687809273
0.003920210537555822
0.0028302512849241995
0.004993166453215543
0.009193033924999365
-1.0
0.01524417120704387
-1.0
-1.0
0.009070915264124475
0.008522058755684446
-1.0
0.00812664744771173
0.00833940027370427
0.008536435714999993
0.0050600955006692965
0.004841153940575847
0.003434102166055085
0.004099657233419182
-1.0
0.008208461320272817
-1.0
-1.0
-1.0
-1.0
-1.0
-1.0
0.014500429585622393
0.015586753364012388
0.01881907257437505
0.018233771411339018
0.018779759658782612
0.020557580495727652
0.021568294134870842
0.023815435577359375
0.0183187283876501
-1.0
0.02298269089459664
0.019618252757475245
0.016850634639671874
0.0192007244222945
0.01540705795510639
0.016896719732662165
0.016549932588792296
0.018979719620733627
0.01945164123922345
0.018850540857957065
-1.0
-1.0
0.014740507598304463
0.019159761938219045
0.019850865933454302
0.01667520236982547
0.018985162071895337
0.021171787110925877
0.01928230435060714
0.017272362119303733
0.017897180029871274
0.016697494728462877
0.01721785498730292
-1.0
0.01548484267943612
0.015923545708578842
0.015896514944872816
0.015838538142472595
0.016651171868038564
0.016375923291605348
0.018064748200144358
0.019367460096816946
0.017396412408609552
0.021456982109550198
0.018199746724300185
0.018816750636435658
0.020648017215767478
0.017092072891132758
0.017213046410706555
0.01640012816867062
0.015593076516061012
0.015041136052348195
0.01761083089799963
0.014332884103162143
0.016120653405171038
0.016211902991279375
0.0175620223648527
0.018956628353267047
0.017225052201002206
0.01753170409579786
0.019389121625491355
0.01682255851638738
0.018646178114315883
0.02068029606806122
0.024704673920966223
0.023667321546408434
0.020724085959471273
0.017402116969878364
0.015649693015546747
0.016604785117776848
0.01563381631353857
0.008005695479402244
0.008501951418635552
0.00739333107288792
0.014119699586663103
0.01646641509196377
0.014328221994002452
0.014960110210223934
0.014660608554885815
0.013066230951023803
0.01120575622913472
-1.0
0.008769374144681676
0.010397294251044579
0.00923216607818879
0.007455046067790501
0.007514597538507608
6.89553971885114e-05
-0.005075258759705123
-0.006968409978520698
-0.008473985170580494
-0.004840738040149671
-0.004526868650267002
-0.005520344619991435
-0.005449445952056274
-0.002771965929530374
-0.0013416464349040446
-0.0009930680936434347
0.0009771454408205782
-0.0023963073998393377
-0.004409100518890483
-0.004696559407528609
-0.004291711316683571
-0.004423387293064115
-0.002824233072396898
-0.0008319302818093889
-0.0016958344356763561
-0.0013136479003995193
-0.005689226434353765
-0.007396135182787288
-0.006812595215318821
-0.00909193979254556
-0.009505384870283918
-0.009625460930645566
-0.008859722632417787
-0.007299678790214036
-0.003558646150920628
-0.0021158558722050177
0.0056241892579529315
0.011503600016631017
0.013809541154233303
0.005885902551379431
0.0031287701316143664
0.011030714228813066
0.00645451257858057
0.0018988308916962895
0.002152023963811758
0.004987140196380673
0.0031496973789713737
0.002535536910117975
0.003983545214373123
0.010183906589736917
0.01577452424952585
-1.0
0.017025567731759794
0.020432344439246294
0.019326542583055266
0.020094691304035198
-1.0
-1.0
0.013599019966998917
0.013448169892230922
0.013816980688419625
0.01622419395113557
0.01528540458677728
0.010041688685390156
0.011353949016341507
0.009676234539183348
0.015556709252518503
0.017277039643173574
0.016875127857829325
-1.0
-1.0
-1.0
0.01856899181147534
0.018203396303294938
0.02039931688900809
0.021548364066199754
0.019304401982939364
0.023846665076441884
-1.0
0.01816802966999888
0.017454069541707702
0.017254721326890612
0.01697783689486598
0.016017963120284976
0.016890392424051326
0.0193312016958302
0.020003978576430964
0.021848035947727506
0.02029698595123816
0.022885385341038556
0.01961724147452556
0.020775883530125272
0.013140602735938147
0.015322781683704665
0.019790445971890624
0.016104169941050725
0.014647498953183066
0.01160834527982718
0.012256157495791125
0.01178211480415613
0.014241185851426088
0.017537206591287182
0.015293915954266067
0.01473889216461736
-1.0
-1.0
0.018212636447372234
0.022351444876489476
0.02429730426733197
0.022927977074999276
0.02093625220314905
0.023703464584673452
0.02281984850344466
0.020494806349731443
0.023138195265795924
0.022165199748028858
0.02018970752096792
0.02048430600642586
0.01969070837743414
0.02410816107626794
0.02416426082355878
0.019451758900907303
0.019733466402622163
0.01947072524797938
0.017208698554185293
0.015560455386706883
0.018083453744157842
0.018348720000018325
0.020590462662899187
0.02028897230517206
0.015550255139861094
0.01375814693578626
0.006914429132954004
0.002122856852645656
0.0036835673556943034
0.0024709050263958077
0.004925572408197887
0.00242936847635599
0.0033577155742043345
0.009200312503352752
0.013503600504099062
-1.0
0.012756589559208489
0.010502558758774372
0.009064513413068983
0.011263441332125538
0.013162750210606977
0.011136193156918994
0.003222263410073505
0.0033574555018801
0.004726979442841789
0.003780370678488495
0.0022852361670892846
0.0005597761689381395
0.0017424312722309969
0.0030153515471964174
0.0022482768366948523
0.002962217997170904
0.00346009432920509
0.003760659078494699
0.004694073416644365
0.004025960088059169
0.003904651112323163
0.005431835580813845
0.008820007368589986
0.00716863062345449
0.006980108999309174
0.009217000023914639
0.009187831803036254
0.009916972132665933
0.013088497293707192
0.012745835499523468
0.01151983786671814
0.012988978269783914
0.013892972026862963
0.01624325058275598
0.01647655362305621
0.015508239802883638
-1.0
0.01719583639637622
0.016063818875467623
0.013533399844783993
0.01730116290119124
0.015321440578905745
0.016005151000402937
0.01855140710731879
0.017105782943439396
0.017309701356273202
0.018821061085909026
0.0191979044231202
0.018561996187763385
0.020411895318357187
0.01780446622352506
-1.0
-1.0
-1.0
0.011932788885975876
0.013103900859489547
0.009955809290835498
0.008026499433896194
0.005723692161243156
0.0028643906831806185
0.002203800814171932
0.0067029304527412665
0.0023935706652365813
0.00348111685769246
0.006848022883643742
0.00627743749421858
0.010067814987937405
-1.0
-1.0
0.01054869179844922
0.012509022052573034
0.016792998688448475
0.019772852143811054
0.02124816501036158
-1.0
0.01796337441309059
0.012192632430088586
0.015021860100183726
0.011270377109147273
0.006118253769699348
0.007347213320433946
0.009595528024742407
0.011695506372597437
0.012229754042099654
-1.0
0.003175302020553565
0.0015201237292489414
0.002923062491732488
0.0048064600232840225
0.01620288911441599
0.013600087860725044
0.011999256841282613
0.009775446105129437
0.006661268945042829
-0.0008976581190382618
-0.0018171748994598046
0.0009552297648678124
-0.0018230509572739802
-0.004724665165152604
-0.0030262411909995615
7.517593252665252e-05
-1.0
-1.0
0.00842508721567193
0.010227083623716781
0.010263667972666889
0.014508033312156571
0.013495773943905737
0.007640581733890223
-0.001176446014028206
-0.0038313470366624107
-0.0027394372803400155
-0.010277456913806845
-0.014570976393639471
-0.01629828916551796
-0.016010122079218973
-0.018827384540371115
-0.01754766237762021
-0.01631483212673148
-0.015405795985276164
-0.019674717232308226
-0.018930586201893904
-0.017166165228481592
-0.016046994249889996
-0.009478232845509258
-0.014203862005652632
-0.011953361781800158
-0.016560039470704828
-0.014656603058242767
-0.01597924184807492
-0.020479555378422557
-0.019757414934000985
-0.023013352869542737
-0.02229902955718305
-0.016589765313894087
-0.017680194955926123
-0.01961235531724797
-0.01643005889656898
-0.018091288672065376
-0.019722615419485615
-0.01806300805070541
-0.019165939391298785
-0.020900425404792006
-0.019634507942327344
-0.018722029473544906
-0.01320089517127983
-0.0101471856972839
-0.0006449921418402335
-0.00043593696239142165
-0.00041466985027125347
-0.0025094537572206187
-0.005670509040964704
-0.0038437924842280534
-0.0053020493417947285
0.00605328759028288
0.007675191951538122
0.004436539537943973
0.0044375101498903904
0.0016658934576237083
-0.008413568958238594
-0.011637314050803526
-0.011042926862367025
-0.011558633234111677
-0.013346193254462822
-0.012665756304231347
-0.01132074215572675
-0.010059708812119095
-0.0067523120975300785
-1.0
-1.0
-1.0
-1.0
0.010812886878371612
0.009311740766270582
-1.0
0.008386860516788587
-1.0
0.0023149610575527594
0.001420091764282906
0.005944216930836032
0.004250817193342189
0.005087218966859396
0.004693985393951342
-1.0
-1.0
0.004044966957925535
0.0033265458705738693
-1.0
-1.0
0.007506590784575437
0.006708536385704299
0.008627990650833842
-0.0021028481404417585
-0.004671553230501035
-0.004496720852212617
-0.004614398590589064
0.002933604929636576
0.001363830770356058
0.006620441010068138
0.004872015067322933
0.0009986128643526095
0.002567913795984692
-1.0
-0.001903860058844825
-1.0
-0.00520594743910387
-0.006499038145271577
-0.006043151603374634
-0.008488525740155147
-0.011988406304133848
-0.009391546053705357
-0.006149185149810825
-0.009394586775093975
-0.013066194101229845
-0.014603081069209307
-0.011250903174470007
-0.013739770121448109
-0.010417692954169793
-0.008732970389610009
-0.010814967874754774
-0.012326132216736717
-0.014154406596193807
-0.011273795532483753
-0.012915123447239328
-0.010673144252418217
-0.009240001234037695
-0.004629978782469956
-0.0003795574797802189
-0.0008332528734891673
0.0005487962322930747
-0.007938141517585257
-0.008402964055427137
-0.007599405611615365
0.0005310290384485036
-0.0008074600373169236
-1.0
-1.0
0.008212092479975406
0.006900640235770325
0.004815714541134881
0.0007097769637436508
0.0022968773664844597
0.0019760276404231225
-1.0
-1.0
-1.0
-1.0
-1.0
-1.0
-1.0
-1.0
-1.0
-1.0
-1.0
-1.0
-1.0
-1.0
-1.0
-1.0
-1.0
-1.0
-1.0
-1.0
-1.0
-1.0
-1.0
-1.0
-1.0
-0.004439471925748767
-0.009951284946610415
-0.01573062266146112
-0.017248705846320583
-0.014718345021120835
-0.017373549171234893
-0.017861747926030094
-0.016522112950033238
-0.009344371536148135
-0.012126608191191202
-0.01171637044374851
-0.005530513299377939
-0.00964498634100176
-0.015648397071005148
-0.017803086457655326
-0.019091798802843736
-0.017848340029604465
-0.016401226663461325
-0.006430751209161003
-0.0018686051912409874
-0.0018444002333180614
-0.003094556344913032
-0.008874492432881917
-0.0049049478688699
-0.007264146068416441
-0.0049221499070473025
-0.007252718822063341
-0.013741124025096715
-0.01912274851143226
-0.018765013076071896
-0.014367508937121444
-0.02012569869553428
-0.02122010132912972
-0.021979785408504145
-0.020772939161504203
-0.022668648387336617
-0.0168727242848137
-0.022593024320191522
-0.028329525663502407
-0.026150787654044803
-0.023419188006621783
-0.02431244044419435
-0.02366232094441496
-0.02725040221428591
-0.025733379068739983
-0.025582094169960212
-0.024103710684528924
-0.024277162611650614
-0.01971748843089104
-0.025069306415544786
-0.021338078272475913
-0.02185097779151944
-0.01661911041682792
-0.01686608331854074
-0.02230213785279126
-0.023004683863150396
-0.023263191249384568
-0.022555063659844363
-0.021459274470622097
-0.02600857396423714
-0.023292172650097778
-0.02254151130163399
-0.021910180972359253
-0.019937181517848783
-1.0
-1.0
-1.0
-1.0
-1.0
-1.0
-1.0
-1.0
-1.0
-1.0
-1.0
-1.0
0.011172285036291496
0.012914848638575904
0.014188285940332262
0.016526616832113025
0.016212017077145768
0.01740946322822198
0.01426714619090892
0.01512916201791566
0.015371012311250008
0.013664836821439487
0.009621716637429866
0.008584303084346228
0.007659852628688441
0.006416267022364188
0.012751228748505119
0.01130115644411245
0.013621669225380046
0.013344498173557026
0.012692520890069411
0.012498285894266077
0.009685684782741706
0.009732788002985434
0.010588425485093634
0.004500158007749507
0.0041874321315432325
-1.0
-1.0
-1.0
0.005190763071835185
0.005224031938169629
0.010176842333896714
0.009581595128543079
0.010334415598843573
0.009201517326062612
0.007916538219297619
0.0063955246631996095
0.007471756018833667
0.006793005207207248
0.009312389736502703
0.009017651471517696
0.008790274180515081
0.009525568956598162
0.01229576492421046
0.0130187491862228
0.011948549694158128
0.007401815297986103
0.0011972408085666117
-0.005249310398913734
-0.007185282860635756
-0.006000824805053833
-0.01290167470150305
-0.015381240612494974
-0.02174114402272894
-0.024658439540765523
-0.03128532232609531
-0.030899365437514845
-0.03195704238328896
-0.03362091343854176
-0.03235176690623978
-0.03199215954173311
-0.031396707723208316
-0.03400489159219373
-0.03344133482859594
-0.03348376030323673
-0.03311166830251516
-0.0326131625526727
-0.03265209407426997
-0.033315195887935405
-0.03316510650213411
-0.031828418089871385
-0.033075391581258974
-0.033284757706403253
-0.033033031893419065
-0.03193693789783967
-0.03313885077046636
-0.033547541009362546
-0.030982223697514504
-0.03204269761895291
-0.032495401173544124
-0.03127662496387136
-0.030887123207630804
-0.03196550403319249
-0.03450343875759286
-0.029960424312709264
-0.032784485759145124
-0.031194294907353114
-0.030527428533614037
-0.03025573495138475
-0.03052229445492959
-0.030700283980589906
-0.030642500783120644
-0.030956998176664214
-0.03003868631586459
-0.030226473902710178
-0.031088027234389328
-0.028370924378593978
-0.029595949772261317
-0.029905355967590416
-0.02827612876371101
-0.027798397327792306
-0.02848171816705767
-0.02953711890343425
-0.028350998542058352
-0.02821060558339344
-0.027846868734823046
-0.029921992472574568
-0.030959432341688835
-0.026174610321769258
-0.025689233907254656
-0.02695892805679042
-0.027934731174007268
-0.022703644277637863
-0.02248947320675593
-0.026821732835024887
-0.026516957501984736
-0.026359092124073787
-0.023968108222434274
-0.027694779674803206
-0.023814659420132375
-0.02655777871015064
-0.0273622327027208
-0.0267310524878837
-0.025126050350685415
-0.026447804727468337
-0.023884679103503767
-0.025672198524208552
-0.023599791357333113
-0.01887363277044635
-0.02023801194961635
-0.02180921174235106
-0.01868137097009073
-0.02080308933508248
-0.021267838971376442
-0.023147890518626917
-0.03128661032100336
-0.028070166872236936
-0.02986409356790628
-0.030269847483393286
-0.03146088241304087
-0.03153791371868803
-0.03078469282017357
-0.027803635788152994
-0.03274183393392845
-0.030772683178282068
-0.030559433600068353
-0.031068724773349446
-0.027611720627971584
-0.02361072662648796
-0.022809461320733644
-0.027374576868991567
-0.030474133034092306
-0.029120838700815933
-0.027393913592156902
-0.02730162817028191
-0.02719696996118983
-0.021739876768222918
-1.0
-0.017262328098685963
-0.016730144232717094
-0.010677601782669077
-0.01835187436776894
-0.01812504773916725
-0.006975582802057024
0.0004775549858268382
-0.011466520073912856
-0.0163566949637909
-0.0169711730201721
-0.015555640657104712
-0.018594977488464736
-0.017010640971119352
-0.015515920112005305
-0.011554654660748447
-0.009577369637185383
-0.0002704582826402486
0.005935058753076521
0.00048369547238878095
0.0010855958821905953
0.006782977313245993
0.004465923079679696
0.0072853412954841275
0.010684241338498239
0.014718603359111493
-1.0
0.010174054633297881
-1.0
-1.0
0.0073255472843425365
0.009834275133018667
0.00901397283643931
0.011828616859999802
0.014653738732070406
0.010164320512010723
0.005883587328319474
0.006958695965101426
0.005897065789360889
0.004354292663895186
0.00260496706307088
0.002845657298245515
0.0028904154837363707
0.0028621104443635123
0.012510242969819058
0.015533376806053057
0.017659458916127576
0.015478984522207868
0.019240342148784617
0.01741751494899585
0.014734491598660575
0.016084353339969566
0.020288966694792288
0.018580429195889175
0.022517154538017236
0.022068956503262054
0.01615781365234114
0.017143157954284758
0.01778968414429764
0.014048019324894342
0.015688338739812787
0.018325184992773098
0.01988332538491151
0.02181643855289583
0.01727442636609532
0.021640372251229383
0.020286680415263138
0.01962668400193917
0.022265018757115312
0.019614602448958178
0.019442066673383634
0.020091363306610065
0.021846578132422773
0.016146895955798504
0.01633001444419035
0.02106092396452092
0.021446436911565087
0.022386093230730507
0.021192410034085965
0.019084629358550764
0.020282713212361976
0.01732039696631623
0.01837716152796924
0.020984651522309824
0.019010567622654014
0.020706589461593
0.017875795506796834
0.014824375202931134
-1.0
0.01593663787649879
0.015252892640676648
0.013375935032832355
0.015083649304913172
0.01321246262636473
0.016003435138394605
0.01565323403953465
0.017861321100667314
0.015854536622288366
0.016109170339790556
0.01345349114511874
0.005157153338547518
0.0028265957896715173
-0.007727740633685162
-0.016044810260147487
-0.019099397904136416
-0.02063415066793579
-0.02449730596055228
-0.026792317720331492
-0.02157803314771538
-0.023228795201092292
-0.02342425810412538
-0.02525031184430537
-0.018845165178756732
-0.020101073837859255
-0.01848303546294117
-0.023292649363276595
-0.022555139289295516
-0.0244245070700977
-0.02454385707800025
-0.01884388008992674
-0.014663286795876907
-0.010978046053391834
-0.00952232199947028
-0.012825237520474552
-0.017775757344392466
-0.022069533415265487
-0.023210147129278356
-0.021950142852529483
-0.024836345716643934
-0.024239799198944253
-0.02292291379667582
-0.024478937584516584
-0.02488002950128414
-0.024597359349046204
-0.023998487221445743
-0.017963965676921517
-0.016359297331806577
-0.01739573984976663
-0.01716515916148496
-0.016332210344549028
-0.018306177265785244
-0.022230218891080646
-0.020831837539587957
-0.024900263832493618
-0.018501895911872037
-1.0
-0.021300109085267534
-0.023881743725984155
-0.025044340743156927
-0.02611872114380822
-0.028487474795538443
-0.029128771844275696
-0.029436649827801576
-0.02902455997824106
-0.029352494928766456
-0.02741310093975769
-0.026774392111443418
-0.024381471407574205
-0.023132297847938476
-0.025542705152693912
-0.025615759252867264
-0.023913404569483657
-0.024397087623170482
-0.025341915422604628
-0.02132797759055916
-0.02623727333718059
-0.02345004007844643
-0.02453633625829458
-0.02347260088508652
-0.02225863537052787
-0.02076995256848112
-0.02151122363119236
-0.01988943193279873
-0.009657601406686579
0.00767251006373168
0.005787003872150067
0.0026597091639630065
0.010212266950604187
0.008222961504916778
0.006743771061780382
0.00442540469659696
0.0030157395839095873
-0.003364303668094596
-0.018261432673822017
-0.021904861066454007
-0.025603028113582733
-0.028921522441976218
-0.03224053612004076
-0.030243593195292368
-0.02959566525126424
-0.029658766456904313
-0.029942570220917914
-0.029748720691798552
-0.029216267574144455
-0.02822278881414604
-0.028930936060759874
-0.03164410899500337
-1.0
-0.029719240301249474
-0.027845431925939707
-0.03034534448851445
-0.03191177218815525
-0.029101406779270717
-0.031341392159003154
-0.03040730717148752
-0.029736127906930403
-0.0272883375543392
-0.03215943708496397
-0.028865382902640808
-0.029863731123517562
-0.027957232892163543
-0.02936937839829442
-0.02841338123058426
-0.027741816639970652
-0.030994971667294934
-0.029178818703433532
-0.030780023020740496
-0.028903361390695693
-0.027092848179648008
-0.02698273929789353
-0.03148628129826751
-0.02682790025083535
-0.02873203325979921
-0.02670316241037772
-0.02655926596313481
-0.02711864243420879
-0.02753945008109572
-0.026493408981851242
-0.02242411745020348
-0.02350470354345293
-0.019711076753036696
-0.021443305538400258
-0.021203437954930057
-0.02217018758069468
-0.02217561517632333
-0.02603664739956034
-0.025218475515989523
-0.02511402989455842
-0.02655932400212698
-0.028788569677058545
-0.028963974530239262
-0.02803904002307175
-0.029551991771456496
-0.03172842787355164
-0.030807625266569355
-0.029644123010875593
-0.03125105191294984
-0.026834248654770677
-0.025622207054549054
-0.028901131962499254
-0.029097771203412743
-0.028863196579365834
-0.029860130830407887
-0.02830754239357296
-0.029107224256918595
-0.027488269436226422
-0.027402720207722657
-0.02773677120266682
-0.027425556617975556
-0.026817668006972075
-0.02839182694658605
-0.025131862035499008
-0.01973549343910452
-0.019461223296993662
-0.024327069158918618
-0.02153908899674142
-0.019997600522322263
-0.017291547850778802
-0.016900711183576
-0.019445391769870958
-0.02196185228563318
-0.012692340572830607
-1.0
-0.0023307270339625193
-0.009462824014062673
-0.011097400857336176
-0.009170392799537096
-0.009606405277325036
-0.013070851570381055
-0.013065887820833351
-0.013420785391897965
-0.014274955805010257
-0.015017049989078305
-0.01201095666765282
-0.008657568490948463
-0.010390071151725003
-0.012431459024044623
-0.011046439712754147
-0.010877432335201522
-0.01146798717296769
-0.014205756131171445
-0.012998383285288016
-0.012381064840203536
-0.013523531015276915
-0.012514037709404355
-0.006932171008883515
-0.006605396237119721
-0.013775983127731787
-0.013778582686598985
-0.01590000458491546
-0.018359833626715852
-0.015760951623695393
-0.015215347098497294
-0.010768009634901236
-0.011575123546468256
-0.012965249213803258
-0.015850146629679856
-0.01348291044244585
-0.014341830164742242
-0.01439111235093803
-0.01418691062173365
-0.00937334704951678
-1.0
-0.0031123499768550083
-0.00134953601933173
0.0017091184883968981
-0.013958046619254472
-0.01842801703588694
-0.01789098281051011
-0.023761593335045742
-0.02115197062554042
-0.027090653390248198
-0.02509315771195463
-0.025261449358774113
-0.023937657278381652
-0.024549052769246245
-0.024355223693604818
-0.02777557069360917
-0.02777762164196579
-0.027431419638335307
-0.028448169221011007
-0.027349425224815697
-0.02777537475082613
-0.028356794879821876
-0.025234140478299978
-0.027417455086695637
-0.026990358241333872
-0.026488419214126112
-0.026997652966499162
-0.02949322007025544
-0.02608114651622002
-0.028162541591681273
-0.027249370772931335
-0.02661790020793086
-0.029676462015866434
-0.027403498120295175
-0.02675038473705265
-0.02928276552928285
-0.027027914918082544
-0.02565904339634133
-0.023579626287360614
-0.021604636913774664
-0.023977217802282395
-0.023488071658432426
-0.030074487476733146
-0.028043724595202463
-0.0248264717879045
-0.02996873048044211
-0.02461739722837847
-1.0
-0.03038350869747085
-0.030352296216411247
-0.03154848569934202
-0.030036824780303603
-0.030029228718681984
-0.030496274654875505
-0.03173743417439208
-0.02892140566719279
-0.03214863229509337
-0.029142196250165932
-0.034205062827805485
-0.030538777045726523
-0.03157736695521159
-0.03107093344437584
-0.03315225719065907
-0.031036074893189963
-0.030593106498407078
-0.03036773069396539
-0.02709753464922685
-0.024123379406196042
-0.020824601834654656
-0.02691343049919024
-0.028630000286458842
-0.03198282120803319
-0.02532502273568134
-0.023237406400346616
-0.03057944304078899
-0.03228096097465007
-0.030621877380392314
-0.029593600215918607
-0.029804397469143217
-0.031083683311884557
-0.03048034346623549
-0.028111210737678454
-0.02661923054988383
-0.0332326559562157
-0.03131372751888462
-0.030699079258990552
-0.025308379677290514
-0.019512049550481064
-0.019174379941045126
-0.017214602119026534
-0.00838626902274892
-0.007722440032508416
-0.008354575601653143
-0.010931494255684472
-0.008115125063625486
-0.004003484812011493
0.010806296072854039
-1.0
-1.0
0.010661791378951865
0.008396631989400211
0.009782932171301224
0.010907999234958067
0.009770515065084223
0.012764433251559959
0.01288641384139357
-1.0
0.008681226262444568
0.006176033479601112
0.001893218697270995
-0.00011508364598369294
-0.00037527672201699623
-1.0
0.0010589442922737597
0.002035640386720716
0.001126982564155455
0.0006836280460196349
-0.0018163927791082816
-0.0032304374665367715
-0.0013945031783796445
-0.004455447620908476
-0.0014081653587880453
-0.0008079978766801333
-7.547086100391243e-05
-0.0011627386308104327
-0.0003872915269223662
0.0032174914407911872
0.01009343829704614
0.00730941487242132
0.003643161321249683
-0.001067617755118104
0.0008541550813573451
0.003097793942141177
0.0022617839346433777
0.004908495946129476
0.0023295920305720238
0.003914767975146357
0.0018229933124132402
-0.0006534382835448553
-0.011136561528326368
-0.0147095536886529
-1.0
-0.01889735547092735
-0.02466258365042851
-0.021719934587633005
-0.026524662961464385
-0.02328234856113633
-0.02564348811560336
-0.02585774156228958
-0.027544478778316075
-0.026838064326158997
-0.026375398054687398
-0.02336953621114618
-0.021475419004140264
-0.020637586324156323
-0.02562656612117552
-0.027528999902067985
-0.027901393975099147
-0.028890577061980824
-0.029877298966006452
-0.026421616034915975
-0.027476861487333932
-0.029597856643523067
-0.02819118109285613
-0.024657070481536852
-0.028483866066427357
-0.02622472705257631
-0.027294784531571317
-0.02971431114105462
-0.028224619079953307
-0.02890694473242846
-0.024365686205972074
-0.019393542457693008
-0.012093817433023743
-0.00491205011671831
-0.0027700642534654375
-0.0037426334019837566
0.001437218618532306
-1.0
0.00013461868315304464
-0.004006786283591748
-0.008451468705977985
-0.008973064953241126
-0.003824270798388408
-0.0032515923637015357
-1.0
-0.00040930742973175493
-0.004408723361534067
-0.005683765754948122
-0.0030583502835663584
0.004538183110802194
0.0061144952939806785
0.007885793240846631
0.00894489469790262
0.010846449688841912
0.01291070373813938
-1.0
0.01617936428574773
0.014168821730059846
0.01273852456892703
0.006555943603117594
-0.0018277401480830985
-0.014679761762253152
-0.016527797135950293
-0.016173099536547508
-0.01839696679936799
-0.01632088285119745
-0.01730888946293913
-0.01934057964009216
-0.017853681667045335
-0.017515485666377017
-0.015480630194121473
-0.01819440485048665
-0.018476917049782885
-0.012713327810596352
-0.0033703260092246227
0.0011247611714819991
0.0012710479150357273
-0.0006629143208853833
-1.0
-1.0
0.005149062686980896
0.0005903034215472219
-0.005161666661256591
-1.0
-1.0
-1.0
-1.0
-1.0
