-1.0
0.02366528554512703
0.023119411783747514
0.021935873136977438
0.020462703125696792
0.031158756815666423
0.01575180198487237
0.019556999151496345
0.019214458442885968
0.02431857372736083
0.02768852888904249
0.028967007897432777
0.020476613160107043
0.029016700319991436
0.032174246276635066
0.029118832008786722
0.036208415755007974
0.03222675217283902
0.03296722016092438
0.026663335341356575
0.031171337393597048
0.029342730558536236
0.02434182858485326
0.026512196163842025
0.031557497017839824
0.03138103361936878
0.03730306926080369
0.03756959989712104
0.03655571715598228
0.037929787920569905
0.03614024639210127
-1.0
-1.0
0.038606266959831506
-1.0
0.03192666131070074
-1.0
-1.0
0.032479548418889954
0.036267779537893834
0.036984974498306046
0.028052409609696016
-1.0
0.023007266263177922
0.02216320713496831
-1.0
0.02352837735459847
0.024484866964588268
0.024734172878414815
0.016845055582344743
0.012169532247559211
-1.0
0.009506169979451558
-0.0016681381048227468
-0.007589548544464145
-0.004120077178911213
-0.008153040987876881
-0.010843225343703383
-0.008492488320891087
-0.0106825083243063
-0.012385041661572784
-0.008295239622368259
-0.00901454252426721
-0.00234481211333036
-0.0056975258526834665
0.005582412546775027
0.016313862375697822
-1.0
0.01660855122462183
0.020608962227385504
0.02497714474794291
0.019562301502876373
0.019762953910924193
0.02506985420328092
-1.0
-1.0
0.004884874943572307
0.0011569773321174323
0.005338751840288329
0.005307419415417965
-0.009978789773057927
-0.015300957326983038
-0.014959976652606203
-0.013377609228773714
-0.014981878790616788
-0.021585395050454252
-0.01969559514048813
-0.023196178342060857
-0.016660372573087712
-0.01865326226538469
-0.014129453512170789
-0.019183029874066154
-0.020731053694015452
-0.010781501054175214
-0.010703048995224599
-0.01693657733089986
-0.022842933634187605
-0.013407346016024786
-0.010525302597855092
-0.004209505196058142
0.00468294899333907
-0.0034367728325737385
0.00890458675148444
-1.0
-0.007460530894801302
-0.006470278278172976
0.001269277477279179
-0.0032478872277289287
-0.003974746752031076
0.0020786074627444887
-1.0
-1.0
-1.0
0.010767203992836798
0.007450437106128502
0.002974981505909284
0.013160526658836637
0.009710691376905325
0.01621820322019579
0.01508583766749632
0.005359672301043653
0.008434038050035623
0.009133417845041354
0.008579167695367422
0.00822461611590631
-0.013255233170376747
-0.019430462742440754
-0.016303359374615165
-0.017193673326002874
-0.016713842297278438
-0.017290733967753154
-0.011444876054005433
0.008818490638363739
-1.0
0.010398031397637382
0.02416643083122015
0.026353131493087285
0.024438453863139743
0.02485665963517491
0.027562869749153486
0.024997538998364384
-1.0
0.02876775487972667
0.02771626197538501
-1.0
0.03211695887725283
-1.0
0.03233273536268513
0.02565932519214102
0.0305523287186492
0.029153777375910895
0.029201051667907554
0.03348313620632319
0.02854057714940661
0.027681531609333527
0.02605987405785701
0.024385801363201655
0.02398278698326642
0.02377948571670706
0.02094423653881764
0.024105946223419387
0.02963012521329111
-1.0
0.02582691969843189
0.02557047083099777
0.030145012342932053
-1.0
0.02465777429177278
0.0293541789242191
0.03372179088630562
0.021852515690259804
0.021324875330084158
0.024541422150990404
0.03000013695568557
0.02524439592053944
0.03362643473250621
0.03389684205802831
0.030430961466500255
-1.0
-1.0
0.023978913495784755
0.011324562592742898
0.008501309881620196
0.005422977882907817
-0.01690591604589243
-0.02729774244857323
-0.02170657675042237
-0.027475493566751344
-0.024545554137401622
-0.025415808273437056
-0.028272051855487458
-0.02123799808092009
-0.016147452292658973
-0.012103416331505098
-0.018326220527422755
-0.015250168347886998
-0.016300599586143303
-0.013023832623621914
-0.017443780953242356
-0.02330672697963148
-0.010201203397267442
-0.004832698712729777
-0.007445259446843868
-0.0030753670652349623
-0.0008469448644295714
0.006799425861632503
-0.0006397484650152848
0.0012483946952592027
-0.0014104965427937078
-0.000995740913591974
-1.6231863893585897e-05
-0.00033457903851541877
-0.0006953438336255423
-0.0020195406653677954
-0.00030661935608335985
-0.0010809093189314497
-0.0022362983339134354
0.001294332332320642
-0.006562681839125256
-0.007624427394371645
-0.013799697228542586
-0.011215986479917969
-0.017531684634785483
-0.013784889857850086
-0.020107410159933926
-0.0191847170768968
-0.022187052349797357
-0.013284052969942898
-0.019787626803010272
-0.02048065406494848
-0.026669947269746655
-0.02302482372857225
-0.02428347610713503
-0.021078383797812267
-0.02751829035864481
-0.024766719473706577
-1.0
-1.0
-0.025436486265866635
-0.02867896883795684
-0.02239047553851673
-0.015986553577197457
-0.011002099407398247
-0.00024104938404545618
-0.003235347072432659
0.0021073342119505194
0.011641539283082312
0.010681226317400469
0.011996185326797228
0.012388555412616
0.019901618769199037
0.02505657991044575
0.027529629726871056
0.01897906123338858
0.018388308167946815
0.019605282315997105
0.013923332476198072
0.01493988896459179
0.028140278674317717
0.034679818125018726
0.03400379830133674
-1.0
-1.0
-1.0
0.029268124542196183
0.020589419873966005
-1.0
-1.0
-1.0
0.016722026852623573
0.021784538313014936
0.02370085791275473
0.02344971767797346
0.02490481189532247
0.02545007300850349
0.02655526710449869
0.021933517496245072
0.019354507754847077
0.012065637475340462
0.01903237600312759
0.018856600998631443
0.021678569446638467
0.017994751914981913
0.016446328318517597
0.01884238726667093
0.0212199449283869
-1.0
0.019449439866486555
0.014373757571197701
-0.003433345966436233
-0.0043353172114823525
-0.006720192427726105
-0.004465856000570309
0.0021614419500492928
0.011007890247586792
0.026349077422746545
-1.0
0.030500625666710274
0.030328966474413504
-1.0
0.04058922119302147
0.03736630390515988
0.042059252394640013
0.039788102775409506
-1.0
-1.0
-1.0
0.03114661099485771
0.03074881946815339
-1.0
0.030719638046978
0.03194507768698799
0.02934891688895565
0.031124156407783925
0.02674743304717445
0.031101804436599143
-1.0
0.030947831645402435
0.028424484213353765
0.029632747032828182
0.03146845807536403
0.02719153055758288
0.027776625102261608
-1.0
-1.0
0.021484843691882773
0.03220662884154426
0.029121381866430082
0.027923914919896757
0.031021780555038188
0.032654584176812516
-1.0
0.031015408519831228
0.024435384723251397
0.02952117839358979
0.024841502789366695
0.02991705880751876
0.029568794155610808
0.027896451801295206
0.022989066107393926
0.0197062656265294
0.03281882635823569
0.027693454218845427
0.027529564457511483
0.03308000283216463
0.033001219338079466
0.03154780831106567
0.032734933187648106
0.031529107231499515
0.036668911827080104
0.02501592187873109
0.03152013204572274
0.03670848217813181
-1.0
0.03083345180183098
0.03555155582113629
0.032218462843281316
0.034332456358507735
0.035747055442299176
0.03551247770325867
0.03662559465779283
0.03605585176489975
0.037094805711788574
0.032303975631047054
0.03510315142612115
-1.0
-1.0
0.03564177687163287
0.03285815715553783
-1.0
0.031303231068941124
0.04009607597938314
0.03300217410560287
0.03266758369291612
-1.0
-1.0
-1.0
0.03621314273446838
0.03412642234898471
0.0338762469132263
0.024850569460193532
0.030634612836751868
0.030694876566455396
0.034131741275541395
0.033173904270747206
0.030712173989005755
0.03366080404036193
0.0271437437682626
0.0225771448160373
0.024131808000336156
0.023904702043224414
0.020795671515827657
0.01660383718486911
0.014767690850864578
0.009450083647851198
0.01427522524869336
0.011236955427162394
0.013516801206781292
0.012804161872051963
0.017687268599866857
0.016076529594606467
0.01737036558486434
0.02247991819602749
0.020876297723439952
0.01663343162639636
0.015829391077326695
0.02208845789929431
0.02580720839977215
-1.0
0.031160165114391507
0.029347658015124328
0.03127197928198699
0.031361920532037846
0.02937938989696533
0.03548776700207061
0.0365116239794299
0.03877869993808726
0.03881084077382254
0.0359455977611317
0.03664586539465634
0.033999226119206014
0.04248754893624881
0.03962708604924908
0.036441620693567184
0.03795887045836042
0.03458598354837504
0.03687731368955997
0.03377664042454467
0.03711059603093021
-1.0
0.036046134183741176
0.03352125754666041
0.03859284697537106
-1.0
0.0373317544011363
-1.0
0.038435505842682474
-1.0
0.04156131638567658
-1.0
-1.0
-1.0
0.03820516435709461
0.03222148859175268
0.02407010593632421
0.020706435808543117
0.024124399402669958
0.02132094119745448
0.02258548184448621
0.023538687011550204
0.026125206728919995
0.02474913041158463
0.03169431829418321
0.03182359683845445
-1.0
0.03191258332712382
0.022606539196684962
0.027204631293516163
0.020796415944364904
0.01908402577650955
0.018788179769781366
0.01237658338579677
0.01627848053755544
0.014373828377240544
0.018126167863093855
0.025309788612375303
0.024117351236837548
0.024404845945872333
0.032520978218863024
-1.0
0.03492546219725716
0.03161799927554341
0.02437208177432802
0.02302332074065538
0.020449521111509078
-1.0
0.013671432660883668
0.0037989533065238053
0.0036825137550736903
0.012690224795657424
0.013796850966729383
0.010232853981722771
0.008758998525429901
0.0028031497644134453
0.0047046714349444465
0.007451044203219329
0.011111899818131953
0.011787172774815348
0.012071601757365984
0.01432643218472586
0.010550934768213461
0.013723485060090993
0.008996210898565116
0.0062706248249083055
0.003147732581612657
-0.010265571938877477
-0.014805837934049782
-0.014489408349320082
-0.013354898339363349
-0.008809978148963747
-0.0095778968737994
-0.010905512600702124
-0.014704311737640184
-0.01317022023213613
-0.011342725034213557
-0.01128432010271113
-0.005431654915607781
-0.012407604824040849
-0.01698464610320933
-0.008815016804121783
-0.008650538793289893
-0.009442286396589705
-0.0029785778396351505
-0.008312331382908943
-0.0024844388624740703
-0.009869466475717004
-0.004019858811106338
-0.004061793881946404
0.003359459989124803
0.0015018238568380267
0.019899794998881604
0.024527759924505507
0.02805650665581121
-1.0
0.025676427078724
0.026100783404319483
0.026742802812991066
0.030897869678366142
-1.0
0.031485586477829494
0.032930762723241
0.034262742165928534
0.034693760592693586
-1.0
0.03768060860332577
0.036142128541772185
0.03486829015950167
0.020123220580070076
0.020388575154660436
0.01720290310959283
0.024376714533893524
0.020362557893195996
0.020614100217573816
0.018227827942751997
0.01682028966716797
0.023467405212023236
0.03274035423673422
0.020719527985765086
0.01574855569922775
0.012837699821525874
0.00921478500086643
0.011101169562402655
0.010350952564567912
0.012372941981153109
0.018821127627502786
0.021443309221680817
0.018456829881837153
0.011040086121111799
0.01849595956255499
0.020431855819017214
0.021728929327144583
0.031756524925119226
0.03652393744282818
0.036871102349228684
0.03673762203710805
0.037023027884605576
0.027309154770547177
0.03570474200211928
0.02753068743912987
0.024338194844244723
0.01912188825168228
-0.003814273727154518
-0.0165757022558379
-0.023946532546539806
-0.02346865866620766
-1.0
-1.0
-1.0
-1.0
-1.0
-1.0
-1.0
-1.0
-1.0
-1.0
-1.0
-1.0
-1.0
-1.0
-1.0
-1.0
-1.0
-1.0
-1.0
-1.0
-1.0
-1.0
-1.0
-1.0
-1.0
-1.0
-1.0
-1.0
-1.0
-1.0
-1.0
-1.0
-1.0
-1.0
-1.0
-1.0
-1.0
-1.0
-1.0
-1.0
-1.0
-1.0
-1.0
-1.0
-1.0
-1.0
-1.0
-1.0
-1.0
-1.0
-1.0
-1.0
-1.0
-1.0
-1.0
-1.0
-1.0
-1.0
-1.0
-1.0
-1.0
-1.0
-1.0
-1.0
-0.015764527153883823
-0.008955276959588289
0.0036698114821200395
-0.0036449644142708725
-0.007390177627976461
-0.018552319564192482
-0.026210818086181212
-0.0274908709882845
-0.025883440725945565
-0.026524816423027276
-1.0
-1.0
-0.029385877337254597
-0.02656774525878859
-1.0
-1.0
-1.0
-1.0
-1.0
-1.0
-1.0
-1.0
-1.0
-1.0
-1.0
-1.0
-1.0
-1.0
-1.0
-1.0
-1.0
-1.0
-1.0
-1.0
-1.0
-1.0
-0.02729546867567445
-1.0
-1.0
-1.0
-0.027979904770944638
-1.0
-1.0
-1.0
-1.0
-1.0
-1.0
-1.0
-1.0
-1.0
-1.0
-1.0
-1.0
-0.03174810363498837
-1.0
-0.035858071502475546
-0.036220185862539826
-0.035219793642352726
-0.033895696854690335
-0.03940222114123824
-0.03894099645793616
-1.0
-1.0
-0.04018781119437416
-0.030476218428230614
-0.027227745377585832
-0.028117428156882188
-0.03349571159462228
-0.03657702350948497
-0.029373092965409547
-0.0145231562596868
-0.010023016780171153
-0.011191965606685924
-0.021462811456319723
-0.021503233319953515
-0.022627635857374175
-0.02508782661032742
-0.028542099264395753
-0.018470663931826052
-0.006152720699297363
-0.006000371169014814
0.001213315471847595
-0.016473019130725547
-0.029671679257011807
-0.028559692875362683
-0.030628072231378832
-0.02958675937753806
-0.02423888241531416
-0.013494105297248107
-0.017496978707392016
-0.012002050389200929
0.0008172384631031454
0.004832572626820798
0.015900069113260702
0.019755829638221697
0.013790503251329776
0.012785656295570805
0.011372102068512743
0.006193379638754601
0.013406609257121142
0.013161537827945147
0.023888568220780733
0.029104398868280347
0.02807065821932451
0.024695772155522305
0.012301017256484031
0.0035934526939795683
0.0018618200771427194
-0.005237495433566078
-0.0029102676848950047
-0.0035369060649703718
-0.001544161577724709
-0.0024096596903083853
-0.0017065915665961705
0.00017348803105989068
0.002791141319352589
0.017507343327100317
0.013552658706815395
0.01596418324206921
0.00973392760315125
0.0009174203326672277
-0.0031884399237214352
-0.0016863690243241701
0.012213235229402571
0.011936582205549877
-0.0068810608607981615
-0.029917681388845027
-0.03817040094858407
-1.0
-1.0
-1.0
-1.0
-0.03916793243909337
-0.03625470773613191
-0.02917671072010536
-0.03346299620281706
-0.028472183311622868
-0.029525428308728115
-0.029368074210094863
-0.02832965176320424
-0.028644846906868936
-0.026144192287482312
-0.031877206901302
-1.0
-1.0
-0.03675228090563459
-0.034173060794636716
-1.0
-0.03904501627183551
-0.03427709079986972
-0.038940287033626536
-0.03155487946188447
-0.027955764562183318
-0.026399360415828365
-0.03097664326109169
-0.025046475396764394
-0.014208541315323382
-0.004093726760092001
-0.012490633110006071
-0.007032364614617491
-0.005757623978779417
-0.007096429062857117
-0.0034801247247742547
-0.012674867913974165
-0.020204332104784794
-0.019056836581347956
-0.014055324853659826
-0.015668470081044904
-0.02000542898277601
-0.02802712850220992
-0.030282552798692474
-0.024391975669202048
-0.021768810707203524
-0.02763919940754851
-0.031188025153377714
-0.03384664557545819
-0.03333281056278479
-0.03471598597833024
-0.03361571073309339
-0.032897986694880935
-0.036748436280822375
-0.031099716446715307
-0.030684890238288944
-0.03557105866904333
-0.02440077330901677
-0.024578824540336677
-0.01893072314374624
-0.01876401560621674
-0.013444568771201844
-0.006223453196388977
0.0003457054287894019
0.003378880920055306
-0.0030968077641346735
-0.014329989899937595
-0.019263757610281245
-0.01486744316378889
-0.009932097596260132
-0.006839695351462555
0.005337048857634218
-0.01289664633045416
-0.022921443981100204
-0.01924388116714808
-0.02321026393226757
-0.03772530268159057
-0.03482500858004733
-0.029635103833617216
-0.028838849137428357
-0.023540640802480466
-0.03146334011996821
-0.028382527564552052
-0.03385370692274589
-0.03160284390963679
-0.027948978544930517
-0.021440982213384703
-0.026592602764906725
-0.021681689879943233
-0.032495528836302835
-0.030277241442821918
-0.027685550368791233
-0.030626074232886408
-0.01724817221443687
-0.004348257635741085
-0.0029658570909250706
-0.005508365939839087
-0.03190050405217714
-0.0376666510056919
-0.03800122995394993
-1.0
-0.03991025692370623
-0.03598801758847375
-0.037185869671562656
-0.03731890249692451
-0.037170599044674145
-1.0
-0.038258072512582425
-0.034994935715023545
-0.03864395460391094
-0.03357486303583529
-0.015385041026448783
-0.009633410357778495
-0.01289467395851248
-0.009747890716168018
0.0005319267762627176
0.005156401425867809
-1.0
-0.010651175275578902
-0.024221485530319296
-0.025044769888935278
-0.025949940116599703
-0.028547004181842795
-0.025025948480956486
-0.026697578463026533
-0.029382892986024665
-0.030734503725999767
-0.026151250335654148
-0.019688819514659037
-0.006261264602276557
0.020103422903015873
0.010288955166605968
0.004776082673869842
0.009164967356554962
0.010227496156990687
0.004024939512564619
0.01763698443445934
0.023357512360412558
0.016856726768076452
0.014163759364980648
0.020021447149198224
0.023201921630391562
0.022590305055657716
0.01852430083574987
-1.0
-0.003550286758564082
-0.025859045247801145
-0.027743226348807323
-0.025486579324467157
-0.026020422710882205
-0.041152637562127496
-0.035284336200612665
-0.037344929761919464
-0.03630963517598085
-0.036952220775188
-0.03167707464154311
-0.032043258085322046
-0.03182369620417051
-0.025816273340336638
-0.03482146082954588
-0.033300356750536234
-0.031197812603563337
-0.03504032460027016
-0.03387055375612843
-0.03524742346408751
-0.03621461277534773
-0.029974810837815717
-0.023498997765140917
-0.037024794597907765
-1.0
-0.03497327112914598
-0.041059246326736076
-0.03871172015969076
-0.0347993274411631
-0.03533973363448544
-0.03982387649886969
-1.0
-0.038263827015848954
-1.0
-0.036371580028542246
-1.0
-0.034248500462760983
-0.033477567332528144
-1.0
-0.03165612047582181
-0.0323513077247595
-0.029856189505811644
-0.0336722873319211
-0.028982789841756423
-1.0
-1.0
-1.0
-0.031140075316083354
-0.02837371946014735
-0.03740569177213144
-0.03369602408750045
-0.03732987389071264
-0.034476570205630955
-0.03373091277652295
-0.041104995548882424
-0.03874375319627033
-0.04198789897586394
-0.034743218020041745
-0.03801584662495264
-0.03425480993267022
-0.03660593498038195
-0.031371678199177404
-0.03941802666995967
-0.03437077220796636
-0.0294390340392419
-0.026510930712545004
-0.03488600891790506
-0.03298978980166265
-0.038478922567660515
-0.034205842662012625
-0.036863774962733596
-0.03116993896245562
-0.02818558541516286
-0.031160580514698614
-0.034646902700106744
-0.035950465534922246
-0.03898765342670185
-0.0369286377518838
-0.03609644499391668
-0.03948835347889241
-0.035760599242189106
-0.028735048332508985
-0.03669829916930006
-0.03992541414670139
-0.035022602625363865
-0.028323516556031766
-0.006966181985712331
-0.00741274537648989
-0.022086189506878014
-0.035573320838377505
-0.026754189404774836
-0.03203535564814232
-0.02782576026119894
-0.018802086488163332
0.0015463919454097525
0.006668119119189503
0.002427946167562139
-0.0059435288371068795
0.005463957062687125
-0.006701517095196014
-0.012934270455844086
-0.02715184993499184
-0.029206180786671983
-0.03001122279757561
-0.03321651940549851
-0.03365193953318528
-0.034138351838681226
-0.027574898907078222
-0.027305937870100612
-0.016320899555989754
-0.021988058682200044
-0.027301776859161915
-0.03624612056193957
-0.034600700554887065
-0.036887846264642234
-0.03302689688932803
-0.03185303685636847
-0.037064882830212864
-0.03476141562256076
-0.039527400260070296
-0.03685502436305481
-0.04525042989405533
-0.04264850467075809
-0.03814729580959747
-0.04101536066909063
-1.0
-0.049563178073800264
-1.0
-0.04557422721366303
-0.041756767723006176
-0.03987813369426416
-0.04389407503558745
-0.04218262240580268
-0.04420015663794695
-0.04288422770750084
-0.048323525116699746
-0.042846589780331366
-0.04088171570832206
-0.03303895414135793
-0.028806598482886643
-0.026254516336977653
-0.021761436670656355
-0.020843119676311035
0.004121050013447774
0.014326377199374973
0.01380610316511068
-1.0
0.028583148806976332
-1.0
0.028336558498639464
-1.0
0.031031259446695336
0.030456051916650396
-1.0
0.02867964555682983
0.03598004125395225
0.037949422635135566
-1.0
0.036856850554383216
0.03974631479131118
0.038454782200208565
0.03860973605972804
0.034552763871966444
0.03532074608356696
0.03500829238774986
0.032338411523872075
0.03243274380399578
0.03085845908757059
0.03470727246049215
0.03775470127430119
0.0449595383239239
0.041025719751066864
0.03671947287331553
0.037464476981413954
0.03822392923349379
0.032277909306914966
-1.0
0.04323536502283162
0.04182502727373999
0.03656375995594161
0.04009460142290007
0.0421536501968746
0.037494692925946496
0.03627565761839061
0.0378931641210285
0.038472749418273215
0.02521044468427756
0.024161352455502803
0.031076509742454933
0.026570141421608417
0.025945947102514792
0.02349616090242716
0.03351826968086334
0.029530108651395784
0.02363592714021581
0.031698547292745606
0.03959652790179349
0.03888380207759436
0.03569729393113821
0.04017077547260359
0.04002609195187089
0.033331791397071
0.03403994519238533
0.03913465463167112
0.03840620024132989
0.04078520981683561
0.039234506573866276
0.04147506208910239
0.03234844240911996
0.03405098753851641
0.036214639895488704
-1.0
0.019893702140730985
0.01923057442403313
0.007876932188480797
0.005718842980106843
0.005028996044305515
0.003738723296227675
0.0041593473207297725
0.0034512017449478123
0.0023311319140865506
0.0018160429176480584
0.01042892192387529
0.007300632719416362
0.015400652322331206
0.016344211462196636
0.018002794536969256
0.01959994046045194
0.024955567231710232
0.01658338952363513
-0.0039007217439364326
-0.03498063102752496
-0.04074171265649612
-0.04898955009608378
-0.046927458047108364
-0.04528110528231239
-0.046406180224016845
-0.04413051516112383
-0.043703763992217357
-0.04378886885372732
-0.04001655813082492
-1.0
-0.041359145151456056
-1.0
-0.039700185992418924
-0.04017388781147043
-0.03940048050961073
-0.03951368386621142
-0.04476626362786908
-0.04323831121723263
-0.037597350800065654
-0.018915560513175615
-0.017839519868057215
-0.0036815181716695544
0.007795049138849542
-1.0
0.005097987155617535
-0.008102493403141233
-0.030485903220799304
-0.03443375478439082
-0.03420234708451442
-0.03582658815405034
-0.03471206150144739
-0.026463840461964837
-0.027086917317972133
-0.005342316739927989
-1.0
-0.025119172228261946
-0.03179999218568687
-0.042297215403047074
-0.04432238099124151
-0.04378487502898466
-0.04400020110719976
-0.038182673125098494
-0.03310709435377107
-0.0337685311936228
-0.0205571018554368
-0.0111849110311752
-0.001583301548573365
-0.02159742044261372
-0.025856444449103552
-0.03714740800674765
-0.02996786062691831
-0.030005008377299868
-0.026170016717504258
-0.03310148598744221
-0.022598720771161325
-0.021491442946549942
-0.030103925382859484
-0.02712579920148466
-0.033055852859157665
-0.04004230003425906
-0.04336626175842843
-0.0404333414024675
-0.04115665214174123
-0.039564320032456614
-0.0390353283853106
-0.03800435215779908
-0.03354997684725836
-0.039304174789349215
-0.04533532627143315
-0.04311382179438784
-0.040594985940996704
-0.03985115138016625
-0.03380267510641407
-0.019245339312286752
-0.003691314718567274
-0.010895280621021916
-0.013320671378858827
-0.013181577585098041
-0.02275291978474175
-0.029437770628703598
-0.04399914277696093
-0.04652653065036299
-0.04272378133885752
-0.026335984429362552
-0.037553290143551715
-0.026455913253689744
-0.027868997087332877
-0.03535574085968347
-0.04420177846959789
-0.04542119983394004
-0.04414025040656509
-0.04434403728592117
-0.044129693170093374
-0.040313921560536994
-0.0399198904205896
-0.04213533160615741
-0.041880941635044557
-0.034975845815069934
-0.035978257059735015
-0.037090317623502164
-0.04202629714165909
-0.02782905615660856
-0.033031192524855785
-0.03794192096714585
-0.039041654685011605
-0.04153377065576529
-0.043444110857586385
-0.03219031581956797
-0.0009881191477005466
0.0065888733817149915
-0.0037431216541417497
-1.0
-0.022248104435358122
-0.03699883306378412
-0.04059553904692888
-0.03988754012579733
-0.03003437560135744
-0.0002149239920891734
-1.0
-0.023143373433944667
-0.03276848621299955
-0.03442125943956967
-0.029031619543150252
-0.03971526968872005
-0.03709146702834606
-0.03433338175352417
-0.03717672867498285
-0.03193927490177283
-0.03962488130617483
-0.040056570046042156
-0.03486645942276293
-0.025919450928496433
-0.012069746588457636
-0.01037214778298266
-0.0192496810351712
-0.014164187007927114
-0.012285953787213984
-0.012424064200801705
0.007172558994483154
0.014110090118354153
0.020129741227216166
0.02060220000258638
0.019298987337877313
0.021728729273612437
0.020146972260147875
0.018138846707349266
0.0018953450744981315
-0.013380436455934697
-0.016476683455217023
-0.013450189685327393
-0.015432853391490194
-0.010257294764865796
-0.006748123127047498
-0.0019127963315577349
0.005813259128139902
0.0206795614707333
-1.0
0.0062593570071931715
0.005396718839256094
0.00433956823573954
-0.0005804795672198807
-0.0046257893280377185
0.004283279885088507
0.011018426285395948
0.009501148837153799
0.01081416627097572
-0.0006300492707772048
-0.0033090473849675915
0.00526385904214084
0.012688082791693738
-0.0025621807352125586
-0.011205122209531128
-0.014724840742477178
-0.018056461799639916
-0.01390485234447944
-0.009823563031552365
-0.011948466285614653
-0.014652175218792038
0.0018036959483746853
0.006911398449400537
0.006178413592697078
-0.00014687965879944573
0.0009932799817306218
0.00413250838031504
-0.007817437309784741
-0.0031564771749006747
0.0022225819141641332
-0.008649290578885787
-0.017913536336247305
-0.02047894594021763
-0.014479392194573839
-0.01740466398133446
-0.022341026715260802
-0.019109295114154698
-0.015576869215843815
0.0019266862024315654
-0.0034191877263807804
-0.006559979044879289
0.00360589602100013
0.017833703820200036
0.014005420655321963
0.03130698669832656
0.033190261979751584
0.032613373660583506
0.03130727313677871
0.03177208358353417
0.025138095395874145
0.021283208868125136
-1.0
0.0034724608177535816
-0.013073905206615256
-0.016245524760665837
-0.01976353496152627
-0.014379695580004657
-0.020935281144235013
-0.026500179362641353
-0.026728099137551822
-0.029448964350566917
-0.020578035947983252
-0.027137991875729916
-0.024484180540557766
-0.005657203087117085
0.011437636936841062
0.016422652074072227
0.013236091421758139
0.022545741609388048
0.02045415621466306
0.018668341723290956
0.017446669199208304
0.017303341260066173
-1.0
0.023519160123716742
0.009971974608988058
0.008577058587663128
0.00540394890047064
0.012544312090438395
-1.0
-1.0
0.030088047641666286
0.034284052458883885
-1.0
0.03349434172154956
0.035987593225018995
-1.0
-1.0
0.0408960470001691
0.03396293825251006
0.028896852292797294
0.03675561375129225
0.0307027210353218
0.02881351711580341
0.020736625897614474
0.025577241613353344
0.02477616964407719
0.020981277733859976
0.019330492056810925
0.024863916656140895
0.014561592137721827
0.013458372391856271
0.017687124681725744
0.015510630456197718
0.011398785290431765
0.015379350027381921
0.012441840759490131
0.016602556973144864
0.012589432466189397
0.007356747712547093
0.009369633831384548
0.001565614302966638
-0.0006256700595770423
-0.003070813285567756
-0.0052455922863519555
-0.0025400799762642003
0.0008842273197542495
-0.0002910766716099251
-0.009282689850896725
-0.018530334010789077
-0.017576047565385323
-0.01548774783588193
-0.01244802711967574
-0.005105139729793862
0.004166506278068268
0.02109727976017923
0.015261499914829984
0.012907843088278354
0.014847344308541231
0.023627650436004233
0.03248353247930216
-1.0
0.021417012670433118
0.02563671147512149
-1.0
0.022547188488191167
0.021434190696632483
-1.0
0.008908320982837361
0.009629002789073285
0.0068072000703134445
0.004742289885224575
0.0031331648807942283
0.008105318380174214
0.005164768580626676
-1.0
0.008260637193306565
-0.0036271237585038104
-0.014398259880522598
-0.012259081943236093
-0.010260089286732214
-0.013792359308500257
-0.013627954254938374
-0.011810040911192884
-0.01951460550827015
-0.024844074445809054
-0.019926413693736877
-0.013058016229081657
-0.01847830097212558
-0.01613049500906627
-0.017649439636754635
-0.024441723558963232
-0.03701460732469072
-0.034616923080372744
-0.032497468410880505
-0.03314572416533535
-0.03540637606366504
-0.030543259435424967
-0.03272472809185923
-0.03463482869293579
-0.028177689417910344
-0.017596439387554612
-0.015571002789141286
-0.011376357235143086
-0.0068968625917103475
-0.01557865435082795
-0.021288772019155425
-0.016905472094780393
-0.020631199581553922
-0.019626049869104472
-0.018457471438861065
-0.020711849103502013
-0.02170917777255299
-0.01966334115829975
0.001983847668279031
0.008588978017748874
0.009660053906216682
0.01910495442758927
0.01261052795195369
0.02049725277960764
0.02240953024043872
0.024034802134855312
0.027128654837979146
0.022260898588108403
0.02528531158712289
0.03247771816265943
0.027918644817425203
0.034104024354740324
0.03919737042369563
0.04280985036187312
0.04111401167133813
-1.0
-1.0
0.03997606367427563
-1.0
-1.0
0.03782242178776175
0.04192792788511414
0.036366720120305514
0.039143521145253345
0.03899430660144789
0.03354915590623156
0.0367661099355036
0.035637418269128335
0.03426568556688651
0.03373963201338622
0.02148015234827359
0.0047925297182410944
-0.003240197176474546
-0.006005631783760915
-0.004386239180662924
0.0009240232826146583
-0.0015725152638519106
5.563693518283869e-05
0.0021904621863277135
0.0024089053956679626
-0.018451067625228287
-0.031207099047149914
-0.02605350159360978
-0.02735986085479414
-0.03658032076109682
-0.03064455881423645
-0.020435025103853914
-0.023720604254957454
-0.038916188240929725
-0.038864929983025064
-0.03794229133238812
-0.03811635357090193
-0.038958736085100205
-0.04466417323874567
-0.03952711989209585
-0.04454181056680741
-0.04220422485329728
-0.036023926323054706
-0.03594173723899419
-0.03350758278900805
-0.026160712415934824
-0.021682492755910936
-0.014740450860061432
0.002285262261680853
-0.000713326378444976
-0.010629124410369138
-0.004384204235417015
-0.005934316989661035
-0.0064941493553097385
-0.026345331416590456
-0.034026622239305
-0.03830326041199757
-0.04212399236163108
-0.04441257633462597
-0.041269526085962446
-0.0437339599274771
-0.03575568688756228
-0.03997031547127104
-0.04131132908699789
-0.03614556546717518
-0.04299736033148258
-0.0397126209159113
-0.03679772822790976
-0.020108621896929732
-0.01666366203654416
-0.013565378920231505
-0.007174883922419022
-0.00414911186008829
-0.005735914720243329
0.0035425689947740607
0.010082551013597736
0.009292487399036032
0.011601681431104505
0.016382104216549447
0.024806213581560474
0.03125431764832082
0.03198187260220217
-1.0
0.03587845728500544
0.03584971717949054
0.041701481999742655
0.04087451101490158
0.040867655120865154
0.03762304807593562
0.0319762035708703
-1.0
0.032072697444522937
0.01652755731097514
0.010304287387648568
-0.006893306801426568
-0.0035864065954346364
-0.008009108510166668
-0.004359578004584412
-0.0005800852421611053
0.016182177304031632
0.011836678956702462
0.006403323147210128
0.00589368580151523
-0.009943053901001074
-0.012475563751643957
0.0009800984201987705
-0.007931381107256228
-0.0242449776968965
-0.03093278549673888
-0.030908149122317187
-0.026985497518056744
-0.009336286052587172
0.0010016216603216878
-0.003039367128534172
-0.008009272922717527
-0.008269347012449644
-0.02228871639537204
-0.03105434091881663
-0.030719769928111876
-0.031152088866468496
-0.027914003152706486
-0.03199640497836835
-0.031733865854048936
-0.02943261930668412
-0.036080272443280076
-0.034629416035684674
-1.0
-0.029365194447492634
-1.0
-0.030349034074106728
-0.026994268981505688
-0.028879582601566846
-0.03047719416597452
-0.02995020804974054
-0.02614743681118063
-0.026521169636791044
-0.018802565166476878
-0.016196865617222996
-0.02830596566464095
-0.02519373472382876
-0.02548789538692912
-0.02512621535528032
-0.030373610002778308
-1.0
-0.024864118345160665
-1.0
-0.03245515253899503
-0.034142235526211234
-1.0
-1.0
-0.029606019068167528
-1.0
-0.02764549176558437
-0.031749107270098
-0.031042043701841295
-1.0
-1.0
-0.034173495602840734
-1.0
-0.032304444445127485
-1.0
-0.03720411881964287
-0.03626640750889157
-0.04052188406267566
-0.03898136237293203
-0.02481436206879596
-0.026273489085010735
-0.022032590567407275
-0.024911351887174048
-0.03283883343503236
-0.034868778921980134
-0.03189988569121859
-0.031991174221588425
-0.03257262472818215
-1.0
-1.0
-1.0
-1.0
-1.0
-1.0
-0.011903876042038282
-0.013706769626836496
-0.018835534804688112
-0.02821643575055261
-1.0
-1.0
-0.030778680829213978
-1.0
-1.0
-1.0
-0.02781430616148813
-0.018339579602164428
-0.005431721249707862
-0.007994987312635328
0.003717125200377914
-0.0036164563589647486
-0.009059205679427373
-0.007768674328845366
-0.0016771599554413542
0.0045627344406883015
0.007147456509519373
0.0076211633098261945
0.014842349442795688
0.011259461157118723
0.012378972998290721
0.010111217537080492
-0.0009065655970048748
-1.0
