-1.0
-1.0
-1.0
-1.0
-1.0
-1.0
-1.0
-1.0
-1.0
-1.0
-1.0
-1.0
-1.0
-1.0
-1.0
-1.0
-1.0
-1.0
-1.0
-1.0
-1.0
-1.0
-1.0
-1.0
-1.0
-1.0
-1.0
-1.0
-1.0
-1.0
-1.0
-1.0
-1.0
-1.0
-1.0
-1.0
-1.0
-1.0
-1.0
-1.0
-1.0
-1.0
-1.0
-1.0
-1.0
-1.0
-1.0
-1.0
-1.0
-1.0
-1.0
-1.0
-1.0
-1.0
-1.0
-1.0
-1.0
-1.0
-1.0
-1.0
-1.0
-1.0
-1.0
-1.0
-1.0
-1.0
-1.0
-1.0
-1.0
-1.0
-1.0
-1.0
-1.0
-1.0
-1.0
-1.0
-1.0
-1.0
-1.0
-1.0
-1.0
-1.0
-1.0
-1.0
-1.0
-1.0
-1.0
-1.0
-1.0
-1.0
-1.0
-1.0
-1.0
-1.0
-1.0
-1.0
-1.0
-1.0
-1.0
-1.0
-1.0
-1.0
-1.0
-1.0
-1.0
-1.0
-1.0
-1.0
-1.0
-1.0
-1.0
-1.0
-1.0
-1.0
-1.0
-1.0
-1.0
-1.0
-1.0
-1.0
-1.0
-1.0
-1.0
-1.0
-1.0
-1.0
-1.0
-1.0
-1.0
-1.0
-1.0
-1.0
-1.0
-1.0
-1.0
-1.0
-1.0
-1.0
-1.0
-1.0
-1.0
-1.0
-1.0
-1.0
-1.0
-1.0
-1.0
-1.0
-1.0
-1.0
-1.0
-1.0
-1.0
-1.0
-1.0
-1.0
-1.0
-1.0
-1.0
-1.0
-1.0
-1.0
-1.0
-1.0
-1.0
-1.0
-1.0
-1.0
-1.0
-1.0
-1.0
-1.0
-1.0
-1.0
-1.0
-1.0
-1.0
-1.0
-1.0
-1.0
-1.0
-1.0
-1.0
-1.0
-1.0
-1.0
-1.0
-1.0
-1.0
-1.0
-1.0
-1.0
-1.0
-1.0
-1.0
-1.0
-1.0
-1.0
-1.0
-1.0
-1.0
-1.0
-1.0
-1.0
-1.0
-1.0
-1.0
-1.0
-1.0
-1.0
-1.0
-1.0
-1.0
-1.0
-1.0
-1.0
-1.0
-1.0
-1.0
-1.0
-1.0
-1.0
-1.0
-1.0
-1.0
-1.0
-1.0
-1.0
-1.0
-1.0
-1.0
-1.0
-1.0
-1.0
-1.0
-1.0
-1.0
-1.0
-1.0
-1.0
-1.0
-1.0
-1.0
-1.0
-1.0
-1.0
-1.0
-1.0
-1.0
-1.0
-1.0
-1.0
-1.0
-1.0
-1.0
-1.0
-1.0
-1.0
-1.0
-1.0
-1.0
-1.0
-1.0
-1.0
-1.0
-1.0
-1.0
-1.0
-1.0
-1.0
-1.0
-1.0
-1.0
-1.0
-1.0
-1.0
-1.0
-1.0
-1.0
-1.0
-1.0
-1.0
-1.0
-1.0
-1.0
-1.0
-1.0
-1.0
-1.0
-1.0
-1.0
-1.0
-1.0
-1.0
-1.0
-1.0
-1.0
-1.0
-1.0
-1.0
-1.0
-1.0
-1.0
-1.0
-1.0
-1.0
-1.0
-1.0
-1.0
-1.0
-1.0
-1.0
-1.0
-1.0
-1.0
-1.0
-1.0
-1.0
-1.0
-1.0
-1.0
-1.0
-1.0
-1.0
-1.0
-1.0
-1.0
-1.0
-1.0
-1.0
-1.0
-1.0
-1.0
-1.0
-1.0
-1.0
-1.0
-1.0
-1.0
-1.0
-1.0
-1.0
-1.0
-1.0
-1.0
-1.0
-1.0
-1.0
-1.0
-1.0
-1.0
-1.0
-1.0
-1.0
-1.0
-1.0
-1.0
-1.0
-1.0
-1.0
-1.0
-1.0
-1.0
-1.0
-1.0
-1.0
-1.0
-1.0
-1.0
-1.0
-1.0
-1.0
-1.0
-1.0
-1.0
-1.0
-1.0
-1.0
-1.0
-1.0
-1.0
-1.0
-1.0
-1.0
-1.0
-1.0
-1.0
-1.0
-1.0
-1.0
-1.0
-1.0
-1.0
-1.0
-1.0
-1.0
-1.0
-1.0
-1.0
-1.0
-1.0
-1.0
-1.0
-1.0
-1.0
-1.0
-1.0
-1.0
-1.0
-1.0
-1.0
-1.0
-1.0
-1.0
-1.0
-1.0
-1.0
-1.0
-1.0
-1.0
-1.0
-1.0
-1.0
-1.0
-1.0
-1.0
-1.0
-1.0
-1.0
-1.0
-1.0
-1.0
-1.0
-1.0
-1.0
-1.0
-1.0
-1.0
-1.0
-1.0
-1.0
-1.0
-1.0
-1.0
-1.0
-1.0
-1.0
-1.0
-1.0
-1.0
-1.0
-1.0
-1.0
-1.0
-1.0
-1.0
-1.0
-1.0
-1.0
-1.0
-1.0
-1.0
-1.0
-1.0
-1.0
-1.0
-1.0
-1.0
-1.0
-1.0
-1.0
-1.0
-1.0
-1.0
-1.0
-1.0
-1.0
-1.0
-1.0
-1.0
-1.0
-1.0
-1.0
-1.0
-1.0
-1.0
-1.0
-1.0
-1.0
-1.0
-1.0
-1.0
-1.0
-1.0
-1.0
-1.0
-1.0
-1.0
-1.0
-1.0
-1.0
-1.0
-1.0
-1.0
-1.0
-1.0
-1.0
-1.0
-1.0
-1.0
-1.0
-1.0
-1.0
-1.0
-1.0
-1.0
-1.0
-1.0
-1.0
-1.0
-1.0
-1.0
-1.0
-1.0
-1.0
-1.0
-1.0
-1.0
-1.0
-1.0
-1.0
-1.0
-1.0
-1.0
-1.0
-1.0
-1.0
-1.0
-1.0
-1.0
-1.0
-1.0
-1.0
-1.0
-1.0
-1.0
-1.0
-1.0
-1.0
-1.0
-1.0
-1.0
-1.0
-1.0
-1.0
-1.0
-1.0
-1.0
-1.0
-1.0
-1.0
-1.0
-1.0
-1.0
-1.0
-1.0
-1.0
-1.0
-1.0
-1.0
-1.0
-1.0
-1.0
-1.0
-1.0
-1.0
-1.0
-1.0
-1.0
-1.0
-1.0
-1.0
-1.0
-1.0
-1.0
-1.0
-1.0
-1.0
-1.0
-1.0
-1.0
-1.0
-1.0
-1.0
-1.0
-1.0
-1.0
-1.0
-1.0
-1.0
-1.0
-1.0
-1.0
-1.0
-1.0
-1.0
-1.0
-1.0
-1.0
-1.0
-1.0
-1.0
-1.0
-1.0
-1.0
-1.0
-1.0
-1.0
-1.0
-1.0
-1.0
-1.0
-1.0
-1.0
-1.0
-1.0
-1.0
-1.0
-1.0
-1.0
-1.0
-1.0
-1.0
-1.0
-1.0
-1.0
-1.0
-1.0
-1.0
-1.0
-1.0
-1.0
-1.0
-1.0
-1.0
-1.0
-1.0
-1.0
-1.0
-1.0
-1.0
-1.0
-1.0
-1.0
-1.0
-1.0
-1.0
-1.0
-1.0
-1.0
-1.0
-1.0
-1.0
-1.0
-1.0
-1.0
-1.0
-1.0
-1.0
-1.0
-1.0
-1.0
-1.0
-1.0
-1.0
-1.0
-1.0
-1.0
-1.0
-1.0
-1.0
-1.0
-1.0
-1.0
-1.0
-1.0
-1.0
-1.0
-1.0
-1.0
-1.0
-1.0
-1.0
-1.0
-1.0
-1.0
-1.0
-1.0
-1.0
-1.0
-1.0
-1.0
-1.0
-1.0
-1.0
-1.0
-1.0
-1.0
-1.0
-1.0
-1.0
-1.0
-1.0
-1.0
-1.0
-1.0
-1.0
-1.0
-1.0
-1.0
-1.0
-1.0
-1.0
-1.0
-1.0
-1.0
-1.0
-1.0
-1.0
-1.0
-1.0
-1.0
-1.0
-1.0
-1.0
-1.0
-1.0
-1.0
-1.0
-1.0
-1.0
-1.0
-1.0
-1.0
-1.0
-1.0
-1.0
-1.0
-1.0
-1.0
-1.0
-1.0
-1.0
-1.0
-1.0
-1.0
-1.0
-1.0
-1.0
-1.0
-1.0
-1.0
-1.0
-1.0
-1.0
-1.0
-1.0
-1.0
-1.0
-1.0
-1.0
-1.0
-1.0
-1.0
-1.0
-1.0
-1.0
-1.0
-1.0
-1.0
-1.0
-1.0
-1.0
-1.0
-1.0
-1.0
-1.0
-1.0
-1.0
-1.0
-1.0
-1.0
-1.0
-1.0
-1.0
-1.0
-1.0
-1.0
-1.0
-1.0
-1.0
-1.0
-1.0
-1.0
-1.0
-1.0
-1.0
-0.02831442503108061
-0.02969998466875063
-0.030495192952808964
-1.0
-0.028207537720201566
-0.029455303757798902
-1.0
-0.03088773902563569
-0.02803999102552329
-1.0
-1.0
-1.0
-1.0
-0.02522088411850786
-1.0
-1.0
-1.0
-0.02264338144869221
-0.025068232001218934
-0.02195832116763186
-1.0
-0.015162923317588848
-0.0052474215098086445
0.0016726757744820013
0.009851160992702269
0.00608859067038598
0.0070244247814908066
0.002974015989598787
-1.0
0.0030497188264916007
-0.005805607033386174
-0.011369252631904782
-0.013207833833838611
-0.013689577505195494
-0.013310444978126926
-0.0006525930686184302
-0.005568831093076083
-0.005988807524595543
-0.003342257822824886
-0.011650248784275712
-0.014064984961041789
-0.013864892816589898
-0.012157539736244874
-0.01256796312382775
-0.011436677704504064
-0.008805451828403643
-0.011012715212873652
-0.010292746136381798
-0.007332424388046711
-0.0019879642791470298
0.0026378190545593263
0.0014271693657026245
-1.0
0.011326940594368482
-1.0
-0.002523810563151513
-0.006117502725511145
-0.0031744722838529986
0.006954198896137954
0.016013479189099372
0.019867752785715197
0.014899471586408478
0.004641800426552979
0.0028644168522368053
0.006594778556175673
0.012378866207667826
0.014824745686486892
0.013523398756014313
0.013475558573819671
0.012871687194786641
0.010307165971096249
0.0066336710937243745
-0.0010054044315758624
-0.008162751991106103
-0.013159444887819718
-0.016127646650723682
-0.013931423781608027
-0.01821912585352861
-0.013510086450799867
-0.0177053934472514
-0.016904307130980005
-0.01721812809451032
-0.018115418806218954
-0.017943371865704195
-0.01574140085267048
-0.015833641377562938
-0.01614498817230268
-0.017262595000898523
-0.015860703940203728
-0.015460118916228291
-0.015209380189488633
-0.015685939496547157
-0.012786455382967618
-0.010803033584071645
-0.009396906863071198
-0.007064751579935086
-0.007456400506456868
-0.0023423201799304114
0.004443057748874711
0.0011810614566849442
-0.0006884469000919667
-0.0011125115627327788
0.0026431816684632714
-7.433137222211319e-05
-0.0024127631968310858
-0.004084892236973997
-0.002101299814764321
-0.003546530840509476
-0.005853585735117424
-0.0021506519254098854
-0.0018684277299946107
0.005152190966502602
-1.0
0.0111371790413447
-1.0
0.007968031946796055
0.006592873756875357
0.00472607803294603
-0.00020998631441386179
0.0038355962622859526
0.0005277039441862016
0.008604377084037215
0.008835858940204519
0.0174335819255751
0.020036554838541505
0.015013266033175796
0.019409033125468156
0.022744199117612333
0.018720833861383745
0.022970738673957644
0.02045838593096311
0.019643500014925278
0.021934463436957614
0.021802902066045484
0.022558550010830274
-1.0
-1.0
0.007736132690411465
0.007058284213559723
0.0031573261718140532
0.004352720846782407
0.007256691901148925
0.015127206184274466
0.0162668451012378
0.009766032359036919
0.009455485123155324
0.0009038226157279764
0.0007538895756033977
0.0005169139993294485
0.007009252988958846
0.0035746770128464414
0.0008299626510589159
0.009860667412001362
0.003329062269321316
-0.005974071660315052
-0.007628413779248085
-0.008265815197962307
-0.008121164329117683
-0.008922507834467597
-0.008545966021680925
-0.010633043555925575
-0.00941217915038698
-0.009748668252202875
-0.007788588295151823
-0.01069060654165069
-0.00887522200085
-0.00746050238181814
-0.007443785285930519
-0.0028783450715533804
-1.0
-1.0
-1.0
0.006174416212741454
0.006045576842389086
-1.0
0.01796821088263187
0.02178345545135903
0.022762644620818843
0.022488540458545012
0.022962561528364102
-1.0
0.019800727687476018
0.017634233259215648
-1.0
-1.0
0.015474566410746324
0.014999611600163809
-1.0
0.00790355209266367
-0.0115046726956517
-0.011630389990709072
-0.0160062245079732
-0.016546420704055202
-0.01674193462529687
-0.017453183037953148
-0.02026042044528086
-0.017637378945666908
-0.01570418036698551
-0.014750863218594342
-0.017311330336170414
-0.018145470836888392
-0.016736644930635137
-0.017825246682339393
-0.012932139124205676
-0.007896151299885284
-0.007631740553517134
-0.006162612073540053
-0.004261886731988968
-0.0015825627604916564
0.0008986976816328019
-0.0018051589029183836
-0.00521667639436646
-0.00395325738441448
-0.009128645826426106
-0.0069033363312931625
-0.002469116497161344
-0.011332122770849506
-0.01637220786536449
-1.0
-0.020503429764959624
-0.021872241074373543
-0.022368309432253364
-0.02519827888852024
-0.02209423504653273
-0.02358667090895782
-0.022293868153470342
-0.021612145946495482
-0.0230558424397766
-0.02376998525697607
-0.024363439540182344
-0.02443270441093716
-0.024851158267499302
-0.02496911917863502
-0.026008362463402455
-0.02606639865109506
-0.0269973801010664
-0.026421640584182875
-0.027118131911960323
-1.0
-0.02224559331536456
-0.025915808715447547
-1.0
-1.0
-0.024949274152096745
-0.02275022010038691
-0.023046305785537055
-0.023331501037079996
-0.022419132481078227
-0.022574897000408232
-0.0218113962043538
-0.02360158942091696
-0.023204505615207236
-0.02576433746909097
-0.023019406100705676
-0.023213837000042998
-0.019645113824328306
-0.021526398305807434
-0.02150919621901311
-0.021589880756840745
-0.0172564150496378
-0.017156388939706918
-0.012120491358438094
-0.008682373961668476
-0.01508709776652248
-0.01635429655351142
-0.015673530207704282
-0.01909728115056754
-0.016363315107828093
-0.012859315813858543
-0.01231264957763108
-0.011525390286584763
-0.005246010670818509
-0.008872367267187894
-0.01060538485534178
-0.004200378012973753
-0.014083076347262417
-0.017103816921596994
-1.0
-0.01861696316599599
-0.017526784589372048
-0.016134770530974632
-0.01754972012036198
-0.01844587854818254
-0.01788128835931224
-0.019449735619358175
-0.020173313542642533
-0.020036060678836006
-0.020536077847862284
-0.020242941150768218
-0.023404082181804474
-0.023633354866837618
-0.023733825277764457
-1.0
-0.02297233862633188
-0.025946708836542053
-0.025763986310080107
-0.021863119931350764
-1.0
-0.0253391637075926
-0.023955523085873252
-0.023630300395912535
-0.0251034414365148
-0.024755338913882166
-0.02286849308476225
-0.02330662202709236
-0.023464489975589913
-0.023833974071364283
-0.02412229003202737
-0.02573491328567409
-1.0
-1.0
-0.02369265497169252
-0.02331096153744778
-0.025337884415122604
-1.0
-0.0237540559713966
-0.022747081789135558
-1.0
-1.0
-0.024570021111144893
-1.0
-1.0
-1.0
-1.0
-1.0
-0.023849723090919206
-0.024643868010621645
-0.0241400074628086
-0.025565197550997516
-0.02469834171474345
-0.023886452842797567
-0.024460254836175862
-0.024875046226150836
-0.022928682883258326
-0.02352988110491517
-0.02500778167439745
-0.025070826768053958
-1.0
-1.0
-0.02596700740609575
-0.026651637819548598
-0.024761377002520613
-0.027733823003902317
-1.0
-1.0
-0.02392070034780974
-0.026221638459501123
-0.024673903764064014
-0.02446427346387756
-0.025313393795434177
-0.025796523784012926
-0.025930808575862736
-0.025279922794673965
-0.022024292758914817
-0.025855720474954456
-0.02364280116504102
-0.021711115303809744
-0.022288759869316686
-0.023751147268281467
-0.02099268998631619
-0.015674821465234138
-0.010319942180376521
-0.015739671814806903
-0.018469418999093493
-0.019605279785186554
-0.01772594815951193
-0.017812385979754212
-0.021648562021430666
-0.019678084387898278
-0.018008756876743075
-0.018471269378872834
-0.01215747905802664
-0.012799626463619224
-0.015860496783878932
-0.014199455527782385
-0.011053835681159016
-0.005231316757299078
-0.012625853588667297
-0.011442688928449784
-0.0075149662109026205
-0.0023970360909986114
-0.008166377971778417
-0.009047750790606164
-0.010970938943660913
-0.009337848345099441
-0.013944059500105223
-0.014221503396086948
-0.012451607799269317
-0.010523040093139974
-0.008453815749449162
-0.014187383973894989
-0.011859686638946683
-0.008208761923549676
0.0018764288031122489
0.0036232142990587483
-0.0018716753161507657
0.0010974407760989944
-0.0020497238988825594
-0.0030174490123988248
0.0010640953486741789
0.0010821386934084557
-0.005282845748265414
0.00021209083985198102
-0.00012884760579376026
-0.0026141568467284494
-0.0008861711649629534
0.0011439565535591746
0.002702786943424753
-0.007107168326478698
-0.01014374017315146
-0.009847699764109109
-0.009561504851227011
-0.01339436018982435
-0.010443253390013306
-0.010289200336305452
-0.005614108483543117
-0.006197995914606751
-0.004538508699764692
0.003981882813116483
-0.00038127762010378024
-0.0012281393078899005
-0.006845736550126447
-0.011442709013946104
-0.01776935825156849
-0.01626518851968933
-0.01398196298362753
-0.018455706184365657
-0.01888369813419533
-0.015623078839092676
-0.014637688763921054
-0.01710650242002188
-0.013388963398406575
-0.005108126688128194
0.011436535903950402
0.00934234081860107
0.011115785311138653
0.008512841533787069
0.005246703478123986
0.0051755515993300825
-0.00023930536485758895
-0.006813026446102194
-0.007615558998616586
-0.009384245970199115
-0.007294325380035642
-0.005122714010273392
0.0013048330264805942
0.011264966179732884
0.012468270900348107
0.01202892541938922
0.013435839056632704
0.016805658508672806
0.019043049662527012
0.01584731854663022
0.01493448954118349
0.018832531162696717
0.018660537910965818
0.016631258183616954
0.02128016064716796
0.018151957334372533
0.0191676566126286
0.013906341949460797
0.018621962593730865
0.012801803166306027
0.011997151840489459
0.01161087603044043
0.012926963790489805
0.009730812574554711
0.00758412676727147
0.007823559081570616
-0.0027973021309129313
-0.007607051445920122
-0.005042134228885499
-0.008446310367692366
-0.001479479552995341
-0.0057113282366269905
-0.012826791083595735
-0.01313502487413466
-0.011131454145579011
-0.010761699047180481
-0.01025160936910178
-0.010922059345081154
-0.013222403023236925
-0.00929120447457689
-0.005626410890719827
-0.005271166242436249
-0.004491179544101813
-0.0006596475684531142
-0.0022867238933066054
-0.0015845392275537194
-0.007277065674323725
-0.010425383180957783
-0.01126799191722142
-0.010871199787848968
-0.0006129652779468254
0.007331666642948855
0.002988430271905107
-0.0007929725794230855
-0.005586512765343918
-0.004557472183896673
-0.007980877296598299
-0.003041296679194119
-0.007928929056897955
-0.014099978348295635
-0.012590342780991052
-0.0098710207764224
-0.004785447828046891
-0.0063021504586897314
-0.005222980311904681
-0.004769748454524124
0.00376799188950428
0.004115425780992927
-0.0008713189408928658
-0.005030278507525239
-0.008598754543438053
-0.009491456238845897
-0.006505535015049401
-0.008749105546821616
-0.012996641470896603
-0.01262257897245704
-0.01062848158370264
-0.01527665192614259
-0.017913462786646156
-0.015550364053297403
-0.014782798608386048
-0.014721495174754195
-0.01947693108805157
-0.01406495068396233
-0.013697410191325662
-0.010475036596298053
-0.0114007061657477
-0.014096450353212954
-0.017465591072457418
-0.01960415585089044
-0.016110720119653397
-0.018173127215881036
-0.018603236091217328
-0.01577324579056524
-0.01458946590398724
-0.017736525732359596
-0.018326589974132817
-0.014648595159752755
-0.017186314597422016
-0.016785187367040846
-0.018174329177431475
-0.017861225412720217
-0.01788289797440539
-0.01625258183773311
-0.014845172015566588
-0.017398063403222266
-0.016385486917968
-0.0165274823378886
-0.019242072905266295
-0.014964455218291832
-0.015583690925390196
-0.015700394762270545
-0.01730660250727135
-0.012446644264841388
-0.013572289244133945
-0.016759140820052802
-0.01674054311950497
-0.017792656654967414
-0.01722343891801774
-0.0119366373180622
-0.014781286859063603
-0.013521297939322607
-0.01632687650155083
-0.019408792304825326
-0.01676898139206767
-0.015235690901734163
-0.014544006214892312
-0.013652260062450959
-0.011523135515165187
-0.014475035048706647
-0.010564980168477739
-0.014487209447871147
-0.015484183923037619
-0.01533288954044127
-0.019417328157714707
-0.016355520745870454
-0.01644836767099207
-0.016769454433552787
-0.018449967112574527
-0.01508387963561388
-0.0140648371424119
-0.006556966188815425
-0.008447091570839959
-0.009913901283632419
-0.00874125568021222
0.004267300443484301
0.009692648196740877
0.010822855704406163
0.009582100696855361
0.014632328670697838
0.01777898818897147
0.019809683182706234
0.0200556554562522
0.020608198996311992
0.020319701319531414
0.022007456683880704
0.022869457576212462
0.016159103606174712
0.01763863603119976
0.01735172280959408
0.01754261815468916
0.019008593517404585
0.018644329903157442
0.013955930973902832
0.014925381694428393
0.013204423106848372
0.011960093328182587
0.020681945744146685
0.017053939665529892
0.018954817767154686
0.016950237277685194
0.017653983765085906
0.020432587317589852
0.012036286880989122
0.009513857251857312
0.00817069491607893
0.010411221876122655
0.008478643140081645
0.009744642748376614
0.01486628637592498
0.014245211613578066
0.018534720107554414
0.02143652431523244
0.02235106712472674
0.01029255757270754
-0.0023903036702553767
-0.010070486686199628
-0.009238324072036378
-0.00815153600719044
-0.0030009746277261527
-0.0035445352888490837
-0.0012260096490443468
-0.002341589599750794
-0.0010273387951931546
0.0003031302026965399
0.002010472293139714
0.0006486742658162228
0.0007142771108046403
0.00017665156296682748
0.002321509517834138
0.005782697625111873
-0.004385574304258871
-0.003647835731683019
-0.01217086238562427
-0.016306704994154996
-0.014600048653209801
-0.015878724445270224
-0.015513483262597397
-0.01795628621539251
-0.01643135076284324
-0.014732100574616339
-0.011500991401732505
-0.015152044586995721
-1.0
-0.015686356288803046
-0.013915977135263234
-0.015086197950616517
-0.01004606032761139
-0.01325970923120604
-0.009751038176844643
-0.003849291356328939
-0.013284372165797878
-0.017744488129181266
-0.01855079793162851
-0.016490529328936094
-0.01411282085898009
-0.018030366752314855
-0.015268513228616066
-0.012746601832790702
-0.015595388677358614
-0.014961419762491416
-0.014492272257588788
-0.01704903684554687
-0.011592101781918262
-0.008365355100602781
-0.015282419935857989
-0.016612115691379457
-0.0169816894932629
-0.016653244593861513
-0.015942993136934615
-0.016872223605080682
-0.01924407231645412
-0.014493490343551433
-1.0
-0.015596348530467187
-0.008045003543311273
-0.006806965480182399
-0.007106526711430535
-0.012293927080303574
-0.012713101774730147
-0.01260590166417058
-0.010859592763299243
-0.009287968743842242
-0.00823496704164557
-0.005340970324240668
-0.0015980423194679276
-0.00345874841035909
-0.006899577541048572
-0.008066361483008879
-0.008249220030050101
-0.011238166910206966
-0.010439949085304372
-0.01076059796446846
-0.012925502018037592
-0.010833278822790037
-0.010994884649623565
-0.014495896100074915
-0.011038702049673558
-0.009852754368974908
-0.008276215033442204
-0.0051259507225824485
-0.001464835934053853
-0.007372171813724588
-0.010788768963622053
-0.006901831553130993
-0.008159065229467143
-0.012283322951712182
-0.014773447087837677
-0.015656626378511014
-0.015345876091807898
-0.018237608000880336
-0.015893524612315187
-0.013366252249877556
-0.012195296778454129
-0.013430126193777783
-0.0169840488222445
-0.019154981021269894
-0.011804935314853866
-0.014346558302613886
-0.01132451135185716
-0.010105262181195477
-0.0051545475744027664
-0.0020758449387845612
0.0010883954632673882
-0.007293951423280173
-0.0047509879951964
-0.0029487857675460946
-0.0022317494528287037
-0.0018435542041046102
0.0010113413623221857
-0.0031232180374507743
-0.004491363771915491
-0.004259768956871724
0.0006872444010858312
-0.002167477756630236
-0.013219398868573755
-0.010488941652270113
-0.01106760372121028
-0.00913355410081156
-0.01078793534021543
-0.015402021630182812
-0.012910628165759337
-0.016753695950183004
-0.01952097639170436
-0.01776202552812171
-0.019159090942378342
-0.018720480095578727
-0.019135153982560466
-0.018588217252325342
-0.01955026974632261
-0.018515954834565026
-0.019604261510334068
-0.018327528147055298
-0.019682093216872323
-0.020202295594697144
-0.02092948154322391
-0.019292146042756798
-0.01128139093514917
0.0013467639772737406
0.008886265408497282
0.008301674137448544
0.014805751015444736
0.009088377393109848
0.007379395836154338
0.014598554920755043
0.005915814231343325
-0.0015516028906639558
-0.003922403635709806
-0.0009979482292598954
0.000130968504038859
0.0011038149778374972
-0.0028005469612849727
0.0010301749365729375
-0.0028520139584559973
-0.002824960094241765
-0.010682737356487783
-0.020107263167454363
-0.02261296567963719
-1.0
-0.02768905952762099
-0.027292856193086294
-0.025617151791894152
-0.02857752818790542
-0.027657574914346093
-0.028046868128613976
-0.025425880031121197
-0.028754267612964044
-0.030101301614016526
-0.025908407742785185
-0.031030530086237393
-0.029201176076555604
-0.03049268256191315
-0.027254992651864714
-0.02989472278858321
-0.026089547994834213
-0.028007893531618533
-0.030063145189780933
-0.02893958615620816
-0.028125786551139915
-0.028569854487833758
-0.029092236242973985
-0.026899983162887085
-0.02751939516435389
-0.026056312867803473
-0.02746582896624837
-0.02741727187139315
-0.026700684961780432
-0.027437275155227023
-0.02679695973930617
-0.026980280936032882
-0.025750764561905445
-1.0
-1.0
-0.027054644581295542
-0.027332202386896973
-0.0249754443613388
-0.02362702492200715
-0.02563279259594366
-0.02620993958418879
-0.025071377758131085
-0.02604685229756886
-0.027385930430233293
-0.025746768737028185
-0.024622107085797592
-0.027906814618024342
-0.025449954079629637
-0.02586860963791242
-0.027510814977538024
-0.02812115574044855
-0.024919743651892284
-0.024825894908708505
-0.024512116772315753
-0.026001579655645694
-0.027627848030549587
-0.027213548600648587
-1.0
-0.024257350980407842
-0.025448113175057466
-0.025539562957243595
-0.024226280076746824
-0.025031515981817867
-0.026367265760244615
-1.0
-0.025189358698738774
-0.025843451875166717
-0.024792227175268047
-1.0
-0.026348365689223625
-0.026976808749081916
-0.02331394439147995
-1.0
-0.025445549843340534
-0.024817540061728642
-0.024714046636988507
-0.02567659164487659
-0.023546130753769507
-0.022633647671829356
-0.02057755513871622
-0.01911252118819778
-0.01642879303409301
-0.016966721656317026
-0.008468264495402472
-0.007665773838236297
-0.013291639961346092
-0.013256031332525476
-0.014450699418552405
-0.013971767316961212
-0.015526943367547738
-0.012753207307254573
-0.013731374598534544
-0.013109755544004667
-0.005905689998438815
-0.0034194147454328096
-0.009266722091650928
-0.008861217673959287
-0.012291353371021331
-0.015294682195438284
-0.014866285454653174
-0.01782954187301263
-0.013996875859987667
-0.0156203797844288
-0.013254380702912455
-0.007992974800595673
-0.005198413676322895
-0.008702226541958853
-0.0008889790807750232
-0.007762717840213257
-0.01398164597469574
-0.0170816605921164
-0.019410988930622226
-0.01830201643283252
-0.017773414396770732
-0.012984450730182855
-0.017402710818455215
-0.017123395583557795
-0.01290372816148499
-0.014365469502926127
-1.0
-0.011869586178111192
-0.013591332648606562
-0.0150883966329372
-0.014654478593362776
-0.016612387971946634
-0.014962957894509665
-0.014734917225507134
-0.012058786614908864
-0.011610378438310613
-0.012741583152409254
-0.012147101930844433
-0.00892684092946175
-0.009701664821277881
-0.008105719756207866
-0.004285691620603319
-0.0065402884663929624
-0.014229862359758802
-0.010814795340894783
-1.0
-0.015153352543248058
-0.015664904641776493
-0.01929857750341813
-1.0
-0.019328968156162703
-0.01930262839252438
-0.01715084561629743
-0.022267466135569312
-0.019217833370826408
-0.02016516045513746
-0.020661082698914184
-1.0
-1.0
-0.0235801478910035
-1.0
-0.020368343531736947
-1.0
-0.02002734800265778
-0.02358240448920578
-0.0234637086358152
-1.0
-0.020997566670853424
-0.02310685442454893
-1.0
-0.0219492742864454
-0.02497260777859564
-0.022279566682632583
-0.021956653924065896
-1.0
-0.01996567613657497
-0.023592217350915434
-0.022554247925621225
-0.023397937570190267
-0.02430338559788271
-0.02639958848439396
-0.0244498359074603
-0.02535017091596871
-0.02384065144115465
-0.0272081642667557
-0.026861960657013743
-0.024001948528025924
-0.024047210317569265
-0.026607644477382276
-0.025645088948068655
-0.025190573568689194
-0.024953703736611616
-0.02609163815151228
-0.02429362134195056
-0.025684606931751862
-0.024369104293880315
-0.024298154972014343
-0.023118709520213013
-0.02243377768695109
-0.014883047711376766
-0.0220383300910858
-0.024882852291644827
-0.025195804804954022
-0.024899335624184192
-0.02461404908076719
-0.02225848418364064
-0.0261670588453924
-0.025056822863025217
-0.027121967050806058
-0.02596203513738295
-0.023223594498228983
-0.024261630080450097
-0.02385254320521004
-0.023694559411042957
-0.024575528524555423
-0.020510252641118346
-0.022239414467325976
-0.016933070452273487
-0.017191578204204257
-0.020151160915186643
-0.018815246812619785
-0.020402333067523305
-0.010965772308241894
-0.002720565744807436
0.0033405514200670018
0.005722112895939052
-0.001723204059948513
-0.0017908664236254712
-0.008180492842279874
-0.00047944917756752975
0.009781306328923137
0.009360478014869413
0.003980903659324443
0.002049964497843306
0.0015402715255238017
-0.0007509776626529453
0.00451370484330567
-0.013530409529206427
-0.02630194815416494
-0.026104258745382157
-0.025870527560554683
-0.027843052238941277
-0.027960578602028326
-0.02919664804046108
-0.030187066433797857
-1.0
-1.0
-0.030233181360574946
-0.026027040755518788
-0.03005387106067725
-0.02722760259166715
-0.02581050189130109
-0.027992895449050915
-0.02777376287997392
-0.024638942538469592
-0.028719824483487744
-0.02849179008215417
-0.026749565579628702
-0.027463029038260315
-1.0
-0.026460992920093646
-0.027596777118330494
-1.0
-0.023965370320348383
-0.0282340300565836
-0.029934571096997507
-0.026106237661951526
-0.024860005683896624
-0.02167176056909912
-0.02390971878658216
-1.0
-0.026461645575607033
-0.02715805968428072
-1.0
-0.026150554026724872
-0.02641256478142854
-0.025283492770187793
-0.027076575887279658
-0.02887556660945512
-0.02766119334927192
-0.02547010005668206
-0.026158729928314438
-0.027510014138158092
-1.0
-0.026282311385131055
-0.02556866831216379
-0.02787982787562314
-0.026158794264634008
-0.02714046060195271
-0.025603160543241157
-0.025142749411795454
-0.023658381431191984
-0.028169862858053302
-0.027341881268738804
-0.026710406048550787
-0.026161622306549386
-0.02871128063156206
-0.024299027475009654
-0.026144503023312327
-0.02790071898390435
-0.02586581541593438
-1.0
-1.0
-0.02685133245006769
-0.027335631449187735
-0.026904468254778057
-0.025950841779510098
-0.028124028540779035
-0.024934189397597225
-0.02692165396816743
-0.02652281049004896
-1.0
-0.026537091915193677
-1.0
-0.023980301185864156
-0.025229353733368255
-0.026889086327204683
-0.026881180862429913
-0.02842667449882608
-0.028480845829749104
-0.02862400442919997
-1.0
-0.025327986803617756
-0.027162108343223197
-0.028131402188558852
-0.025558939332126294
-0.02604288904297249
-0.027355816935278155
-0.026708461803876333
-0.02767866538505947
-1.0
-0.02735275831924183
-0.02726390686557379
-0.024116529072196892
-0.026542880477276473
-0.027586607574960408
-0.026992868884651883
-0.028465522996447203
-1.0
-0.027877819315746344
-0.027387912408145865
-0.02536291895048363
-0.024491599375479223
-0.0262039258634807
-0.02682580625626379
-0.02782785468549708
-0.028090286520356184
-0.024140716896750496
-0.027492226189872473
-0.02530577012088069
-0.026675801566460725
-0.02472906016987259
-0.02361859128052512
-0.02690964079172883
-0.02290019234288055
-0.025479313450578536
-0.024278015452481764
-0.02413608735701711
-0.02516389537205652
-0.023325860859238504
-0.02359582869587459
-0.02100070282848671
-0.0251779192189851
-1.0
-1.0
-0.020537520335162842
-0.020323569796979156
-0.01991653463829239
-0.01941488117298389
-0.018018426478707925
-0.017068627214894962
-0.015011739347623471
-0.020103369674624096
-0.016888909393758016
-0.013827905488325604
-0.01214657965161731
-0.014538082468193004
-0.019627600561970326
-0.019374538886245556
-0.01796072586755216
-0.02073941176582132
-0.02098001168821159
-0.01996066957109703
-0.02233730553856839
-0.019679079574442468
-0.020154726337906485
-0.022671651702448697
-0.022593266326469297
-0.023837227168576905
-0.023167082228775907
-0.022873721693392662
-0.024616782243070384
-0.023953906061402668
-0.02674561595643974
-0.02759032807385225
-0.028836359350825725
-0.028313651833149493
-0.02702144387512877
-0.028090232291724488
-0.027013606717079888
-0.025956440990805397
-0.026699899242114324
-0.024829942197155452
-0.025246408187246612
-0.020171424524791412
-0.018681099017715797
-0.019482252367641766
-0.01886118732191586
-0.016386296432339215
-0.004399276471617651
0.022903710652001034
0.02499636540727198
0.02550651403171086
0.02075753303947575
0.02165218781744127
0.014719664452034783
0.01769996799957523
0.024633912659346186
0.025607274268581903
0.025306947789616306
0.02884481285390656
0.029231857896925024
0.027429477797643712
0.024802748249001385
0.029358014697502835
0.028045457793349486
0.029967020261209763
-1.0
-1.0
0.027562999346365923
0.026552357387774065
0.027115031701139502
0.021833786202937883
0.02479118167683767
0.027634557101519523
0.026798521009671245
0.023826943516633402
0.023229117783711634
0.024426920446653008
0.025397956693623085
0.024421977234757582
0.026047207871392225
0.025703361011467363
0.024764167287763827
0.025721697063589084
0.022973988499906953
0.025056433121349357
0.02630741498070529
-1.0
0.01937731043490009
0.02063083275898769
0.019362854472340985
0.02471912546850387
0.0263269419817771
0.02202465737081959
0.022395599637929968
0.02185883274751809
0.02546164293228256
-1.0
-1.0
-1.0
-1.0
0.019613582152209853
-1.0
0.024541958421896055
0.019937375638072567
0.015399344173950644
0.015081018007799615
0.010963587940173571
0.011246436156500634
0.014988912460288308
0.01241802209733814
0.010733146475512689
0.010303319909796665
0.013467186565162556
0.015494908465509162
0.021519947113134735
0.015728255175042758
-1.0
0.019960342848001914
0.02254792649708076
-1.0
-1.0
0.022198258833765517
0.023486067315359384
0.020378261466985254
0.023830979432354737
0.02012030808438569
0.023023216441413252
-1.0
0.022107273740708106
-1.0
0.02365136570503228
0.022859212764013936
0.021440383649912093
0.019288105001037156
0.015114388236735932
0.013834016804695828
0.015575541933324909
0.020402949149975022
0.021531326058451993
0.022778264002474537
0.022012433150499982
0.021173945031947704
0.019619863934796696
-1.0
-1.0
-1.0
-1.0
-1.0
0.024518351162694716
0.020081870748120297
0.011590704626597267
0.008471203471159235
0.01163657263755161
0.009567678155740798
0.015236702628566613
0.01438525785197412
0.01624288075545843
0.023211698763629246
0.024211048718973074
-1.0
0.017331416528627977
0.016062065459065883
0.018254198232916064
0.015542368257777162
0.012748403771466936
0.01434691605891214
0.015721652477475038
0.017027563587544946
0.013067464105803697
0.012770967329865353
0.012895927941661294
0.014622641810117545
0.02261522087916476
0.02345291847548499
0.021502950897401413
0.02294421328834192
0.023055847868127078
0.01933914306448782
0.021945935338187856
0.022596630071348628
0.02248169589053657
0.023744689930322006
0.022282888445548467
0.02095078727729077
-1.0
-1.0
0.01971420636237371
0.016404609394278756
0.012593382218311345
0.014462943069192453
0.016666677187984497
0.011702391467223761
0.008344414959922927
0.00783446462353407
0.008673977782759553
0.007951976801635202
0.008737382635641219
0.013080394012358361
0.016214159773425947
0.01717195022899864
0.01598501609816899
0.015445307133148936
0.01591567588257552
0.014878366668016254
0.015257860860251368
-1.0
0.010507217923180384
0.01009492810921145
0.008918010029912226
0.0109148717998415
0.007707446289011028
0.0076828311378292265
0.004758213590463815
0.00555227338548293
0.0048866179075824035
0.003962338413203566
0.0036439996284909123
0.0038985085195081203
0.005074210047896733
0.00792528065228708
-1.0
0.010072994317698526
0.014831533426021467
0.00935795704471356
0.007120555101014083
0.002820761649253795
0.006471449344071691
0.0056740521945381085
0.00843560219791553
0.009739954836459133
-1.0
0.010808373490772339
0.01109246220537251
0.010328770809547918
0.007522779272661324
0.007753498817407712
0.008629087880801824
0.010323231951657644
0.01013296810394299
0.015168455005465443
0.02017717648220518
0.024328094715826035
0.023068762089136132
0.024292258273744614
0.02703148831005538
0.0196920971504368
0.020737694845059416
0.027164182317059693
0.028009571789913083
0.028294198058007414
-1.0
-1.0
-1.0
0.026859071367127545
-1.0
0.025268842891914046
0.02141578651474544
0.0196021145554288
0.01519233335125998
0.017614135375728344
0.023856037305711637
0.020960781136325053
0.01893131333811032
0.02097100145804841
0.02528356290487201
0.029670439484883196
0.03077934846594934
0.029367015568034886
0.029703549863934933
-1.0
0.030404384627889153
0.02492615852387235
0.023712660259740146
0.016005900865902672
0.019265955659126525
0.020011202312650564
0.018472547597051366
0.020521218027744915
0.021406499048076306
0.023695552900565606
0.022937207183321123
0.015454417455995552
0.011255202450391343
0.0026463837919741425
0.0019318387354425183
0.001893932636168919
0.00560157023434208
0.012673966021825332
0.01778900589049476
0.013464101876531074
0.01057696579386646
0.008784707250069685
0.004506194952776839
-0.00030348121808152753
-0.003964097638538672
-0.008718439903461116
-0.006141187794498742
-0.0021554837019798936
-1.0
-0.004601334083074109
-0.008217338642093005
-0.012281466321096243
-0.00851016501799169
-0.010370889827349268
-0.006554683791794661
-0.003461270318829443
-0.009403310913366202
-1.0
-0.0010126476861834126
0.010660191648444726
-1.0
0.018192114268541202
0.01668663553376964
0.01120145828876608
0.012112955999354979
0.011608554796631296
0.009942257823825785
0.013579928596884517
-1.0
-0.0014817724700698133
-0.0039924035331678305
-1.0
-0.00562663784863132
-0.004071657182425561
-0.008099371404774241
-0.013664730501827297
-0.014062884713454455
-0.009468240170303998
-0.0074834779822573255
-0.008883864623666438
-0.010575049871684505
-0.013137941565650381
-0.021925975437831164
-0.022769486173413702
-0.024340803849555916
-0.022214681795207022
-0.022133942370589535
-0.022408926777253032
-0.024496950951235136
-0.02409097993470331
-0.026361439393775353
-0.025263596051735317
-0.027563756021831757
-0.028011920658090324
-0.02572318033666076
-0.029385454711968587
-0.027168605471529987
-0.024562484463121766
-0.02192504813093377
-1.0
-0.022073428545780316
-0.018977093000793987
-0.01280618743114429
-0.004842577788796498
-0.0016920255746121513
0.00017965658284162041
-0.008518702567952138
-0.014663469625374221
-0.012825464849981805
-0.013713170471250369
-0.007215395684501544
-0.018689692162491594
-0.023784096577027614
-0.022958915076145243
-0.02574544749649632
-0.026964206970586706
-0.026987699035579
-0.030156758095078198
-0.02990630839005769
-0.029206571512962243
-0.02865914730996781
-0.026716615149543845
-0.027580239728568483
-0.029989914447287228
-0.027515678553788572
-0.027619072178156345
-0.027087492654359103
-0.026224839383991318
-0.02554807947195077
-0.023738775798823934
-0.02744143638408949
-0.025461605735275582
-0.024555783485169395
-0.024722042362815336
-0.025818430997071554
-0.023077200166091345
-0.015518965133279973
-0.015018356674993264
-0.007284902902689631
-0.007746050705397838
-0.006595705227022373
-0.00625678355180239
0.0027771706639684248
0.010909764815764292
0.023152022646585856
0.026054779489162582
0.024782527824989426
0.02286218712364278
0.02132173535307842
0.018794322183037657
0.01930483940578884
0.020198714366957343
0.015726838470366253
0.014753451243790443
0.011797878950048576
0.007904896769686361
0.0104569133780555
0.009384177046261107
0.012476191672903439
0.014757116606181878
0.010709610396760636
0.0027509049123731963
0.007075592182578548
0.01132343037914646
0.018332990015988995
0.005782563331316493
0.005093500544830902
0.0036208457975366636
0.0035372279338907985
0.009733795198487775
0.012077548598689543
0.0033178709594795597
0.005423554822948157
0.0033873846603025277
0.0004227649844906656
0.007565743193763079
0.0060302671824764165
0.005358828405627507
0.012585995502340831
-1.0
0.008026078460558386
0.009473972812750137
0.014280989041012927
0.01438500057561532
0.015934927261790705
0.01982275549108425
0.017613864961035283
0.0171371240357071
-1.0
0.011563702481596291
0.012060356508096967
0.013018823541327504
0.01266174827618297
0.020185952520129134
0.003861613752366719
-0.011418722912972933
-0.014292232149371337
-0.014194304066983398
-0.017935230914536113
-0.02194500051074496
-0.024160650328905877
-0.020274919474190373
-0.023812998301672765
-0.024644012159834344
-0.02383955002785707
-0.02353191802553607
-0.023781583619171015
-0.025513848161052136
-0.023267409191777128
-0.01976221692582798
-0.02138059528823119
-0.019201797995917005
-1.0
-0.01662904897708678
-0.0187582121156975
-0.019238317710308817
-0.019898548479669036
-0.009682813276645176
0.005962741518218025
0.005161654935558256
0.0022928243694102213
-0.0035480984876892453
-0.014166289613481093
-0.017211107960633295
-0.00592624470296195
-0.005175842466829106
-0.006943845457487384
-0.01134538275291613
-0.012976040744428718
-0.017970259789056052
-0.019601950836258795
-0.01801539916740617
-0.01933846919123622
-0.013573357458274805
-0.01172381244876244
-0.009498110080694764
-0.013827784865145654
-0.01005167916515896
-0.006294958491989463
0.002876663631838569
0.014676205153758634
0.005044567947130023
0.0035665151308960394
0.01405729934007558
0.015611505971612295
0.0175520425626606
0.012791206316848868
0.01171815226105185
0.009776816618591932
0.009076924749747065
0.009890854740020848
0.008858235016102195
0.010754200256328806
0.01570566304790386
0.01287168726349121
0.011731005302494525
0.013684655711763987
0.014185162983597219
0.018267106626310824
-1.0
0.019993348455744755
-1.0
0.017784006326037896
-1.0
0.010423184552709523
0.005962225024006974
-0.0062141904588015745
-0.01125579988102874
-0.01329672067448743
-0.014488220633752498
-0.013522007510877213
-0.011058356426276615
-1.0
-1.0
-1.0
-1.0
-1.0
-1.0
0.024021967438846086
-1.0
-1.0
-1.0
0.020385712974173496
0.01961762223318562
0.01844226040339467
0.013324524445292404
0.007241131587947765
-0.0007109971406258601
-0.004808275023251712
-0.01115886432031362
-0.01144448987221234
-0.005282153237310972
0.0012417316488385088
0.002401739644051876
-0.005171201264097981
-0.008647917137080198
-0.009113165017830814
-0.011588311187263004
-0.00935860250799057
-0.006022225003987626
-0.008375730563264372
-0.010323382806548239
-0.012433802800026629
-0.016144648113492012
-0.01707536064829658
-0.01959804428231067
-0.018301472894657125
-0.015982407472421144
-0.018385630912507448
-0.020245111383504724
-0.016765567401678606
-0.016117523594607164
-0.018521377642319408
-0.019333915357400297
-0.018593298861449104
-0.017713608377876163
-0.017480152378882317
-0.018218127336663854
-0.014800132224885163
-0.015647370382906953
-0.010461699154576254
-0.013423957777931587
-0.003968979365454466
-0.013426519997530405
-0.01767610044992738
-0.015160868904212086
-0.013581860529904339
-0.015396311421747539
-0.016418731786462196
-0.0171429746037865
-0.011721924578499887
-0.012180447709026829
-0.0102765735573164
-0.012436027090495452
-0.01574943992343422
-0.01472276074002547
-0.012305054125438917
-0.016635123414354084
-0.014291124575803674
-0.017184375340130564
-0.013162965787425237
-0.01135798651140708
-0.004811356593437986
-0.006139934216190094
-0.008004991387628514
-0.010829335847615217
-0.009449148971242058
-0.012428396863791507
-0.0087679383767062
-0.0027853951598248703
0.003710274639567497
0.006135799378993448
0.009999918129275987
0.014968363465473502
0.011668480546352031
0.00974778267746974
0.006672173142137641
-0.0026374298494440066
0.0022080027715187397
0.005652503577764703
0.007276842566822886
0.006078488743995604
0.0035372699167087007
0.0059296006275939605
0.002586567043607133
0.002103325720185288
0.001101923835031591
0.0005333639090294446
0.005259841037262688
0.012800070838521437
0.01157856459701937
0.01084341874229357
0.008254351172026045
0.007557277148978544
0.00885717800065174
0.007293125929211873
0.008958790369019459
0.009914544232613006
0.01425734441289148
0.013663122069190207
0.011580077698701416
0.013981944211835818
-1.0
0.018707217113924528
0.01504299248202211
0.014865665543857999
0.00990761921254448
0.01031762155360273
0.01763581934803454
0.019657757879746753
0.0211594620890518
0.023258997910817113
0.021506814276720878
0.02201795449927338
0.023954997627135426
0.02758206108228969
0.02578634072715898
0.023178462528608938
0.022587815877731406
0.028306367935045772
0.026772613654804798
0.02037279842193452
0.021936281211320553
-1.0
0.02200161663195399
-1.0
-1.0
-1.0
0.010265947498259107
0.011152713689562051
0.012047758894572248
0.020436580015393162
0.017565354713121376
0.01603240505833619
-1.0
-1.0
0.009198568047006788
0.009177600825884914
0.004895310118174859
-0.009163414498671288
-0.011845141657405283
-0.006271560932945242
-0.0024126306746537853
0.006176445447328983
-1.0
0.0012484297579673195
-0.0026367781330148875
-0.001192476041528779
0.00018514328312378757
-0.004426149897536898
-0.007987865111802665
-0.005159042137400709
-0.006784548389414432
-0.010075324230273259
-0.011654912598117215
-0.010774606797270058
-0.012922670909939888
-0.008734883089208112
-0.009740758377676984
-0.011918412896578856
-0.013860021639521474
-0.012360660332516834
-0.010841755708207924
-0.01465275761361471
-0.017488487542285658
-0.02086758005621013
-0.022033060134250524
-0.016630076660499402
-0.021069918564372146
-0.022925139520567316
-0.022124122443225445
-0.025142673997225383
-0.023734094896564965
-0.024105016258486028
-0.026573825542207875
-0.02368655369640736
-0.02890920326713263
-0.027227877075064286
-0.02776561223757073
-0.029759690697131472
-0.0304147135379275
-0.03399985011346614
-1.0
-0.03091300165776915
-0.03229383209174851
-0.03418461701749009
-0.029998927133812015
-0.028860181443144266
-0.027015453967991366
-0.026016235569073717
-0.0260259046030115
-0.02878460204550995
-0.028473894393055154
-0.02307436348860161
-0.017008932320250258
-0.018995987352620498
-0.021985593663277188
-0.025238850787200295
-0.024549133919973244
-0.022335239768562772
-0.02130784738229795
-0.025025816380838724
-0.022678942646173667
-0.024331613644021557
-0.01924927763847176
-0.01973996330660059
-0.02215885880675533
-0.022297499662530397
-0.02174391114635081
-0.023682401119595665
-0.023935043716105484
-0.020262398533277767
-0.01900321440401207
-0.01643527113901857
-0.017756225497265576
-0.017629326028735334
-0.022094543706981787
-0.01842555213876999
-0.018086492829390847
-0.017143317801155484
-0.0095802629632217
-0.001713909855605441
-0.0031668193425737033
-0.0017208762382537196
0.011830361105564673
0.011490531648256853
0.0038471279153184175
0.008046613950770243
0.016462924660402514
0.020864659715064567
0.015331410591724074
0.01030822405378678
0.004626832480590666
0.0007863812341788358
0.002638862352340593
0.006192857617716748
-1.0
0.008706938517570793
0.013909187139603492
-1.0
0.01598743593233824
0.021205402466685144
0.020019289387361888
0.01655410913224785
-1.0
0.02412774437762921
0.027496330348032685
0.02891055653383639
-1.0
0.017844690402398947
0.02082692981021472
0.022447947771200655
-1.0
0.02275730296102912
0.025119318786064822
0.023691626748335203
0.02123371395783017
0.01812640649058276
0.020573259042047508
0.02402132747290794
0.02075375289236773
-1.0
0.022115376304236697
0.025951727491557233
-1.0
-1.0
-1.0
0.021410083508908037
0.02211718713205978
0.02263541147018584
-1.0
0.021498619731346837
0.020903893900749364
-1.0
-1.0
0.021135030240198673
-1.0
-1.0
-1.0
-1.0
-1.0
-1.0
-1.0
-1.0
-1.0
-1.0
0.024210520394205123
-1.0
0.02444728773838451
0.025366214927293688
-1.0
-1.0
-1.0
-1.0
0.028699134711497938
0.026968476812113198
-1.0
-1.0
0.024289283366567757
0.02500107059137701
0.02446346649887154
0.0239405773802393
0.020892836478867558
0.019554426798565273
0.020280319090095634
0.02051891234447764
0.018823072709241818
-1.0
-1.0
-1.0
0.02408279896006181
0.02152024810970869
0.018808114215893672
0.020497157597421475
0.00945800161384514
0.01098120512772103
0.013003985913366468
-1.0
0.01674401398798268
-1.0
0.02247242529772274
-1.0
-1.0
0.019702697257771434
0.012948371313017048
-1.0
-0.0013220888038556027
-0.008036723898105558
-0.01305852792330531
-0.007900709645762945
-0.002083344092033347
-1.0
-0.004225606301452259
-0.0019121929059157793
-1.0
-1.0
-0.011855521557588584
-0.015416057007313458
-0.014223460909025262
-0.01975437525827639
-0.017283628897087216
-0.018934329375246743
-0.014661490642554457
-0.01672524047741413
-0.015568875051743647
-0.01788392954857378
-0.01736362521526738
-0.013361763335527898
-0.008366258873489706
-0.008599723865223199
-0.012091555790872217
-0.015134433937095668
-0.018689658912681675
-1.0
-1.0
-0.019665162021873298
-0.015777782260584627
-0.012353027893835257
-0.006245321220841175
-0.011903325537632296
-0.014559693074464216
-0.01602877402683608
-0.017318928360837153
-0.013978678650767944
-0.015802528132241776
-0.017039680542965573
-0.014065536441624246
-1.0
-0.00807355550397452
-0.0027263904619569536
-1.0
0.00771509042461894
0.002517974354254934
0.0016111012849455036
0.004595175505835904
0.005199414086583001
0.005976744292876234
0.005002250647623245
0.006091805193222455
0.0072963675367993
0.003153192956440854
-1.0
-1.0
0.0021468355726590588
0.001255809928655498
0.0011045429605886072
0.0006734403358407736
0.008043925353319544
0.014031331278976145
0.015349450858533753
0.013636739995878507
0.013093613213355249
0.012635945026782747
-1.0
0.011382416649094812
0.014496107723245033
0.010459059039633711
0.014638458533462488
0.012670685158939208
0.01133611993671264
0.01562527856429692
0.012053547693854572
0.013019699313985755
-1.0
0.003630682430172051
-0.0015274845169663
-0.006646423184881624
-0.0109441745057907
-0.009126014730198305
-0.01430917689850438
-0.017446826461870447
-0.019236968554991653
-0.02295766423131393
-0.02210160619785272
-0.022121950244903918
-0.024674951439739804
-0.021524295906473628
-0.021805783726670743
-0.022564070993029137
-0.0226431689725588
-0.02459413922284179
-0.021673382314332516
-0.02389403912949179
-0.023316082079706407
-0.022520574717831924
-0.02290339773726319
-0.022589971018254894
-0.020264216242095547
-0.024505745232794297
-0.021518641023819993
-0.017507417137282995
-0.010265574969888183
-0.010599131525168995
-0.00482713843537494
0.0005023247266354257
-1.0
-1.0
-1.0
-1.0
0.02110583401539438
-1.0
-1.0
-1.0
-1.0
-1.0
0.01680212460830947
-1.0
-1.0
0.01415924577341547
0.013999716836003456
0.015577128784279254
0.01617935629527459
0.01796645663046951
0.017496481080850897
0.016648502983786985
0.0249118718699144
0.023283574011818
0.029179021537896893
0.027540429928222306
0.028163494757341152
0.029532894962327805
0.025005083857114578
0.024784806053644495
0.0255955248050725
0.027537484741748438
0.024962384338336117
0.022986457135391127
0.02398063384172377
0.021629633588873123
0.025303833138761098
0.024846604072261438
0.022801640201021326
0.02532210326540349
0.026769562878478443
0.0250075285030248
0.02344104379812499
-1.0
0.022009919421196063
0.02353321562756475
0.02382419552689196
0.023659560754598147
0.023235999299223944
0.023699119449788177
0.02597432414279069
-1.0
0.027604811736493352
0.028121603121867542
0.023977494271587248
0.02501550913803402
0.022133654778465003
0.026904475550267665
0.025629425422747643
0.02758560913010226
0.024846566097276077
0.02091363572428515
0.026051512872124646
0.02272551150289057
0.024658908561318006
0.023943129050575294
0.018269897716317315
0.018549632337123912
0.017727505801893827
0.019727836021579823
0.018540554979319987
0.018237041900117233
0.018811293349729672
0.01995806651944775
0.01569399003834024
0.014277838774071757
0.01572170180921289
0.014626495798751735
0.015355718208714626
0.01618791660703939
-1.0
0.022349838153593374
-1.0
-1.0
-1.0
-1.0
-1.0
0.024964104040612077
-1.0
0.025397807385230533
0.02021223352513412
0.02206858917008863
0.02499491456096327
0.023690608085373335
0.024415697206329193
-1.0
0.024609605293506885
0.026605405650902133
-1.0
0.0240569032646853
-1.0
0.02389298291493363
0.025036468581450283
0.024180958103047736
-1.0
0.025098869767140736
0.023172459335743238
0.02093820590342017
0.022304941586205624
0.021302446851459465
0.023298014678777387
0.024387283421256532
0.027019608076933568
0.022569574174646237
-1.0
0.014152516835443982
0.012898785381805233
0.014626320102309433
0.020669104789507328
-1.0
-1.0
0.015294512201160054
0.017127721525995305
0.015638367002874014
0.01702399230688091
0.011487404363437828
0.012179477286323034
-1.0
0.01751173487474461
0.012519330472295632
0.013447029548421505
0.012576725217838619
0.007962210165527873
0.009244012033595048
0.013417791317418442
0.013754372474023053
0.01757910776430049
0.010603922583092243
0.008912634297227795
0.00567695430589659
-1.0
0.016858840202200055
0.006403298053776367
-1.0
-1.0
-1.0
-0.0041213014621822525
0.003419559225303572
0.00778913779986212
0.005874840325776562
-0.000881610084440343
-1.0
-0.008799053560710044
-0.008859080181222641
-0.006779027517930896
-0.0051331807866263094
-0.0074082925913084
-0.008176884854576433
-0.011873370661411184
-0.012586713475447634
-0.013087420056914519
-0.011778916187930576
-0.014105549541524499
-0.01161006880378003
-0.01424509249797644
-0.012477882359587225
-0.014436789108127594
-0.012217472479261929
-0.013408191407069689
-0.01040373649526029
-0.007886751229371712
-0.004249019672257646
0.00472317223605752
0.0006761965271884322
-0.000934530345153488
-0.003102427055748211
0.006371686916403783
0.015981990216279225
-1.0
0.02883595499974908
0.021642765478774795
0.019868574243257147
0.02123860519135996
0.023350300658616086
0.011896622254658224
0.0076164182642342124
0.0034165860369753647
0.001571619645223015
-0.002614597746573017
-0.006900737878428405
-0.005386450954105303
-0.00640862204133494
-0.0018861643175321573
-1.0
0.011855804946026236
0.004820824916180976
0.006450826881686639
0.0001822963727422349
0.0022365594129425447
0.009422595043079952
0.01274537392870819
0.010328787729969053
0.013688581952197673
0.018275401912142365
0.02121952441426042
0.023442384396535162
0.018528175421883668
0.00995284704340803
0.008031962171513758
0.009249808225799837
0.013221819157551091
0.007401942813089422
-0.0028889858364582223
-0.007306581130740415
-0.016090366199926716
-0.01799958381790768
-0.019628962561458803
-0.020972629018110787
-0.024281909218537543
-0.024683702234818927
-0.02445906800228961
-0.02674655682785188
-0.02778211255157053
-0.028209151175411857
-0.02568718803050919
-0.030040196375359443
-0.029458910961219283
-0.027645270197187915
-0.02813350647512612
-0.029273837301316115
-0.029394700268265628
-0.02921841907848321
-0.029049562931637053
-0.0288750140079928
-0.031758526297090674
-0.027199118854241748
-0.030577664542404247
-0.030432442977065682
-0.030437440266970515
-0.02883182606742123
-0.0289946008696124
-0.030188606383572323
-0.03043318015426163
-0.028540184754536378
-0.02781958129844637
-0.029384075157625988
-0.028925671474573554
-0.026757841432654028
-0.0313629925599335
-0.029569854952011258
-0.030921093923738274
-0.028638783968335375
-0.028772572292413735
-0.03008299664223913
-0.02644177002675418
-0.021914166597295767
-0.025263008390544305
-0.0239624405114124
-0.013985839936297807
-0.007891282340209877
-0.0051190818678025305
-0.005167391969899041
-0.005843929959264379
-0.006068672116832444
-0.010226111420191239
-0.011418711289135318
-0.010253915607545945
-0.01556030687690637
-0.01618152495185108
-0.013409604699638453
-0.01570536563006973
-0.013302205540396326
-0.005693416310220977
-0.005034898859439819
-0.0019984959076564286
-0.0039858251800414975
0.0014124118975118837
-0.004039874855730075
-0.005897235203749457
-0.006414374576626565
-0.006149740272021982
-0.007588481350930372
-0.0062386921264624235
-0.006164697992554088
-0.0002390154451470771
-0.001839586168931557
-0.011228915836882448
-0.011762849317891783
-0.012769457015330722
-0.013280023584320953
-0.009993430066942371
-0.013393587455176794
-0.011720472856112723
-0.012552178778242013
-0.010916595204519323
-0.010449820935013964
-0.014435437950597907
-0.013426973780868325
-0.018927676256118624
-0.012774545690188911
-0.011624416863185596
-0.01358633708243424
-0.01161774078152085
-0.009070302955086252
-0.00968160074730271
-0.010423396590197788
-0.014680755594908595
-0.013488069668609666
-0.009508014503081703
-0.007624579605304101
-0.006439318923163609
-0.004568332990239779
-0.001872278520530176
-0.0034383214186470214
-0.0008427434645096886
-0.00490347594564324
-0.004518651300847817
-8.096792105724196e-05
0.0005784467640030384
0.002272931454910131
0.001183534933605613
0.0013409090241377154
-0.0027621723193144744
-0.0008239574851730094
0.003906820425147658
0.004953684241224746
0.009145227537763688
0.003163155947859555
0.0019178815068280903
0.0002549721322703392
-0.0023615854711165653
-0.001776116531450618
0.0006821130294379686
-0.00036438207639409966
-0.0006937199540664402
-0.0011691318897517474
-0.004311151124324662
-0.005635709824331227
-0.0008039168424667915
-0.00217757000684638
-0.011977654388667505
-0.015636871008425767
-0.022480426085261695
-0.024818028891212984
-0.02233481769552701
-0.022606027381586232
-0.02123841405253876
-0.018159966500903624
-0.008743606857523345
-0.002788185610602466
-0.004734187280197238
-0.01971744138759671
-0.02347270446829831
-0.026030216985112604
-0.025559390598146225
-0.024670180706454603
-0.025811414375356008
-0.02361809069893734
-0.022181379075992984
-0.017189506975970544
-0.00945932517999947
-0.009455014886200106
-0.004851522201533157
-0.019114737961068502
-0.027706491510596423
-0.03130022698232436
-0.02829040683454178
-0.030593967254105927
-0.02870329450344184
-0.03353799907331577
-0.0294360264556057
-0.03230247114498044
-0.031028191571034515
-0.03064607686800827
-0.03125773382313541
-0.031035937451831426
-1.0
-0.029072476177419936
-0.03141534698961181
-0.028702517752232565
-0.031989250078934425
-0.02886674171015362
-0.029208096863095192
-0.030514725466413376
-0.02917473860787175
-0.030427410783806265
-0.03137549354217311
-0.030418933592347486
-0.02837402720298947
-0.028815581803320372
-0.03013343097337825
-0.02905194910659646
-0.0313005354289835
-0.028079600818379846
-0.026292613287411348
-1.0
-0.02731067924514915
-0.028205140924236444
-0.030788196247440013
-0.030514443278294008
-0.027900897208252208
-0.028395514445377436
-0.028138341574263
-0.027749563619376565
-0.0285838985064323
-0.026112181828177747
-0.02761573532364222
-0.026657112147014533
-0.02366490935267064
-0.02361727447307057
-0.022405157780350588
-0.024922432911897135
-0.025490843920510712
-0.022914794057851122
-0.01973193341786651
-0.019662109617919477
-0.01990167510723392
-0.01936284565354205
-0.020960500305959376
-0.018079280978168712
-0.018385930354834937
-0.016987282033229707
-0.017747797606045737
-0.014332897292122582
-0.01363412962589142
-0.006196400130586588
-0.010155056030321748
-0.002817545359355161
-0.0023497004128485836
-0.006236656580410267
-0.00815156863252997
-0.01212466784327726
-0.00827456026738524
-0.008220684881175867
-0.009227345784785292
-0.007573587419007072
-0.008378689230016651
-0.008179917312954586
-0.007339735690083857
-0.006481006392869851
-0.0038811274159591246
-0.004820207543138944
-0.005183951990100228
-0.0020144628591767556
-0.004979639858904984
-0.011908066337206962
-0.008191467521866938
-0.008322232051278218
-0.00952724867021164
-0.008045847196034505
-0.00963437435198467
-0.006764559710342441
-0.0038274407142830664
-0.004187443191008671
-0.0061861380204232905
-0.008000138654117596
-0.005845327341401918
-0.0052692057948237805
-0.009673259565185229
-0.009934234676561626
-0.005920923724596236
-0.002272891935915027
-0.007832869725354692
-0.008317774985199262
-0.007121650934169558
-0.010803187541321604
-0.008948651963865363
-0.011592656297646713
-0.012240378484331873
-0.013837565319410675
-0.013031158287671861
-0.011944109097810707
-0.010996784212246894
-0.01327951493575591
-0.012861865128291782
-0.012588352259251666
-0.009604467258001485
-0.010215892417246636
-0.010114046369652682
-0.009939356299025148
-0.011159082617209184
-0.012087754317165201
-0.013831811803861043
-0.014583080681010482
-0.01560451630875899
-0.01516940348307919
-0.016131686120192883
-0.016941639706661526
-0.017812233682793922
-0.01647030706630968
-0.017216928036304566
-0.014857611434586273
-0.014945370413910912
-0.016472930040330177
-0.015210463108225969
-0.01537274095331916
-0.018086725324813084
-0.017273223570724316
-0.016784829206850073
-0.01627823119436615
-0.017884205023461035
-0.015413889180043645
-0.016368368957652278
-0.013647456079509665
-0.014931465292059217
-0.013197277691834
-0.015458647009853147
-0.015263334489422383
-0.013029614188024969
-0.009636655866786784
-0.007512933957714687
-0.009000733648303928
-0.012019010782120351
-0.010052171388271866
-0.007584438739856849
-0.011080241787025307
-0.010727738212363974
-0.007663671432177797
-0.0039974616986263155
-0.006541177331860478
-0.003011045018680978
-0.002440411710265008
-1.0
0.0042256851879031955
0.00912918792146229
0.005705783802057728
-0.002842067576033803
-0.012395411805718175
-0.013066755183334283
-0.015378128595174902
-0.01612029458180468
-0.016248242425220955
-0.016850951396715996
-0.01922822822625145
-0.016423295028386277
-0.014413856280943854
-0.020403677252606105
-0.018696979327881204
-0.018245930478388836
-0.01690297976166364
-0.01731842328274875
-0.01156172543346535
-0.008789740551188944
-0.012458390868341914
-0.009150682013154705
-1.0
-0.012862067827661531
-0.013496234578476743
-0.013711076304525074
-0.012568439154390444
-0.011279380331777186
-0.012388333459978737
-0.010176817697434408
-0.006762901912139722
-0.005638299539872333
-0.008468572983953804
-0.011194767163522022
-0.007286274064271497
-0.008162800311199014
-0.009729105613984431
-0.007923732046105338
-0.008698445578935452
-0.010077523091118267
-0.008480697784920083
-0.0016213170834722117
-0.0063265755467041135
-0.007961156274036991
-0.0035727105550951216
-0.006219582931822657
-0.009288640849967921
-0.009645711480511547
-0.009272940013848518
-0.005305878850790563
0.00266112775529687
-0.000959261296528107
-0.0010918454650871853
-0.0031153455157064435
-0.003735450963610862
-0.006377887747047479
-0.008571302191300886
-0.01312642515390072
-0.012759285003788708
-0.011987550221042071
-0.014716963715081303
-0.012334468087883249
-0.012342897079723095
-0.011712541497480798
-0.011433027346924448
-0.017991004330015128
-0.021596384806404037
-0.01940109172561416
-0.021486195554255252
-0.023521890819531096
-0.02483729883436282
-0.02370906481574866
-0.025215387476688528
-0.022737143908037914
-0.024951938032287926
-1.0
-0.022837519454960986
-0.024358845207405607
-0.028009793370842338
-0.026347387765876962
-0.025481906964256482
-0.028669208016542897
-0.026329283423461063
-0.027503354968550574
-0.027131518477127713
-0.02752401232385916
-0.02971021209092128
-0.028951744610066343
-0.02839867972227617
-0.02652910284618483
-0.02910885880531021
-0.02846314041649634
-0.028183757774377552
-0.027034833948165318
-0.02569396578377845
-0.023112567375261513
-0.01854905057496178
-0.013810505932613694
-0.011339624925974954
-0.020471165271535013
-0.025322339499980886
-0.023757824125977534
-0.025550345661874342
-0.02352001272252335
-0.026704762714655574
-0.022931096141885213
-0.022819347719190645
-0.025477358632441667
-0.02460985867030545
-0.026327548146908818
-0.02390024543166878
-0.0219476517153259
-0.01899903635373694
-0.016378578643005945
-0.003686449404490437
-0.0059062022084353455
-0.0014284220240501145
0.003400491452346644
0.007844025040917841
0.00947645334467505
0.015372407551805781
0.014570782647356537
0.014049399557303425
0.01270576379409959
0.008704415007828925
0.008922149134168736
0.00652879674396919
0.005574430841113716
0.007500920654392062
0.005899205820196618
0.010388912512376183
0.014205388763920928
0.01807139350122945
0.010467645947889175
-1.0
0.005475216600574952
0.001752918480712769
0.004327435180101857
-1.0
-1.0
0.01172025261592508
0.007818160160801143
0.0064591337916616075
0.007950932735738747
-1.0
-1.0
0.01773207983311606
0.017340733296114224
-1.0
-1.0
0.02209299522374235
0.02311349890407194
0.023127613470507218
0.023232772461524383
-1.0
0.020845057541934973
0.018755609449670082
-1.0
-1.0
0.020914754341559563
-1.0
0.01948732587776622
0.016871751176850733
-1.0
-1.0
0.02001301644451258
-1.0
-1.0
0.0174286207073369
0.019403656521936177
0.020394050929623778
0.021616654134095276
0.02105513618018365
-1.0
0.01979459717641521
0.01957527427981314
-1.0
0.01271320703997594
0.009222536361048396
0.00502473615719602
0.0014419409738690393
-0.0045621503296531035
-0.00861334714829979
-0.00966370817252899
-0.0114468562029325
-0.009151633107652005
-0.00806473932922354
-0.008551428357015525
0.0010177107076918606
0.012334792771845515
-1.0
0.00623479514099129
0.0016864030347364164
0.0054597816890123545
0.012442926111936614
0.002179804789058718
-0.0019832635550038223
-0.005459991369734464
-0.0015203106489394954
7.5851170672887e-05
0.0034307511085028344
-1.0
0.0049449328432955965
0.004503364358673445
0.00796845317210058
-1.0
0.008013626609682448
0.0003034390507489942
0.0027182860724910374
0.004030321427503509
0.006232704116978206
0.0048913056664130665
-0.004840050290587894
-0.00882734049574749
-0.00837679352137596
-0.01154259658743819
-0.01464006900630096
-0.014033468873942011
-0.01403329665667134
-0.01012255554401418
-0.007520766830195444
-0.00250008389049788
-0.004919548289144199
-0.0015123708546244772
0.00315174452429997
-0.0024887591135486315
-0.00527628101657443
-0.005841318082137443
-0.004764425019454072
-0.006749218257486091
-0.008386550207234968
-0.008215737677855639
-0.010850136377705523
-0.009094935584844695
-0.007802470139120303
-0.006986966358639277
-0.005199461295631967
0.002172625147338208
0.007348424882137974
-0.009894975402361408
-0.01633236876052708
-0.016743457543458472
-0.01820078851949649
-0.01601889565818197
-0.014532273524509077
-0.014904868614702534
-0.01989682166137843
-0.016495633051928152
-0.016084897530032508
-0.01659554586439323
-0.014295748233828726
-0.015052396831335793
-0.008238450864659588
-1.0
0.0014991467647448816
0.004154516827088022
0.007995252794857815
0.008479729373556896
0.006226009319629132
0.00606314667151801
0.011848817967950238
0.005824688821816787
0.007179135263123707
0.00965383639187634
0.004177961570622641
-0.0030922104576931596
-0.006877508613282874
-0.00800780404359872
-0.010862067769773012
-0.007580972263874399
-0.008193206461605615
-0.008576498438850133
-0.01016720787138972
-0.005160983145192355
-0.0027441125554286266
7.01985029747244e-05
0.001477622895899896
0.006340708866338197
-1.0
0.01592626494651664
0.017163100775984735
-1.0
-1.0
0.01880480612645854
0.017891151022702594
0.012219258200452008
0.010232363153944667
0.00935112090553416
0.010794276774140472
0.006775085957993864
0.009625689522372196
0.005574179143511964
-0.0006024683787908097
-0.01003262202805723
-0.011905065328341315
-0.005212449156939859
-0.0037408351740838065
-0.00536098073444608
-1.0
0.0011769536026284193
0.004320495618248313
0.002853432629616492
0.0021291419655328873
-0.0010498202434000422
-0.0038032077343092795
0.0005372172639320682
0.003621824913245843
0.0019407500237365225
0.0024499652673746733
0.003396989068494477
0.003209555416623079
0.0019518121275789438
-0.011250253975071829
-0.017961677451237827
-0.01921313553821295
-1.0
-0.022124632972897428
-0.022389235711158074
-0.021662325446968573
-0.021255384437812264
-0.021303425560116492
-0.021311150665251726
-0.02160768542759628
-0.022277762430700256
-0.021286114994734293
-0.023367452902322793
-0.022982311567916344
-0.020723304337400324
-0.016005221312310514
-0.020544600646339003
-0.02028202124948996
-0.02195729466951632
-0.02075316041298088
-0.01934251286199612
-0.014037600133053642
-0.015021329485377006
-1.0
-1.0
-1.0
-0.0015195589194470869
-1.0
0.0017192973497367047
0.0012383073178231128
-0.0015348100342690576
-0.008689537202338558
-0.008119684461122118
-0.014002947427830047
-0.01645309015688895
-0.01734370583973895
-0.01781449585973768
-0.016750804706954992
-0.016269387558161708
-0.009883778439265608
-0.010090327824165368
-0.011673263707217042
-0.01570382841652177
-0.017987919036795853
-0.016243696051043664
-0.015460180262623966
-0.017180797412847604
-0.01501629645685899
-1.0
-0.008387834010241426
-0.011109713236133202
-0.011170605302724403
-0.008463051098543827
-0.013574501183504846
-0.016385380533661544
-0.016976863266293222
-0.012986414302869375
-0.020555789460960608
-0.01992275440110216
-0.019674952288194957
-0.018377205267394583
-0.015464743213954388
-0.018425754551932783
-0.016544475911360785
-0.018506957030331315
-0.01530642502204091
-0.016596470377072042
-0.0081221077487918
-1.0
-0.00038486703351782475
0.0005370170184443794
0.004791256337628316
-0.0077768448923146855
-0.013002381306087862
-0.0111801801036648
-0.011392326125439958
-0.011022157636960177
-0.014817333086705364
-0.011944148328314504
-0.014773740607041204
-0.013619201218241934
-0.01270905512189611
-0.006848429097976656
0.0012020067673125115
0.008219120845464195
-1.0
0.014302431576995655
-1.0
-0.010113246132149483
-0.015158948554995723
-0.016515048504398867
-0.018225905193067632
-0.01800216095251075
-0.018038306099578086
-0.018353017287494125
-0.018395544381550853
-0.016660879764033982
-0.018930756536243022
-0.018593199781219726
-0.019887653045818927
-0.01779127302936924
-0.01757718120133305
-0.0180710927088347
-0.015142699650015348
-0.012786607448585712
-1.0
-0.0068834852279014615
-1.0
-1.0
-1.0
-1.0
0.020637024390397732
-1.0
-1.0
0.018294779365750573
-1.0
-1.0
0.00653059495797892
0.0004039997251783375
0.0033066800048980874
0.004713869204499159
0.00030928061369546326
-0.004736588279643691
-0.01010384623670444
-0.011697330700537146
-0.0032646877809983416
0.002698265978790938
0.0015778394118086403
-0.005167345127272886
-0.012287959315406716
-0.01799030000670215
-0.01836878174960883
-0.019866277037455495
-0.01759712932982755
-0.01616329968771571
-0.01199990156959145
-0.012225412625307418
-0.0058802327245444175
-0.0032732349090313275
-0.006370824622433509
-0.010947556130539876
-0.015117378515420844
-0.02088927548096837
-0.023606641126741906
-0.022373293000395852
-0.025756157170976075
-0.023863609747482487
-0.026631435657976245
-0.024756898255069326
-0.02634517862577438
-0.026619331013652905
-0.024878656007502907
-0.024125492058055933
-0.023880217561729342
-0.02313367789568861
-0.024573309920192386
-0.024993439039726503
-0.024596154056696694
-0.028716065134712563
-0.02470863080077678
-0.02454205985604829
-0.026707512264150166
-0.022913183174956855
-0.025846745876771788
-0.025723837060768664
-0.024555449760132454
-0.02519293047485022
-0.02401808888022951
-0.027910055038997537
-0.027009727135059045
-0.024441548571878736
-0.026232002005325855
-0.025540247038602932
-0.026903732889733786
-0.024391518574653204
-0.023561292048184242
-0.02568333597445063
-0.023571884461750344
-0.024976578665026155
-0.023079542926697567
-0.026807281415779753
-0.02707861182075004
-0.02429971731236245
-0.029347923124998235
-0.026305912944653623
-0.026899737933957796
-0.023130692494959904
-0.02428354588507519
-0.026961582319332277
-0.026808596657033865
-0.027030324855509602
-0.024473794393186275
-0.024386216132284567
-0.026679462061144174
-0.025402836038010374
-0.024528837339461183
-0.02372585477406937
-0.02424123532702177
-0.025208928929581004
-0.025364584902573168
-0.026942225736035066
-0.026225855509941862
-0.026790646432393744
-0.02300229220832066
-0.02652180250954715
-0.024853556445469358
-0.027269621390119937
-0.024996490179428215
-0.027147872994866033
-0.026097091393357415
-0.025085372762696193
-0.024738448207804416
-0.024466394553673738
-0.025226298366034173
-0.024524371862458906
-0.027535493277790115
-0.026455020698451976
-0.025619680678561827
-0.02386647447706331
-0.023782856863899856
-0.02483827910746954
-0.0239461985497258
-0.024352241820227327
-0.02693369838236316
-0.024048017444346658
-1.0
-0.02443662848581918
-0.02154260901864433
-0.02350161758891294
-0.023697899688833946
-0.02248611779798708
-0.02523037006041723
-0.022923683234226274
-0.020668625694209346
-0.020776079126655862
-0.017943767618954127
-0.012113761620435244
-0.01442194142057876
-0.011241062496409967
-0.015362173831748895
-0.008902847031685238
-0.0010334570411638896
0.004392360548292398
0.010197467341844794
0.017332686382855077
0.025464543452523556
0.026514447545205738
-1.0
0.02597607094444577
0.026618074450467835
-1.0
0.023124562309200018
0.022465838999777797
0.02195443602705245
0.022651314876929146
0.025628223167706264
0.024845124318829563
0.023004085604283922
-1.0
0.021352711484267213
-1.0
0.021858189629573116
0.024450885284676354
0.02417275719409875
0.024365372458500643
0.023890433735989498
-1.0
0.024612797284062102
0.022006936849528706
0.023533798522173483
0.020460240036187533
0.0225966999388991
0.019352388866710007
0.021110201146957972
0.024935410106303558
0.0269560659434453
0.025905629817571107
0.024800628103087568
0.021139761076393173
0.021613712406946775
0.023324404833494853
-1.0
0.011671746665976352
0.010940346789722761
0.009637630602590846
0.007276619696727995
0.008323686245201084
0.008378425189430041
0.009462159336901416
0.007115230986415123
0.005344378995126529
0.009497514658358469
0.011809210547907352
0.010785625267995598
0.007803140676427896
0.008607258253757445
0.008141019231013754
0.006169827794220723
0.007894058237833696
0.010170001322730035
0.006869708683991445
0.00913328391077026
0.005556529858448988
0.004440669988743164
0.00642088493916659
0.0061967423438765035
0.0042305522626791565
0.005472081837239898
0.008523251258605005
0.0017702411024483947
0.0003679031822683212
-0.0023648129800534524
-0.0014946169939957957
-0.001615506223985825
0.0002567464987584118
-0.0011125876047596325
-0.0022080137192003555
-0.004609391512247186
-0.00578787182064995
-0.004537239678280684
-0.004696929997514156
-0.004327563950194944
-0.0018114926119550665
-0.0028672614080507836
-0.0036172882197806986
-0.0035176797836935117
-0.0018138840885639045
-0.001993571025971664
0.0005325526514800164
-0.0008379822949834912
0.0004764470947788489
0.0017324641860738247
0.0006136249873777144
0.006146722266663786
0.009152285600703611
0.006428090875240792
0.01667663006755603
0.014942305235945206
0.021376211961000806
0.020006503325463127
0.016172632253579507
0.017366080326645793
0.017572825739235937
0.01953215411612458
0.022717846947942804
0.021258523185040082
-1.0
0.01956831124448023
0.019985832855057867
0.01826397166710938
0.019092079931458103
0.02045320066020329
0.021471054294074674
0.02063612973547575
0.020534448709785894
0.019685850098938786
0.021793652531725206
0.021630249327351973
0.022551837258573265
0.023578291109711956
0.025367453314523378
0.020395412184577705
0.017853900073949217
0.019779879351275873
0.020866561771241673
0.018235716210144404
0.019179223847291402
0.021340290422955835
0.018700413286141304
0.021476337432123665
0.020804663900925294
0.018828476841061415
0.01689868151872945
0.016303647967989686
0.017424379266441588
0.017255209116730813
0.020273178570024152
0.020541820211142627
0.020633455113880983
0.019722899971095796
0.019096145973092567
0.02023567872829901
0.01823955302760789
0.01977286760262714
0.01910253456118823
0.018695000682939947
0.024314289404309828
0.02196876713557374
0.02130618038796216
0.01921316277671998
0.02107199913544539
0.023253545721040384
0.017195415638691557
0.018414328023968383
0.019810334956842403
0.020314220063639185
0.019479840734263898
0.02002050735822096
0.021933900953074122
0.023002341173264274
0.024338848877866876
0.024614863949576904
0.024288393164677343
0.02549555097152619
0.02319901772645786
0.027630736204966002
0.022037103816904775
0.023126126315048706
0.020577826622484613
0.021425164656793474
0.021753640255228437
0.02332264157808475
0.021961072105091167
0.02129617871458588
0.01867245610927088
0.010677529810188293
0.005970904784045957
0.0039349756008928965
0.0018320254363508924
0.0050533573345832
0.004240136065730404
0.0032832898632423313
0.004823151703903509
-0.004202469156319225
-0.004888470127933336
-0.006105536908897324
-0.008666941339577797
-0.006530951122987048
-0.006761692009287416
-1.0
-0.008303781180517899
-1.0
-1.0
-1.0
-0.013920358400608988
-1.0
-0.014909033859384047
-1.0
-1.0
-0.018094253171761648
-0.016993879325519396
-0.015689606322731163
-1.0
-0.016600643872344115
-0.014503710884185877
-0.015820967143496296
-0.01267972114862001
-0.009966251876472617
-0.005079664144936449
-0.005026160474720543
-0.005450087764453726
0.0027091446676003788
0.010378977913515315
0.017403552970745795
0.014399157558499937
0.021819304821416485
0.02059306968798542
0.020942351883636724
0.02129037370487926
0.01342749856372857
0.015921894758429624
0.0153705866415251
0.016833119894499492
0.01533944111292273
0.021019733101784194
0.022999041850208755
0.025988958602438862
0.01805779722999829
0.014671632131487297
0.01510291912828288
0.012100474492085565
0.011045149893057665
0.013803108511311219
0.01708224828913291
0.014966173975851708
0.017301519569657337
0.017857714410419015
0.021377903176727435
0.018828465770424258
0.01807673897566431
0.01574805801041172
0.017448383460983707
0.020404057149965616
0.01903076627218632
0.01827656595468419
0.010407963581131715
0.004646689136788736
-1.0
-1.0
-1.0
-1.0
-1.0
-1.0
-1.0
-1.0
-1.0
-1.0
-0.025217708568324355
-0.023479939151204967
-1.0
-1.0
-1.0
-1.0
-1.0
-1.0
-1.0
-1.0
-0.025878994664815476
-1.0
-1.0
-1.0
-1.0
-1.0
-0.026843741337198714
-0.024218264775185374
-0.029469756587230465
-0.030120130158067755
-0.02691627931246953
-1.0
-1.0
-0.02696728289083563
-1.0
-0.026741114144766744
-0.026455038905567833
-1.0
-0.02691370528994257
-0.02554212303770142
-0.026699225029258367
-0.026827158550265795
-0.027791177300189613
-0.025543896807022775
-1.0
-0.02638972072257424
-0.03365267501836075
-0.02761320603482904
-0.024969312855324787
-1.0
-0.021032324955606026
-1.0
