-1.0
-0.02400926091293422
-0.03135426258734943
-1.0
-0.030821606367923735
-0.03284859053181184
-0.03355691645647793
-0.03346166973261065
-0.032528210913200094
-0.02986478336337136
-0.026907121209796738
-0.02379950788292982
-0.021925828576954437
-0.017208286028697794
-0.021426999116644377
-0.017999078628366492
-0.011880354352437294
-0.006480646355015063
0.011994323702667328
0.009946767099384203
0.013992958147839341
0.021028189304268557
0.02238291932602163
0.02568007283558692
0.02434570360539172
0.019982211658834424
0.016406679812419226
0.011925328295189231
-0.010295759837142197
-0.018472387175362863
-0.014181419830732565
-0.017371741596434204
-0.018343400281758005
-0.018093581423380016
-0.01511858254528359
-0.013150345679380797
-0.013551851144405592
-0.018194808135669087
-0.007806052624401782
-0.0055567607946581735
-0.014089398999892094
-0.018804795167178447
-0.009354444514167596
-0.0012590076477584154
0.00895578176088736
0.0054459001382014035
0.014360425720654891
0.024264135619204694
0.02171317616905712
0.02700112077295082
0.022193127428466006
0.024378693361183503
0.023041272030686663
0.025878312811403986
0.026035907355178217
0.027954218311099722
0.027743852491743673
0.029949686378761466
0.029125987244392616
0.023932123085552776
0.0032273077808844886
-0.008627752810224938
-0.01242971773929138
-0.024684692031426
-0.026077617850701236
-0.031312421348397394
-0.03141381623231943
-0.032014248501245075
-0.037846151228465366
-0.033935466865721506
-0.03330819271268218
-1.0
-0.02989589674723991
-0.01959469580590217
-0.01983880569484743
-0.02196417361341327
-0.025938590954901163
-1.0
-1.0
-1.0
-1.0
-0.02574551873501294
-1.0
-1.0
-1.0
-0.01516553152291817
-0.022783424209721456
-0.028133613888912924
-1.0
-0.024551132320849402
-0.020116038914589858
-0.016684412802758328
-0.013109142368355867
-1.0
-1.0
-1.0
-1.0
-0.02421435988846522
-0.022667115248147927
-0.02695461241481553
-0.02591863442765368
-0.024637214699263055
-0.024062591957095657
-0.021608079339244468
-1.0
-0.02010052205754674
-0.026636351652504886
-0.02704361550145968
-0.008742939543089856
-0.007341686657609825
-0.00994947249708803
-1.0
-0.010994978078212148
-1.0
-0.007849281769110417
-0.011621826060534917
-0.01869967941558393
-0.01736009269724375
-0.02124360297846864
-0.02012369752831408
-0.01685034754104069
-0.020210472532442878
-0.02494056879043631
-0.022641818453769728
-0.026838128512863362
-0.02629814050096304
-0.027701444619511868
-0.02897006873057569
-0.032468051792159176
-0.026713301609157906
-0.02463206764811
-0.028369858236185066
-0.029269507695179588
-0.012747487462946714
-0.014579914680271212
-0.01226069614478199
-0.00275333744583333
-0.0029052495448764716
-0.0028398411279000266
-0.008067530628361972
-0.0022781144749680795
-0.008148679075095963
-0.016629461446041802
-0.017137013750499586
-0.019551972348360567
-0.015998598708139557
-0.004997725470077734
-0.012558749922905099
-0.014450925819069154
-0.016687290192006928
-0.010669118991657768
-0.003911291975704992
-0.0075367205003014194
-0.0028745946588762433
-0.0040199092187435635
-0.005470728255980797
-0.009380437492929949
-0.009184130313321142
-0.00746293610609173
-0.006412270874839965
0.01222134171282279
0.03094874915620542
0.033521336863352076
0.036804102921349016
0.02950487811156399
0.03271727014113011
0.029409246313409854
0.03238012150790418
0.03625391463520773
0.03065234589678993
0.030140247777508778
0.036906576842921784
0.03465256651944579
0.03398837299841898
0.03487043208192151
0.03625175623137776
0.03054050077879651
0.03627520172783913
0.034797716524329655
0.03345449149839094
0.03212543188694032
0.02791960988046376
0.02271602510870881
0.008703180110943695
0.010441979288064302
0.009943867840731573
0.005900370032085045
0.002437983460025542
0.004926293195520521
0.000571339756769687
-0.003386215688419505
-0.0018122433619209902
-0.002956651387028278
-0.006968997363186585
-0.007060957304012033
-0.0007901476130105311
0.009394490466776692
0.02203285927433447
0.030586853379435185
0.03559037497452555
0.03568741515183154
0.03341532622410908
0.03549025521997951
0.03707001580561097
0.0382594627634739
0.0361626854278994
0.03028208134252337
0.03517439942519513
0.03442922090497201
0.03762573088857932
0.03878719344947719
0.03735541174207593
0.03279109076121685
0.03665186833809742
0.03739170629064825
0.019945864536223833
0.019861333809145173
0.025786364609789125
0.03229630730006444
0.03370796555770514
0.026613571221947442
0.007242645601561733
-0.001339723353757061
-0.0021877541717918282
-0.0008139797899740525
-0.002177787302356012
-0.0004484210163024825
0.004796583962290412
0.015093511795628182
0.007781674474007717
0.0037299379445728466
0.01416003224917814
0.02046409673717791
0.024040053390877537
0.023558232291840134
0.020262878527664226
0.0264577554800188
0.027565127734096435
0.027188004986825796
0.026609029464477407
0.02611871822023965
0.023446118335758104
0.027039406075642695
0.020121256893913527
0.025969415152180094
0.025656568036042854
0.02468637923449053
0.02331484172070149
0.013718970210123548
-0.0007289580104027878
-0.003144660438409834
-0.0054893409456243155
-0.017420296974534948
-0.02116690837277428
-0.020348670938111078
-0.021876327145619292
-0.021828576540888232
-0.022166407812094332
-0.018871415593637014
-0.023456566622852337
-0.01792233052291179
-0.022398629988299144
-0.031279707654570194
-0.03015430124727137
-0.03195920810572647
-0.02357923720427472
-0.02551848631163908
-0.02717767326108729
-0.027647449570525597
-0.03190565271778475
-0.03413520939401573
-1.0
-0.03748613714205775
-0.03387838105613911
-0.0276023025765908
-0.027950563765007277
-0.03139256673205929
-0.028457401573421165
-0.029758126594319267
-0.028932567684929696
-0.03205540819834382
-0.0314150280767842
-0.025097493701177965
-0.02096572208759909
-0.019999403990080267
-0.018890089970223387
-0.018207235166830666
-0.012421731894665236
-0.02044253560891815
-0.022065925696262437
-0.019349610974705285
-0.014134253345655117
-0.010350603887777334
-0.00948577997068159
-0.012872557566378695
-0.001954572381198117
0.004590685454898609
0.0012113611805368515
0.00040157722243076616
0.0022183489240576453
0.004622720608296943
0.0074784501596792405
0.004647109688952783
-0.0011763554019331782
-0.0012923231427080023
-0.0007652399483487916
0.0008627660770101625
-0.014268724570128719
-0.012944676134578862
-0.009323763517512521
-0.010127513623345298
-1.0
-1.0
-0.020498972346321084
-0.017362663955752655
-0.020227253521547663
-0.01720500004758308
-0.01590515324514584
-0.018689703766661323
-0.013912476618307114
-0.014571613019994939
-0.016424640227125212
-0.01799292478879787
-0.01607668606327971
-0.011607118097243397
-0.014164275256193373
-0.015738369408480234
-0.01357444868946611
0.013528063615073378
0.010282950958360529
0.02758462480541518
0.0326298942504428
0.029035655062808894
0.03516254038809689
0.03303717544891709
0.03399234412124414
0.03492950013032394
0.03525059074209427
0.036477789415178846
0.030886788614252987
-1.0
-1.0
0.03726081729925056
0.03753360766107494
-1.0
-1.0
-1.0
-1.0
-1.0
-1.0
-1.0
-1.0
-1.0
-1.0
-1.0
-1.0
-1.0
-1.0
-1.0
-1.0
-1.0
-1.0
-1.0
-1.0
-1.0
-1.0
-1.0
-1.0
-1.0
-1.0
-1.0
-1.0
-1.0
-1.0
-1.0
-1.0
-1.0
-1.0
-1.0
-1.0
-1.0
-1.0
-1.0
-1.0
0.03527395738729604
-1.0
0.03057819880204364
0.03846629572933917
0.03802798858614381
0.03147119215084834
0.021913692546111304
0.023228231165792323
0.03769381000587945
0.03307072675301656
0.03352114035037427
0.030990103587723108
0.012235772736095378
0.005825965318438494
0.018433409109455443
0.023550862269079324
0.026978745382874463
0.02562943941919569
0.028002127708137495
0.02280034666936163
0.012785249892330363
0.015408765578117994
0.017830340190594363
0.01859404760357669
0.018263247416288163
0.01395196365088088
0.015770183742989156
0.019183035090390595
0.022599710258972283
0.02996275408013357
0.03062776614051703
0.034334536748021484
0.04147078907867313
0.040916588088223335
0.04036075152939504
0.03692926853032233
0.038267811975780594
0.04394135446841996
0.04090508818281676
0.031376111747430185
0.007457694967545395
0.009869380274410514
0.004900434859827575
0.0010792608897179491
0.007502733456536928
-0.0006249074092308475
-0.0044634000729251045
-0.002147470752565366
-0.005394462356700119
0.0005876062180390117
0.003952113453052597
0.005483060148060604
0.020292883661321454
0.03609973966961329
0.03001806205261267
0.03288323844986611
0.01940379374252946
0.016127040380145216
0.028783000865347328
0.03743155952588288
0.03797072962388904
0.041725139033125414
0.04181804718005675
0.04397426836110272
0.04432620420883445
0.0417126514791662
0.0420891012489588
0.041015129994808136
0.03697482000620006
0.04330900967080463
0.021092840083718596
0.0016517011069634112
0.009739990384130055
0.017251756412755094
0.0009137513603203749
-0.0026654517274996604
-0.009066292492016926
-0.014297801389532204
-0.021890104073627216
-0.017252675139970735
-0.017693801731644383
-0.021673429969549147
-0.02119536881670798
-0.03186509978733666
-0.026051597403013136
-0.015431677575854072
-0.009055728438500903
-0.015477628315096819
-0.016563332660393285
-0.02278959390060091
-0.03026472585681699
-0.02801502281084669
-0.028713030404584228
-0.022461318208602775
-0.023218601047680386
-0.029925945410603734
-0.035745254435392296
-0.038188012285923605
-0.036616350549942694
-0.03596575944813783
-0.03685646977256327
-0.02643974607287233
-0.02803421686775639
-0.02922914323002671
-0.03385257331923226
-0.03704088342799608
-0.0393773671231906
-0.04125333502334254
-0.04118589844724835
-0.04007044805956557
-1.0
-0.039667384880819945
-0.03822643843670039
-0.03980093032541723
-0.03567647339988704
-0.0373020949460719
-0.03548838425985478
-0.03632061237851396
-0.037693500705029616
-0.03632845241199753
-0.0349033146151924
-0.039356981344666794
-0.03386362283929131
-0.03248700429367568
-0.035714023939968906
-0.036576055786385564
-0.03460197582232646
-0.037290561015767346
-0.0342060812128723
-0.034641849790003995
-0.03454001208536417
-0.03500476981411734
-0.03472113865594381
-0.03216889089130073
-0.02621303126843591
-0.03206567491380606
-0.026795473920027745
-0.033165078579226175
-0.03808849951442915
-0.036423852405577856
-0.03316730294450887
-0.03383819445011032
-0.030876030013900095
-0.03283207060172375
-0.03251425238417638
-0.03408337369634323
-0.03526479735530609
-0.03304417341447907
-0.034120082245790835
-0.04064805910188849
-0.037678185228872424
-0.0393658583344808
-1.0
-1.0
-0.038383938761402135
-0.041776674980061754
-0.03898696741694406
-0.0373481749656823
-0.037155284551146896
-1.0
-0.03224518475322245
-0.034688596452482415
-0.03288599724744882
-0.016551133059258025
-5.921349533155251e-05
0.012244142329953312
0.017994295660020358
0.021494400125349023
0.015659876813945792
0.02285113986802998
0.023605390413392966
0.028530183107176664
0.029836707913866813
-1.0
-1.0
0.010217509566346329
-0.0195997718425635
-0.029647411720147763
-0.032028443802702096
-0.0324360469865751
-0.03421981286602678
-0.034338496762153614
-0.03948133690384183
-0.03926505153393142
-1.0
-1.0
-0.03949336303884316
-0.04233880389932367
-0.038544774100595376
-0.04149782618413883
-0.04309300711593327
-0.043880331962067
-0.04332005465956961
-0.04132946855361273
-0.04217879209209601
-0.040612218721667044
-0.03999414955939691
-0.03252912758334884
-0.015514065223994317
-0.0021818973334531808
0.0022002674205658878
0.0007127928665922084
-0.0027087397149754408
-0.0014794526408062247
0.006781290597225556
0.009150207991484449
0.004704416672699881
-0.0016166133843098249
-0.002766535567394348
-0.0027768723005642455
0.016704927829286658
0.029768058563919512
0.02527224465154883
0.024303800196663172
0.024856450727015148
0.020550486679090655
0.024401357122322335
0.021268196548245803
0.019253640586587177
0.015544982991626566
0.013739046454451906
0.018921079210516265
0.019741838558621872
0.025183234682867577
0.037191770511660956
0.03501551320216068
0.03606365720450121
0.029082359249791096
0.030717110485249544
0.030652690636293636
0.03373457721755144
0.03162642506107608
0.03484207877120036
0.03166980925813606
0.03483267352560188
0.040214476099019396
0.044131532642130565
0.04379642575639365
0.0398807956375121
0.037561300357758044
0.03396434640439975
0.015520246598533067
0.006947155136653573
0.0030833695813997663
-0.0024271614481581457
-0.009275815243185359
-1.0
0.01747932811063637
0.020650012469965267
0.025909080917570625
0.030046678314174572
0.026768216419853864
0.02064132471072047
0.028345536968408795
-1.0
-1.0
-1.0
-0.006489980096784275
-0.017541035271840904
-0.013681006040481468
-0.008797021715227258
-0.008116028043345476
-0.00916929854445709
-0.028509984324234666
-0.030259329032805874
-0.029033176293601224
-0.030720905954184526
-0.02717923388147058
-0.02958771869406827
-0.024075623545621913
-0.029557489940745387
-0.02842638213993594
-0.028310473639430005
-0.035357418288597044
-0.03314908660988134
-0.03841083676521271
-0.036607419328763074
-0.031054507579969005
-0.02021997611659036
-0.020424622780653014
-0.017981397272351558
-0.0183443728578712
-0.01688832569857356
-0.010072893854109527
-0.011675668098119254
-0.012731278744365367
-0.008894283084768362
-0.01624559951259905
-0.019060758346964714
-0.0245510510110112
-0.021749220754978673
-0.02709942590290504
-0.034066073440327554
-1.0
-0.03464182791151124
-0.03230156282543343
-0.03661518454679129
-0.03500349691380831
-0.03590508927965368
-0.03558870600695721
-0.040085779413740696
-0.03933714452529172
-0.04011755763742437
-0.04130417716036026
-0.040353227998247566
-0.04119166842229633
-0.04391441583271432
-0.04288362648496911
-0.039639802567757336
-0.03889964717881906
-0.034721234008662796
-0.03692161210585099
-0.03376316730131211
-0.03433640763540249
-0.03494241718142735
-0.03167284175221047
-0.02198390713280205
-0.019026622270447897
-0.021863491816415597
-0.018091972157998886
-0.022595181507319838
-0.022748214269175712
-0.020283596612662953
-0.014770288196842429
-0.01156628618294652
-0.013943006268366505
-0.00378213361002185
0.0023201828306168913
0.01187501049431479
0.01179826954230464
0.01568671570737418
0.020249589362798855
0.02021919063553112
0.01805052623339138
0.0054381285002496
-0.004390618630895465
0.008396716947928592
0.02554652798579098
0.03814458674072511
0.04825223210091568
0.050208649049233244
0.04494726901519459
0.04301587186040818
0.04991553219388164
0.048186784579201954
0.04879807319678821
0.04924919279116644
0.048423423783305726
0.04815737385111921
0.048551023392710925
0.04697372136724564
0.045103905582943145
0.04182654933646635
0.04263745982845449
0.04488964247284654
0.0393146272468228
0.03812769917355992
0.04177161168983128
0.041365868580689205
0.039434098636939925
0.0407313079564907
0.04301252916064876
0.035800351472042746
0.0410021670199815
0.03729674159066082
0.037876980474979546
0.03916711766721109
0.03791394481612053
0.03614947960643489
0.04121065981590299
0.03345899567054816
0.03730663256227621
0.023248075767593513
0.010178096309019138
-0.008944865350431885
-0.016817072746906532
-0.019157363164418535
-0.022705087210982383
-0.018149436756681216
-0.020959179189375277
-0.018982762863899424
-0.01658780573926072
-0.017397557768160724
-0.014457610571924384
-0.01943743783577767
-0.010916564108394556
-0.00920463216472273
-0.01016318740745327
-0.006320992092617677
-3.129994094673914e-05
0.01330464573930149
0.014546899778382236
0.01715703887460185
0.02885361968403569
0.026011326389027957
0.018040713365080327
0.025910957641310992
0.020568262278359905
0.01133747414078822
0.011510165195226208
0.00977062460187075
0.01101098466204485
0.009920784662096279
0.01660110740320574
0.014085268735684425
0.005544451975239527
0.001421701462777611
0.0043066184711461845
0.004559185132726022
0.009753355262934594
0.014637021958839909
0.020362256383424836
0.014319828057280855
0.002007707494407989
-0.007641067814942095
-0.018433489248251795
-0.013265033860698468
-0.003384950783721597
0.0013465312050051673
0.006638379010250122
0.006733382495049744
0.015617514202767026
0.022396567625537614
0.029816472808747236
0.030762880604107045
0.032287007598266915
0.03782716916908706
0.044408024183632266
0.042818744202532226
0.04262802332790119
0.0339486571575531
0.03774615325924397
0.046640321371614335
0.04471029913833581
0.04305822254253194
0.03530975995546035
0.03321489254185704
0.032215919028358866
0.028855655304586204
0.021184119383272873
0.024676047801070366
0.03107676074121571
0.0248652388387738
0.022570374971772146
0.028057494434033308
0.01859167798887387
0.01998454153964723
0.020871524549997994
0.02364207221035655
0.03314099360521553
0.03625627887815511
0.03385489541144656
0.03734845479013914
0.03478608048813961
0.03325658169212632
0.03256181367577391
0.0278741955805289
0.021515067155180607
0.02079898303563193
0.016930420969766623
0.014094053883051922
0.022786067780774705
0.02258823828565282
0.024541260813158255
0.018894954116652783
0.011273649735965537
0.00834202143057201
0.00985421363083282
0.003469646313113634
0.016013832087676684
0.027414669784588133
0.03125781085933762
0.03225778995415514
0.017171758734657202
-1.0
0.012260718678976386
0.006780445836569386
0.0072620579235922215
0.01302232132144027
0.01792093360292618
0.01483617824311603
0.016572003065707403
0.017046767174191197
0.01753786783648645
0.012481817441975428
0.012524683692493798
0.009917760679630088
0.017848343339549096
0.014772299354293264
0.016248603417184374
0.013085374379202841
0.01264424620782874
0.013372790883106955
0.014029939602593813
0.018566270976776458
0.014417906395248042
0.015114036721569789
0.01213112696021666
0.013473564007874667
-0.005412624898564143
-0.024019921080045137
-0.029216301656779273
-0.02516672245672471
-0.022694181698981037
-0.02887394558115969
-0.0281035965323355
-0.02871742497616922
-0.025451167104678575
-0.029353086266121525
-1.0
-0.033197689598493056
-0.03534592071163794
-0.03308541761019169
-0.028767853932451553
-0.028956708150304124
-0.028461439390420434
-0.032197476129884106
-0.028265994484773394
-0.030545651428474194
-0.03040511742435864
-0.026839374919828164
-0.026449993221904562
-0.024308836212750574
-0.016974266058407052
-0.019737096923654156
-0.02173532236924553
-0.020439981996210967
-0.0233258730138673
-0.02370039995492924
-0.024160077814529158
-0.028472300200903387
-0.025733342795016597
-1.0
-0.028203087975819715
-0.029258180945204264
-0.02884569198582233
-0.028986763040834845
-0.03418766166258862
-0.03098284598495802
-0.03295939770931602
-0.03667279716200556
-0.03433519376549593
-0.03633961550765629
-0.03533035817528926
-0.03729478347715871
-0.036908455836835594
-0.04080011428046864
-0.03978493578087241
-0.0386536294593625
-0.03949136922775361
-0.04067886865294387
-0.03822666777497767
-0.03639321336669035
-0.040771155598820545
-0.03430956793366272
-0.03732766545253844
-0.03500078004968524
-0.034443237097444936
-0.03463033550059436
-0.033133926247957024
-0.030229155487779224
-0.028065637652083874
-0.02974957213957385
-0.02957520014396164
-0.032623303505390784
-0.03953432169409059
-0.033794600878555466
-0.03282905699083983
-0.038876451985716744
-0.04013252410320292
-0.04071532047407949
-0.03677253218797317
-0.03254806585634231
-0.034184232013043804
-0.027189684890212968
-0.026526367513421977
-0.025800782782646928
-0.019766236731820746
-0.016412644356365243
-0.015751843547579265
-0.010759361061238632
-0.009787792549803932
-0.006847810086188018
-0.0066978013709932714
0.028094296896601367
0.04629956596868792
0.045963644968880044
0.03950146527188744
-1.0
-1.0
0.04736404267222965
0.049132578946329636
0.0472651859583746
0.04742078816232972
0.036483000271311676
0.04062225700242775
0.044515972295513205
0.04747878747420637
0.04369298332825257
-1.0
0.04607776983595894
0.04459846489249433
0.03774765961147377
0.022749264883556112
0.01781317179207336
0.024106265283809648
0.03736574084933026
0.044515959530908235
0.04314556314957148
-1.0
0.048042356619849264
0.048046055346570554
0.045701432142594575
0.04267051058178661
0.04735054660573463
0.044609097972648136
0.044132180695427625
0.048229992855541935
0.04603195178683794
0.029317572719147363
0.017743040968000223
0.01663691073748127
0.024312775244549972
0.031462331016146754
0.02592985429114592
0.01890636623005355
0.010896613962606093
0.008065247660909184
0.007049964964147252
0.012009851124296589
0.01501553881641973
0.013343265313466258
0.012619333403005747
0.030202158645037024
0.033070237801504615
0.03212296694279982
0.021637328200477885
0.012538407265019726
0.03708793120060758
0.03492708451315902
0.04203608221676457
0.043801710362597536
0.049371656939962406
0.046915097484880125
0.049278433830441185
0.049789233348729804
0.04675060868935269
0.04601821844268782
0.04763583374666755
0.049722679637594455
0.051386294819455086
0.048118819658773626
0.0462725462915167
0.03743844985964661
0.03193804399151326
0.024470765217303892
0.009622294615517531
-0.007080114538370746
-0.01781243382490163
-0.021878694391399073
-0.02286524721480473
-0.02964105218593155
-0.02397473330633633
-0.022369318599757528
-0.014332041280631334
-0.013526751484934636
-0.010978979977303096
-0.013165359198121002
-0.018010094390143963
-0.023550551933826044
-0.033278348322963065
-0.03724963711660516
-0.0333851226027413
-0.028011068514048356
-0.025694325085190314
-0.024699725942673785
-0.022070721782269168
-0.024732531788126736
-1.0
-1.0
-0.024897842910196383
-0.029756152007684653
-0.02445349849478461
-0.016984828890041083
-0.010382850863223913
-0.00912454029386642
-0.012533137823254766
-0.020856619287164344
-0.026510384151011864
-0.02983491928304191
-0.022528313345580066
-0.025896530286180018
-0.027704792224864123
-0.020167390155420153
-0.013540097140240655
-0.021011727761616233
-0.017617413910511283
-0.011206602801019788
-0.00637881124809318
-0.0028408337182191405
-0.010641677247621719
-0.005988951586841231
-0.003885373573268996
-0.014208873757976864
-0.027430220031245175
-0.03143711135617964
-0.032645943159228565
-0.032588863259540676
-0.02252054019943282
-1.0
-0.026728682907028456
-0.02683477078059677
-0.022578847267579125
-0.027860159826980917
-0.036076904342856375
-0.03437191748941748
-0.03411997283756204
-0.034852674346924475
-0.035427106386981266
-0.03932948102878544
-0.03621090607127966
-0.03767622542777132
-0.03837267240071829
-0.0338327974363645
-0.03515814810433163
-0.03523172501649108
-0.0335290517211704
-0.028848403591147154
-0.03049152742332341
-0.02661548407888104
-0.024096117394255052
-0.026957358641241116
-0.031197155331367497
-0.03338757660723692
-0.03733270988613173
-0.036254120057848976
-0.03749745120319265
-0.038188196088402855
-0.0362716166843208
-0.037629697091731425
-0.0386309425389785
-0.0384425656158628
-0.03807852408712322
-0.034859790701286905
-0.023057134523224145
-0.013743689794304313
-0.013146913100560091
-0.017583221216245684
-0.024611945849869817
-0.026482665298177024
-0.02243494152926338
-0.02344402129242927
-0.018578112756038486
-0.002082808705621663
0.015415635807033588
0.018486054313954867
0.02021263084511785
0.008956810711998425
0.006232039985154682
0.02335985601572568
-1.0
0.030034563078870195
0.02403986932626027
0.026863382776947234
0.022941735295519367
0.01899616366068642
0.0036667489135923624
0.010984095375144418
0.012350478934686923
0.011545452478260328
0.004537724620670278
0.003137624669002934
-0.0013493438886071662
-1.0
0.014131242776977259
0.010737967080357715
0.013388246439332896
0.015005942029575484
0.005747599456673702
-0.019566966501303223
-0.02562117000499441
-0.025036462700329783
-0.022297226237361228
-0.02239892781343167
-0.026203453574153355
-0.015560351627748296
-0.006092312801444974
-0.0018061651865720345
-0.004647191575323313
0.005024060376588243
0.008312014456110425
0.023398188537472782
0.028380429852043993
0.042437163711096466
0.04543468470563934
0.044181365126627695
0.04287336744603634
0.03540930971915361
0.029041702960426304
0.0205337985856679
0.011644853122881937
0.007493726117931299
0.007004265631728452
0.037662480238553175
0.04781308292772435
0.04804300134596229
0.04877117327772792
0.048307827819295844
0.04938584071613159
0.046788483706663546
0.04583693839824902
0.045561224884005304
0.04667113330188786
0.04679023434809446
0.04548877140126385
0.04576941674756761
0.014002719432210363
6.86157010868747e-05
-0.005407381512656157
-0.016551232773150903
-0.027555207367524613
-0.034258679188449354
-0.03568368970859753
-0.034744178154643215
-0.03604033328105893
-0.03422401065255774
-0.03663818942471373
-0.03638209709043198
-1.0
-0.033426518795243304
-0.036169438008067094
-0.03599270159702022
-0.035040117407844594
-0.036387470462377204
-0.03526290100288237
-1.0
-1.0
-1.0
-0.03477058048629123
-1.0
-1.0
-0.035211815251175026
-0.03645527897132634
-1.0
-1.0
-0.03584402888887909
-1.0
-0.035150074620540345
-0.03718150183036218
-0.03764038618687843
-0.034881507964979006
-0.03662540398140187
-0.03360306335241413
-1.0
-1.0
-0.03463909134845772
-0.032684589351246636
-0.028068710783681037
-0.02693705749676715
-0.028176839232923717
-0.024452187123452755
-0.021101470905088262
-0.027743600988925823
-0.0241325366893494
-0.02090590349344607
-0.022515686033570084
-0.02823641914064524
-0.022941296764361106
-0.017561944566061312
-0.007454565671186957
0.006645203008116119
0.028662094538117463
0.04409939998435871
0.04537587832247758
0.044729322352344794
0.045276943764601035
0.04876699186330202
0.04726730849441447
0.04544418893294357
0.04679194754506791
0.043149701524737266
0.043770690325528
0.04535064345852388
0.04362548917124739
0.04468508192533598
0.04469968244220136
0.041743355061954576
0.04076183991663565
0.040018292270423896
0.039980973269704595
0.026646875764557983
0.010608199056085593
0.018012193715677825
-1.0
0.03845475426881216
0.04028841147283053
0.04008493584207751
0.04197219912980378
0.042218623117943346
0.04520501947974193
0.04176538096083115
0.04455385576760831
0.044592456667415965
0.042489813845032184
0.04698473521974082
0.042870467526084914
0.04319925260877423
0.03759043474657114
0.037620632392375376
0.039752616618259955
0.03921716749826364
0.040035708075182065
0.04441961122467016
0.04227775337179749
0.04286910041533609
0.044806730341866365
0.043555014049338106
0.04322101766415944
0.043714580226963264
0.04052953871488717
0.021845447362522984
0.01981992027285411
0.03552281614329535
0.03531938255251624
0.04024953858204485
0.041034099839642985
0.03964899697494616
0.024286942424006985
0.017535892502260498
0.035128071234077934
0.03720670693035274
0.038696136567775215
-1.0
0.038377853916653985
0.03386547258126567
0.03824680851873238
-1.0
0.00872085704309937
-1.0
-0.011795486830521992
-0.01880315625087115
-1.0
-1.0
-1.0
-1.0
-1.0
-1.0
-0.0315771911817003
-1.0
-1.0
-1.0
-1.0
-1.0
-1.0
