-1.0
0.004937136786902539
0.002616388738936872
-0.0063581434167989895
-0.01129840244098208
-0.011549729794014751
-0.005213438586024097
0.003324069691893015
0.00817154652979641
0.017084958784470104
0.01549785693380507
0.016894424856357487
0.02587293609649083
0.024048235713174073
0.019995329787827972
0.021483900981420792
0.024883027345781055
0.025685093721200234
0.015004244238753503
0.006708685549513442
0.010180483734548704
0.005338388942693742
0.0012335862305045669
0.003769789524937454
0.009548048519700184
0.0002813532117583447
0.00503317191121439
0.00967664431164078
0.01690367154721917
0.01819859896645632
0.014219226409572346
0.0131833329136867
0.014825085328245618
0.011318370743487625
0.011539578137704636
0.016182570725324766
0.0009370056450593981
0.0017114518506986724
-0.0012577790366770478
-0.0018431084842294393
-0.0017137358028349334
-0.0015628379291513885
0.0024027064092450724
0.008539941739482432
0.0011413674215038523
0.00037649903604248234
-0.006300767570149394
-0.007333495393431582
-0.004630603023781911
0.0020326459513347692
0.005137922772217042
0.0035593964172743534
0.0009027519203806841
-0.006322303227930566
-0.005239904897871864
-0.007938174012348566
-0.011363922280639803
-0.007250284553767545
-0.010217823024695823
-0.009000360725206316
-0.006985987389552692
-0.008036291638419098
-0.0059123824379192814
-0.011275023122800584
-0.009661826829163922
-0.0058947446927137695
0.004204581357249433
0.01086651295803202
0.022452447652433254
0.02918744555259
0.029230066554572744
0.04046478417970355
0.044888725698642634
0.049788595557806174
0.04899794449970785
0.049598229562664554
0.04665907395007282
0.04672387033253925
0.04982839160113933
0.04761154391687109
0.0477947867442333
0.043595818629750725
0.04317168295075414
0.04596445056163577
0.04697390880730628
0.04457697092993446
0.04932935043521345
0.04321875414090357
0.0473146151359071
0.0463003515358466
0.05097079957951982
0.04997743291017573
0.048863697460215266
0.053960907094532724
0.05286600818992866
0.052885273341486114
0.05475276847651473
0.05150486024148305
0.05522529736937108
0.044677133930035105
0.04621951317632319
0.04527265188209368
0.044773806939735594
0.045178655875780994
0.04426506405224474
0.04785843949815728
0.044909260996828425
0.04280843120983186
0.04138836593835637
0.045378974949414036
0.04700071737249615
0.044231353050778945
0.045117647198134665
0.04758703822483367
0.0469245446077996
0.04853775514824799
0.04968155338527986
0.048863934288041144
0.04860256757381858
0.05229313005515054
0.054832714862234774
0.04834217239279572
0.04798400055121694
0.05193998099865812
0.050596049619376686
0.04732355219373016
0.02527541476369862
0.024408485180323115
0.030966131585646716
0.026004187243479554
0.027668043290708697
0.021960714197691845
0.02271066453701977
0.01643750096595628
0.014187203270480226
0.014529507475126442
0.009339211295669177
0.007738505750080559
0.008855118360440686
0.008119831820727594
0.0070603896073835465
0.002574833731335667
0.014657992071607832
0.027555287310707426
0.02948271338311248
0.029557976672167724
0.037077911412746585
0.04485604466516536
0.04399011375519453
0.0489847095264035
0.040068563362274566
0.029559982447364908
0.03159019144796773
0.027273158801583732
0.031175068355745742
0.03659622271512825
0.04388787219401937
0.031181692834224648
0.03271971075593996
0.02476058620908482
0.02009153830617258
0.022584936044984325
0.013281064980096327
0.014524159766133225
0.015876798950978006
0.019522874096333853
0.022278133190774693
0.023016537002434893
0.0211792191290562
0.03163443259528696
0.03324524926863924
0.03294880741345002
0.03169632534180606
0.0389228872442809
0.04350308363703916
0.04748474784707216
0.04477274855917277
0.046987220267971544
0.04680677699119078
0.047451862327286036
0.04256405338727735
0.031272041276245506
0.024857928225837874
0.01740951898911954
0.024732825802375256
0.022840169574157406
0.02684740733765401
0.03401169526130029
0.03306991762234238
0.015202372305137239
0.003988954260772761
0.001975208778696716
0.0036555913944714383
0.013378672092833046
0.03204444459280024
0.0361367009029476
0.03174497694676574
0.03612771384352256
0.017940298021973177
0.01573855290507839
0.019094984181072618
0.011044862982868043
0.012030203729021919
0.009539114861811023
0.0057348734578821755
0.003937552406065465
0.006244681314211023
0.009803772990021352
0.01406099956850976
0.019475040041593453
0.038205238263371355
0.04691199375909587
0.03996088652860098
0.04079253257592232
0.028364079711443394
0.015163612174445024
0.018240417526437784
0.03658653473522769
0.029689551669199052
0.019424713927351997
0.02310025882481214
0.03818944015556402
0.04695340090827741
0.049985884014821756
0.05550810520784869
0.055319933611936774
0.05675245299206903
0.055522049919558704
0.05785310790389243
0.05403211521767999
0.05231737926441397
0.058227072204541076
0.05562061627805661
0.05693184368065076
0.04596119684471057
0.042322524168601314
0.04162869465503579
0.04947703205828606
0.05441524848739398
0.058607558631707024
0.05195623537296458
0.05517069667377634
0.05567070720738964
0.05768994778558633
0.05130879663114219
0.0544936492791341
0.05465568973054659
0.05715384778927173
0.05961423882509035
0.05482086964243721
0.05843950292000655
0.05583635650120422
0.054745750225900974
0.05516198687218971
0.05327555376696927
0.05470582873193477
0.054741740224703656
0.05505774504215389
0.0549989555290255
0.053930485105408765
0.05257738441295771
0.049870839893394255
0.0585618921360847
0.05732796533176936
0.058695230344153006
0.060886573354325985
0.05810972448545836
0.05252844769396498
0.036840589284491944
0.030990542037672944
0.026404738704589713
0.0336816521217768
0.03135548884077269
0.02543104474582413
0.03119895556729699
0.043893852953611
0.046542727163209445
0.0483950544448372
0.049206522817500306
0.0480535477437419
0.047482270883612246
0.040625365063256494
0.0473471416251277
0.04486160840913927
0.05408508004129801
0.052630689306775086
0.050004507269170155
0.04666883812312158
0.04915970596389335
0.04898746583122561
0.05381579347226776
0.053974901347222354
0.05749105891602416
0.05831596478305192
0.05622971490909836
0.054177278336688686
0.048055392554612913
0.05521912955957413
0.0581941351182697
0.0612389790835956
0.059460977002887466
0.0587814780339444
0.06064253123238636
0.05953019305001407
0.05797113354411685
0.05381412950406206
0.05670980462550792
0.05848952451661326
0.05630737711653713
0.05507454199068014
0.043847893878877234
0.04262966467500299
0.047917737193063276
0.04769583652728998
0.04505788141096778
0.045330544297714465
0.048310729720191466
0.05992749357775806
0.06175899988047278
0.06383624196544503
0.06286540255314547
0.06148602689381505
0.05623525503849348
0.03529478237475357
0.035079581182277254
0.040133868096856755
0.038160540000482183
0.04794649825641184
0.035293753368806746
0.013831014202012803
0.010004327257136727
-0.00016930863996007404
-0.003301910039611427
-0.005336858836821871
-1.0
-0.004648859172947539
-0.009900968517238455
-0.009295586200897774
-0.016811533902100672
-0.016990149900679742
-0.017883982514258618
-0.018655571578257476
-0.01574263524102586
-0.018843350449865005
-0.01717205215894771
-0.017515644020954072
-0.01508427522974231
-0.012664644701654695
-0.016672648824209668
-0.019572028989415343
-0.015560643600793326
-0.01820233857572839
-0.01479203550597293
-0.015090753216107368
-0.0191861330988312
-0.016868819218454636
-0.02109920797200673
-0.018736947223351355
-0.018970832305947403
-0.018631317241764502
-0.017194414704887022
-0.017762133315621976
-0.0161646652127715
-0.017781951177160044
-0.015155972122871819
-0.012195223218971256
-0.016682905235831914
-0.01260527711048192
-0.014360952268102401
-0.011913332083898828
-0.013606307713963787
-0.013293133278360857
-0.008939020417794905
-0.009458630586645393
-0.004149525751162264
-0.0034611494929586684
-0.006440535425690609
0.0018875556692850085
0.008321505212030986
0.0033796792728287392
0.0028053556063534547
0.003195142870767368
0.0039035446765210845
0.008723319418402866
-1.0
0.006798657054740471
0.01133988921843084
-1.0
-1.0
-1.0
-1.0
-1.0
-1.0
-1.0
-1.0
-1.0
-1.0
-1.0
-1.0
-1.0
-1.0
-1.0
-1.0
-1.0
-1.0
-1.0
-1.0
-1.0
-1.0
-1.0
-1.0
-1.0
-1.0
-1.0
-1.0
-1.0
-1.0
-1.0
-1.0
-1.0
-1.0
-1.0
-1.0
-1.0
-1.0
-1.0
-1.0
-1.0
-1.0
-1.0
-1.0
-1.0
-1.0
-1.0
-1.0
-1.0
-1.0
-1.0
-1.0
-1.0
-1.0
-1.0
-1.0
-1.0
-1.0
-1.0
-1.0
-1.0
-1.0
-1.0
-1.0
-1.0
-1.0
-1.0
-1.0
-1.0
-1.0
-1.0
-1.0
-1.0
-1.0
-1.0
-1.0
-1.0
-1.0
-1.0
-1.0
-1.0
-1.0
-1.0
-1.0
-1.0
-1.0
-1.0
-1.0
-1.0
-1.0
-1.0
-1.0
-1.0
-1.0
-1.0
-1.0
-1.0
-1.0
-1.0
-1.0
-1.0
-1.0
-1.0
-1.0
-1.0
-1.0
-1.0
-1.0
-1.0
-1.0
-1.0
-1.0
-1.0
-1.0
-1.0
-1.0
-1.0
-1.0
-1.0
-1.0
-1.0
-1.0
-1.0
-1.0
-1.0
-1.0
-1.0
-1.0
-1.0
-1.0
-1.0
-1.0
-1.0
-1.0
-1.0
-1.0
-1.0
-1.0
-1.0
-1.0
-1.0
-1.0
-1.0
-1.0
-1.0
-1.0
-1.0
-1.0
-1.0
-1.0
-1.0
-1.0
-1.0
-1.0
-1.0
-1.0
-1.0
-1.0
-1.0
-1.0
-1.0
-1.0
-1.0
-1.0
-1.0
-1.0
-1.0
-1.0
-1.0
-1.0
-1.0
-1.0
-1.0
-1.0
-1.0
-1.0
-1.0
-1.0
-1.0
-1.0
-1.0
-1.0
-1.0
-1.0
-1.0
-1.0
-1.0
-1.0
-1.0
-1.0
-1.0
-1.0
-1.0
-1.0
-1.0
-1.0
-1.0
-1.0
-1.0
-1.0
-1.0
-1.0
-1.0
-1.0
-1.0
-1.0
-1.0
-1.0
-1.0
-1.0
-1.0
-1.0
-1.0
-1.0
-1.0
-1.0
-1.0
-1.0
-1.0
-1.0
-1.0
-1.0
-1.0
-1.0
-1.0
-1.0
-1.0
-1.0
-1.0
-1.0
-1.0
-1.0
-1.0
-1.0
-1.0
-1.0
-1.0
-1.0
-1.0
-1.0
-1.0
-1.0
-1.0
-1.0
-1.0
-1.0
-1.0
-1.0
-1.0
-1.0
-1.0
-1.0
-1.0
-1.0
-1.0
-1.0
-1.0
-1.0
-1.0
-1.0
-1.0
-1.0
-1.0
-1.0
-1.0
-1.0
-1.0
-1.0
-1.0
-1.0
-1.0
-1.0
-1.0
-1.0
-1.0
-1.0
-1.0
-1.0
-1.0
-1.0
-1.0
-1.0
-1.0
-1.0
-1.0
-1.0
-1.0
-1.0
-1.0
-1.0
-1.0
-1.0
-1.0
-1.0
-1.0
-1.0
-1.0
-1.0
-1.0
-1.0
-1.0
-1.0
-1.0
-1.0
-1.0
-1.0
-1.0
-1.0
-1.0
-1.0
-1.0
-1.0
-1.0
-1.0
-1.0
-1.0
-1.0
-1.0
-1.0
-1.0
-1.0
-1.0
-0.017187269484510406
-0.02016324205599432
-0.018377073423706827
-0.0172199483905298
-0.01918105386076326
-0.016501762714920775
-0.029468052928608716
-0.04009588348451153
-0.03852244682857885
-0.03902497557510553
-0.03639013423901764
-0.03977169228143249
-0.03952006886371834
-0.0397044949665722
-0.038686058329354116
-0.03911314543765093
-0.04247814574248117
-0.041465763864346236
-0.03762048118921319
-0.037420712878957464
-0.041152578919549626
-0.0377054189938077
-0.029364847498599092
-0.02157452115482541
-0.024896165295902477
-0.028558161835866167
-0.023929906966630714
-0.022555089605174033
-0.02380793654993729
-0.026176749642212466
-0.024123978051267522
-0.029954220956189777
-0.035126142459675276
-0.03890231780307969
-0.03906358325383159
-0.04032946360425607
-0.03675359927106453
-0.03740483591366716
-0.0372351704311893
-0.037939918154289834
-0.04072054530005448
-0.042273110305215994
-0.04020221870746334
-0.035361982407331065
-0.03416561496332726
-0.03419636674432982
-0.034766321680231756
-0.03961548891205884
-0.018261549707324035
-0.010624889578550092
-0.010843901991694398
-0.012872868184363524
-0.017548642552208997
-0.020498880749081582
-0.0180361776556515
-0.014203184167157821
-0.010312604989703548
-0.009148421426453068
-0.008969701291436507
-0.010235381853063576
-0.013855974702840534
-0.015042280606178859
-0.013657202367439903
-0.022182071467520707
-0.028500894688048495
-0.027975908241451766
-0.027561153299905012
-0.03125814296462318
-0.021388969254689864
-0.0032090200993529967
-0.0043073360533421624
-0.004313638037020352
-0.004020323331930815
-0.00451741420261964
-0.009018458795147032
-0.02134772907554761
-0.01697740255271213
-0.01723031684405029
-0.0209948018127937
-0.022043209468100972
-0.026639630533333205
-0.030390517830631004
-0.029814861102714144
-0.029095879045644396
-0.028796469923544597
-0.028673973613205568
-0.028957891557369553
-0.03511183309107944
-0.0425670862805012
-0.04150850808758555
-0.04532960810807616
-0.040549812293501096
-0.04196732629362647
-0.04390447340866766
-0.04464171539242429
-0.047813166972032785
-0.04250091245925873
-0.04169136872629735
-0.042636995932758395
-0.04032884843870485
-0.03440210588902954
-0.03135843540463009
-0.036571928700543724
-0.03413443115102641
-0.0401802307898734
-0.03941967551881795
-0.03943912035389885
-0.033248134396139155
-0.0364009540832133
-0.03392959725326353
-0.03269884660238376
-0.03319373128947115
-0.03647226496794251
-0.035139892161479634
-0.02688702477836341
-0.02628220523942891
-0.025000621761042157
-0.027338317240940404
-0.029504394259995466
-0.0278022644719914
-0.02582261479189496
-0.02784026526443984
-0.02474725494242288
-0.029456462116333244
-0.03259799469956206
-0.03211482911868862
-0.03293483185836452
-0.03721738844088152
-0.035763201145660596
-0.0350565232907717
-0.0367583106805302
-0.03575901411443363
-0.03770436314423505
-0.03380188953742948
-0.03679526281727304
-0.029182994558484117
-0.03636840835894627
-0.03791062937929747
-0.0351825027342608
-0.03607292875082767
-0.03252205676240886
-0.03412264721560019
-0.028808736389333265
-0.024753345398016095
-0.031088536174191373
-0.028359814318994706
-0.039371972567490435
-0.03302396993124464
-0.03284549640592488
-0.02812030617769141
-0.027143519448502792
-0.030188100060050623
-0.03680494996609697
-0.038774756130432804
-0.02949681443250405
-0.03738171702343335
-0.03733310376303654
-0.03631457636324809
-0.04335074987134619
-0.040407721762251596
-0.034657887631031864
-0.03850477362218564
-0.03833496288300259
-0.03862363735142438
-0.04042281308124891
-0.035510344519919246
-0.03712360531376314
-0.0387789826628505
-0.03823975155301446
-0.03496443671849009
-0.0344476434282752
-0.03891964863651158
-0.038941839796905554
-0.0387640147327186
-0.030056502502517155
-0.04172452309297391
-0.04174722453978719
-0.037987407882045375
-0.04006895729336453
-0.043108093319098054
-0.036051025492431076
-0.03656269550907703
-0.03396148377410989
-0.0368569759420504
-0.03515579704331524
-0.03203517088593172
-0.035669464817089866
-0.035409637590816154
-0.035156362487443936
-0.03224427889585149
-0.035864402119484357
-0.034811509810462715
-0.03247261365214076
-0.03564489728386971
-0.037587262313413076
-0.025898565687320206
-0.035818764019385954
-0.032566002862914396
-0.03683500845387861
-0.030992584244532207
-0.03723777942856237
-0.03407748256981402
-0.03355201791313411
-0.035678232570366196
-0.03402463376525765
-0.03222107844356418
-0.03467957738977367
-0.03766553808446516
-0.029110676816087727
-0.03661335244107118
-0.03429733534958127
-0.03158742081865138
-0.022381076095612115
-0.013627722358130473
-0.012825414533851404
-1.0
-1.0
-0.018068615338433992
-0.021429896120073268
-0.02351098794155932
-0.03019107578841275
-0.026622292002888084
-0.02060841495617481
-0.023573589030600937
-0.02387174886706765
-0.02708442780812009
-0.03131504283386721
-0.03285736930827849
-0.033002980025843016
-0.034201406513627415
-0.03566814310216413
-0.032118965306372906
-0.033109903654597796
-0.03166495900177177
-0.032187053261062755
-0.03595520505888578
-0.03353609309615425
-0.036000143398595245
-0.03501895916848375
-0.03481704283741632
-0.0360070394742542
-0.04143391466340449
-0.03514841164305508
-0.03523436843095848
-0.03775402470417666
-0.03885839020859318
-0.03615469133389833
-0.03048257432532612
-0.037111852819175756
-0.032202230499043236
-0.03556938279699634
-0.03353694090346966
-0.03869141151649238
-0.03988018296652511
-0.025451701291106466
-0.027152382395377813
-0.028711271319036766
-0.027773979622752524
-0.03000946984554346
-0.03406141775296006
-0.031728374190597375
-1.0
-0.03310545470856302
-0.031762048740658085
-0.03355627752743483
-0.03638484690297688
-0.035519900217008515
-0.0369928923308041
-0.03787082686525819
-0.02947294716994957
-0.029985668116762062
-0.032406358141436796
-0.025483630279284398
-0.019939189020520817
-0.02540983225616466
-0.026982957994262095
-0.028665087064714333
-0.023549945460855717
-0.028977007567713153
-0.027890578651952803
-0.03721214876154993
-0.0388911192665539
-0.034360088135739056
-0.03475982469274751
-0.031742254096944554
-0.035237569485425106
-0.032487998505122594
-1.0
-0.03176123020354181
-0.02525281566223833
-0.029271988391686966
-0.03855348065445357
-0.03893152346055402
-0.04103543924531579
-0.04147966145811198
-0.042134206361279535
-0.04073780505819272
-0.04341909210936311
-0.04084416170629819
-0.04096225894744386
-0.0380998953151481
-0.043600896400401795
-0.03499593203498056
-0.03971581494470261
-0.03477707336014424
-0.03608233618488147
-0.032980745592647756
-0.03398225550458729
-0.03251767037457815
-0.027102955514350373
-0.021852045888214565
-0.020861983045607005
-0.010001930046389265
-0.011485085660934478
-0.01349146623312172
-0.020374023828988362
-0.019560438358171575
-0.020487206685309955
-0.024066843177532365
-0.019482156223563182
-0.02492825728722466
-0.025065988067071134
-0.015603298224643661
-0.010852185559089038
-0.000596619478710634
0.0007492148628241938
0.002004899477445882
-0.002659748488374307
-0.0003818572559566353
-0.0006925052405656942
-0.00828144278401733
-0.0180466239428356
-0.01920232747175808
-0.012444745912993197
-0.0029827586163148193
-0.002924195741511555
0.0004422471695555337
-0.0029831128542856054
-0.0031875281914366164
0.0024315126413606645
0.0029729173764588856
0.0013137725286881982
0.004019860614723713
0.006357430103121717
0.0015429436690261463
0.005781236438199585
0.0036772237398654513
-0.002172061964709288
-0.00024185844566557745
-0.002944729041409332
0.0004896962291075864
-0.003040040419568284
0.00013227030201771892
0.0007046419497302519
0.0029397235067026577
-0.004219259997028174
-0.0003384354500949575
0.0007277839320401217
-0.0036116572037463916
-0.002873677212959535
-0.002358951654939316
0.0011688432251893784
0.0033588829237744377
0.0024274388139982543
0.0005975242089292531
-0.021135972457914882
-0.02596849228379119
-0.02574050576593328
-0.027968459293968892
-0.020778281791832942
-0.026319238766311825
-0.024097038788265013
-0.022410714716546824
-0.018877238332740895
-0.015644339108504237
-0.012247795268694708
-0.014368973998690434
-0.016662928527923924
-0.01592067853269721
-0.010257590535220499
-0.010697881307402346
-0.018902604965171505
-0.010059048520135746
-0.015005460481162169
-0.0208972999517354
-0.021862426690096852
-0.026804587601617465
-0.022029377305696863
-0.024795576759645974
-0.028720677257094544
-0.030863119750931842
-0.029179004759765693
-0.02483971540331783
-0.027432145706934308
-0.02699602101308935
-0.02779082578182815
-0.028875854845433747
-0.026396175326596653
-0.026947863537501792
-0.024860820611156225
-0.02992540273914837
-0.02927158984110383
-0.03075063210342594
-0.028354639300938664
-0.03181431320491662
-0.026357643611777826
-0.029602222874246534
-0.037061292257452846
-0.036859245130122585
-0.03169302499114776
-0.030702573302194794
-0.03320757237362817
-0.037774463787273636
-0.02996247546350107
-0.03073756498666539
-0.03273302872687796
-0.032592210528573966
-0.028176429629066458
-0.032534922206201154
-0.03307223394256592
-0.030047170884379967
-0.02447813992038948
-0.028643811712028223
-0.02768622102896171
-0.0317161284650857
-0.02781650772390587
-0.02331505337281421
-0.02496067201891423
-0.03035944891573977
-0.024433190391814578
-0.024399865563860448
-0.031592419784600013
-0.03416279974498553
-0.028610989774444248
-0.03056936360710599
-0.02748630768880634
-0.021348248540193276
-0.026278603163108847
-0.028912228214469638
-0.02410639312076602
-0.026731171812339118
-0.02660145338362991
-0.026307294851793027
-0.029673486751463987
-0.026002904012677013
-0.024829960641833723
-0.030234051426472647
-0.01944159690545093
-0.018903118990886834
-0.03067418799513926
-0.03402184180416812
-0.03149652247497993
-0.02963104550416434
-0.029634491382100364
-0.0329800258926399
-0.026344331079050817
-0.028731384470667663
-0.030556986270465828
-0.03254065222417732
-0.029591299342800283
-0.029946864702104278
-0.028423199551266178
-0.03003196643917619
-0.024553508305046823
-0.024036397379578092
-0.02752056445013402
-0.027618453032157313
-0.023675221154357447
-0.02452091566115731
-0.023012489463563143
-0.02669342477788397
-0.019124072975952287
-0.022649761479817655
-0.02337360350472458
-0.025709162553806016
-0.01585293437037154
-0.014732618829579665
-0.017784673231748697
-0.0178415716399229
-0.0172946563391798
-0.02115731406509572
-0.018643539142279064
-0.02006288794181101
-0.018686156260312035
-0.01778242572139662
-0.00860321897636771
-0.0065264875827197285
-0.003558824510215614
-5.364883319844548e-07
-0.0013896965898344273
0.004927405906703743
0.005362958485869232
0.006011034839374529
0.008764654710369446
0.0031109746052487785
0.01199770884815796
0.008727040210780556
0.007709894214283152
0.006132411219016477
0.004131308649038178
0.005015204720319219
0.007265208138382111
0.008787684385453041
-0.0035591896820744914
0.005735110168304784
0.006088884170431428
0.01089000730353755
0.0047721063963167346
0.002010735108689249
0.012444078276143616
0.006414253638195645
0.0020246035135305608
0.005147310177808757
0.007109995386349163
0.011275872231576427
0.004141137312913207
0.006694279699553069
0.006659650501208925
0.007782674018289591
0.005179927472304403
0.0031627247454443425
-0.008928441522334922
-0.010056588703872268
-0.017002886139416903
-0.028514059718519034
-0.025447530183546598
-0.021054796628907142
-0.022147010320329893
-0.025860392570870222
-0.02601693817919236
-0.024484418099575585
-0.027551105454888963
-0.02336752920231315
-0.023136469196751837
-0.023777096561731166
-0.015464151470194767
-0.023766372675521803
-0.022591267213405458
-0.019859419965271533
-0.018662313510573663
-0.021505998965437763
-0.017806294430124207
-0.007878478912407446
-0.0012140245164817213
0.0011231371785350812
-0.0007937789830148558
-0.01934796894670009
-0.021437905038330925
-0.024398466940877033
-0.02189793491184092
-0.024308005783836108
-0.023495431336764648
-0.02173811593412175
-0.022364988189890064
-0.015794995300237237
-0.020493762895526308
-0.019072131746894046
-0.025062060062121416
-0.025717706777162404
-0.024718671856153326
-0.029713515272252418
-0.028980581315125944
-0.0300050305837889
-0.026454092074008083
-0.029598216138405267
-0.02817771273506881
-0.028278844461975605
-0.025482638477216005
-0.028436068685194705
-0.023297981120722417
-0.021629025820634144
-0.02249126456244445
-0.024568226335919905
-0.0232301281463652
-0.025059869224842844
-0.022947676793898367
-0.023178617126395167
-0.023062223029698386
-0.023083755117141603
-0.02814528271040996
-0.022631266567193872
-0.023185134746642886
-0.02741596381815487
-0.02641471240757705
-0.024529470238468427
-0.02180690579494086
-0.022862132777212916
-0.019467891869240514
-0.030173881888268597
-0.02477441882657316
-0.02350269391270687
-0.020937174643846226
-0.02231378708329258
-0.020813343840113675
-0.015226972574103706
-0.018100505208170227
-0.01761563650998001
-0.01991017362517068
-0.010848043254950363
-0.017619252983243128
-0.01820766397003042
-0.015543121786193602
-0.01279898979332328
-0.014601760883796227
-0.0128525106407036
-0.00953832068420364
-0.008677377536011357
-0.013102699749523014
-0.012005910165116693
-0.012477754697417626
-0.009564450823069328
-0.011660432847417008
-0.008733868039936142
-0.011776190805075892
-0.016131868023707894
-0.01443071069093246
-0.014250225511378287
-0.015662999536875055
-0.009413112618398393
-0.02063702169806453
-0.012871260280439377
-1.0
-0.014518365420903779
-0.01777954630849036
-0.010290364513656999
-0.01876139585655697
-0.016314101639423973
-0.017136597904868416
-0.01641181842134076
-0.021016571923534365
-0.01164662665006012
-0.015704391823293248
-0.01299481250836787
-0.016962749094968407
-0.017575241589815226
-0.018355509217248187
-0.017976286468503667
-0.01746936972348659
-0.01938729352159505
-0.023042551957766107
-0.021696893421719557
-0.0151938166199485
-0.01794306695245433
-0.020956811382577777
-0.013235286999661576
-0.01763018305754114
-0.020485182999215333
-0.023120349042082388
-0.019839439006566307
-0.016528796327219052
-0.020788003133373978
-0.0186379362979376
-0.01727206419119118
-0.018813178637737488
-0.015447405802142407
-0.01562692740925009
-0.016240792180327757
-0.019336484550817854
-0.019775131240645547
-0.0213697273030646
-1.0
-0.015908572236858248
-0.02037474843880844
-0.019038324444608935
-0.013439385676911086
-0.011928830895015565
-0.012539162259785672
-0.007105055569114491
-0.004421298704539346
-0.007512482561302529
-0.0022142238181677674
-0.005200188345908712
-0.005557567062889769
-0.013497875625304839
-0.009796925432001984
-0.01209710137847478
-0.012996437322471776
-0.01531272562005525
-0.013955765995515455
-0.016579123340559353
-0.020114341116168267
-0.021428797558541796
-0.01487393753222804
-0.011826891683529519
-0.01865270112408335
-0.016752250046809802
-0.016270005678192218
-0.01746975667399776
-0.015372352329238479
-0.016417671143071667
-0.019977745720099017
-0.018028631136307822
-0.013506597945204332
-0.01337767853279107
-0.023649148365866207
-0.02649080989793617
-0.019808311368278746
-0.007203354731456808
-0.010530365088798208
-0.01003991181762236
-1.0
-1.0
