-1.0
-1.0
-1.0
-1.0
-1.0
-1.0
-1.0
-1.0
-1.0
-1.0
-1.0
-1.0
-1.0
-1.0
-1.0
-1.0
-1.0
-1.0
-1.0
-1.0
-1.0
-1.0
-1.0
-1.0
-1.0
-1.0
-1.0
-1.0
-1.0
-1.0
-1.0
-1.0
-1.0
-1.0
-1.0
-1.0
-1.0
-1.0
-1.0
-1.0
-1.0
-1.0
-1.0
-1.0
-1.0
-1.0
-1.0
-1.0
-1.0
-1.0
-1.0
-1.0
-1.0
-1.0
-1.0
-1.0
-1.0
-1.0
-1.0
-1.0
-1.0
-1.0
-1.0
-1.0
-1.0
-1.0
-1.0
-1.0
-1.0
-1.0
-1.0
-1.0
-1.0
-1.0
-1.0
-1.0
-1.0
-1.0
-1.0
-1.0
-1.0
-1.0
-1.0
-1.0
-1.0
-1.0
-1.0
-1.0
-1.0
-1.0
-1.0
-1.0
-1.0
-1.0
-1.0
-1.0
-1.0
-1.0
-1.0
-1.0
-1.0
-1.0
-1.0
-1.0
-1.0
-1.0
-1.0
-1.0
-1.0
-1.0
-1.0
-1.0
-1.0
-1.0
-1.0
-1.0
-1.0
-1.0
-1.0
-1.0
-1.0
-1.0
-1.0
-1.0
-1.0
-1.0
-1.0
-1.0
-1.0
-1.0
-1.0
-1.0
-1.0
-1.0
-1.0
-1.0
-1.0
-1.0
-1.0
-1.0
-1.0
-1.0
-1.0
-1.0
-1.0
-1.0
-1.0
-1.0
-1.0
-1.0
-1.0
-1.0
-1.0
-1.0
-1.0
-1.0
-1.0
-1.0
-1.0
-1.0
-1.0
-1.0
-1.0
-1.0
-1.0
-1.0
-1.0
-1.0
-1.0
-1.0
-1.0
-1.0
-1.0
-1.0
-1.0
-1.0
-1.0
-1.0
-1.0
-1.0
-1.0
-1.0
-1.0
-1.0
-1.0
-1.0
-1.0
-1.0
-1.0
-1.0
-1.0
-1.0
-1.0
-1.0
-1.0
-1.0
-1.0
-1.0
-1.0
-1.0
-1.0
-1.0
-1.0
-1.0
-1.0
-1.0
-1.0
-1.0
-1.0
-1.0
-1.0
-1.0
-1.0
-1.0
-1.0
-1.0
-1.0
-1.0
-1.0
-1.0
-1.0
-1.0
-1.0
-1.0
-1.0
-1.0
-1.0
-1.0
-1.0
-1.0
-1.0
-1.0
-1.0
-1.0
-1.0
-1.0
-1.0
-1.0
-1.0
-1.0
-1.0
-1.0
-1.0
-1.0
-1.0
-1.0
-1.0
-1.0
-1.0
-1.0
-1.0
-1.0
-1.0
-1.0
-1.0
-1.0
-1.0
-1.0
-1.0
-1.0
-1.0
-1.0
-1.0
-1.0
-1.0
-1.0
-1.0
-1.0
-1.0
-1.0
-1.0
-1.0
-1.0
-1.0
-1.0
-1.0
-1.0
-1.0
-1.0
-1.0
-1.0
-1.0
-1.0
-1.0
-1.0
-1.0
-1.0
-1.0
-1.0
-1.0
-1.0
-1.0
-1.0
-1.0
-1.0
-1.0
-1.0
-1.0
-1.0
-1.0
-1.0
-1.0
-1.0
-1.0
-1.0
-1.0
-1.0
-1.0
-1.0
-1.0
-1.0
-1.0
-1.0
-1.0
-1.0
-1.0
-1.0
-1.0
-1.0
-1.0
-1.0
-1.0
-1.0
-1.0
-1.0
-1.0
-1.0
-1.0
-1.0
-1.0
-1.0
-1.0
-1.0
-1.0
-1.0
-1.0
-1.0
-1.0
-1.0
-1.0
-1.0
-1.0
-1.0
-1.0
-1.0
-1.0
-1.0
-1.0
-1.0
-1.0
-1.0
-1.0
-1.0
-1.0
-1.0
-1.0
-1.0
-1.0
-1.0
-1.0
-1.0
-1.0
-1.0
-1.0
-1.0
-1.0
-1.0
-1.0
-1.0
-1.0
-1.0
-1.0
-1.0
-1.0
-1.0
-1.0
-1.0
-1.0
-1.0
-1.0
-1.0
-1.0
-1.0
-1.0
-1.0
-1.0
-1.0
-1.0
-1.0
-1.0
-1.0
-1.0
-1.0
-1.0
-1.0
-1.0
-1.0
-1.0
-1.0
-1.0
-1.0
-1.0
-1.0
-1.0
-1.0
-1.0
-1.0
-1.0
-1.0
-1.0
-1.0
-1.0
-1.0
-1.0
-1.0
-1.0
-1.0
-1.0
-1.0
-1.0
-1.0
-1.0
-1.0
-1.0
-1.0
-1.0
-1.0
-1.0
-1.0
-1.0
-1.0
-1.0
-1.0
-1.0
-1.0
-1.0
-1.0
-1.0
-1.0
-1.0
-1.0
-1.0
-1.0
-1.0
-1.0
-1.0
-1.0
-1.0
-1.0
-1.0
-1.0
-1.0
-1.0
-1.0
-1.0
-1.0
-1.0
-1.0
-1.0
-1.0
-1.0
-1.0
-1.0
-1.0
-1.0
-1.0
-1.0
-1.0
-1.0
-1.0
-1.0
-1.0
-1.0
-1.0
-1.0
-1.0
-1.0
-1.0
-1.0
-1.0
-1.0
-1.0
-1.0
-1.0
-1.0
-1.0
-1.0
-1.0
-1.0
-1.0
-1.0
-1.0
-1.0
-1.0
-1.0
-1.0
-1.0
-1.0
-1.0
-1.0
-1.0
-1.0
-1.0
-1.0
-1.0
-1.0
-1.0
-1.0
-1.0
-1.0
-1.0
-1.0
-1.0
-1.0
-1.0
-1.0
-1.0
-1.0
-1.0
-1.0
-1.0
-1.0
-1.0
-1.0
-1.0
-1.0
-1.0
-1.0
-1.0
-1.0
-1.0
-1.0
-1.0
-1.0
-1.0
-1.0
-1.0
-1.0
-1.0
-1.0
-1.0
-1.0
-1.0
-1.0
-1.0
-1.0
-1.0
-1.0
-1.0
-1.0
-1.0
-1.0
-1.0
-1.0
-1.0
-1.0
-1.0
-1.0
-1.0
-1.0
-1.0
-1.0
-1.0
-1.0
-1.0
-1.0
-1.0
-1.0
-1.0
-1.0
-1.0
-1.0
-1.0
-1.0
-1.0
-1.0
-1.0
-1.0
-1.0
-1.0
-1.0
-1.0
-1.0
-1.0
-1.0
-1.0
-1.0
-1.0
-1.0
-1.0
-1.0
-1.0
-1.0
-1.0
-1.0
-1.0
-1.0
-1.0
-1.0
-1.0
-1.0
-1.0
-1.0
-1.0
-1.0
-1.0
-1.0
-1.0
-1.0
-1.0
-1.0
-1.0
-1.0
-1.0
-1.0
-1.0
-1.0
-1.0
-1.0
-1.0
-1.0
-1.0
-1.0
-1.0
-1.0
-1.0
-1.0
-1.0
-1.0
-1.0
-1.0
-1.0
-1.0
-1.0
-1.0
-1.0
-1.0
-1.0
-1.0
-1.0
-1.0
-1.0
-1.0
-1.0
-1.0
-1.0
-1.0
-1.0
-1.0
-1.0
-1.0
-1.0
-1.0
-1.0
-1.0
-1.0
-1.0
-1.0
-1.0
-1.0
-1.0
-1.0
-1.0
-1.0
-1.0
-1.0
-1.0
-1.0
-1.0
-1.0
-1.0
-1.0
-1.0
-1.0
-1.0
-1.0
-1.0
-1.0
-1.0
-1.0
-1.0
-1.0
-1.0
-1.0
-1.0
-1.0
-1.0
-1.0
-1.0
-1.0
-1.0
-1.0
-1.0
-1.0
-1.0
-1.0
-1.0
-1.0
-1.0
-1.0
-1.0
-1.0
-1.0
-1.0
-1.0
-1.0
-1.0
-1.0
-1.0
-1.0
-1.0
-1.0
-1.0
-1.0
-1.0
-1.0
-1.0
-1.0
-1.0
-1.0
-1.0
-1.0
-1.0
-1.0
-1.0
-1.0
-1.0
-1.0
-1.0
-1.0
-1.0
-1.0
-1.0
-1.0
-1.0
-1.0
-1.0
-1.0
-1.0
-1.0
-1.0
-1.0
-1.0
-1.0
-1.0
-1.0
-1.0
-1.0
-1.0
-1.0
-1.0
-1.0
-1.0
-1.0
-1.0
-1.0
-1.0
-1.0
-1.0
-1.0
-1.0
-1.0
-1.0
-1.0
-1.0
-1.0
-1.0
-1.0
-1.0
-1.0
-1.0
-1.0
-1.0
-1.0
-1.0
-1.0
-1.0
-1.0
-1.0
-1.0
-1.0
-1.0
-1.0
-1.0
-1.0
-1.0
-1.0
-1.0
-1.0
-1.0
-1.0
-1.0
-1.0
-1.0
-1.0
-1.0
-1.0
-1.0
-1.0
-1.0
-1.0
-1.0
-1.0
-1.0
-1.0
-1.0
-1.0
-1.0
-1.0
-1.0
-1.0
-1.0
-1.0
-1.0
-1.0
-1.0
-1.0
-1.0
-1.0
-1.0
-1.0
-0.025791220199680335
-1.0
-1.0
-1.0
-1.0
-1.0
-1.0
-1.0
-1.0
-1.0
-1.0
-1.0
-0.01726358319109099
-1.0
-1.0
-1.0
-1.0
-1.0
-1.0
-1.0
-1.0
-1.0
-1.0
-1.0
-1.0
-1.0
-1.0
-1.0
-1.0
-1.0
-1.0
-1.0
-1.0
-1.0
-1.0
-1.0
-1.0
-1.0
-1.0
-1.0
-1.0
-1.0
-1.0
-1.0
-1.0
-1.0
-1.0
-1.0
-1.0
-1.0
-1.0
-1.0
-1.0
-1.0
-0.011987762830592934
-1.0
-1.0
-1.0
-1.0
-1.0
-1.0
-1.0
-1.0
-1.0
-1.0
-1.0
-1.0
-1.0
-1.0
-1.0
-1.0
-1.0
-1.0
-1.0
-1.0
-0.004724419203711467
-0.00430122473267751
-0.017291390269731022
-0.021802248235856435
-0.020660646516762124
-1.0
-1.0
-1.0
-1.0
-1.0
-1.0
-1.0
-1.0
-0.019462180162006123
-0.017661700217379533
-0.01403371776944054
0.003201552470175205
0.0008142309358880156
0.004201993725187188
0.006090187528743853
0.006881353972320586
0.005066277013446153
0.006452381438355778
0.012484420561533944
0.015381551598920191
0.01653495656274294
0.016904459428118027
-1.0
-1.0
-1.0
-1.0
-1.0
-1.0
-1.0
-1.0
-1.0
-1.0
-1.0
-1.0
-1.0
-1.0
-1.0
-1.0
-1.0
-1.0
-1.0
-1.0
-1.0
-0.025792709694138247
-0.024709565050839245
-0.024322689201671906
-0.026357091756982334
-0.027344519591436987
-0.02784738144167966
-0.028456811397677587
-0.02780914495975736
-0.028807546858023145
-0.028340401113443273
-0.02707223293428708
-0.026257983510870646
-0.02646640662201415
-0.025808051912353778
-0.025977792932750196
-0.02770335449965841
-0.02785664128546953
-0.027872822812964194
-0.027419119159061388
-0.026289628238429206
-0.027227769843001865
-0.028258972673564964
-0.02797277791818909
-0.026759998727403794
-0.027549788095667934
-0.02573555242648874
-0.0248438751785533
-0.027354806163684495
-1.0
-1.0
-1.0
-1.0
-1.0
-0.02516742236969344
-1.0
-1.0
-1.0
-1.0
-1.0
-1.0
-1.0
-1.0
-1.0
-1.0
-1.0
-1.0
-1.0
-1.0
-0.026699119501785256
-0.0267037222598862
-0.026365881806318707
-0.02640687415504407
-0.024424788575232143
-0.02530756465784767
-0.02572323635518321
-0.026125827350290395
-0.024773117489519287
-0.027081055720216497
-0.02583443071634175
-0.025866773444215018
-0.026563494770645103
-0.025876764205350917
-0.023914064453406887
-0.020445441598744018
-0.0197445176688716
-0.02261115484438345
-0.022741475095977758
-0.02392040608249449
-0.025690938786107634
-0.025045681486278972
-0.025369758092120494
-0.027270702762255267
-0.029758114555957674
-0.028993959675921225
-0.02868221640937899
-0.024858886079088358
-0.02184807583804791
-0.01898761767511699
-0.01026891250896855
-0.005638020479391029
-0.005807009168412544
-0.0012439996774006293
-0.011274970991080258
-0.023454193920401305
-0.025677591879602314
-0.027390839297246637
-0.027486521433636737
-0.027335465558182236
-0.027568638839017237
-0.028314764719342442
-0.028972689764051204
-0.027803721190035737
-0.026866081347040285
-0.025863026162264338
-0.02401320351151595
-0.021022310961695587
-0.018848249072759952
-0.02154251798936339
-0.018865751765742827
-0.02360815151876074
-0.02649677448921895
-0.024287749909620925
-0.025442275458967076
-0.025931549889410613
-0.02825110755769308
-0.026059452463266113
-0.027164977747227627
-0.02756715545836768
-0.027035364691414387
-0.02874124554952879
-0.027803110449932757
-0.028285602922740433
-0.027647799743556713
-0.028337184166534808
-0.027660008163055923
-0.02688063320402769
-0.02679047959882428
-0.02620845390677734
-0.02823421180996322
-0.027089740717391515
-0.028954362242913687
-0.02657014766068395
-0.027847229437956988
-0.028080004175230874
-0.027909113391368416
-0.02726460460120061
-0.028175883438310526
-0.02791238865780491
-0.02749868887245522
-0.025941378269842802
-0.028564235959557906
-0.027726886152411194
-0.028022684847281248
-0.027538523678673807
-0.02717042258791572
-0.027517962635929066
-0.02760358805258176
-0.027426411094244114
-0.027575202423707222
-0.028815299327203097
-0.027549264108532426
-0.02749940644584336
-0.02883291528356359
-0.027067922519380012
-0.027665861209889005
-0.028535366437321144
-0.02850833300410468
-0.028121093814433458
-0.028304052107768637
-0.027814112794489428
-0.02791046071075846
-0.027215878813922425
-1.0
-0.028570699065448502
-0.028746364750905088
-0.02776892710611024
-0.027732463620105844
-0.026120712121622525
-0.02804933218759281
-0.028209578997239783
-0.027742897576368036
-0.027537875462256632
-0.0287042323496151
-0.02785702864129781
-0.02709441922180722
-0.02673053152163027
-0.02886378727017883
-0.027858559376989698
-0.02786596012983264
-0.025479383578647753
-0.027583083608150732
-0.02844461321738073
-0.027738313598977517
-0.02799609076693867
-0.029220808283968926
-0.028064859033340838
-0.027682985405431952
-0.026678430376541225
-0.028801362094126717
-0.028567345320865314
-0.028215535502681424
-0.028975471769482498
-0.028563469151456505
-0.028759584853449788
-0.029633082865040423
-0.029304738552217945
-0.028418964483044994
-0.02602981582001328
-0.020040307599514594
-0.014366949069343422
-0.009022102402769816
-0.006809548022001171
-0.004025985942732139
-1.0
0.0016313742421474983
0.0016075287177367925
0.004575853473477569
-1.0
-1.0
-1.0
-1.0
-1.0
-1.0
-1.0
-1.0
-1.0
-1.0
-1.0
-1.0
-1.0
-1.0
-1.0
-1.0
-1.0
-1.0
-1.0
-1.0
-1.0
-1.0
-0.020335871324263906
-0.018934808672660133
-1.0
-1.0
-0.015376184810536151
-0.01933717655732819
-0.016782103257049263
-0.021178653145516986
-0.02205524818038808
-0.022011228026558558
-0.021555005875407554
-0.020480795026809034
-0.01841574199966975
-0.0191236826244185
-0.02040930997227875
-0.019784306455953714
-0.017010971375394472
-0.012448177182461651
-0.0013188419119085904
-0.005534215587501288
-0.005219832635248352
-0.011443963239852363
-0.0161124848408768
-0.018618677768163828
-0.019759842470033744
-0.021854927208880125
-0.02360195265450254
-0.025470701728404026
-0.02339671653454654
-0.02682738435263482
-0.02557868439841204
-0.027009292221242945
-0.027235420796354028
-0.027985714925381187
-0.02504652857078985
-0.025574081193358467
-0.025201536235391123
-0.02038482689606294
-0.02386594311209942
-0.023353390049591808
-0.023800050948841415
-0.025940479752726495
-0.02411381314803452
-0.026647055374473094
-0.026200276135060034
-0.02445612299571203
-0.026145186255028506
-0.027095414942974197
-0.027571328743160258
-0.02560979224926189
-0.02393114598635826
-1.0
-1.0
-1.0
-1.0
-1.0
-1.0
-1.0
-1.0
-1.0
-1.0
-1.0
-1.0
-1.0
-1.0
-1.0
-1.0
-1.0
-1.0
-1.0
-1.0
-1.0
-1.0
-1.0
0.01948960870744003
-1.0
-1.0
0.013180459035830577
-1.0
0.007055816979061044
0.005352474948888574
0.008263496819888992
0.007421108283780968
0.013506324661027561
0.01928562366536492
0.019214264020401706
0.01917755484679689
0.022631191221357875
0.019582831448727214
0.015082694477226438
0.013138455774603725
0.010671942475915727
0.010129483332474373
0.011375696715321244
0.01331294477990365
-1.0
0.02252366973296882
-1.0
-1.0
0.022251744110811017
-1.0
-1.0
0.01901066004504404
0.0167396806527989
0.014357888552276135
0.01913151585567436
0.01724328038586222
0.011239751922756086
-0.0009675758765412503
-0.006938546607967995
-0.008876553850893282
-0.010257261314455358
-0.009246649351407546
-1.0
-1.0
-1.0
-1.0
-0.01120198240537741
-0.01324589244612651
-0.011663762198144325
-0.012821441119593643
-0.013587333648657697
-0.009125586338672794
-0.016110008831591787
-0.020855339292312838
-0.02042738997038046
-0.020966646509301846
-0.020843821201516517
-0.019863607468326747
-0.019184840588940474
-0.022176474604779728
-0.023184827108505644
-0.02573684671345599
-0.021901706728182098
-1.0
-1.0
-1.0
-1.0
-1.0
-1.0
-1.0
-1.0
-1.0
-1.0
-1.0
-1.0
-1.0
-1.0
-1.0
-1.0
-1.0
-1.0
-1.0
0.014621992981876188
0.005475433268504767
-0.0008836189200230683
0.0011087872575754468
-0.0050294169961777125
-0.005445753898352102
-0.006296726561356388
-0.0036047534616683616
0.00027515369742812094
0.00400011275563665
0.00921451355690679
0.009545780054742091
-8.959152686242466e-05
-0.003320530418227185
-0.0029075428226728738
-0.00723133499633085
-0.008738562903322885
-0.007719449850279882
-0.007818092098372786
-0.005804755844862552
-0.0014967154296879803
0.0027599493667009247
0.002967245740608158
-0.0032992150029407456
-0.007212676244817275
-0.010485499627230523
-0.009028310273412039
-0.007570064756909292
-0.008130698273204362
-0.011272561420342041
-0.011934420375866827
-0.013198145198653434
-0.013503807052808486
-0.014867171538770626
-0.014477806878432446
-0.014540846607167507
-0.015247661853600932
-0.014622510806293522
-0.012987026425354273
-0.013841830483103758
-0.013305898788076222
-0.010954593246730647
-0.01027747905433766
-0.009200022791741001
-0.007957680452184174
-0.010628939492983307
-0.01012402671908385
-0.008813870704172765
-0.008945767876773323
-0.0046375137216285575
-0.00031195362852924933
0.0005189365780024908
0.001511138403646149
0.0009486257488925788
0.003439737389278507
0.009175247833980747
0.012722162294072699
0.013035819228558477
0.018111356440661867
0.014787050067311212
0.013335686319436586
0.012377470237424547
0.016200356213666056
0.020115494592943376
0.020656690887293393
0.01989778471365203
0.021514688102544803
0.023716527122169262
0.024113588635474168
0.022007321349573502
-1.0
-1.0
0.013651787247337711
0.006514823092868825
0.004723455867106207
0.009863004690531446
-1.0
-1.0
0.006650402330337928
-0.000968906018448964
-0.004954999261300845
-0.008137806657618837
-0.008881677203865379
-0.010763185330027417
-0.012300572184948816
-0.010881741690554602
-0.008891383747876125
-0.004593437650191259
0.0011648789109613613
0.005724807748889261
0.008857172976080654
0.010298861597761179
0.013020070100263157
0.014111422460819612
0.009821529363989225
-0.0005969603326685879
-0.0018678789191692042
-0.0053487540409633124
-0.008335321238355986
-0.006836162138036656
-0.00295029564990072
-0.005736508665657644
-0.009206126739722346
-0.011585339345366394
-0.009106409585179406
-0.011856134610957185
-0.012305637533304348
-0.01353250645172604
-0.014472162404199532
-0.014564001462936852
-0.012742669676549486
-0.009157136484688978
-0.006749360286471384
-0.005324143824094389
-0.0018139034626445856
-0.00423386650586581
-0.002637827224956648
-0.010798149435269406
-0.012076495610291779
-0.012644166389528623
-0.017535044875849875
-0.017975739947067276
-0.019641578672447944
-0.01995797952205119
-0.020180641230133852
-0.0199562142398064
-0.02281034275810258
-0.02434284614941592
-0.023106200411674355
-0.023650842603072143
-0.023768334581114697
-0.02258046596204017
-0.022490105543693895
-0.025603265003410234
-0.02568560485582557
-0.02594517520627937
-0.026505229499655468
-0.025625181188489006
-0.026272908841003622
-0.02544293166324407
-0.02668563389189972
-0.024970376300922473
-0.024760815321158265
-0.02747751040945918
-0.027023480680550275
-0.02635506720258925
-0.022688560950526664
-0.025494162597623538
-0.024456409164716166
-0.023138546907807436
-0.02202775521190787
-0.022559719344640454
-0.02272526488347676
-0.020844751045683074
-0.017539286901683132
-0.015348922221120408
-0.013641714519819454
-0.005319402855941763
0.0020666438204237476
0.00087078611087802
-0.003660817901460297
-0.006004169828155889
-0.0059009742568175635
-0.005997802075718488
-0.00677882635183235
-0.00862700324121405
-0.008607723330130037
-0.010253220823005216
-0.011343387064697659
-0.013110582472402994
-0.006354701903583416
-0.002505596435384319
-0.0004675338805167202
0.00013311137343465578
0.0004990306584203919
0.0035080531216454777
0.0033878387718419035
0.0023178367247786917
0.003464017106107988
-0.01399835005486026
-0.019300534957924543
-0.02481544397578136
-0.024390754704075986
-0.027895758848839103
-0.026952664299738388
-0.029938124389738367
-0.027172767769916572
-0.0284240100452994
-0.029785159218683768
-0.029994086976477815
-0.02703298389838544
-0.029360846395753582
-0.030033704713265125
-1.0
-0.030512861852156375
-0.02877154964406398
-0.029358563355150025
-0.0302414998523294
-0.029428128189500802
-0.02962395910019634
-0.03030922944046601
-0.028455637838749603
-0.029851853984691694
-0.02909329526486779
-0.029401867331141758
-0.02643176221316517
-0.02732289721248741
-0.02665886763231765
-0.026012440122484316
-0.024782644030976072
-0.021953658009406223
-0.02360236790123829
-0.022086169058015408
-0.01982175991477857
-0.01190455816214908
-0.006292811040941058
-0.001381236185549009
0.004987687342564827
0.0004333843573885611
-0.00046345193807900524
-0.0034348766549437697
-0.007558409891892528
-0.00838684981759737
-0.006978661515442877
0.0015035028683799084
0.0021761605184217173
-9.825809936451413e-05
-0.0024077737185367585
-0.006131560904567905
-0.010725205617316751
-0.008949943340309876
-0.0035349311007476895
0.006031661028790199
0.010836684281812644
0.01102704528015907
0.011855495616062545
0.0147572166245052
0.014190975814811359
0.01113060696938487
0.012995633455364294
0.014010474990513172
0.01570433516803518
-1.0
-0.007253578594626411
-0.01323449678990888
-0.014725080675131485
-0.012310216096349406
-0.014668017030905492
-0.012748750040974118
-0.015953551639428607
-0.018159688719337364
-0.018063614151009016
-0.017604303340802395
-0.017077046109905875
-0.017902435479312417
-0.01822009989907257
-0.016066339219741075
-0.016416513068681207
-0.016022958292917302
-0.014362904623087652
-0.009987273887742988
-0.011153277067424328
-0.013965466100992639
-0.012998015128822892
-0.011319199441991678
-0.01041921939786834
-0.012929498824138647
-0.011028105839802727
-0.008917725885437558
-0.0074831905921551875
-0.004541173200451783
-0.0002807574272320711
-0.002576112788377532
-0.005330741355190965
-0.005686389732481612
-0.010267740800919651
-0.009284108422786097
-0.007186688841496263
-0.0061227371517489455
-0.0004061726022430311
-0.0008689279994561292
-0.00010702066020467824
0.0011983535786706
-0.0010425429899050109
0.0017778198287867466
0.010608686744536511
0.014635032926175153
0.008198033015828431
0.007829994627907013
0.010874783570526392
0.012908231792387254
0.018451109257649815
0.021864080499749774
0.021630852458576842
0.02154397792495246
0.023662179391203
-1.0
-1.0
-1.0
0.02564837991614038
0.023925692857411546
0.025374731411423993
0.024445922894492517
0.02462815045618426
0.024341453851044442
0.02477932247173345
-1.0
-1.0
-1.0
0.025835108111408447
0.026989609080769913
-1.0
0.027115845935209743
0.02724009509327287
0.026090109614102984
0.02628623304527034
-1.0
0.028555244785131134
0.02704370865054137
0.027127690685502505
0.025764747973329474
0.02515610977025767
0.026954421080709536
0.025690416282663293
0.02688802035136623
-1.0
0.02693594681808375
0.0267869936601148
0.025798136826698008
-1.0
-1.0
-1.0
0.02631501450877936
0.026230109495035087
0.024606466169079744
0.02470939187565658
0.026023667247720504
0.025178717344431386
0.025445532095915803
0.025757610644406438
0.022672312407376608
0.021862087433436376
0.022588898649587314
0.025333413073511397
0.024419555716988648
0.025003725098621123
0.026269635633294673
0.026628330623482268
0.026180328364212198
0.025239302501549436
0.02610331686228801
0.027280035821402333
0.02541964401306138
0.025403745033630312
0.026786641307322945
0.02552248067279818
0.024415785817241072
0.023320888842865397
0.021231552497842816
0.022572446973687186
0.02341793137833207
0.02607392242371405
0.025051823001742243
0.023908524748600477
0.022835152352148055
-1.0
0.025493327405774174
-1.0
-1.0
-1.0
0.023589474441891436
-1.0
-1.0
0.02635514755057806
-1.0
-1.0
-1.0
0.021535598053388005
-1.0
0.020881665905177375
0.02229956858174371
-1.0
0.024970589111989742
0.02536366355120445
0.023743165293926966
0.025941373551220226
0.023134648279374392
0.021955658535374494
0.021416230848339685
0.02108186216030466
0.021497055691976442
0.02300306313988433
0.021687377668501925
0.025132217557171453
0.02697523251326999
0.025409723794233834
0.026740498380492736
0.026343424742601686
0.026534234346765884
0.025772897682615807
0.025587043575495415
0.02314959988876644
-1.0
0.02407616646918018
0.023753863302487105
0.020874523597264032
0.022121358915394976
0.021579404863442484
0.02142856067050285
0.021622908692716825
0.022473673549451303
0.02483952701233939
0.022380418764208574
0.023504236431340402
0.023994318360074946
0.023946152757056006
0.023914569017062678
0.02381225365393978
0.026350369982255675
0.02718903167393378
0.026716899225676542
0.023567140159435968
0.024875433745368138
0.024163049008140022
-1.0
-1.0
0.024126048391031343
0.026050158901741127
0.025689430843274713
0.025997517764452038
0.02459605911438839
0.025700595037517728
0.024875525190448236
0.023915042964028937
0.02739500014480952
0.025560026912863482
0.023238220813387434
-1.0
-1.0
-1.0
-1.0
-1.0
-1.0
-1.0
0.02674179025024109
0.027683761610673253
0.0288697206441573
0.028957603229118486
0.02556520655282732
0.024510010051448844
0.021461800234083814
0.018823095657100303
0.02010661951606104
0.017014767386791484
0.01570037445562112
0.01407241227628001
0.014249018204850885
0.016728709567021927
0.014442190677282874
0.013899199613816448
0.013660772177350029
0.013801765659389275
0.017563631369413905
0.016733394655882278
0.01470058597397807
0.020493252352359312
0.026895549426636304
0.024262647806795053
0.02280408418437576
0.02281989217730403
0.024231668197141513
0.02697183127636261
0.025963496083750714
0.026243762373675653
0.026921202985271973
0.027185454366097955
0.027997813388283624
0.025300833455841134
0.025947445747155008
0.02537129793846487
0.025631300562849006
-1.0
0.02488239844725246
-1.0
0.023051831187379867
0.02254158292360977
0.021899450402975883
0.017354405222718118
-1.0
0.022304770718834944
0.02086963858820856
0.017446295686670173
0.014514164857452876
0.014016439012419014
0.015461597255611293
0.019919449313990173
0.013863813119663821
-1.0
-1.0
0.013611551296480085
0.013536338425496352
-1.0
0.018536931437205115
0.006715899153310476
0.000951435002170285
0.007287479725528379
0.0063081353121103015
0.0058665801024155246
0.008022448475711897
0.014365694407998847
0.017201740988400303
0.01285046081559677
0.007427702818063574
0.0019469992306364447
5.046441215046577e-07
0.0007513040843756749
0.0012799724328967236
0.0019654423050567355
0.00962293146455645
0.005836637542232481
0.0014098739610816247
-0.009442614253814648
-0.014395282671853716
-0.021218013088302002
-0.025928542070311474
-0.0278507412077749
-0.028049691928213414
-0.03086828718105808
-0.03021130070676348
-0.03086127214796462
-0.03127708371460286
-0.03059936859093871
-0.030837353455915022
-0.029536395745399173
-0.029397094286033074
-0.029270891448125506
-0.030313109462780034
-0.03004730358324721
-0.02942655196165312
-0.028629858806972087
-0.029033469591417966
-0.030121128737399916
-0.029761085048429836
-0.03009709408788319
-0.029454348229565382
-0.029624942723934997
-0.029271423545635507
-0.029677777405596833
-0.028678211881355765
-0.026279184288217048
-0.027097620775514704
-0.026462413911166955
-0.027058341628005016
-0.02690550957109633
-0.02857475527021352
-0.027588601022195975
-0.026830675391630438
-0.028346693688020487
-0.02825014129070792
-0.025472601603111062
-0.026081241569167496
-0.024397809838957375
-0.023591570549832654
-0.0247317708121239
-0.023718619417151546
-0.025501774646136347
-0.026379924134451095
-0.026453133974787248
-0.02481302192047683
-0.026247584833273784
-0.026450323361344275
-0.027177180271108378
-0.02696878239559971
-0.026674566507455724
-0.02696885944196393
-0.029019187133010833
-0.02664528727532259
-0.02574644077053753
-1.0
-0.027165758912528162
-0.028391412509475276
-0.02556208986164446
-0.027794826767531398
-0.029150356820709586
-0.030504953745370145
-0.027723972712382843
-0.0289289100334614
-0.029240823568375433
-0.029133848938973597
-0.029513205939606782
-0.029002076859110378
-0.030229267929939838
-0.030557033317084124
-0.029247351794311666
-0.028853403604954853
-0.03059318492260519
-0.029712684099954846
-0.02948765543137303
-0.02972438748220014
-0.028294564575789917
-0.0295238576681661
-0.028634910319269635
-0.025780183337298927
-0.02608067760761735
-0.028081334536927786
-0.027617463447066396
-0.024586033196393468
-0.021194071606881297
-0.02432518334281347
-0.023012340993083528
-0.024975931217866877
-0.02412479685664602
-0.022131152211808405
-0.020444037580056303
-0.0210160953122391
-0.024004083196022725
-0.02519190459524064
-0.02428797749591957
-0.020653785237407275
-0.016001296262829742
-0.005909584209477687
-0.004258115333217936
-0.015743552113046205
-0.019988330107559165
-0.02086104488595207
-0.019225638021494948
-0.016455111488978567
-0.006815886392938649
0.0011820878720308417
-0.0004414920489621143
0.0005178942537050013
0.0018760498370688262
0.0018647661676209982
0.0034926452294819638
0.0028916208589808267
0.0038250837292260306
0.00576435321560639
0.007429270387310228
0.007296875722675863
0.005779717028373403
0.006056561784802701
0.0011981468440603173
-0.0005058765214883325
0.004318807705735872
0.00602905928966154
0.008663900751759355
0.011310705083323195
0.006313068506189285
-0.0006935612238568972
0.005415542970989805
0.002535029018482483
0.0006746732397740594
0.0029602129913727576
-1.0
0.006146396866106654
0.009593637950223232
0.010833164128057902
0.0037110602049308535
0.004218031605863214
0.009449983120786811
0.012022982606361149
0.009945325518454744
0.0023023985371328484
-0.0016117201455354067
-0.005193189840617762
-0.006105922894424606
-0.009546557090690756
-0.01251693276933828
-0.014073192158402626
-0.01523072021270642
-0.01422259650994584
-0.012630063449873566
-0.011752754338365083
-0.011258065165111053
-0.017531691194133912
-0.02287494192429764
-0.01921585141373967
-0.023193525355018743
-0.016878211469465425
-0.006666848630344168
-0.014283147831104374
-0.021431072683765585
-0.02357150916689325
-0.02692501411695651
-0.02742026647185971
-0.024863988024365416
-0.024932458190713346
-0.026274650366951157
-0.024251272915469274
-0.025655723161197283
-0.024407419193434563
-0.022613685636350113
-0.023665227619796038
-0.01994760686595012
-0.018283598510186194
-0.016090425168830684
-0.016604676261662975
-0.015889381697729514
-0.01226128764036082
-0.010750886182034836
-0.009343619970912992
-0.006880868064905627
-0.003611161464124135
-0.004965798731809619
-0.00046033956194690636
0.0039974136413717795
0.008644026621805018
0.011692001709128767
0.01886016017271607
0.019307824850069117
0.019109809252230672
0.019382089699838838
0.022863395917216818
0.021372747922810142
0.021618254185460952
0.020112144599668928
0.020387909453513223
0.021556382748971835
0.020838332854620393
0.0229480707125563
0.022411716850075064
0.02317210148680443
0.023704552217953888
0.022251427484278635
0.02178932725790616
0.0219748369774066
0.01575850247222775
0.013837068798442046
0.014516104531440819
0.020151165586531898
0.021183982533312495
0.01844506745848701
0.01547843739541268
0.014359919944747505
0.011651578908475685
0.0057196754450639905
0.007491621986405218
0.00907801804287342
0.004308525655408027
0.002162160379165664
0.000895796676689292
0.002359897219755267
0.003120440752515331
0.005096842905713488
0.004626842534957552
0.0037514843126507614
0.002991857006184707
0.0024346052055463792
0.00742528837349117
0.0036000954616629433
0.0021036900270774888
0.001116659603368531
0.0023043649068085407
0.004891441328799778
0.004342874382429567
0.006181401464199537
0.0073831660326513626
0.008430186336716034
0.009211499106971053
0.014754997554506138
0.013177750385024804
0.00895825766941979
0.011287852174221177
0.01745946013545662
0.018878365097463105
-1.0
0.014235249137943976
0.01816081380968909
0.022541219701468062
0.0214825707888799
0.021096481538301855
0.022116922831735063
0.023054714970440947
0.02373771307629562
0.02391150910435841
0.024327329021999033
0.024377833319177665
0.024054008346609593
0.02378688122517872
0.022758938371172023
-1.0
-1.0
0.018773511719905277
-1.0
-1.0
0.011513478863980228
0.011154893714316128
0.013320854390100768
0.014654276217753363
0.018582184312188412
0.017868525084720133
0.015848790046765572
0.01719566140184301
0.017311410223338035
0.0184981257210372
0.01895257392913132
0.017078286528376854
0.01761902045885692
0.015265425015373266
0.013230573905455081
0.013872952047099442
0.015006172628957155
0.011152251503094382
0.0075828095740919695
0.002644827932290469
-0.007698566976330948
-0.01288188329005433
-0.018083188824297422
-0.022308878045542886
-0.021968386783695087
-0.02267777720812133
-0.02242301160004112
-0.02066202574729844
-0.024164536603441825
-0.024571274842391758
-0.022370243453294015
-0.024758534844771363
-0.026009477806977106
-0.024942724306702992
-0.025021415389480956
-0.02361134045463669
-0.02557603404663238
-0.022185519562226155
-0.023752486467559057
-0.024791032444564494
-0.02364700180597055
-0.023889354729295428
-0.02588023456185695
-0.02640474419266972
-0.02523788585882818
-0.0254311893380136
-0.025221196594329146
-0.026784952528602354
-0.026632069723643584
-0.02600910863396449
-0.02486773114460533
-0.023933637197201558
-0.023119722334225035
-0.025344545878101716
-0.025064047627226287
-0.02505845073151737
-0.024632426301369373
-0.023903405537204075
-0.025104660200456128
-0.02503910911157555
-0.02611263614440818
-0.026868534982292615
-0.02582233749035958
-0.027131208469864058
-0.027321485700525602
-0.028166077441636007
-0.024773959928993373
-0.02593174771390715
-0.021021249230261052
-0.02343102933593833
-0.024200809906695778
-0.021622078028876043
-0.022272534725807657
-0.020754729430528234
-0.020066510462453526
-0.019668656391483675
-0.02142896397860045
-0.021055913171616113
-0.021638388615209475
-0.02076627899901952
-0.019493437610701058
-0.01799020423658623
-0.018039905913821375
-0.016555939539517783
-0.01857264223992279
-0.01981717194463925
-0.020784967107543573
-0.020268923985948924
-0.02020609280494355
-0.018292851790427833
-0.015245277992021576
-0.016656287158286605
-0.014954740870804412
-0.017076378992899866
-0.016955049812555405
-0.02228750151036825
-0.023568947962483836
-0.021835078757600046
-0.025160485011297765
-0.02377108765257869
-0.025710151569925583
-0.022803980182181074
-0.023731639907135036
-0.023361135453764434
-0.025783789913742385
-0.026167751023055585
-0.026403815274663928
-0.025458624053088325
-0.02245707850227676
-0.02752384123807417
-0.027405105349866843
-0.02685426817829549
-0.022603102134037455
-0.024188190777551504
-0.022134246690442602
-0.02058151337148944
-0.013344502268088835
-0.0006369649649505294
0.006364568971739255
0.007738965640344038
0.011370991294754516
0.006605342845775708
0.006249944146509834
0.0030276490828456824
0.004491437364370261
0.005310394198312775
-0.0029273740741828157
-0.011182888483234657
-0.014050006888398477
-0.009671467109924522
-0.013121122652836993
-0.015764006560653018
-0.01650066861603457
-0.015365599275511328
-0.015020466731517655
-0.009261893527692803
-0.007116513420990211
-0.005434346066557496
-0.01094601521658865
-0.013195889800202804
-0.01488595617140828
-0.013274809002011846
-0.010819232342494807
-0.008311031648254594
-0.006494414868671678
-0.007048134769054774
-0.008862479963072618
-0.008925430432537716
-0.008858327447751127
-0.006470137261813216
-0.012878797986775012
-0.011246743708307678
-0.00837318366957114
-0.006032769566851776
-0.0026005454627868172
0.000989656306425149
0.004527360975419674
0.00929065782032305
0.010307109661625005
0.007993840649324235
-0.0030215094477599293
-0.007355782883472804
-0.0036709784091972443
0.001072705752244332
0.007979127584676993
0.003195488755334624
0.00029074024762194595
0.0012704647224120655
0.003416620023977083
-0.002625092652627703
-0.007575734784395285
-0.008734534091490368
-0.008061708044314171
-0.005194245326171181
0.00114131480555594
0.0053885081745325475
0.0073989750063004865
0.008938797426313838
0.012157421691629908
0.007441739783675068
0.00484777212150331
0.007137737056711216
0.005021511388328474
0.00883852025200014
0.008972929746053857
0.015865833731751388
0.019780147448935075
0.020481095912524026
0.019745007305326766
0.019120490224438947
0.01883428663179265
0.02096098731443806
0.019710763339059054
0.020446094715472287
0.02207639229523211
0.018615802232592554
0.018456842228544993
0.016042274633226945
0.016603680543198905
0.015220751967513067
0.018161359259200458
-1.0
-1.0
-0.0012232744480217609
-0.004200203885149441
-0.00551313087327959
-0.0044844092415324485
-0.004986750023902429
-0.004670849789223712
-0.002888147571726094
-0.0023077238761201463
-1.0
-0.004628744004893147
-0.007745989618363392
-0.00667305272568998
-0.006228189765557647
-0.0034428997934530686
0.004248646693710912
0.004033792414842251
-0.005189080673911356
-0.007837689990782585
-0.009871813330364796
-0.00911639590798828
-0.008826690062521864
-0.009943115842418821
-0.011188699988274053
-0.012386630218049994
-0.012398761116075742
-0.011124966427857163
-0.011369137837857295
-0.011782465117218427
-0.00848551970360702
-0.00815733090683994
-0.007425330491925802
-0.006754730983259672
-0.004756084818725758
-0.003333261589093978
0.0005233857760261547
0.0064516718332608605
0.00906623524548609
0.010769822611543143
0.012829839849492198
0.015259168800747779
0.015665930715190513
0.014995705367070202
-1.0
0.017376506137427458
0.018389262938532172
-1.0
0.016293133342910073
0.01588933976172725
-1.0
0.014910791522841613
0.01800047990078471
0.020621390483203394
0.019060794830596306
0.019770326281060728
0.020746552184644253
0.023503498934135957
0.023970488223627476
0.022328385458452584
0.02109912447822722
0.02218891074859095
0.02214913232254933
0.021855426825303392
0.023458330957845042
0.02490660539330358
0.02335523124823564
0.023509491502387566
0.026271430260465176
0.025562432310156605
0.025737258577974927
0.025665335825850302
0.02522014587348639
0.02345408000123992
-1.0
0.021956452467456214
0.023269212079419406
0.023986526097091267
0.026266712612176498
0.024571542511674104
-1.0
0.02457221656289997
0.02564511068197898
0.025356412296098932
-1.0
0.02299842821523624
0.023626922606134387
0.02070414245407567
0.018909695852148866
0.017899703185182816
0.015944846204195274
0.0130979158178195
0.01296787284972805
0.015908734023789478
0.021388162754094987
0.02209567789800149
0.014864889905874937
0.0008660786486983804
-0.004187265703527776
-0.007062930963166594
-0.007567768721376879
-0.008981823542269403
-0.00898247936390175
-0.009940768549894166
-0.008901391936919169
-0.006739491063180409
-0.00951862188527657
-0.010833406685258269
-0.008856998856310997
-0.007917670169233174
-0.011093051548902026
-0.011457885159469102
-0.011123717566087777
-0.004519740914418051
-0.0054913337868190215
-0.006956061707229845
-0.007620639069466877
-0.00955564717330083
-0.010151786100261172
-0.009318247053307855
-0.009520156393752678
-0.0033340602569881805
0.0036959036323832442
0.010283328956363599
0.017993087035912545
0.017826282892549766
0.0171002845804478
0.021509352463206455
0.017545777221755807
0.015980913036100705
0.01793515090590839
0.019486981467710024
0.012360351331408908
0.006468412950150295
0.011746016839443952
0.007527132198384318
0.004249532396989638
0.004361165094893711
0.0008255573288139038
0.0019013760944699284
0.005766158544583487
0.0028085833678249796
0.004347481955145558
0.003942132144261913
0.00966806228752368
0.005504929810035131
-0.005440592606090617
-0.007441823810583185
-0.010414854042010728
-0.008901043213866729
-0.007425230097522898
-0.007972580154189302
-0.008197577205699903
-0.01037147926719114
-0.011657631414795441
-0.012493031605014223
-0.012489734616103301
-0.014500852422467795
-0.01717395832731706
-0.01633921052421687
-0.017629920741647043
-0.015876196745623083
-0.015633548159860948
-0.018543123364079997
-0.01801731450207361
-0.01692357734507549
-0.01621098057313324
-0.01757512821303943
-0.017008886637258382
-0.015892312211003227
-0.01614457509279886
-0.017028039389359116
-0.017335822133612577
-0.0168931290338066
-0.016276171053875823
-0.016712341211277015
-0.016863019155673002
-0.015768929082900476
-0.01508374594088013
-0.015277949520151568
-0.012247356440177288
-0.007022913703751306
0.002593465547202907
0.010071447744964282
0.011424237693579725
0.01380164010824727
0.014626584620223084
0.01588114839509189
0.015457931860116693
0.01642945630505375
0.01854807279086899
0.01317538587253855
-0.0018835923051375497
-0.0056220151551803705
-0.007430932875881016
-0.009549187776495625
-0.010901852248082634
-0.011913795003753868
-0.010106885869072855
-0.009790766593672793
-0.007518784992054167
-0.006782308088632386
-0.005833037754298692
-0.004586141411125511
0.00045931248782779045
-0.005263279244435855
-0.006752522349440133
-0.0038685854391424025
-0.003959444668403621
-0.005766144931267284
-0.006663613167430992
-0.0057911057846501525
-0.003895078862650986
-0.00303395318194398
-0.0007286587285672596
-0.0018909938171127025
-0.0030029067761669125
-0.0041940637416347775
-0.0023671617657918514
-0.0029117167920566433
-0.0022812379633857308
-0.0017664752975148947
-0.002213139700120637
-0.003184169354941136
-0.0029405820686681456
-0.003519342752351749
-0.001498188317382057
-0.0012991597980108053
0.0005587287143600401
0.0050753209133746376
0.011293929429821943
0.01205534865982494
0.012702907491326248
0.02246131570080064
0.025320419730504876
-1.0
0.02739548010952466
0.02834743242016253
0.026935105062849574
0.025671578199223288
0.023486314878069865
0.020635440320353318
-1.0
0.018884081278071802
0.01907928184401764
0.022387870065713994
0.02333949942373638
-1.0
0.02831597498670069
0.02774184966587553
0.026842168643483516
0.026834676180019456
0.028439806979406075
0.02568673303436443
0.026399386815250676
0.026453232005971657
0.02540589710320742
0.026933968256491327
0.024717116763381945
0.025827730310827354
0.02657006376288406
0.026079274501127188
0.02688342054017577
-1.0
-1.0
-1.0
-1.0
0.025747551283964682
-1.0
-1.0
0.02643788903981385
0.0244582037172318
-1.0
0.02819001095488664
0.0289509089384794
0.02838233980804738
0.026022047321619165
0.025368769390483697
0.026635090123722616
0.025782665740614635
0.025454635019248585
0.023466629802781552
0.026265026758234708
0.027154578234341028
0.026614609217512505
0.02625429082085053
0.025639223103693473
0.02701009179913463
0.026381167351417815
0.02779069721012687
0.025476583001753973
0.02623097030308078
0.026109222186325852
0.027013529365032395
0.026504974749958627
0.0247396107322894
0.025139333424660605
0.024767214524359957
-1.0
0.02533675211225909
0.023883865198313616
-1.0
-1.0
0.027255580351169394
-1.0
-1.0
0.0241719676286117
0.02548681164395128
0.026974991822450223
0.02702772518628094
-1.0
0.02392359283355985
-1.0
0.02624132032095036
0.02606018385205269
0.026581346989862704
-1.0
0.023569999042914524
0.023848694368105727
0.0263181144877561
0.027322629827904822
0.025412672900141292
0.023855188388405318
0.022442050850075855
0.02521449344944967
0.02616929693011307
0.025149500793590438
0.02600522326811873
0.026566589605734527
0.02802972907341234
0.026809599421345878
0.027064337288818404
0.025847786242947934
0.02714299923931448
-1.0
0.02484190565365891
0.026173741902501133
0.026289570433146406
0.026894336315385892
0.02604875314851772
0.027581761156257847
0.026870019719282705
0.026044225023345684
0.02738927994390637
0.026367777551831593
-1.0
0.02136348207312276
0.018940203994598642
0.01783099887856021
0.015285741185726886
0.01513796779324484
0.016493350677122546
0.016263688755297226
-1.0
-1.0
-1.0
0.018249328054412314
0.017772285985247608
0.018293691972694176
0.019533184407779337
0.024629383643658038
0.02680402130695562
0.027622460821610302
0.02863923245619838
0.028428701792126206
0.028021963452152927
0.025561762964434707
0.02800774080077942
0.027822971117151835
0.02525941612759888
0.02233310758576633
-1.0
0.016503732169178154
0.01487530673436861
0.016292008045821867
0.01575540078195215
0.02072341858091095
0.01910954813750831
0.01563871670720949
0.017257208109436532
0.013383636342719617
0.014579708261008954
-1.0
0.014302938301049471
0.013950939954148405
-1.0
-1.0
0.016094661030681745
0.018432278439122908
0.019631480270716616
0.021315821226946065
-1.0
-1.0
0.025855089854699614
0.023970985687992257
-1.0
0.021466942688298
0.01933162997758973
0.024854978231758883
0.02028355707498845
0.01436909401319648
0.011690313287216056
0.011083710477230257
0.011517761462818887
0.011996117469897255
0.012917386926026803
0.014351545794643933
0.017705140480700113
0.019594773813101447
0.024527774819645538
0.025977336026083552
0.02492241336720961
0.02133789096113735
0.020998145277082176
0.021205956861339137
0.021114150558607648
0.018675983135538886
0.019995442346403117
0.02175070406294347
0.022434559393299004
0.020888226809580437
0.01786210999633642
-1.0
-1.0
0.023739039341429864
0.024219739919223354
-1.0
0.024842658456901118
0.02363462762912431
0.02329612647853114
0.02536259204604623
0.02518977380186371
0.026041171548863668
0.02542218700276394
0.024846486834839608
0.02561696266862614
0.026095901865069094
0.02631500252816203
0.021063753750892162
0.02266896251218439
0.02401463602840005
0.013064553907483071
0.009161624174736848
0.007024524344853087
0.008289196509728654
0.0041991170728069484
0.0026607305204595453
0.0018971762065125204
0.0051942864116752184
0.00852219570834656
0.006886012879579952
0.004544347344356031
0.0024037027904576843
0.0019821943165841036
-1.0
0.0031358946673283226
0.001355296612387975
0.0032070799683426403
0.005096142289504185
0.010298285085242057
0.02069879158347415
0.023242726115289644
0.008918650830218316
0.003964523031628054
0.0012363491594851396
-0.00044840386487071925
-0.0015617901696737197
-0.0025398291941923575
-0.0034811280253611836
-0.001266099866708047
0.0021142772864578717
0.00610731852581451
0.007579734185401975
0.007537634500070003
-1.0
0.01341157240217989
0.010694506301017377
0.008731418658496425
0.004817888805400689
0.004691723691321204
0.0012773769837698538
0.001631229875420938
0.0011440972960703312
0.0033631535068271872
0.010471760055953062
0.02324806296698071
0.02397184590465318
0.01690415187509739
0.003350594569858521
0.0024771437629645962
0.0009799115779639072
0.002594233344777057
0.0026591877235580376
0.0031019270502301204
0.006613781705089283
-1.0
0.008702780819467092
0.010759996375976048
-1.0
0.007723867811180105
0.0025839378235102684
0.0005926725591140163
0.0008730464541214329
-9.757580125981583e-05
0.0021920891150225418
-4.7911227448647996e-06
0.0038997505871947004
0.009081247129709933
0.015594440577050029
-1.0
-1.0
-1.0
0.018909447112517897
-1.0
-1.0
0.010838370731308732
-1.0
-1.0
-1.0
0.011702851172851398
0.013423737869781682
0.014882730433789682
0.006351189189338289
0.004384160299337702
0.0027878979113912356
0.007317028744881853
0.009229142838300135
-1.0
-1.0
-1.0
0.0067223087480695765
0.0014020867294443622
-0.001079734222336007
-0.0006494836144746275
-0.0008657909015153711
0.005087457082125252
0.0018607969389401516
-0.00030322305474433947
-0.0002400384380094779
0.0012124676800408876
-0.003805159347616594
-0.002745316789722156
-0.004282954295765302
-0.0009949803067402744
-0.00021953994124541151
-0.001342696022844084
-0.004613901446768951
-0.007336350723127669
-0.007874728353143108
-0.010407555288421523
-0.010428793541741843
-0.013066258718184735
-0.012215510569294962
-0.012637221647390673
-0.015434549446508385
-0.013483740368961498
-0.015953068048296076
-0.01533742732718086
-0.014676095881368206
-0.01349336720558495
-0.015347522952482415
-0.014218403480680415
-0.013078579644126367
-0.011705135657676507
-0.01018746251769283
-0.00959693270126854
-0.0068004003043421034
-0.006427825938484001
-0.0068590535286981585
-0.008681800348530866
-0.008751822913268174
-0.009438462500232957
-0.01031384705143591
-0.009832815016504858
-0.009561808187499401
-0.005511082048902634
-0.005364398639421593
-0.0026279747407697194
0.002367637542709964
0.0050094712839112345
0.007285543121823776
0.008885600610080398
0.012866924872235433
0.014993430617792102
0.015286561666608559
0.01613463378265078
0.016414285717907356
0.014722661825254816
0.017317667523360565
0.0179229919859336
0.01783945293951064
0.01875217824799021
0.019410353354336288
0.022812561691777346
0.018611912570675238
0.014424244353278506
0.02012375940619871
0.02550401139660802
0.0262507437076924
-1.0
0.021070355374842677
0.021557918739068066
0.01924075929371909
0.02336446163109617
0.016683775763720404
0.010961690292531278
0.014834467027776984
0.024482749779782435
0.024675053670303048
0.023333390412965057
0.022081974298216893
0.02134602265235314
0.019131603147597653
0.016950909993629634
-1.0
0.015757900857868528
0.017992352234498445
0.016459833397722636
0.0185254392059673
0.021276524117585547
0.013044026008024885
0.001605809210580338
-0.001548905721962497
-0.004143693930005578
-0.0033333377877865964
-0.0037882573671029224
-0.0058246594308008085
-0.004919308868229626
-0.004287361978584586
-0.0017385964817359634
0.003502733201764283
0.0016700546640076683
-0.00039450628513088064
-0.00010790545751785226
-0.000723332947983501
-0.0012545455177144756
-0.0036719899813030593
-0.00015991610320803881
0.0009626893906694196
0.0021626241200597704
0.0006704519512841353
-0.0019543832256430807
-0.004643153674487571
-0.005388074435161247
-0.006497383505358429
-0.006197287555542747
-0.005057924704770353
-0.0040520579830603965
-0.0014693894628479383
-0.0001339534688594798
0.004248851572185879
0.010122145566615396
0.01575618903431705
0.019488999641616545
0.013350084386618898
0.005369641770829194
0.008494640524366982
0.0015956585703104664
-0.00017070952346517491
-0.0006269122952598385
0.0005642498683964435
-0.00036132577172716114
0.0005813124458292551
0.00436177987686143
0.0075548818473572844
0.011630718104277895
-1.0
0.023531243924908785
-1.0
0.025044876881435803
0.023421241868680887
-1.0
-1.0
0.01852419312659571
0.02162359308683566
-1.0
-1.0
-1.0
-1.0
-1.0
-1.0
-1.0
0.02183929844740245
0.024598083671219132
-1.0
-1.0
-1.0
0.026611811409835616
0.02579965226955314
0.02696320028116523
-1.0
0.026504676181391806
-1.0
-1.0
-1.0
0.02449435365933279
0.023164165763073084
0.02330605925984379
-1.0
-1.0
-1.0
-1.0
-1.0
0.02620250745219264
0.0256682834552289
0.024828289401776407
-1.0
0.0241414791150634
0.024113633223273714
-1.0
-1.0
0.02539686346646475
0.023335792736434467
0.024771780395711984
0.024841012561663288
0.024097704933976904
-1.0
0.02503042077375957
0.024585791410431247
-1.0
-1.0
0.022957992395685054
-1.0
-1.0
0.02518772049923528
0.02506303369671791
0.026896929299584593
0.025288399697605532
0.024170971509683562
0.02510354993597309
0.024851397495545782
0.024362094118619212
0.02514309649848337
0.026149528383148195
-1.0
-1.0
0.025212365664597926
0.023450261627370468
0.026279373383696826
0.02401568119870986
0.021740398109513944
0.024019852787403675
0.02737643654579712
0.02679241650557832
0.02614853693729243
0.023526383139082098
0.019653501483157445
0.013122787404742048
0.010830553925907177
0.010382989902209575
0.012159842488397753
0.013318245279124985
0.011223870915992407
0.011503218454158111
0.015827524621090727
0.017848223272667305
-1.0
0.016122556767598727
0.015966914839593355
0.02090898099275552
0.021232598661465873
0.019283088552201184
0.013660163966142433
0.007480922801879916
0.006510898787477973
0.004682160811254469
0.005264045268431402
0.004524863839432835
0.0034461144517493026
0.005044887867772979
0.004469267415977337
0.007404659720322858
-1.0
0.006228834189661446
0.007963454504032352
0.01020856153650021
0.010409104533654024
0.012347338306019157
0.012789263508512873
0.010758384460999297
0.009102792941110743
0.012741592145218219
0.011919949744855789
0.013476677001511426
0.01669346279790674
0.021388857025788074
0.021814782213226445
0.02207352593842909
-1.0
-1.0
0.023483911288202503
0.021456172632643003
-1.0
-1.0
0.01663856719079771
0.021778977007644366
0.02064397390956794
0.01972158717574804
0.018469183555614558
0.01607865316933258
0.018939421013440802
0.018320156200269996
0.018934927443371812
0.021026093356526786
0.023713487955707126
0.02456232970252151
0.024572006611315606
0.0224385075811653
-1.0
-1.0
-1.0
-1.0
-1.0
0.012722468166604415
0.012661602498475871
0.009726947644704371
0.007637478613182742
0.007286601770082207
0.008274178160204964
0.0074961483585320385
-1.0
0.011461643043168285
0.013215449009247144
0.016207281691067915
0.019093582256122576
-1.0
0.021345968217842834
0.023399289949493994
0.024545016833562344
0.026982581765004704
0.02637983666002296
-1.0
-1.0
-1.0
-1.0
-1.0
0.02476586514476196
0.023533604335180425
0.022526400823251913
0.024529328132102457
0.024946911759979422
-1.0
0.01846402993570077
0.01765639166345638
0.017921984824275112
0.022166567590869452
0.027465963728400135
0.027095543031206985
0.02604462815859545
0.02709866772104971
0.028190523448760524
0.025480111264305876
0.022398389233516617
0.01854265194908588
0.018258423891046968
0.018630606123393192
0.016954567670536602
0.018199201187908732
0.020499518862080263
0.021588034418084844
0.02103431941391762
0.023317845262295026
0.025479496950875202
0.027285911476997708
0.025803509819356793
-1.0
0.026296279055161246
-1.0
-1.0
-1.0
0.012216760206053981
0.008658234259823608
0.007000987632473384
0.0059985182501840345
0.004786223913373945
0.006331092661599579
0.006494290585988553
0.002222046581596051
0.0014411189623238503
0.002385288090233552
0.007662530538027818
0.014685950455394793
0.008306486022684589
0.005647312008466355
0.003894662620396031
0.00034000125535642116
-0.0026411328427561327
-0.003393708476702303
-0.004139275326337748
-0.005622264263646968
-0.004424136374805283
-0.00422032317945428
-0.0020483313127514957
-0.001847023221240048
-0.003487997804289195
0.002597384207894484
0.0009369120045814995
-0.0015044402459487769
-0.0001099395198950509
0.0023744888281758197
0.0030594835139832527
0.006447678879959455
0.011561091157291066
0.016775527010944306
0.02213350737386901
0.022825146576651908
0.024793105052189946
0.024590979319272892
0.022401099960214988
0.0255505515029578
0.02621065920788945
0.024891427601473594
0.02343820308727002
0.023766969956968663
0.02280252059626069
-1.0
0.009569856389874563
0.004564026454728896
-0.00013403107749088473
-0.003547927302497462
-0.0057900392966999505
-0.007134281710585533
-0.007381469140519998
-0.009386769012291315
-0.007209777210525094
-0.005750188562237667
-0.006183002104382803
-0.006488506670739016
-0.008089565527609654
-0.00907659094825709
-0.0069210416313233965
-0.0065019651624995825
-0.007041111144963972
-0.006963232429071719
-0.0043681914661429415
0.0010344323262518787
0.0075575257316506
0.003292245162348556
-0.0016853621609051598
-0.0035388667482736964
-0.0053742439578663564
-0.006110001161761066
-0.006638128104088162
-0.006391797165105932
-0.006495805080001791
-0.003860716895248391
0.0008212332929411715
0.009218128643247855
0.02001111126026042
-1.0
0.012871597868175955
0.006093880454472202
0.0017279308299325965
0.0006828988452322567
-0.0025910756319517947
-0.0060836299903198
-0.006868872445313111
-0.008203907731829505
-0.0038572866089039543
-1.0
-1.0
-1.0
0.003457452829437305
-0.003772060158276418
-0.0053886747950914705
-0.006983974950122623
-0.01118643915813798
-0.010564728199497013
-0.014593217896163422
-0.014392518244795644
-0.015965328631275356
-0.017060489297071595
-0.015193068767541167
-0.01912495077280866
-0.016906789151337295
-0.01606855887413974
-0.01679964361747612
-0.01718537110730371
-0.01823184684742355
-0.019061414205020107
-0.017686629517458304
-0.015437711836193403
-0.015109873025591069
-0.011852807901594547
-0.014723908805297429
-0.01664066820042483
-0.015281313760464661
-0.017335808598623097
-0.012765403319059978
-0.012097561802162196
-0.002485724220379099
-0.005549425973091411
-0.0038486029867312137
0.004159962595431135
0.008391871352918554
0.009827878298655003
0.00917016020833585
0.011451226556666576
0.015353840525996459
0.018209262985050337
-1.0
-1.0
-1.0
-1.0
-1.0
-1.0
-1.0
-1.0
-1.0
-1.0
-1.0
-1.0
-1.0
-1.0
-1.0
-1.0
-1.0
-1.0
-1.0
-1.0
-1.0
-1.0
-1.0
-1.0
-1.0
0.013181363289122276
0.008193625228711539
0.003788885281672332
0.0014019690360122157
0.0030518076473304966
0.0026935614004101847
0.004306565919018635
0.008320387956637362
0.012072515626888825
0.012884652253050828
0.014310347389508263
0.01967073924918214
0.017808804472932493
0.006606145457526679
0.0041576849728024445
0.004375829771438505
0.006563113625556273
0.011713109933340135
0.017206211289943353
0.021376538582973788
0.02012850999978211
0.019795179594157893
0.015896729567719658
0.014725698074673568
0.013341825802450961
0.014488652202519834
0.016916153632781348
0.007344488105216925
-0.0009499122631802701
-0.005694374458883236
-0.006965559667712998
-0.008853014084815293
-0.00713888994630704
-0.00555833818800785
-0.007389434480216908
-0.007730601042894922
-0.006414490078637223
-0.00981688479803982
-0.01134885626197469
-0.009926532871843186
-0.008475412623003805
-0.008670099233001386
-0.011177117182949942
-0.011800046668831377
-0.011875401018894198
-0.008850040078454283
-0.008255331893580561
-0.007081612869437756
-0.003587320580446707
-0.004045949728732033
-0.003352327933048216
-0.002349252495601782
0.0013035813689107809
0.004395305630605356
0.007063429487819148
0.013402680484814104
0.01244385362053571
0.009786481431120693
0.00805015139686331
0.0004161021292194867
5.32010920721019e-05
6.636775610908875e-05
0.0037400621950912896
0.004340881967638953
0.006063874510856859
-1.0
-1.0
-1.0
-1.0
-1.0
-1.0
-1.0
-1.0
-1.0
-1.0
-1.0
0.014969982718375806
0.021127825683643714
0.02345635737331161
0.02531312362448901
0.02388319171744666
0.025098275058689723
0.02556459149281594
0.02625018223236916
0.02498031640860597
0.0222581150040044
0.018914089297741476
0.01519982683315089
0.014093002317665523
0.014109452957792552
0.017203514526123103
0.01703940531089737
0.02190425485636848
0.02181234350247882
0.023395012335427793
0.020550144928897524
0.019111488316680064
0.01634051133408707
0.015918406210960717
0.01215311219961468
0.00966251126141467
-1.0
-1.0
-1.0
0.009874810136033332
0.015470279838562306
0.01961429689002108
0.018738482267242187
0.019986081795921554
0.02120115938504832
0.020148505852245847
0.018399116440568745
0.019003028166162898
0.016587821814363954
0.015714316007080453
0.0164379050388675
0.017328170422182685
0.018531710818822832
0.0169632636050568
0.016744999329053878
0.018174003206521717
0.02004852907322182
0.015169311188525164
0.00692243620206822
0.003144407778073483
0.0028869017637190232
-0.004206848011540133
-0.007489582671801739
-0.01399862682808963
-0.01676545514486203
-0.017380288120133
-0.017996972234340637
-0.02002434091326111
-0.021145422755034938
-0.020399616623091203
-0.021436529635226128
-0.0215140847276099
-0.02286074655663634
-0.02395918028076907
-0.023884076422817715
-0.022791137085458654
-0.02406216508255369
-0.024454756286086534
-0.02501206723769769
-0.026542085726222422
-0.02611256902391735
-0.02802216998060193
-0.028635024959457685
-0.02786412727263819
-0.027355170571344973
-0.02824499674257253
-0.028802006140026787
-0.028690698499562687
-0.028426555305190247
-0.02838420212330981
-0.027769637653860015
-0.028613526855442457
-0.028593137982182503
-0.029161617773614992
-0.027235736616214347
-0.02740319015360076
-0.026652750034008632
-0.027412673194774115
-0.027168771741703113
-0.02673625192687304
-0.027614343497824018
-0.027459685107396145
-0.028975349811644187
-0.02759472294029202
-0.02819202752454015
-0.028465628400285492
-0.027041543823466966
-0.028290833360043403
-0.027595543157861835
-0.027489871974398918
-0.02694220749188593
-0.02790093775833293
-0.02818653605061155
-0.028811369170710553
-0.029409356143984922
-0.028169983178722987
-0.029425293786759427
-0.029656151267538126
-0.027573408187745525
-0.026984717981454097
-0.02727275154895948
-0.026655586775011363
-0.028261572581334684
-0.027722795669479845
-0.028670266831579104
-0.02922301174436374
-0.028488519887060516
-0.026528475941765953
-0.028742170512499186
-0.026632001835073547
-0.028306182588804362
-0.028617195072581796
-0.030059938225766004
-0.028204877291202312
-0.02977379742041782
-0.02904809668699897
-0.028752603456733253
-0.029729875042878103
-0.030295380725678712
-0.028981129717853677
-0.029848246832970736
-0.02916855894928403
-0.025288166604166478
-0.02688023987728499
-0.025952727235928594
-0.028651898646916637
-0.026378130757675713
-0.027437182816104536
-0.025712617659176366
-0.02696914024547435
-0.02597223802083412
-0.025291580890422317
-0.022263585407418976
-0.02399200637317577
-0.02345228385941704
-0.020759981133674575
-0.020833920195723988
-0.018460851288974827
-0.014890418797872321
-0.016161333244329848
-0.016976509916052707
-0.01886336633590614
-0.01923543077956461
-0.018206266023473017
-0.01645237206558782
-0.013182679616459914
-0.007655919426383072
-1.0
0.0010267824926678505
0.00197419215705638
0.003939585887902286
-0.0014919761409912598
0.0007298534917609488
-1.0
0.015929769688226823
0.0065808552389276884
-0.00015558368945716155
-0.005020991485845239
-0.009000559772005444
-0.010502915919326356
-0.009356108428302545
-0.008215585842293583
-0.00454275344159253
-0.0020552240657258623
0.006463561023084622
0.008824444712289116
0.00466253842746563
0.005589498661125703
0.0094340024516876
0.006333630636418579
0.008378579599017612
0.016629277827869448
0.0210453451721775
0.02065972629334333
0.017266588263828975
-1.0
-1.0
0.01807930825086226
0.023123055901561683
0.0233947496980348
0.02374666045169219
0.02640748880642577
0.023007006043379602
0.01805744447055596
0.018489953545600187
-1.0
-1.0
0.016909571904305688
0.015777904796161486
0.014426947244072943
0.01598085621881695
0.022674920231619832
0.023007011857292103
0.02244398582398908
0.017441940590619084
0.018464920166556726
0.019469590194673866
0.018656399694549883
0.0214320809017453
0.02365577259827819
0.02078962078587388
0.02150228552226399
0.024196148512329724
0.023892637337456
0.026146526496079497
0.0215938116351814
0.020105390061957974
0.023046836837985155
0.025285319551836025
0.027038131672245967
-1.0
0.027284228208649012
-1.0
0.025377698136285577
0.02621425747430024
-1.0
0.02726628210348173
-1.0
0.027510630059264587
-1.0
0.026386195425798713
0.02482306522525244
0.026971360152981454
0.027283156642643143
0.028091746958192415
0.025976960805898678
0.02653970034399924
0.02665837750287331
0.025063828999964618
0.026985970750771547
0.028282182405041274
0.026737604418442133
-1.0
0.0266319197724424
0.025233813602879795
-1.0
0.026625858474838282
0.026737350414761597
0.02593343399871066
0.026862555219518712
0.02564419889538985
-1.0
-1.0
-1.0
-1.0
-1.0
-1.0
0.024392062957544397
0.023773052826290022
0.019670831834270604
0.011191776809327987
0.004439152624040453
0.005094042922377956
0.008657853368558418
0.0034144521002829062
-0.0006233115859039215
-0.002064015421497994
-0.0005656854041970141
6.095323215755269e-05
9.385116503175784e-05
-0.004172730560516977
-0.00875751415503342
-0.013583431763326817
-0.014430737791794702
-0.014600195682681826
-0.01435359728627316
-0.015083037701668595
-0.014452948312879627
-0.012640976131792922
-0.01555806731578457
-0.0162972553681481
-0.017069006707126598
-0.016445137395744682
-0.018165016501786452
-0.016827352312125593
-0.017212450933393214
-0.01676557261115201
-0.014295219766127513
-0.01627826146924692
-0.015653339392120186
-0.014740239450974572
-0.013568423536540147
-0.008286519862327441
-0.00326193310778124
-0.005998159801875166
-0.006554568851169629
-0.005715454724613886
-0.007590630379127231
-0.007379944592255657
-0.007924330996938005
-0.007562268829443557
-0.003386581504254914
-1.0
-0.008057100164567501
-0.00790982414236609
-0.008922244234952496
-0.011794568352027347
-0.014460763637384605
-0.014278425546607125
-0.015014368226674865
-0.015005337124356479
-0.016594172258869413
-0.01630696729940188
-0.014296588698199938
-0.0136140232081325
-0.013804987310820202
-0.014821095454279386
-0.015291518167134529
-0.013141693130830957
-0.010679709769387823
-0.012129728915205024
-0.011447135991099457
-0.007416937431192707
0.003839934906049157
0.00863316728606165
0.005337074334787489
-0.0030627591064581097
-0.005004668838082151
-0.0035352755066714045
0.0019137584209660222
0.01296953090567883
0.021049741458814972
0.021456337426215073
0.021784571124552166
0.021425929943553412
0.01977709428731938
0.017276388944835443
0.017550474608765982
0.0166275451637416
0.011012821111019852
-0.0032904197308479526
-0.009322917945724356
-0.014204055423122511
-0.016117889826695708
-0.018034533126702675
-0.018460300894265813
-0.01883573637624249
-0.019214832404656008
-0.01946887605215761
-0.019512351308026293
-0.019754797238310643
-0.019519788864979317
-0.019934222996997465
-0.020093242653211038
-0.019552958123783565
-0.023058677909864593
-0.019667736029849392
-0.021973989902486748
-0.022181346854938444
-0.018895294819199278
-0.02175914416442899
-0.023535941865684102
-0.02143398981270392
-0.021833336147486063
-0.025571828041082222
-0.021885657298309776
-0.025424969131283306
-0.024437605941966103
-0.025672995487361315
-0.025314143075822776
-0.023157426591002846
-0.023269279594853417
-0.022048675718915313
-0.022985878446359208
-0.020858601697536217
-0.020061632430070527
-0.01913132214801536
-0.02081523596505664
-0.019605374806964497
-0.021032724745690862
-0.020478163344756085
-0.0201765774743887
-0.01828243944988944
-0.015672541888926743
-0.014213330584398345
-0.01168045499388099
-0.011316991269793115
-0.003380765517188212
0.003357334726223104
0.004692281950523408
0.002968726878240899
-0.005108050240016059
-0.011340003035086183
-0.013412377202390757
-0.013531428536503621
-0.017430098936986816
-0.017722317717151104
-0.019601691120092062
-0.0202337466617343
-0.02238354743219666
-0.02259177599873772
-0.02199632100769924
-0.01953442502675972
-0.022209918508358316
-0.022143002228106723
-0.021313546086211423
-0.023273187516984636
-0.024122596264804105
-0.024630157549038044
-0.026369404906535217
-0.025879343559851994
-0.026658937822151424
-0.025431951927396293
-0.026694249292353464
-0.026086435378104646
-0.026599927824457636
-0.026390478229709965
-0.02589354945938599
-0.02548651223022295
-0.02412184212187294
-0.024365896007116975
-0.025440297187072795
-0.02442789520299439
-0.024086440532040006
-0.022948432987616597
-0.022672802252858247
-0.021678022389943395
-0.02094656512958143
-0.017152243268132458
-0.012462492803397293
-0.00785533315281833
-0.01008559458092457
-0.00981626706479759
-0.010234261629522198
-0.01025409346552851
-0.010289058455623114
-0.0073620521177910955
-0.005946655429021972
-0.006001118973276089
-0.006190466727421442
-0.007766546453073865
-0.006582516281159518
-0.007383406815503204
-0.005035684504282317
-0.004442593060264853
-0.00351911368878644
-0.0029743130500867205
-0.005572642810490169
-0.0038746343141548793
-0.004808933781350879
-0.007443270434929539
-0.0031325380899951496
0.0032624576012846825
0.004513019867311074
0.0016411302471209504
0.0010898888376638636
-0.0008213729418622308
0.0024839503342877585
0.0014909887037499647
0.002006856399060014
0.007366347250161837
0.003852012004620221
-0.00023346779093690238
-0.0032420425825838927
-0.005313850006258932
-0.006252462279186033
-0.008500322849193083
-0.004453958221210682
-0.004470782026628428
-0.005982505489956514
-0.010019415267907268
-0.006081858317484378
-0.003611123701394019
-0.01399015860691983
-0.018814788327108194
-0.02018495625796453
-0.021619161437928247
-0.020093224303438913
-0.02107893460021965
-0.019041179188610997
-0.017530291246683885
-0.016029491418128042
-0.01802642555395767
-0.020004867341703907
-0.022100858521867852
-0.021580175519902503
-0.023068164553613248
-0.022827410158027608
-0.02338639010014391
-0.02613963711594165
-0.025651007080882252
-0.024043877164109623
-0.02455685219829903
-0.024077523852620523
-0.023092043260849498
-0.023692681066003786
-0.024675905014626513
-0.02520200477770079
-0.024719203881823307
-0.023238207831215302
-0.024884570290955223
-0.024599102292686557
-0.023961437595946135
-0.023586105918963596
-0.024006927066607873
-0.02254322321413298
-0.02236778603114289
-0.02062055114883716
-0.01974402971172607
-0.02159427215127006
-1.0
-0.027333351684499473
-0.027000864004182085
-1.0
-0.02671432941698087
-1.0
-1.0
-0.026950579035097413
-0.026362357000254938
-0.026925846769331248
-0.02797656076863632
-0.02614461558765748
-0.02674013861443254
-0.02783974737934313
-1.0
-0.027357886700042234
-0.026095851037883998
-0.028256477917093126
-0.025930255681411947
-0.026494568311012056
-0.02705576829718129
-0.027757011347382753
-0.028448525013726536
-0.027894569138653968
-0.02790962700791357
-0.027768762530314302
-0.026697610761256766
-0.02756725604749077
-0.028340632801151223
-0.027764634263440672
-0.028515391464313686
-0.02613133412157553
-1.0
-0.028847711729157923
-0.028182212220998613
-0.02733140014023147
-0.026596378302793666
-0.02604903662132735
-0.026764004797998425
-0.026412243745811862
-0.023058936170860106
-0.0232400190992985
-0.025571315429085383
-0.024061206784125835
-0.024190061209523783
-0.021609924849013203
-0.0210852067975393
-0.021684515786292262
-0.020705174779876833
-0.017276640751933584
-0.017828640145842355
-0.017525768681188682
-0.01624146978807814
-0.013267913465761089
-0.009352521606872508
-0.01090261381499817
-0.012905121248069666
-0.013956830897706296
-0.012360994825981811
-0.006346684395339037
-0.007766534101755449
-0.009936067389024555
-0.00565704138604126
-0.002193798337295298
-0.0020812524298961118
-0.0011504131565343108
0.003573922165726684
0.0034187528070694973
0.0026235344045777093
0.002461869436722654
0.00048596627382982844
0.0026369167824469384
0.007757750536575514
0.0030193141410141387
0.004249077551442423
0.005675165662745111
0.004322008865744828
0.007605233239774365
0.016221036233805216
0.014481141991819083
0.013863129036090003
0.014436108688579427
0.0160365142665595
0.015492153789793458
0.012600983879331137
0.016269661002640375
0.017942110097498683
0.017298601301334232
0.01950533210340023
0.019873993614757078
0.01927442505428022
0.020040263976831566
0.018964518067444033
0.019432798437004177
0.019518038311464196
0.01947083320843948
0.017473197730206474
0.016850098845006215
0.012725924938903024
0.008993387126460296
-1.0
0.007170980744292155
0.0014641109868613132
-0.0006486621657209495
-0.0013844826949931071
-0.0032797720880375233
-0.014227285471277462
-0.01856944842062449
-0.02032954936501536
-0.020903308906545463
-0.023438329611960164
-0.021505020907813203
-0.023741375341389773
-0.023538384679193697
-0.024071398860169343
-0.022618322811708533
-0.022780378636541955
-0.023798295067936997
-0.02630402193666959
-0.022602391614156538
-0.024496317480556414
-0.023757863380154495
-0.021729820394252978
-0.01963711284417546
-0.02180515484183264
-0.019129066334295758
-0.019198900119480874
-0.020863091066057566
-0.02013526650627868
-0.01774603797379064
-0.012604038502976658
-0.0062996212989662615
0.007747796611635943
0.0040482684472747865
-0.0025586888101702173
-0.006650640095771284
-0.008786960243967976
-0.01120941047315704
-0.012206653183885233
-0.010470842491311881
-0.011215512281725076
-0.010358069454565372
-0.004546103966029785
-0.0015603570828042511
-1.0
-1.0
0.0197904598975613
0.016064966543084494
0.012409933790846836
-1.0
-1.0
0.014977997737779993
-1.0
0.021061670177122647
-1.0
-1.0
0.024744645585929727
0.022165390406925046
0.022289224270159197
0.021311033754241298
0.01332853192101237
-0.0019873922741019848
-0.006092569295147891
-0.008050964827390008
-0.007940230653941352
-0.008514116558199445
-0.00950883980232247
-0.008049592193309658
-0.0070660234328032605
-0.0069457185806632085
-0.0060718480566258875
-0.008777834196630521
-0.006229722255130183
-0.00025797838579950987
0.010554767421845062
0.008379610100143792
0.008116543638903235
0.010577553200777641
-1.0
-1.0
-0.007740527088181532
-0.01320646193507997
-0.010232034330323863
-1.0
-1.0
-1.0
-1.0
-1.0
