-1.0
-1.0
-1.0
-1.0
-1.0
-1.0
-1.0
-1.0
-1.0
-1.0
-1.0
-1.0
-1.0
-1.0
-1.0
-1.0
-1.0
-1.0
-1.0
-1.0
-1.0
-1.0
-1.0
-1.0
-1.0
-1.0
-1.0
-1.0
-1.0
-1.0
-1.0
-1.0
-1.0
-1.0
-1.0
-1.0
-1.0
-1.0
-1.0
-1.0
-1.0
-1.0
-1.0
-1.0
-1.0
-1.0
-1.0
-1.0
-1.0
-1.0
-1.0
-1.0
-1.0
-1.0
-1.0
-1.0
-1.0
-1.0
-1.0
-1.0
-1.0
-1.0
-1.0
-1.0
-1.0
-1.0
-1.0
-1.0
-1.0
-1.0
-1.0
-1.0
-1.0
-1.0
-1.0
-1.0
-1.0
-1.0
-1.0
-1.0
-1.0
-1.0
-1.0
-1.0
-1.0
-1.0
-1.0
-1.0
-1.0
-1.0
-1.0
-1.0
-1.0
-1.0
-1.0
-1.0
-1.0
-1.0
-1.0
-1.0
-1.0
-1.0
-1.0
-1.0
-1.0
-1.0
-1.0
-1.0
-1.0
-1.0
-1.0
-1.0
-1.0
-1.0
-1.0
-1.0
-1.0
-1.0
-1.0
-1.0
-1.0
-1.0
-1.0
-1.0
-1.0
-1.0
-1.0
-1.0
-1.0
-1.0
-1.0
-1.0
-1.0
-1.0
-1.0
-1.0
-1.0
-1.0
-1.0
-1.0
-1.0
-1.0
-1.0
-1.0
-1.0
-1.0
-1.0
-1.0
-1.0
-1.0
-1.0
-1.0
-1.0
-1.0
-1.0
-1.0
-1.0
-1.0
-1.0
-1.0
-1.0
-1.0
-1.0
-1.0
-1.0
-1.0
-1.0
-1.0
-1.0
-1.0
-1.0
-1.0
-1.0
-1.0
-1.0
-1.0
-1.0
-1.0
-1.0
-1.0
-1.0
-1.0
-1.0
-1.0
-1.0
-1.0
-1.0
-1.0
-1.0
-1.0
-1.0
-1.0
-1.0
-1.0
-1.0
-1.0
-1.0
-1.0
-1.0
-1.0
-1.0
-1.0
-1.0
-1.0
-1.0
-1.0
-1.0
-1.0
-1.0
-1.0
-1.0
-1.0
-1.0
-1.0
-1.0
-1.0
-1.0
-1.0
-1.0
-1.0
-1.0
-1.0
-1.0
-1.0
-1.0
-1.0
-1.0
-1.0
-1.0
-1.0
-1.0
-1.0
-1.0
-1.0
-1.0
-1.0
-1.0
-1.0
-1.0
-1.0
-1.0
-1.0
-1.0
-1.0
-1.0
-1.0
-1.0
-1.0
-1.0
-1.0
-1.0
-1.0
-1.0
-1.0
-1.0
-1.0
-1.0
-1.0
-1.0
-1.0
-1.0
-1.0
-1.0
-1.0
-1.0
-1.0
-1.0
-1.0
-1.0
-1.0
-1.0
-1.0
-1.0
-1.0
-1.0
-1.0
-1.0
-1.0
-1.0
-1.0
-1.0
-1.0
-1.0
-1.0
-1.0
-1.0
-1.0
-1.0
-1.0
-1.0
-1.0
-1.0
-1.0
-1.0
-1.0
-1.0
-1.0
-1.0
-1.0
-1.0
-1.0
-1.0
-1.0
-1.0
-1.0
-1.0
-1.0
-1.0
-1.0
-1.0
-1.0
-1.0
-1.0
-1.0
-1.0
-1.0
-1.0
-1.0
-1.0
-1.0
-1.0
-1.0
-1.0
-1.0
-1.0
-1.0
-1.0
-1.0
-1.0
-1.0
-1.0
-1.0
-1.0
-1.0
-1.0
-1.0
-1.0
-1.0
-1.0
-1.0
-1.0
-1.0
-1.0
-1.0
-1.0
-1.0
-1.0
-1.0
-1.0
-1.0
-1.0
-1.0
-1.0
-1.0
-1.0
-1.0
-1.0
-1.0
-1.0
-1.0
-1.0
-1.0
-1.0
-1.0
-1.0
-1.0
-1.0
-1.0
-1.0
-1.0
-1.0
-1.0
-1.0
-1.0
-1.0
-1.0
-1.0
-1.0
-1.0
-1.0
-1.0
-1.0
-1.0
-1.0
-1.0
-1.0
-1.0
-1.0
-1.0
-1.0
-1.0
-1.0
-1.0
-1.0
-1.0
-1.0
-1.0
-1.0
-1.0
-1.0
-1.0
-1.0
-1.0
-1.0
-1.0
-1.0
-1.0
-1.0
-1.0
-1.0
-1.0
-1.0
-1.0
-1.0
-1.0
-1.0
-1.0
-1.0
-1.0
-1.0
-1.0
-1.0
-1.0
-1.0
-1.0
-1.0
-1.0
-1.0
-1.0
-1.0
-1.0
-1.0
-1.0
-1.0
-1.0
-1.0
-1.0
-1.0
-1.0
-1.0
-1.0
-1.0
-1.0
-1.0
-1.0
-1.0
-1.0
-1.0
-1.0
-1.0
-1.0
-1.0
-1.0
-1.0
-1.0
-1.0
-1.0
-1.0
-1.0
-1.0
-1.0
-1.0
-1.0
-1.0
-1.0
-1.0
-1.0
-1.0
-1.0
-1.0
-1.0
-1.0
-1.0
-1.0
-1.0
-1.0
-1.0
-1.0
-1.0
-1.0
-1.0
-1.0
-1.0
-1.0
-1.0
-1.0
-1.0
-1.0
-1.0
-1.0
-1.0
-1.0
-1.0
-1.0
-1.0
-1.0
-1.0
-1.0
-1.0
-1.0
-1.0
-1.0
-1.0
-1.0
-1.0
-1.0
-1.0
-1.0
-1.0
-1.0
-1.0
-1.0
-1.0
-1.0
-1.0
-1.0
-1.0
-1.0
-1.0
-1.0
-1.0
-1.0
-1.0
-1.0
-1.0
-1.0
-1.0
-1.0
-1.0
-1.0
-1.0
-1.0
-1.0
-1.0
-1.0
-1.0
-1.0
-1.0
-1.0
-1.0
-1.0
-1.0
-1.0
-1.0
-1.0
-1.0
-1.0
-1.0
-1.0
-1.0
-1.0
-1.0
-1.0
-1.0
-1.0
-1.0
-1.0
-1.0
-1.0
-1.0
-1.0
-1.0
-1.0
-1.0
-1.0
-1.0
-1.0
-1.0
-1.0
-1.0
-1.0
-1.0
-1.0
-1.0
-1.0
-1.0
-1.0
-1.0
-1.0
-1.0
-1.0
-1.0
-1.0
-1.0
-1.0
-1.0
-1.0
-1.0
-1.0
-1.0
-1.0
-1.0
-1.0
-1.0
-1.0
-1.0
-1.0
-1.0
-1.0
-1.0
-1.0
-1.0
-1.0
-1.0
-1.0
-1.0
-1.0
-1.0
-1.0
-1.0
-1.0
-1.0
-1.0
-1.0
-1.0
-1.0
-1.0
-1.0
-1.0
-1.0
-1.0
-1.0
-1.0
-1.0
-1.0
-1.0
-1.0
-1.0
-1.0
-1.0
-1.0
-1.0
-1.0
-1.0
-1.0
-1.0
-1.0
-1.0
-1.0
-1.0
-1.0
-1.0
-1.0
-1.0
-1.0
-1.0
-1.0
-1.0
-1.0
-1.0
-1.0
-1.0
-1.0
-1.0
-1.0
-1.0
-1.0
-1.0
-1.0
-1.0
-1.0
-1.0
-1.0
-1.0
-1.0
-1.0
-1.0
-1.0
-1.0
-1.0
-1.0
-1.0
-1.0
-1.0
-1.0
-1.0
-1.0
-1.0
-1.0
-1.0
-1.0
-1.0
-1.0
-1.0
-1.0
-1.0
-1.0
-1.0
-1.0
-1.0
-1.0
-0.03851195850119748
-1.0
-1.0
-1.0
-0.04056659942990112
-0.042582686481083445
-0.041743669109310245
-1.0
-1.0
-0.026303390370676208
-0.01891007632581099
-0.021242510037089008
-0.021091578736338212
-0.012167155268039041
-0.016240536369447472
-0.01147085419636708
-0.0010730054927573143
-0.0023020703896187043
-0.008995886939310225
-0.015403105469907504
-0.024666703566574064
-0.0283039524913209
-0.029851287891816243
-0.029967943282591707
-0.031047510748687987
-0.03036514562618307
-0.028857291362513037
-0.025841513355774257
-0.02468687920251953
-0.019612271567591353
-0.011427896397497127
-0.0006914090401828835
0.003850232863330051
0.00041813535233071087
-0.0020940048983774315
0.0010918641542880818
0.002879156573456246
0.008288291373369583
0.013424422897978466
0.008598433502997589
0.0001463668404915268
-0.00535578099674796
-0.003226806059307183
-0.002040294280393361
-0.0016602826901932395
0.0024676023654331444
0.005318710394340261
0.006243858630186381
0.00022764422873656213
0.0031891129659076148
0.005246914042834388
0.0029674512008373327
-0.006105699871419807
0.00017168325952865787
-1.0
-1.0
-1.0
-1.0
-1.0
-1.0
-1.0
-1.0
-1.0
-1.0
-0.0164362133890164
-1.0
-0.018855281068365575
-0.01894075630797729
-0.012950320869144213
-0.009574731321457463
-0.002413839077103573
0.005630221843775219
0.013268253521646279
0.009253601613804847
0.010017785174507595
-0.004050982215355179
-0.00862130369321621
-0.012584284624434798
-0.008051195559253843
-0.0012028745424228619
-0.003350643360732785
0.0021840698001587885
0.007107627533642696
0.009014181528927585
0.01924880938009037
0.01889807191749066
0.015186030013878811
0.0043037500501035535
-0.006340978465867732
-0.011514060493900012
-0.008901823065307539
-0.0067762056927118085
-0.0023832851744107946
-0.009844351438531334
-0.011106041355272519
-0.009337580325542976
0.0022503085449338597
-6.04906803724608e-05
0.00028869903062865446
-0.002769091008990358
0.0027141800856065237
0.0135256458556287
0.005970225877643648
0.0037675620140736393
0.0056792012919441226
0.018754065972690297
0.02027677931850758
0.020308269737944397
0.02467097040359601
0.020338907566070697
0.024145290360666566
0.026272641557451654
0.028877517032515083
0.018163826904709853
0.012986312208073007
0.015424686707078491
0.015517185722489064
0.017655911174435795
0.013805983735754682
0.014239815295972538
-1.0
-1.0
-1.0
-1.0
-1.0
-1.0
-1.0
-1.0
-1.0
-1.0
-1.0
-1.0
-1.0
-1.0
-1.0
-1.0
-1.0
0.01578791765431079
0.020268888719694747
0.020550352389658546
0.02245078178805717
0.02184652338454246
0.02919766365002375
0.02891238170889556
0.026492899467671534
0.02237854635410705
0.02183927086368174
0.021278141119706967
0.014610550134488596
-1.0
-1.0
0.022834387623050692
0.02534346612288871
0.024571456388503193
0.021718398376967662
0.02699251398767183
0.02891215408442651
0.024482907199037913
0.027495446952404932
0.026476708450033998
0.02514211876830417
0.027847457094487747
0.02572867510394918
0.010957505510367154
0.006136410820062804
-4.20244950776008e-05
0.0015084140667248763
-1.0
-1.0
-1.0
-1.0
-1.0
-1.0
-1.0
-1.0
-1.0
-1.0
-1.0
-1.0
-1.0
-1.0
-1.0
-1.0
-1.0
-1.0
0.033554381376760804
0.031115227668060554
0.03362908919127378
0.035142926590773726
0.03288770847241332
0.028906996691366472
0.03120261099355335
0.030848525955193846
0.0329902515636188
0.03303263823342565
0.03190046703650265
0.03298180545739111
0.028448427721864823
0.02856298407956638
0.030953824674172053
0.0308311712469755
0.03057035939149608
0.02707587430297293
-1.0
0.02700818174100587
0.027979503602451293
0.028232449001062428
0.02459676728839821
0.02687615916197619
0.025777358922790452
0.028857234124453568
0.02183899076609651
-1.0
-1.0
-1.0
0.021452754459452324
0.01904435063761869
0.0168918264507971
0.018781045069143888
0.018622007314249074
0.020384628304081772
0.018281717484792785
0.02030932255295713
0.017650504650372722
0.018584470767847125
0.022027883884920812
0.021908959649377245
-1.0
0.020651538868661057
0.022752820314219963
0.02518121520859007
0.023152721182283596
0.018256163754863382
0.01941381075509384
0.02242166430408661
0.0236960271987136
-1.0
0.021536084990188633
-1.0
-1.0
0.015402218290784881
0.01676953761113728
0.01894790080726179
0.022996222761407607
0.024980788712130084
0.021364708859257717
0.021719786716877725
-1.0
0.026077453451656723
0.025987164503130215
0.025518134076876055
-1.0
0.02442704554326327
0.019317115552728633
-1.0
0.006589139683419041
0.005799863086634872
0.005786529920191381
0.000900705240027869
-1.0
-0.0029776758792070214
-0.003568856277988699
0.0018228916082606932
0.005798710602761322
0.0038097752292434654
0.005301685177899497
0.00811709454447498
0.012513447216386241
0.01611400195242827
0.02508089065653063
0.031853157003719296
0.03136760725081901
0.03521325990459574
0.03588987915519046
0.03535097703104535
0.036086936145552945
0.0323226089245421
0.03327829333410807
0.03216261850293553
-1.0
-1.0
-1.0
0.028232651447065295
0.029377242237761225
0.030035575171484453
0.026723417828531874
0.02608959338958078
0.024747285624154902
0.025428225375373346
0.026909643697304232
0.024991077421855423
0.024445350473932738
0.02453264393340602
0.02332464898995729
-1.0
0.028224763032728372
0.026594351742485943
0.025168675893169585
0.025332089913927724
0.027310882862627513
0.028519882676684948
-1.0
0.02424216021841426
0.02344498655772401
0.027249722971280654
0.025917908683901883
0.02166180409432046
0.015206071612569332
-1.0
-1.0
-1.0
-0.0221807479807281
-0.023391645535629016
-0.021481605653826796
-0.02221203506446027
-0.024260420958440117
-0.026069426018363612
-0.030506093734488933
-0.031794191028837966
-0.03260662079747678
-0.031574017289812725
-0.02697728130828717
-0.029074824260517294
-0.028867274480769797
-1.0
-1.0
-0.02052279499471923
-0.021377932046625088
-0.026721530445488435
-0.027743776554202
-0.0314760557601416
-0.031483412124591756
-0.031235426093627644
-0.0283568053044428
-1.0
-1.0
-0.026818197357580408
-0.022957889239865394
-0.015075786504337768
-1.0
0.005136614199468706
-0.0012253304682451733
-0.006629620647553427
-0.0036206034264074463
-0.006962442822511766
-0.002613460243446919
0.009818940494083437
0.008806043441473477
0.010932202354996777
0.009880096091715173
0.006066384456909269
0.0008715296891545429
-0.004493533581972614
-0.011496943725198796
-0.018358527322746343
-0.028307783102140716
-0.02902764380146327
-0.027202629914350615
-0.032744182426048055
-0.035638873154536586
-0.035499102393685505
-0.03520211973376532
-0.032587017149384355
-0.03364985441314281
-0.038088128111586496
-0.038141317543817346
-0.03817749966706004
-0.03924331200572013
-0.03836737998053141
-0.03610157504727775
-0.037440555753031825
-0.038079566044494126
-0.037328653188591195
-0.03652066625395192
-0.033988041371289024
-0.029305577599112582
-0.029340275744070894
-0.027340286453774173
-0.01893718302973645
-0.015452555476221154
-0.006938428004532298
-1.0
0.0032227222624393167
0.011959125281680624
0.01165873122025778
0.008289771411211387
0.007865829767075623
0.014462097993177266
0.013217470532173507
0.007258663037921632
-1.0
-0.018857451359509912
-0.023572215114759484
-0.02897638092173393
-0.0318864358244818
-0.035809102749827515
-0.0377707125196134
-0.038194484653380795
-0.038797967147788756
-0.04116685874337866
-0.04172699443768461
-0.04257038992305266
-0.04215225886779496
-0.041454475486711086
-0.042035657848264366
-0.04381910110317918
-0.043405280156828006
-0.043533576305661355
-0.043157895727700776
-0.04153142781156762
-0.043143395836166006
-0.042542927671838114
-0.0435721365525711
-0.043127415205570216
-0.043522706969036526
-0.042551442405140645
-0.04316869308939367
-0.04248863428227381
-0.04199430139453169
-0.04307883088698684
-0.04298753986369085
-0.04383975927913529
-0.04333914806077783
-0.04312637456121523
-0.0429892861104357
-0.04322175433371652
-0.0430225276357956
-0.04317003780579195
-0.04309224699153794
-0.042630065242269005
-0.04333222818799743
-0.04379826523936618
-0.04330032064157244
-0.04257608166789312
-0.040469556189269194
-0.03703880496741456
-0.034383856688277016
-1.0
-0.012976794060014847
-0.0027672709563900427
0.001126624311161846
-0.01816511982502316
-0.02679008173369714
-0.02671766075462809
-0.027889013795342425
-0.030549577277582486
-0.03462178243067255
-0.03680502239481848
-0.038499583598541776
-0.038680220451602805
-0.03779703249851865
-0.03668396055391629
-0.03772257637221112
-0.03701156448565114
-0.03635419569073341
-0.034860562695738985
-0.03542068938492439
-0.03632579390111902
-0.03817317358071706
-0.037185911325697533
-0.035855501998154383
-0.03635541039286638
-0.037036338703235396
-0.036230081674718057
-0.03677086590459431
-0.03519953531709583
-0.03200449176752454
-0.023304503317676327
-0.019368800558261214
-0.024621886547231
-0.014554875621769138
-0.009180327318748478
-0.0015221789874215299
0.010107801235574466
0.01223867648776358
0.013673580071924334
0.005894275071018581
-0.008817687885311676
-0.006168268990497039
-0.003956074371248113
-0.005715167592333842
-0.010865421338457167
-0.010070369235855981
-0.01507076483907742
-0.01513436805905915
-0.01067154959274104
-0.004000441255602503
-0.006089344032813985
-0.004462887968032012
-0.000449502812324371
0.011045855412249487
0.013839018211887764
0.012679827087024607
0.011166988556968307
0.02322575378914663
0.028390975771443144
0.026676557530788195
0.02705736949015238
0.026665075821926884
0.02998763042167254
0.02483624602398096
0.019031614427378885
0.018745654252046964
0.018753028120596288
0.024350376022608068
0.027981766411671858
0.02971167684523215
0.03020121635094211
0.02635454012241969
0.01997816568478063
0.01830889097626904
0.017864815016892924
0.01599200055842559
-1.0
0.027464966037387937
0.0277513284556614
0.028035951225255918
0.026582070326895132
0.023766556586035686
0.02621337678114656
0.02456091803761681
0.023679870150642296
0.02115742866107242
0.021309566231358688
0.01533008378085492
0.01649191006295849
0.016114669642250685
0.014894915409060606
0.011866189815942098
0.0072397661251460705
0.006772221585904022
0.013323145428472785
0.013202582745524235
0.015709516825736913
-1.0
0.03039433802604015
-1.0
0.03283067379896116
0.029091776042341387
0.026152378677879298
-1.0
0.02142063935622351
0.00927628524575773
0.00796984185594163
0.004606625081995361
0.00502189060847374
0.010990485885899178
0.022008336132024766
0.023385191771307105
0.023599908410782744
0.022831104260890397
0.019495622356532835
0.020382844440950874
0.020896286572680042
0.008936227488735246
-0.004875108948805421
-0.006325234709949461
-0.007086012616842787
-0.0028882930584904452
0.0008583475645759409
0.013060636704665656
0.014115354287990108
0.019327971529287242
0.003217838878752912
-0.0019051164545739149
-0.0005507519125452827
0.008229880984796803
-1.0
0.018966848061002146
0.01921006339704454
0.025045205476317424
0.0233709025655143
0.027568885022520737
0.02698916991915544
0.02521100089863059
0.028143021925526018
0.025305057842397664
0.02923217092151758
0.026887171606423624
0.029677066436100352
0.03101549644871533
0.029257494940958476
0.03018668983060805
0.03231092774609255
0.029488781224177786
0.03091901859033593
0.02833708680713126
0.02821660243390878
0.030094458425220974
0.029471762349458433
0.023389180444593205
0.017433574894155687
0.017097345742405328
0.02376342786839377
0.02143012237042997
0.019012363286085278
0.014415720337800163
0.013057912694544963
0.010945700581685676
0.009125932245158218
0.011122029067721141
0.013631522095383174
-0.002073723612506046
-0.023682297135086797
-0.028218109708667616
-0.028184223386940575
-0.02864811067790202
-0.0275830126274012
-0.026478105098645347
-0.020331379382931065
-0.028651882206994644
-0.02904519557538778
-0.029269888235636386
-0.031543733738175664
-0.03072016948914371
-0.029519374907438906
-0.03009640828907321
-0.028820666813844893
-0.023272955211626672
-0.01220213394584241
-0.0070244459860538825
-0.020787905530768494
-0.014196497281660347
-0.011936451779788455
-0.03051079974703968
-0.036852861445009
-0.03803984591894164
-0.03916680834324636
-0.03927845330566125
-0.03832569614386747
-1.0
-1.0
-0.04153996367105831
-0.04124153522354918
-0.03919229871294835
-0.03881634665955925
-0.039194798092071256
-0.04030723048755392
-0.03954364486856894
-0.04084105454367618
-0.04066582485327153
-0.039113657002253756
-0.04137954326766836
-0.04030588441893963
-0.039684530602213296
-0.039790977734017664
-0.04064526397926856
-0.040717086890079635
-0.0416684709682855
-0.04081272677073757
-0.04148926530072144
-0.03759371268743013
-0.031955818476618915
-0.020969319443501704
-0.02016606867085247
-0.022249154663401306
-0.0249462098265479
-0.02970875303804151
-0.02841882099138646
-0.030440338280998104
-0.0323150208534778
-0.02900659126747767
-0.018744614686041664
-0.02124836087045756
-0.02377860394736573
-0.02310982279679374
-0.01695315832887973
-0.030836163051309325
-0.03563346344875362
-0.036236158713089585
-0.037534306854541996
-0.03747313237007267
-0.03841261921351047
-0.03784174576515696
-0.036653390306510596
-0.03145767447121488
-0.03122877481360624
-0.028971460954400844
-0.027056677271494748
-0.026945004484452563
-0.029978226558214333
-0.04095142096723068
-0.04312710462490294
-0.04292566553672188
-0.04279338718815183
-0.04294016472513807
-0.04408991315589432
-0.04258653895939585
-0.04284381615856244
-0.04270827744012329
-0.04343981010809907
-0.04340480069884785
-0.04284029918439255
-0.04175827475043172
-0.042428356050452996
-0.04214480671730261
-0.04148919725016364
-0.04231132330018536
-0.0425969995228318
-0.04297941097758142
-0.04158679358054692
-0.0423989779010613
-0.04280706923812485
-0.04327101565169476
-0.04268442160063709
-0.04088993632658989
-0.041902587172340904
-0.041592211040609874
-0.04276459493270151
-0.04352520997175387
-0.04303492678587123
-0.042276436832744534
-0.043815198207336176
-0.04311363885377379
-0.043800353562546954
-0.0432623291298071
-0.04272269786243621
-0.04201908368006994
-0.043369145633682896
-0.04314003045489614
-0.04273812031638298
-0.041622058676779164
-0.04173481937778844
-0.03984762964189301
-0.034723895438639935
-0.027739215252042673
-0.02429544057239185
-0.025835653309944674
-1.0
-1.0
-0.032234730743824797
-0.03494344293575277
-0.03136550268746461
-0.02403527592899346
-0.007721005926878571
0.0007302530840969968
-1.0
0.001188927144504362
0.01172083088853869
0.01873375305201939
0.012591499053491387
-0.0016823750123058311
-0.011229866074908158
-0.014123806102864832
-0.017209343856045105
-0.013822637859352805
-0.015809061485616546
-0.016503795107130806
-0.012755815140165182
-0.0027621508017979133
-0.012120442153007262
-0.01872542116634819
-0.0251855076038918
-0.021995815797600727
-0.01985011525050111
-0.022917156354233668
-0.023954336252359945
-0.023516642316718447
-0.02380244119710738
-0.02412150630245532
-0.02183534757131198
-0.021135315863585188
-0.024137069743375386
-0.023737829191315462
-0.016366679723943154
-0.016801297209774475
-0.01573729460442577
-0.01503224887904884
-0.009064868706414604
-1.0
0.013930835695401282
0.010462769951630793
0.014719354095877366
-1.0
0.02378661095629129
0.024659401543753005
0.028199211365931842
0.030100814821096767
0.02949222648873163
0.028867342897135263
0.028191879195668394
0.02877483712246679
0.028059890211006154
0.027971276190181613
0.027994173485204086
0.013061784568026693
-0.00046771709785392286
-0.007838994913887325
-0.009966370012711381
-0.011978599861929819
-0.011959181503507015
-0.011623012942685139
-0.007244854876825957
-0.0030361849431233085
0.0072284885713222525
0.01145834424094511
0.005818642589282404
0.010893091348728044
-1.0
0.02241120004306044
0.02386263596555306
-1.0
0.01505001766586354
0.01301407310823362
0.01842250529442178
0.022255363639132882
-1.0
0.02387673664318718
-1.0
-1.0
-1.0
-1.0
-1.0
-1.0
-1.0
0.03307337728956486
0.029437345600466704
0.023491720550069137
0.019118153125328045
0.017952248974478523
0.018252979763612048
0.02092677636009223
-1.0
-1.0
0.030561779986244188
0.03311825196122981
0.03283481370168251
0.03525388511447896
-1.0
0.038723676897541144
0.0385591305301717
0.038224006214095316
0.035899052805625026
0.037765770277182184
0.035267824178182694
0.037008137746725525
0.037744261774818745
0.03854908680738929
0.03705945153701918
0.03694844219753716
0.03710452041289943
0.03611984838551561
0.0363565033328665
0.03072674990407604
0.02977567211817293
0.029148050607556618
0.032476851078926124
0.02902450204626667
0.03267233580088788
0.03311951056655255
0.03567891774927803
0.03612802302283713
0.03695058460957842
0.03397276909395765
0.03530158306296386
0.03519471422544134
0.037106988561808295
0.03196928085705354
-1.0
-1.0
0.03309137626001994
0.03210147062622525
0.03369847966751826
0.03613639013994577
0.03486437426476682
0.03339667955368891
0.03361550120328805
0.02929137116307183
0.028940516245770265
0.03273300617580754
0.037384503505339
0.03777970859440788
0.038855368301653884
-1.0
0.037219265478127574
0.03549988861376547
0.0300982603093992
0.0311319033164188
0.03467055524489673
0.031762481444850076
0.031033211751865023
0.03547463852895222
0.03732557179543523
0.034614989021685486
0.03452074135158157
0.03491539281134818
0.03719171621110586
0.03860224230168261
0.034813001121870725
0.036234466113942404
0.03508491075689065
0.032696185312098454
0.034128896298330894
0.03661888928066346
0.03722986631021508
0.034949936873870165
-1.0
0.034513778657847695
0.035554008271991504
0.036457173042745754
0.036111962695726585
0.039361848974320754
0.03860105391042288
-1.0
0.03518460294260495
0.022334154681044095
0.017357959673165516
0.016056088080360346
0.015830726824734645
0.01618623028645004
0.015018223342023029
0.0124037708221903
0.016410436758885035
0.015228483198615198
0.022452759214230456
0.020881417381054628
0.021527959244738607
0.026901268951318988
0.02758708051525471
0.030045136116056154
0.029584041535291802
0.025138005919849108
0.02455396396637886
0.01966306758593565
0.01765004189352689
-1.0
0.03061972938977151
0.03134948655565967
0.03135050316026422
0.029718817133082585
0.032604673246466306
0.034123626433896485
0.035086447803722304
0.03468326092420112
0.03447056271420351
0.03296861331883953
0.0338935527033569
0.03354701865929051
0.03490895822429754
0.037138768740826805
0.037274777684441505
0.035295203333884154
0.038170300588550844
0.03599719828288761
0.03698699765474926
0.035994760409248955
0.035716254476901486
0.03651750399758724
0.03599126830297393
0.034765091356841686
0.033572306296852955
0.0332680593814872
0.03303880913945283
0.031619815022039796
0.03322775469696821
0.0348691747417505
0.03689677784919437
0.03693744938805942
0.03698767475548468
0.03506707569737037
0.034206884946897595
0.03643545747648623
0.036378637089104326
0.03356889832427101
0.0341818204861257
0.03209542748851898
0.035493222639154505
0.036860657591891804
0.036336874869300956
0.034163918987889445
0.03433222019752629
0.03661515525835357
0.03715005545646099
0.036503403780780826
0.036601645839080044
0.03804470843655166
0.03690234144632675
0.03784771483819586
0.0364828738269572
0.03768137787358622
0.038582243551508126
0.03794573450462183
0.03795448301731778
0.0374885197700683
-1.0
0.03853227420839035
0.03692201847301559
0.03996058659741243
0.039897849159268785
0.03781323015595868
0.03878363702160106
-1.0
0.03541356547125734
0.03720726633545894
0.03668626049488819
0.0391093546650467
0.03827094554169506
0.03898552954578625
0.036980300349009426
0.038231541904393956
0.035093938448328164
-1.0
0.034997572735675546
0.03580955242936361
0.03267030312960621
0.034514875227545906
0.03707731055224305
0.03430593364316564
0.03294816363770091
0.031583055862346394
0.033281166482401016
0.034509109993701374
0.03492787595273943
0.03471191773454596
0.03711590388703372
0.03628976000650304
0.032315028235442314
0.031707558724661154
0.03507857020405568
0.035162128127202076
-1.0
0.03566215048244548
0.035052832423271084
0.03361654286103144
0.0345702614483646
0.03763273834049204
0.0361017903126073
0.038690865140409716
0.038904397075628774
0.03682682335790451
0.035077551144638494
0.03543803192665701
0.034472912189967016
0.034150571360988355
0.03432900209380373
0.030262756510891834
0.03362508619035857
0.03457327832077537
0.034679013151185156
0.033766030775477615
0.0326636635516649
0.0349851715522306
0.03408102855858221
0.03342242874948034
0.03343038497228249
0.03026178145239462
0.02699663695792794
0.031222080402915395
0.029658769984486463
0.02999770041335156
0.02431811448323343
0.015335946902077473
-0.0027724922456708137
-0.008594044306070709
-1.0
-0.01524132964919939
-0.018109200193363845
-0.015912703687096186
-0.014739612796694335
-0.016423628393336494
-0.025962911983970046
-0.027373001940399468
-0.029955234720405576
-0.031796009944630305
-0.03158474675197173
-0.03177648089428605
-0.032587856175741996
-0.03192875403368997
-0.03594985214321365
-0.03175882156743431
-0.03061003500764591
-0.03158621545278175
-0.029192773207416766
-0.0272228867989094
-0.02321027127408548
-0.013039974403401053
-0.012180762665678168
-0.02347487124293293
-0.02585146765009136
-0.020692638864454483
-0.01877142792289712
-0.012167837885421246
-0.00045859391086671336
0.0035176101231944134
0.01692727056126836
0.018998277871949024
-1.0
-0.00022694694804973911
-0.007664363241674476
-0.006186019384512944
-0.00037419001751665766
-0.002309922637511276
-0.016983842140741875
-0.022157044793378475
-0.028941301587959493
-0.026456803210021165
-0.025573913385024478
-0.026437647601689318
-0.03146021901682136
-0.03258101926636139
-0.03105124979075631
-0.03294111255317366
-0.031295183815601264
-0.03435286356892379
-0.03169866088813779
-0.030864747281938654
-0.02853496501981522
-0.027601311499799164
-0.0205269586020685
-0.020398573545017236
-0.017312386409172358
-0.009585116693326432
-0.01507442578176184
-0.0235709131500096
-0.0300345618316856
-0.03207394984438573
-0.032652641631114136
-0.035033808971369026
-0.034337573207474215
-0.037549516515178315
-0.034341084918338136
-0.031055967790382635
-0.02614883599394216
-0.030762207712562096
-0.030477762743791645
-0.031027128774322052
-0.026632450494245404
-0.02570233692877515
-0.02067164968310473
-0.0029269169603840673
0.011158783994843305
0.00976125314557362
0.014102616108558674
0.018727598742386154
0.009437014960993112
0.007371336685887951
0.012771904891659941
-0.0028925128418334054
-0.011502537506919621
-0.01510943773503434
-0.015266895212203169
-0.016952597513662144
-0.024270573836961882
-0.027729386829175376
-0.027371913243209846
-0.02795832473632002
-0.023780940173389917
-0.022054288307621312
-0.021396964162083774
-0.011930273741877608
0.006926173824041418
0.014137699517097925
0.012006858512125556
0.008592423658562397
0.01279428084502697
0.00710706463964938
-0.003044688630477567
-0.009805077353398623
-0.01575688813512106
-0.02012866665005401
-0.022894583729548987
-0.02080212957372301
-0.01515965439947829
-1.0
0.007129700832614692
0.014341386047150179
0.010008579482846128
3.2596974340648884e-05
0.0034508197525809172
0.012686060338861917
0.009199196402923188
0.004308872860943659
0.006431900036976913
0.013287174869925712
0.015508135011248814
0.01861332523716727
0.01160389218246356
0.007890780625691401
-0.007661361916440265
-0.01505581548687211
-0.01129569969970793
-0.011572350920351842
-0.011917745701237352
-0.00943059013820922
-0.013047835207549707
-0.009732028143503227
-0.0011418298926466348
0.006410686260002964
0.00026975096161990775
-0.007502631421881638
-0.004393386782691473
-0.0026869119830680763
-0.0019784578721075475
-0.0005059774670909225
0.0037031291625292265
-0.003347991969173217
-0.014064384610033035
-0.019903318029041904
-0.021712657396279443
-0.022432953311745708
-0.022516777109788555
-0.02169677107668429
-0.02239772367116249
-0.021260025318552547
-0.02693294733328391
-0.029009185919403685
-0.032763539582596195
-0.03487977502233928
-0.035141193249735705
-0.036534668965130246
-0.0373749437303527
-0.039195338881103
-0.03802756052827571
-0.039024875428814276
-0.038843697962578895
-0.039023731411846486
-0.03735075747811332
-0.037841842826378626
-0.03764027755960288
-0.03823646289091471
-0.037673745988417585
-0.03763140476424663
-0.03931958240474869
-0.03853118530556904
-0.038021130540035364
-0.03850662558842608
-0.03894085303230053
-0.03787731190279334
-0.03932869533761663
-0.04017785523706544
-0.040419303921221214
-0.03998214423074006
-0.03903835040702188
-0.04152427976897166
-0.04172526841767156
-0.04291657571554668
-0.04343735471536334
-0.0424764421374798
-0.0401733113914802
-0.040799872455061524
-0.03947787943781579
-0.04041272802209602
-0.04074439898181166
-0.039969866675907816
-0.04004431192112905
-0.034575457079831666
-0.034438907296248086
-0.023545794948322745
-0.032985066167672494
-0.03917593509266681
-0.04093721390721384
-0.04257479983985025
-0.0429234995822709
-0.04127653050637996
-0.042317415520511784
-0.04212775853695416
-0.042610506338592535
-0.04220737735110991
-0.04190810691094516
-0.04132145234204103
-0.04091271101957251
-0.03937151456627513
-0.03841996714738436
-0.035084568053563144
-0.03800646152355952
-0.03987036314769279
-0.038661061294030866
-0.03903774585624278
-0.038637061212468994
-0.0388696061582548
-0.03979531839790646
-0.039661045804702824
-0.03951521157761329
-0.03974181863169108
-0.03912670010013106
-0.039434699339214875
-0.03984713623537243
-0.03972047357894842
-0.03932464576133698
-0.038493766936689905
-0.037629546391941944
-0.040574059016545636
-0.03983369916464378
-1.0
-0.040473658517699886
-0.04080250416627292
-0.03995040307991506
-0.0408274071490841
-0.040406118650217586
-0.04028752481651755
-0.04008703067890098
-0.04042664141151426
-0.04074244918126057
-0.04019060801903408
-0.03983357899027629
-0.04005582494205852
-0.04039219826251492
-0.041428922353234705
-0.041110489545470044
-0.040106262881873675
-0.04050984238730431
-0.03956847346698434
-0.03566721821326889
-0.036982583779255326
-0.03640147976861666
-0.03732319882268982
-0.03741472612501181
-0.03704347499260274
-0.03444740039708493
-0.03232986413911809
-0.03277689310290999
-0.037850219052226027
-0.03436598740373798
-0.029736200534564022
-0.017156994062124616
-0.010604768165096281
-4.2316019609893597e-05
0.005919774527760144
0.005560794385468088
0.002423052142678572
0.0070812948124819395
0.018006896943716856
0.018986313598189097
-1.0
-1.0
0.006589721192078888
0.0019165840285450737
-0.003674083891994055
-0.006301730072384016
-0.00316375497587987
0.0005925227723530393
0.0066616247377057625
0.016133550333410428
0.023471600166175464
0.018452336329984123
0.028726789695640145
0.029228069782031636
0.030499797509038157
0.030449010211456334
0.026285870777913077
0.025465917640857205
0.024824904187001867
0.02570987615462929
0.025618445201253566
0.029908109606580285
0.02811763811587104
0.030956655253548446
0.02923909381540025
0.028693743754930067
0.022593802079590483
0.021324220490136537
0.003811515257543666
0.0010765103154731623
-0.00047248493683618107
-0.003249295487694736
-1.0
-1.0
-1.0
