-1.0
-1.0
-1.0
-1.0
-1.0
-1.0
-1.0
-1.0
-1.0
-1.0
-1.0
-1.0
-1.0
-1.0
-1.0
-1.0
-1.0
-1.0
-1.0
-1.0
-1.0
-1.0
-1.0
-1.0
-1.0
-1.0
-1.0
-1.0
-1.0
-1.0
-1.0
-1.0
-1.0
-1.0
-1.0
-1.0
-1.0
-1.0
-1.0
-1.0
-1.0
-1.0
-1.0
-1.0
-1.0
-1.0
-1.0
-1.0
-1.0
-1.0
-1.0
-1.0
-1.0
-1.0
-1.0
-1.0
-1.0
-1.0
-1.0
-1.0
-1.0
-1.0
-1.0
-1.0
-1.0
-1.0
-1.0
-1.0
-1.0
-1.0
-1.0
-1.0
-1.0
-1.0
-1.0
-1.0
-1.0
-1.0
-1.0
-1.0
-1.0
-1.0
-1.0
-1.0
-1.0
-1.0
-1.0
-1.0
-1.0
-1.0
-1.0
-1.0
-1.0
-1.0
-1.0
-1.0
-1.0
-1.0
-1.0
-1.0
-1.0
-1.0
-1.0
-1.0
-1.0
-1.0
-1.0
-1.0
-1.0
-1.0
-1.0
-1.0
-1.0
-1.0
-1.0
-1.0
-1.0
-1.0
-1.0
-1.0
-1.0
-1.0
-1.0
-1.0
-1.0
-1.0
-1.0
-1.0
-1.0
-1.0
-1.0
-1.0
-1.0
-1.0
-1.0
-1.0
-1.0
-1.0
-1.0
-1.0
-1.0
-1.0
-1.0
-1.0
-1.0
-1.0
-1.0
-1.0
-1.0
-1.0
-1.0
-1.0
-1.0
-1.0
-1.0
-1.0
-1.0
-1.0
-1.0
-1.0
-1.0
-1.0
-1.0
-1.0
-1.0
-1.0
-1.0
-1.0
-1.0
-1.0
-1.0
-1.0
-1.0
0.08453244368859988
0.05699067334621588
0.06626877342773477
0.08606785615399626
0.08295267708804831
0.0775688255111153
0.03278402879553726
0.0021963584401117234
0.0007006045500166396
-0.012873810012607921
-0.02385438538780831
-0.02405922585195608
-1.0
-1.0
-1.0
-0.043083206278378194
-0.05393240915699265
-0.047198710368665325
-0.05345125742997716
-0.055037491312769554
-0.05855201509501149
-0.05168816592703886
-0.06007721279960115
-0.061698009174757436
-0.06274963903633132
-0.06388465272547185
-0.06419923157059863
-0.06102135961009547
-0.0516918428312742
-1.0
-1.0
-1.0
-1.0
-0.057247359139941785
-0.06688591207264763
-0.05846263157403314
-0.0439521703610877
-0.050655396568052666
-0.06814457802455867
-0.06887154446466952
-0.05132083519665259
-1.0
-1.0
-1.0
-1.0
-0.0548320543129007
-0.04963989568337433
-0.0493571508179002
-0.04718530090384712
-0.019012578621617166
0.00194424319982576
0.030161916341829784
0.022143133772226063
0.07338250203134003
0.08517481596146785
0.08002617984579526
0.08024510440697152
0.07384355635842468
0.06956902660232842
0.07531744129451254
0.044716436697943014
-0.007878020935089923
0.0034855419288736702
0.024188876027973174
0.03234438999227436
0.04001824302465834
0.0041831232667913784
-0.028615552985684148
-0.03958420177323457
-0.035417234504753044
-0.04075887819399013
-0.03853215579634919
-0.04183059345499155
-0.042094341086140304
-0.03514800261732351
-0.037883010741639335
-1.0
0.03272529988091603
0.017780813899008808
-0.022197011220945678
-0.0034513107846468245
0.008548953528053667
0.04014410715635961
0.0539217564848118
0.04484495609459894
0.030757565056133085
0.041720833970345275
0.05350715431845958
0.09049047984985888
0.09436368391236023
0.09108351639492426
0.0942882707718446
0.0920455103058061
0.060203209584428076
0.009067642251707687
-0.008642740784652847
0.012671286574106554
0.033687099823237344
0.04663938850424533
0.06676191305938448
0.0624006782420694
0.043441973410596565
0.04767740408764159
0.04450213977984483
-1.0
0.01688974824895282
0.03541667798913079
0.012267094846071053
0.008064502849055749
0.007286541879556458
0.021794017452567677
0.014145616502462896
0.04034295137389097
0.03519286966096413
0.04354939539715335
0.03390760338277224
0.013836991557960867
-0.023610321238144577
-0.021051400636525924
-0.01630089132347062
-0.009547419936439703
0.009761394154326484
-0.027854985526469995
-0.04958516599660445
-0.0376817212389852
-0.05720832523125129
-0.06161041586399194
-0.052944674925424054
-0.058153911738880654
-0.054323647374979925
-0.04532103558280919
-0.060210009546689265
-1.0
-0.06459804110577196
-1.0
-0.0539315467368407
-0.057184209052329495
-0.04914927053752044
-0.056880403117573496
-0.05759260697380771
-0.06211273140368125
-0.06656020489168346
-0.07058650001005383
-0.062305663682700144
-0.05409546909437115
-0.042567983714668446
-0.04795210784586819
-0.04020139174700654
-0.044982755167457325
-0.03172875026480732
-0.021394973367623065
0.018872588621543885
0.03666492784778021
0.01777769119721366
0.002553396789458489
0.018088695587991123
0.004851244259400435
0.004448395413040082
0.02059785863315353
0.030629342283168468
0.05289910100428222
0.06644426694129203
0.0788681042939892
0.08793111801962883
0.08873443292079801
0.09051725111730172
0.09076965127081535
0.08580593288281894
0.08317417520150376
0.08856724456119645
0.08837468550118109
0.08616987702961033
0.08432085907571339
0.08716670413851184
0.08613014647164814
0.08494871098253226
0.08707259645198186
0.08548779064723253
0.0856310495507983
0.0879717052274429
0.08995611960667609
0.08828379399689996
0.05442189796307696
-0.014938157430140651
-0.021217084407275908
-0.024617243412500357
-0.02779817702771301
-0.026502854357238686
-0.04151940274991621
-0.0376623359080039
-0.03504502098138939
-0.030047354371198584
-0.05021781014323653
-1.0
-0.06326821695722071
-0.05133529559723396
-0.031994787932505514
-0.042014229878644165
-0.04121735858516675
-0.04041307434402577
-0.05060741393091239
-0.061912197905812996
-0.06629818480005467
-0.06565819365363189
-0.0658068748253199
-0.06995022270925581
-0.07380535752302449
-0.07326026273879632
-0.06552272413652296
-0.07085819882111719
-0.06272559780354926
-0.06697362764992086
-0.06104989216714831
-0.05572157043129948
-0.06032878578271679
-0.059199323135724
-0.07208991578445413
-0.07380982402375179
-0.062158589731725646
-0.0557126608818078
-0.05951569348328149
-0.06385032308246812
-0.07638214769726766
-0.058584800930107477
-0.06382876985924764
-0.046502941051321356
-0.034932994854877435
-0.02404304700287415
-0.032042625380377276
-0.0408616741041891
-1.0
-0.05193366720994325
-0.05473511455013762
-0.06186491325436897
-0.06681827970135136
-0.07140797961781155
-0.06797153155725448
-0.05911957900892657
-0.06567331999785217
-0.06259102256337273
-0.06688759585180448
-0.059782320745418914
-0.07399098568666293
-0.0694774134118592
-0.06818214897980823
-0.07861656156296999
-0.0787516805862468
-0.06529635525232282
-0.07117832296461118
-0.0632108906833509
-0.05519327443529001
-0.05808737108649983
-0.0615266292244828
-0.061640922884933516
-0.05859796030267946
-0.06853854966948403
-0.06952836572853237
-0.06735584925781306
-0.06305845098022447
-0.0683483801194198
-0.06237434109922023
-0.05445449771627201
-0.01750165237965375
0.002175242131866694
0.013954342028721757
0.013141651487355082
0.03520753967085534
0.017821824334662995
-0.005095872363792107
-0.039955637160927225
-0.02270376357745377
-0.007546373813304641
-0.00609968760313516
-0.04316661492329621
-0.015450476308209024
-0.016816574303646845
-0.03134780316234565
-0.045521678661830434
-0.01586241062669171
-0.006786311645898696
-0.013991037405923907
-0.05104357940701241
-0.046459745789545995
-0.038830555606894544
-0.039195023898953456
-1.0
-0.03673204094859328
-0.042693589998508655
-0.01695536746811802
-0.03933808633315136
-1.0
-0.023740252721281895
-0.021612836329538247
-0.02157270107235171
-0.021437454969002148
-0.017786731721520278
0.0038355560812069586
0.03146748231736947
0.06393452176208353
0.06369827673907283
0.06630011212941472
0.07805840796653739
0.09050583279169021
0.08665402288814676
0.08496763095073344
0.09023067900683296
0.0851223249953967
0.08831622651396945
0.09045999197178775
0.08754849678001353
0.0848772521389103
0.08809431144710832
0.09017774681127794
0.08242550047816269
0.07579638544246808
-1.0
-1.0
0.08322558416758079
0.08428560579947264
0.0791767160427935
-1.0
0.0832278081846061
0.0857866425527939
0.08559127365541627
0.08871021693528724
0.08303666211992124
0.08338055200382119
0.05715757817739413
0.013131819575150075
-0.009541574904536337
0.0003989889138920976
-0.007587194622046442
-0.04444873623795141
-0.048749556730191684
-0.046888991547133385
-0.057498134889183955
-0.043134681997997144
-0.03986663312288159
-1.0
