-1.0
-0.02124213524279446
-0.023784166417902246
0.004235826560493807
0.005230404868060988
0.0066123695532839845
0.012154656749185337
0.014431952512476616
0.005046206160200537
-1.0
-1.0
-0.0014963356311898876
-0.003250761824016153
-0.0170896553432825
-1.0
-0.010833865131725531
-1.0
0.00025585550108466067
-0.001963766661618415
0.0006602721547914835
-0.012901873908502413
-1.0
-1.0
-1.0
-1.0
-1.0
-0.022653518261476734
-0.02594844557458125
-0.00977930169753497
-0.006877422555448067
-0.012736914592959116
-0.00914367511838423
-0.006971626690476067
-0.00512002262160611
-0.024975669008833027
-0.023786595817278534
-1.0
-1.0
0.012834532817394162
0.021151256990466286
0.016257929853901273
0.02004108962837378
0.02211330641277001
0.0159547145121426
0.01982079042462108
0.02384226529965672
0.02496272672961521
0.0223484017137564
0.021098186732780667
0.02368815394194663
0.018131211529794238
0.016733386917166575
0.019278248288638
0.0253409427290103
0.02361216912984681
0.01889900375712396
0.011910714244029005
0.0221323872439827
0.011638855648259014
0.01544996895794501
0.014968140925845098
0.01569630652081275
0.021601948121594192
0.01638460887741979
0.015780104550766318
0.0107376930199441
0.007520100991220293
0.0036915479105703265
-0.013543993793603307
-0.031307548338009264
-0.011254904938541036
-0.005666542041851127
0.008856952498475491
0.010537033551493661
0.018231262581410793
-1.0
0.015422217649657106
0.004689669758073639
-0.005790622689889664
-0.0028073444937330213
-0.007422213860362607
-0.011502456448481926
-0.014606289339946288
-0.010813558775939244
-0.0182398672585661
-0.017764583018281564
-0.014785737844425457
-0.016611733826840707
-0.015434812784133875
-0.01552992409452694
-0.013401924052393398
-0.015678697765032182
-0.02060952528987248
-0.02529910401263191
-0.035853884108217035
-1.0
-1.0
-1.0
-1.0
-1.0
-1.0
-0.01746396846671505
-0.017356843757925036
-0.029148397611665263
-0.031537851436608186
-0.017997832441102205
-0.014782479491321986
-0.017889022601262645
-0.02029791254865788
-0.016840860853659288
-0.021866098105233947
-0.01549845123841578
-0.02291453864831525
-0.022896066447385115
-0.014891650544566716
-0.007860032282156017
-0.026187408920138846
-0.022030332548177867
-0.02530865867856781
-0.01806949145156435
-0.003270767615654963
-0.006577616478095455
-0.014487194505715405
-0.012453597987817602
-0.009801083804752841
-0.012384757965646356
-0.011562502410323496
-0.019640669020381873
-0.020560293708095093
-0.031910638943316756
-0.02860863427570531
-1.0
-1.0
-0.028333436108920727
-1.0
-0.02301717406703149
-0.025116623041143663
-0.014317427314221054
-0.013936174302161947
-0.01661604079300092
0.002864892908101991
0.014968990494972405
0.0158762475791307
0.01347210639888759
0.006401838402464419
-0.004388156475916518
-0.0020385732458955584
-0.01579954433817412
-0.017665304829948717
-0.0016573208122176396
-0.011587821540517629
-0.015672699485764052
-0.0335635365413102
-0.03194767295964356
-0.03480860084547599
-0.032654984833049176
-0.03203190650536431
-0.025892749675731862
-0.018881516420715942
-0.020942117463725225
-0.012317122556058597
-0.016921514223433527
-0.01603716302201046
-0.0225069482917877
-0.02712383614781165
-0.02671898641305525
-0.035219095158295355
-0.036748122024628654
-0.0256307534987837
-0.02339488383463152
-0.022310342649330732
-0.015395084084399522
-0.011241433744665661
-0.012395784291599477
-1.0
-1.0
-1.0
-0.016583018456911618
-0.00602875294899115
-0.001740433791980857
-0.0017201028420642858
-0.0022968102876027045
-0.0113738979343127
-0.017341532563197686
-0.014901182725614538
-0.01762890756134948
-0.018090318457668435
-0.01747528476883157
-1.0
-0.019877038733084853
-0.006481149222573296
-0.005101431583468981
-0.020492411108982853
-0.017239767773744547
-0.02349221252716675
-1.0
-0.03281539626464126
-1.0
-0.02166579894525658
-0.026207715263310324
-0.025294328796694212
-0.030246994597676675
-0.02003045920134659
-0.012535206378513485
-0.011372381574438446
0.012038969923708695
0.018422122110806058
0.021094593612989935
0.025093283548810158
0.022198174417832436
0.02049220025861888
0.019594140954175093
0.012052246530646833
-0.0004519436736999649
-0.01074757931255086
-0.0065276174542671156
-1.0
-0.01827339783712167
-0.03231520007697043
-0.021321453501539817
-0.01334196602510187
-0.017254474223015067
-0.02212825087513783
-0.019304455575764504
-0.011784758953580625
-0.006471427089764903
-0.017672343718461613
-0.004356085763985423
-0.01127811966304382
-0.005412690001534729
0.00019616862802999727
0.003237990622970264
-0.009131540654122302
0.00134123169124775
-0.007692361219006185
-0.02024493629670854
-0.032919323520328725
-0.03576854689995828
-0.03087201043397239
-0.030793505165396348
-0.030994898938479166
-0.033184442809197794
-0.02843102724585876
-0.028073541719995806
-0.027723771516012827
-0.02239937931495049
-0.02854930008431884
-0.028960259249707097
-0.02324427279974322
-0.02237387009234968
-0.012975625941443619
-0.0016389182930045248
0.005335200511172209
0.001926171104977181
-0.015231270476517495
-0.0035309356992864653
-0.008657753072593628
-0.013161323675386796
-0.018458277954335748
-0.010827050793408972
-0.01520072911901067
-0.013963676027437408
-0.011367219666829027
-0.005236717412788609
-0.007481119697590689
-0.011740370354350542
-0.011599200846177946
-0.025675919399884985
-0.018019820101109724
-0.01886759715629052
-0.0200409015649344
-0.014909929398527108
-0.01983319287915544
-0.015705483563035392
-0.020157431567288026
-0.02215008371808318
-0.024051484799579713
-0.025054498886382583
-0.021012924310771435
-0.014388825732464167
-0.02090124917059739
-0.02008717874389843
-0.015066509470908327
-0.019462454640342998
-0.017956159092953006
-0.01923307555620568
-0.010576292806970955
-0.014941193956869183
-0.01370321149005015
-0.01865620397603614
-0.0176313331047186
-0.01939064555276919
-0.01985968176395933
-0.014923041995358169
-0.018026905693243993
-0.01768693658880975
-0.01838510032665327
-0.019335917563355398
-0.015386032233543996
-0.00685400052491707
-0.012816485745372249
-0.013497838635131033
-0.012294668140219832
0.006004856615374696
-0.00675166977369738
-0.02119380957922686
-0.013607723044653719
-0.012811885720697889
-0.020119029457313836
-0.013903657053393513
-0.019495977963961755
-0.030032461452779508
-0.015905106220063123
-0.019821862517316907
-0.026925424352488316
-0.020806399314372212
-0.00556444018655036
-0.0067275506702721465
-0.0048403484441162485
0.008458090249367207
0.00922122150877715
0.013694392527962384
0.008055930548577481
0.007623769390350707
-0.0017221625660159643
0.012467798609476062
0.018432554746057928
0.01153568407827924
0.00471033373785587
-0.00416546445279531
-0.012336080809784017
-0.023391477768634875
0.0005050227858136086
0.0080699325812322
0.016729902775608284
0.015657087840417024
0.008939160433721671
0.011125740664958583
0.007371247468332505
-0.00150150569563678
0.005333160572851002
-0.003082584140506241
-0.016123769845329563
-0.012029659534241524
-0.022534905423169545
-0.025711598344796326
-0.016214507062783642
-0.009052366678306386
-0.018783366904002393
-0.012130589944307131
-0.006715065413411168
0.003294532477805836
0.0021007293324864394
0.005213984255878653
0.005852896215684011
0.0132979800538455
0.008264886470249026
0.017466197717126524
0.021599992982940627
0.02515798044770832
0.021956159087714422
0.027765969145921762
0.03349804605162081
0.02815938272939534
0.02725332701024085
0.027810939757748218
0.023431151168276487
0.014838582617057056
-0.0033118225029541985
-0.00628129041510771
-0.02072465523171828
-0.03202694204641693
-0.02091573025993012
-0.007277503057993519
-0.017440479167046705
-0.015871192548112045
-0.02729176367432151
-0.025129065194907044
-0.031027966124775083
-1.0
-0.03562626956154033
-0.023385095491681843
-0.022858848953912887
-0.028644984772508184
-0.01977118796516166
-0.02008631288112715
-0.017129328992508644
-0.01900427522343799
-0.012215549791960593
-1.0
-1.0
-1.0
-1.0
-1.0
-1.0
-1.0
-1.0
-1.0
-1.0
-1.0
-1.0
-1.0
-1.0
-0.03646998333823646
-0.035357134240459775
-0.03473218498011905
-0.03175650975582559
-0.02873677849422783
-0.03534132560779007
-0.03640624505424166
-0.034859387565551056
-0.03394245566351938
-0.03626317510345098
-0.029182670743538044
-0.02878422802811948
-0.0259652291035236
-0.019551853238752453
-0.011985902587470032
-0.013010611792822367
-0.004483723060251174
-0.005035053533835467
-0.009261457643295787
-0.005901544028259177
-0.0077947498065314095
-0.010998210502679398
-0.01711807417469233
-0.014733139248828487
-0.026484816603483244
-0.010281997091844932
-0.00756254488304696
-0.010414189612265088
0.0025683012552792594
-0.008895941890821513
-0.019176921245242142
-0.026870592091083986
-0.024529399039139494
-0.026313990688820593
-0.02914753316218169
-0.01595258023993021
-0.018736694854381796
-0.017213341918233992
-0.011449526440462222
-0.015357215962651261
-0.01757825472329723
-0.016200897507566474
-0.014956377193961933
-0.03218845076414598
-0.031651404982652155
-0.03281908046882162
-0.030004615363921745
-0.021443314986929737
-0.023663557252226124
-0.02768879272671801
-0.024275139811879648
-0.03330639391883498
-0.031747669999469784
-0.02721805170638511
-0.01773523548229856
-0.010515394989524356
-0.01841309746505048
-0.028267059266345665
-0.025625045145925222
-0.023595903953968843
-0.0371313150588125
-0.03545292985009005
-0.03467462009033658
-0.035884840786848116
-0.03579051831643266
-0.031764474911796264
-1.0
-0.021207289231315186
-0.027676101261371197
-0.027902065305857166
-0.030456534768747125
-0.030834682602915598
-0.021233383443569447
-0.02029333755784227
-0.022042248898585096
-0.025907356846395623
-0.02128439241270903
-0.017479268194773113
-1.0
-1.0
-0.036986294096622595
-1.0
-1.0
-0.03383640166209963
-0.0378734067914781
-0.037538432961587806
-1.0
-0.03674852607467173
-1.0
-1.0
-0.014384950479276426
-0.01613819818191647
-0.02939105212562315
-0.023990036034608187
-0.019704381723580328
-0.021586064221097895
-0.01790819300434782
-0.016801869531104408
-0.013165571481284142
-0.03351190704234416
-0.03312164009595157
-0.02923627944573515
-0.022420775561294706
-0.004064692629578122
-0.010133619027830916
-0.0022047330124860907
-0.006319228189474929
-0.011217858942515948
-0.0161702714753997
-0.012701171636296665
-1.0
-0.013285051680342885
-0.022355422940176003
-1.0
-0.012550344322844631
-1.0
-0.017047740224516657
-1.0
-1.0
-1.0
-1.0
-1.0
-0.011727604210910705
-1.0
-0.011604543071647513
-1.0
-0.03787679837094078
-0.0421819939833309
-1.0
-0.038081140683593674
-1.0
-0.03736289857862603
-0.03344756592393019
-0.028130760041404104
-0.023231280671242287
-0.031234920162738048
-0.034533258990595506
-0.026743813906443266
-0.031433893316728134
-0.0276517134246672
-0.02962883549853473
-0.03909858665772978
-0.02775704216588456
-0.019138140898742308
-0.02227590609735756
-0.0232287203848783
-0.02856224195008111
-0.027286498575143727
-0.012316307637876974
-0.015189024549641085
-0.009492561148611476
-0.012681862826599537
-0.017541598700527294
-0.026613954204299666
-0.012793471923867868
-0.01023417773187821
-0.0033005361234074142
0.0025095834353084617
-0.0173027065594072
-0.0031771183714151456
0.0036657914824293155
-0.004848846893860079
-0.007138488498784748
-0.02188508921821426
-0.01252965495495727
-0.004342588206136263
-0.017412341110556166
-0.02283707355994043
-0.011673152394041902
-0.013361160919923978
-0.016989822810253463
-0.01044818703304836
-0.004642876836912211
0.007951562370630723
-0.001022071068884751
-0.0077580609750802915
0.016126136318304868
-1.0
-1.0
-1.0
-1.0
-1.0
-1.0
-1.0
-1.0
-1.0
-1.0
-1.0
-1.0
-1.0
-1.0
-1.0
-1.0
-1.0
-1.0
-1.0
-1.0
-1.0
-1.0
-1.0
-1.0
-1.0
-1.0
-1.0
-1.0
-1.0
-1.0
-1.0
-1.0
-1.0
-1.0
-1.0
-1.0
-1.0
-1.0
-1.0
-1.0
0.0461170483423338
0.049651773884460175
-1.0
-1.0
0.01318201658301024
0.011840738028003525
0.006352709681568841
0.013150823640056387
0.00034393230594913866
0.022645858478821154
0.03877077948083191
0.03763775824125657
0.03141206185987399
0.015663542395863022
0.03495020900205357
0.03443320379219975
0.037769958535506326
0.03695676968309812
0.04729312100711383
0.03917307226455962
0.01861426381248543
0.02819864119243634
0.0345569883180452
0.03892258935377144
0.03772299086473759
0.030152376205295435
-1.0
-0.029152946489298646
-0.03315431052159306
-0.0029381385908972837
0.004689284519276702
0.012326736438947765
0.03127769675907276
0.039519519552922176
0.04158102173412877
0.04328691642906588
0.035873741253449894
0.02906831647397331
0.027803991124866007
0.043388328930852475
0.03398175379807508
0.03901056029093812
0.03859775305351438
0.033820132759203585
0.038831583570535025
0.03127832287043493
0.002210573341025367
-0.006293898111069938
-0.002419183406309288
0.019881578542925066
0.030323967562167257
0.01275384196534711
-0.004994509088452276
-0.017118833607204686
-0.009686367638063714
-0.018297840294914606
-0.016251931290709346
-0.022723085482392276
-1.0
-0.01642789434045185
-0.02840877666421383
-1.0
-1.0
-1.0
0.0008145405626822726
0.008496545724285253
-0.002775827429538615
0.0001811022990516825
0.012205454139204947
0.002354998208220327
0.0040232767606288725
-0.021085163930306895
-0.01999924710195016
-0.014287493643647151
-0.03222840075645687
-0.03189324697906476
-0.01218276532065867
-0.0056847998052981024
-0.005817016891909785
-0.004930709433471523
-0.009080184435857421
-0.028612534845342534
-1.0
-0.03243033266546341
-0.03385000121163911
-0.03377979844941877
-0.03507481410659605
-0.036095518660589486
-1.0
-0.018558941138966095
-0.021028213595071708
-1.0
-0.041924777880608194
-0.03861999614549951
-0.03199533871809949
-0.023554475316549306
-0.030309077188764456
-0.021101454965453712
-0.017184497695484434
-1.0
-1.0
0.01784013180316814
0.01898159191342181
0.02234496028946916
0.0244251743388636
0.021738694072413037
0.006343254678178122
0.006770161894916437
0.012054761411740023
-0.0035057108709521103
-0.02910630029653512
-0.011518800073555142
-0.008085037412794005
-0.031482023373665666
-0.016590465140064785
-0.004030828481222295
-0.011612382002121032
0.00028622255601078747
0.03427192264507664
0.0429946127946949
0.03340182761414447
0.018055546881891003
0.005250499361388385
0.014407868096171906
0.016102958958626228
0.03164992944492345
0.03635691498848876
0.039365781340787984
0.043743859315258246
0.0473543154386198
0.04684126575388793
0.047516296595205135
0.012236394832607493
0.02038717946773272
0.030290831158744997
0.026015780996667185
0.028571231542114654
0.03339706422184531
0.03253316808895816
0.034674171258841154
0.027714034455713077
0.01645569685098065
0.010474219337420765
0.020704078721596852
0.007798685412429548
-0.01078924060273858
-0.018503404711295406
-0.01698901692189178
-0.022357576192659944
-0.0238782460767267
-0.02959989312726401
-0.01775038188958983
-0.018058178049004045
0.01775239987125201
0.035174940960178515
0.032888444706738275
0.033618205474680196
0.017377940847131512
0.008473788211862057
0.0285091985692375
0.04223922644276469
0.04059367291827018
0.022474510341298302
0.02671013223417926
0.039672102580110266
0.030908470432092404
0.04607643540988824
0.05547292851134842
0.050448977325367336
0.055467453400023875
0.05636472693555981
0.05449621264574855
0.05426179780355048
0.04581593733794356
0.04780016631030155
0.05143660350475806
0.05179195772471208
0.039020138052375405
0.001309684855834139
-0.004493066922049058
0.02548160871856275
0.03424993854167182
0.02296926537833788
0.011063414863538821
0.006032759310673617
0.03140554620854817
0.04796863241049128
0.05160283476811794
0.05232331171966979
0.046737215251383905
0.05026545124214912
0.049178085875470665
0.04969126655055977
0.05412004135335817
0.05080263811713201
0.04972546037773425
0.0448560938793803
0.04902880864792724
0.04458193572718971
0.03486839331637606
0.044387010112617
0.04293749055335771
0.04863465063039672
0.05146930969165173
0.04817590817573453
0.05297459409007049
0.05240055989723984
0.05174841629833915
0.05123804728232953
0.04767025296600814
0.05063702598018328
0.0380841826277282
0.016962486536000007
0.010632837627818243
0.0059312341333145864
-0.0013943584757455624
-0.0030487507915948515
0.02104445485113959
0.024696776422998546
0.02917849372227024
0.025375610958411312
0.009345949410868819
0.008636560093116002
0.014733253349567894
0.018983803897632844
0.036626796471104665
0.03421600970777421
0.03970340812429872
0.041947686124461654
0.02469840901605073
-0.009511111331678859
-0.017239476698638533
0.0012527557473556914
0.021045876301981164
0.026645210374116587
0.017187417161778056
0.03402595524148384
0.04286428010848399
0.03950980568424651
0.038011052255228925
0.043761405524475515
0.03930956158907521
0.040188094935393874
0.03653406828129688
0.009373732567577982
-0.01753111808437205
-0.022778159322027456
-0.024847712665914384
-0.0024168992353235624
0.017043300577181904
0.025362363278996228
0.03361884575591354
0.034416223172023815
0.04011264622465168
0.040760080881469304
0.034702035183673534
0.028735665212236333
0.0265727081591328
0.03729683067695765
0.04512920143997234
0.04609810145322225
0.046980004873056175
0.04811536679843298
-1.0
-1.0
-1.0
-1.0
-1.0
-1.0
-1.0
-1.0
-1.0
-1.0
-1.0
-1.0
-1.0
-1.0
-1.0
-1.0
-1.0
-1.0
-1.0
0.051185126806470735
-1.0
0.04573971329693149
0.049623053884573304
-1.0
-1.0
-1.0
-1.0
-1.0
-1.0
-1.0
-1.0
-1.0
-1.0
-1.0
-1.0
-1.0
-1.0
-1.0
-1.0
-1.0
0.05042346967477891
0.05325205817838897
0.05252555400407964
0.05635914881924598
0.04970951318232316
0.04655127610104971
0.049104066304985525
0.049415873723138846
0.048345034958399924
0.04768652024065973
0.05745828899304046
0.055067844184226736
0.050064731524283805
0.050500726560130285
0.050144133509788615
0.05181046681223567
0.05350335164711972
0.05012154103875684
0.05165238801674077
0.05155694026790335
0.05281860116194923
0.053393640361349734
0.04881023964295102
0.05048044898638949
0.045558685145081865
0.038942588572596006
0.01918295456960587
-0.002899597230348978
-0.011005857603293511
0.003383539706042268
0.017084507342905255
0.009727442403054691
-0.01915205367115337
-0.015352391434040904
-0.006931127959054763
-0.026147130002956345
-0.02073695521880664
-0.030196176814924248
-0.02752953936575345
-0.025846664999053862
-0.020480894751466305
-0.025623126419026254
-0.02635102921966599
-0.028154051563941723
-0.030382364638616707
-0.025716697858821885
-0.0031612129374133436
-4.2078015214218726e-05
0.01242284907609052
0.026667203467179372
0.02857353476800194
0.024777034410624687
0.030636599474916093
0.03723007479653921
0.038174829413451294
0.04370731139621919
0.03395861592971307
0.04277727985684045
0.046579674152332315
0.0353491575881279
0.036252395393885854
0.037288034085655265
0.04284166144997154
0.047095461274895965
0.046138762534162575
0.039261185059575585
0.02023204467294918
0.010363472326178468
0.015299245770845241
0.004622390992254639
0.008403506380094052
-0.001099880310207104
-0.006264519820781313
-0.010235211383616919
-0.02625307816092476
-0.03796617379706383
-0.0337804449206616
-0.037958719169802625
-0.04033482214545479
-0.0418473544772496
-0.03774632390198055
-0.030893601928171713
-0.03970280757206882
-0.027361177664155845
-0.02180683282446519
-0.02329059743748767
-0.013781443285622646
-0.01086089232548047
-0.004826437836638453
-0.006506515645307181
-1.0
-1.0
-1.0
-0.01152386916700698
-0.018452138722140726
-0.02865180349588967
-0.025945550150998507
-0.020974748944619887
-0.012769592751613181
-0.010141440627294562
-0.023492613090155243
-0.0293474448946338
-0.03906549243500517
-0.029949258082668698
-0.038077949575619253
-1.0
-0.02784594339013005
-0.02444505259399085
-0.020110175350696247
-0.025769716142119863
-0.02152659817611379
-0.02787825023290885
0.00024129415756277375
0.015286446353739531
0.02663700879403386
0.030817540004804914
0.03402600925954624
0.028801232949272126
0.029207134332948827
0.019896957487980173
0.012197622818778958
-0.0014881509659989242
0.01601264934160997
0.012182617908605201
0.026436302977286965
0.030893106119315488
0.010897272468677157
0.014782341839549237
0.03197411397653676
0.04345034412496447
0.04724082667341689
0.04012346038012012
0.04847452264088725
0.029588832468309983
0.02119956254704252
0.012091543380455826
-0.004395243315470324
-1.0
-0.021110688665436195
-0.01722159665826018
-0.009800967139934
-0.005701290091710617
-0.007688702492480389
-1.0
-0.026333830989889055
-1.0
-1.0
-0.028503335264390535
-0.02575286563191275
-0.037488178500228606
-1.0
-0.00814115785149508
-0.017582117660745602
-0.010621061751585347
-0.01150614472531313
-0.0044235442928250565
0.027174824591864096
0.03888605296669282
0.03583037394772276
0.025791968463682518
0.018957605535191987
0.002172506454730837
-0.0010582952729806519
-0.014080355839901162
-0.01548672724117082
-0.033223044473246054
-0.023878430512407223
-0.027947245897747705
-0.03815016193222161
-0.03229760829027244
-0.02788821044175118
-0.016749530993496013
-1.0
0.02260886870369644
0.037601995098864936
0.04357514473022548
0.03664700234329814
0.04940290972336077
0.04900172960541282
0.040500857699715835
0.04358774158539304
0.04803525849161459
0.04555084976703398
0.04636265115832743
0.03427016463944587
-0.004521404649172819
0.024437991765960985
0.041235708614774026
0.0427194446966048
0.053050441396941816
0.052181889813166266
0.04732944714868465
0.05275475201395158
0.04024677603387125
0.03567816334088092
0.02454763174883836
0.005043574151163116
0.020650745072843053
0.03246992995493603
0.019756355926972727
0.0036072957615739796
-0.004297025484526447
-0.012396179169937654
-0.01223707862324776
-0.00220513076003438
0.002320815737871426
0.012668226881292825
0.023817642154190903
0.02349272309165001
0.01239788304594926
0.01883795666266827
-1.0
0.025111954931683632
0.020519071924649315
0.004401351592748179
0.012806706769833417
0.01647244693658393
0.00432076607051855
-0.01347935226496185
-0.006339252912057656
-0.014539512829078111
-0.021070213272816614
-0.029593135179449757
-0.029883302018123278
-0.03804485180230227
-0.005111237083982127
0.03585566547777114
0.04670751778458967
0.03890183075882957
0.030714170023599854
0.03599245175939086
0.03514701084057854
0.025533305205202955
-1.0
0.045906233735491554
0.045647050825448746
0.040781546773165686
0.04354419647521351
0.0370829266423027
0.03655958301478616
0.03201075984095227
0.03191920815895559
0.03454330016866504
0.029290342901152674
0.025327484765339848
0.013911849655456244
-0.0026840129953565506
-0.00864121459389144
-0.017360380408477292
-0.01132106383577878
-0.01530540111699001
-0.02928052016815074
-0.022673924867997047
-0.020459329344585206
-0.033704198525508114
-0.03154561684363568
-0.022220101518310977
-0.03080366124166155
-0.026994455996537443
-0.02602203582887091
-0.019184816581092088
-0.031502268678348266
-0.03778752552375165
-0.040748337929839305
-0.039758374286397585
-0.040052041011829034
-0.031669070311717396
-0.01592658763680853
-0.01682325988156933
-0.019031592664231878
-0.013403016725690926
-0.02354382611361733
-0.02723748862553084
-0.031048817828947525
-1.0
-0.016831504893320436
-1.0
0.0023592425775821216
0.012040274089704
0.01556965936730422
0.02257714346719899
0.03123265004012213
0.03759584232579526
0.03678384456773035
0.037704743848027744
0.03908793370872464
0.03823921681192293
0.04100229281064879
0.04023675734478125
0.041155084636736616
0.04500781326904811
0.03971399510141152
0.03850674802218732
0.044317236289321806
0.044552197405692516
0.044121557347818925
0.04166726525611865
0.040888405770465264
0.043262461507305165
0.04723000027005553
0.03894169539539643
0.030963381164122252
0.020527254357846015
-0.01677930806275645
-0.02535233949630774
-0.028962465455474706
-0.031414445280787275
-0.03342983026623991
-0.01800225723122318
0.0029080641109995174
0.00987709791104911
0.006187070743932126
0.02627934303036375
0.028787407597554493
0.039499821163641924
0.04255032313974692
0.04242802787776326
0.04076285208231823
0.04445242456196871
0.038695044888568085
0.04195108758549617
0.0405519116445286
0.047741333762169956
0.043700830068199525
0.043377986155256745
0.038997383967459415
0.04290734993897947
0.039695365726048544
0.03655095694500803
0.03465614205725345
0.035494544141687207
0.030854533949351556
0.007397404278590718
0.012011989582844053
0.025731422806382333
0.019583391396896247
0.02874482659905654
0.021780148674462013
0.02070322657574958
0.02021193829019364
0.022672376915656753
0.008431805650628468
0.0014497300965406641
0.000985898660441176
-0.005273785029608047
-0.00671732804017211
-0.018916310594701006
-0.012780565088625871
-0.0038346378452316227
0.0024438608833050016
0.005147681252999652
0.008809531109634892
0.014527124966890192
0.025745227807982326
0.021088542495573372
0.022710333320480176
0.027827939566448277
0.022669812962037437
0.020593956649640924
0.02535522019810617
0.013790050284459187
-0.004937904271203372
-0.032608176671629324
-1.0
-1.0
-0.03643399783024193
-0.035912634847958466
-0.0376785798289997
-1.0
-0.03644955187893062
-0.02811489265874138
-0.012233444676631667
-0.0016054112239554264
-0.009932472130558203
-0.020405448639025357
-0.020516542520187364
-0.011405891961721109
0.010624451722971325
0.02983947579589327
0.033907025219770355
0.031760678036316596
0.03479976638571179
0.03438971253464733
0.025254062113501636
0.014582458078060434
-0.00864914637356508
-0.005120023652273169
-0.02175978732026577
-0.017596746966778404
-0.02293674303787851
-0.008560101622278507
-0.012058591802350608
-0.014482846014766626
-0.012208433569730394
-0.009170351996204827
-1.0
-0.0178260328623345
-0.010935127529627695
-0.0016563058707332935
0.007478431627423973
0.006371642916765305
0.007138786165229777
0.013578993148959747
0.007342583689031059
-0.006581809604705478
-0.006879611095553376
-0.008569733252336233
-0.012375028928698935
-0.013592412229797833
-0.015032262752010106
-0.011443108581842486
-0.0295521665694945
-0.038188645735640334
-1.0
-1.0
-0.03242408137727699
-0.0370455793537036
-0.031871947920400774
-0.016448081657020046
-1.0
-0.021920854888263373
-0.023779768649862445
-0.021251603443699967
-0.008146917678562328
-1.0
-1.0
-0.02334195403700338
-0.026248883416898332
-0.0371136386741373
-0.02919289145769496
-0.006672325985048817
-0.015888752359105116
-0.01104557593486891
-0.018011489704266102
-0.022927818231724968
-0.02781148429311153
-0.011837610996712386
-0.0005930058862890587
0.01743525308997729
0.027515149726143072
0.032145022090385986
0.025771076715468914
0.02548429492630057
0.03779408028128717
0.043641929107787074
0.04649365915598371
0.045233036331565134
0.040815049336812216
0.04367537649502324
0.04547600115331874
0.04560649603409287
0.04147044973208595
0.04149439177870562
0.041383692045288654
0.02813711028727321
0.0343149308821777
0.03524083292069118
0.032399167917068705
0.021266376595009406
0.026735084057136264
0.027778750253942556
0.024231136639080445
0.007628201766575202
-0.0034463470378862677
-0.024352631052861146
-0.031808237756835035
-0.0065552399649435695
0.016822130206226197
0.03528244993201159
0.03495895059153921
0.0422478244509353
0.03890504624519643
0.03485972666765675
0.03607885323616407
0.030619672597091894
0.009315930235251992
0.002375196008155642
-1.0
-0.013071597038413998
-0.008037251733647338
-0.01676690821805472
-0.013539462167136323
-1.0
-0.005007254161884649
-0.008605764167520251
0.005378112664676772
0.003286670088269697
0.01233829441963038
0.02608661195711425
0.027938655417096454
0.030563991711055984
0.028801757574359536
0.030682526911942235
0.03355868002631379
0.02819728380381722
0.03385343953510296
0.03292451641084353
0.039074859277015955
0.035656720883693004
0.035875904640555276
0.037204134601747874
0.03646185815777156
0.03264098378453382
0.03488679352385393
0.03562113893958213
0.037583726630902356
0.03995166680925357
-1.0
-1.0
0.03950685339910346
0.04189452015032711
-1.0
0.040690911863887916
0.03983963661749326
0.038517571618043187
0.04069578912111562
0.042823667870428225
0.04005438688409616
0.04330097064790794
0.039085778322725855
0.0395844595321315
0.03776052351401388
0.04745062648875305
0.04486771180076511
0.045558271326947904
0.04497210354822745
0.04675054742733263
0.048268615991713025
0.04701619609769454
0.042020490099190504
0.04644483743690897
0.046119366610200184
0.04444867971590311
0.04531074489806814
0.04219535976477691
0.04394448930649277
0.04152307472688342
0.04246358279866227
0.041858694323593196
0.043952101381232386
0.04335453337274666
0.048151031583125066
0.04787017670696756
0.04233139495584048
0.04163958301610595
0.02521136212460267
0.007239400048157056
0.009443589263047737
-0.0050001239123397484
-0.009802494430617918
0.0002266075242081694
-0.0034510098696023173
0.0026081227660352643
0.009414464726875295
0.00860934775952621
-0.0012108820907798102
0.005946051709346356
0.003127205815373533
-0.002423133428572305
-0.000510233119395501
0.0059736934628941045
-0.01663732950124448
-1.0
-0.017615955526890537
-1.0
-1.0
-1.0
-0.023596389298632555
-0.027415665803677235
-0.027625513900225922
-0.021498957222940547
-1.0
-1.0
-0.03130327816468495
-0.034174781739067774
-1.0
-0.017795213216196756
-0.022400243887395685
-0.010937945977016753
0.003409737399988233
0.004709421939174099
-0.009326871319148328
0.003943253220478862
0.008529390840824198
-0.0005897428521197557
-1.0
-0.015243685351617346
-0.019099467572211936
-0.0006238385762845869
0.010007692882066065
0.007705317640613075
0.015480961282488926
0.009666300199180276
0.008216724421885268
-0.0069149993876351104
-0.018861851901261138
-1.0
-0.034178653464132985
-1.0
-1.0
-0.022420634142598962
-0.022925830069659002
-0.034455388662838135
-0.035827339759639955
-0.03992798991236666
-0.03740587489744812
-0.03340770004574489
-0.03323604272118113
-0.035479501331474525
-0.03580045691197392
-1.0
-0.030520877627084386
-0.03410893134948826
-0.03338074999212356
-1.0
-0.035978396651764576
-0.03598795470996824
-0.026169385905356883
-0.030277475528481517
-0.02684238153563588
-0.02227806541892261
-1.0
-1.0
-1.0
-0.019716530000395298
-0.01849353019735961
-0.01664292706404392
-0.02254097220006554
-1.0
