-1.0
-0.024527116873461142
-0.017030554836072975
-0.026700270410726305
-0.02539545185281312
-0.02557743490509046
-0.021928463524771222
-0.023555601352142314
-0.02051582504299997
-0.025781594557446958
-0.02480398525046037
-0.025047685368073874
-0.019292505920842903
-0.02061266845952233
-0.0238612054460578
-0.02294471989300916
-0.02326887948673663
-0.024572996897350062
-0.021208835599565514
-0.018690296182444992
-0.02081666997597366
-0.019530971575464
-0.016262255368136934
-0.021321441655930175
-0.024937848407410753
-0.02150627492428073
-0.024641719478137345
-0.02702813276878999
-0.027890584318968493
-1.0
-0.024671209092643146
-0.023953885413514616
-0.026483016610325115
-0.026809745790403648
-0.026988742295798906
-0.025614849893140695
-0.02674465870836066
-0.025938661424264594
-0.02426564741415268
-0.021855683294112502
-0.023849546649797288
-0.022394062829655396
-0.022587593237385073
-0.020661005070115094
-0.020327233354716236
-0.02101683339361437
-0.022291478261892084
-0.022589055659505936
-0.018504908128554824
-0.019122149674773062
-0.016329186069241965
-0.019879650836719935
-0.019193974344293027
-0.010938288225542162
-0.007818454657641562
-0.006923109386692707
-0.003693841959277172
0.0013791463084369604
-0.0009031708461633969
-0.0012607480897339823
0.0008078372189732244
-0.0017709316426722385
-0.006504502107118877
-0.010733464728671774
-0.005553130905031876
-0.014696682239005663
-0.01880488842639679
-0.02314172835551693
-0.024288735561588497
-0.019965086426503048
-0.02147787485829591
-0.02309446825344256
-0.01948499983971976
-0.022915639448259584
-0.022876631186681325
-0.0204717298990461
-0.017198534828748686
-0.014984008821491923
-0.01582981566504996
-0.017723491119280406
-0.017266352675130842
-0.010525468750679536
-0.01189856415574147
-0.017080392553315386
-0.013889770853221042
-0.013305470754098702
-0.013648609421305352
-0.011173251821155987
-0.016006809364921652
-0.012679693667120597
-0.01610968413542124
-0.01684580123741896
-0.014626471520516063
-0.01848312343372663
-0.01619677335683533
-0.012063123525001652
-0.010001596363600028
-0.011424181869918202
-0.012631989150450681
-0.015321578104718948
-0.022686111366850278
-0.022203949675589446
-0.02063100771244696
-0.021686895976498078
-0.023211291394182165
-0.021361253999960063
-0.023851280582493247
-0.021962914467964115
-0.02325652061628496
-0.023872054338079235
-0.024810143386806482
-0.028576471391917272
-0.028901677678731752
-0.026460774580969026
-0.025218145594897032
-0.02553246159842496
-0.024794749411510747
-0.022951970058385993
-0.02613079399665077
-0.02227298347569353
-0.020155624872668428
-0.0221557724062294
-0.025414271473656894
-0.025455748568504875
-0.023640699808324173
-0.013216702123743512
-0.016324791619514556
-0.011899966078596835
-0.01721415147923162
-0.018561562602085906
-0.01488969705995065
-0.020013424912993082
-0.023246075465274126
-0.027011157813826337
-0.02541255581780875
-0.03015311538421876
-0.028453515368079628
-0.02722789464482253
-0.02901808427880868
-0.029296660120988673
-0.029572682115686137
-0.028348501902673066
-0.026428821326782065
-0.027085474522842178
-0.02625704041125071
-0.02877267886404771
-0.026643653568365944
-0.02720365329467547
-0.023103423217633968
-0.023583170812513994
-0.026951597068883868
-0.02735099236517539
-0.02720852457102116
-0.028435233411137087
-0.02625507873567419
-0.027344788979365247
-0.024164024216574986
-0.02454167952705087
-0.031142678005631214
-0.026249195965995585
-0.024312541722386106
-0.0267313592903441
-0.024419658962940457
-0.0239906500422976
-0.02555658776317499
-0.024694213861635405
-0.02714479831734131
-0.026454992013337373
-0.024989920098475168
-0.02585171839554756
-0.02065796970727325
-0.02468283340454228
-0.02361660323340265
-0.021469873822331998
-0.023870430389677916
-0.023529087457071034
-0.023112172161483382
-0.020180039821056536
-0.017068323845662293
-0.017331501751876647
-0.013123713901107602
-0.009783394287760962
-0.0050209748029100484
-0.0005066442844898628
0.01634738166224921
0.02517496978870208
0.02325723833983211
0.024919920590134693
0.02104256484185579
0.02148424666894941
0.025985639493388907
0.0230911076481416
0.01900554283784068
0.013587162408474567
0.019390841825004394
0.01855619612769013
0.017422463878552705
0.016147557620536167
0.019982938665055607
0.018309451739153042
0.007150110592464276
0.004215350390313462
0.0007027795963532891
-0.0038063701963143327
-0.002363891123800235
-0.010592056166145888
-0.008679487052222146
-0.008021378310690245
-0.00805902620136673
-0.007941063005886668
-0.008517314204751715
-0.010312853696176846
-0.007552505934930093
-0.006626851191324882
-0.009184185393032477
-0.0038154533241065236
-0.005542524878733395
-0.005928752696254282
-0.0019339473660824453
-0.0014456672177857995
0.0027774625166976084
1.2009323996247211e-05
-0.0005177455676084163
0.003851940755220613
0.004357180623526564
0.005556149905558721
0.0061769298581878605
0.00342992162164379
0.010561701837567272
0.016888338226125555
0.015087945234542379
0.01778449938591642
0.013780861633853406
0.010808220294000095
0.0179756449267748
0.01749982568880516
0.021108200824849065
0.02076159650927121
0.02433321660804312
0.023433365370804395
0.020643778654645
0.011809860548715056
0.0005760312095728689
-0.003374959557208967
-0.008134614915911609
-0.01090321490328167
-0.015360645390971093
-0.018278365137831012
-0.018656205750958457
-0.01933469751958585
-0.02292034321790082
-0.02203236157777356
-0.023108405365285408
-0.025108354359089556
-0.021690618698309
-0.023784334522033847
-0.021902947252745476
-0.020823756944423413
-0.029026128613348193
-0.028835499882968612
-0.029628940610483115
-0.031178796065151074
-0.029475037649616967
-0.028502007442271764
-0.026471509784758297
-1.0
-1.0
-1.0
-1.0
-0.021919832600095168
-0.025275965944874877
-0.025173930718946108
-0.02468160111606692
-0.02343230706337788
-0.02458203129609692
-0.025091431404599514
-0.024910237638977283
-0.02652048514928493
-0.023854194515018454
-0.024996560640491
-0.027629044160845134
-0.0262389174669243
-0.022620271166596477
-0.023430007105072627
-0.024189901893089217
-0.025709377294836275
-0.022076363195443115
-0.023116449686932827
-0.021072020804055472
-0.008719179686938396
-0.010353523606232573
-0.007148302732113061
-0.011129526658923937
-0.01990718198964242
-0.017985973533577483
-0.024672944272810002
-0.02453390526200027
-1.0
-0.026168883079556213
-0.027904970622579836
-0.029137801273466282
-0.029096534679267122
-0.029727259301985828
-1.0
-0.024507299537651298
-0.022350119803958214
-0.021389166882485166
-0.023064367106924635
-0.02540383378247297
-0.024815743562364757
-1.0
-1.0
-1.0
-1.0
-0.02187365643994524
-0.019043666564945175
-1.0
-1.0
-1.0
-1.0
-1.0
-1.0
-0.020949307684792084
-1.0
-1.0
-1.0
-0.018637170910302713
-0.019612312893312337
-0.02216891177798265
-0.02151358613432341
-0.02063723172547922
-0.022027716084840346
-1.0
-1.0
-1.0
-0.020446187677665373
-0.02154517071498783
-0.024640659105119412
-0.022814527065625808
-0.020682749452691895
-1.0
-0.022563231594353684
-1.0
-0.023756501288824092
-0.02745634847613728
-1.0
-1.0
-0.023622923809029587
-0.025510866592899004
-0.026775076076579203
-0.026292890107521647
-0.026266819152273357
-1.0
-0.026405077265601144
-0.02569947124712689
-0.027123322572537457
-0.029578813376913787
-0.027116432992445618
-0.027627384355611084
-0.028267377015977986
-0.02810498584143541
-0.028153836935917508
-0.029440922148635515
-0.027889269351267315
-0.02866262186482245
-0.030080251704233976
-0.028972009484051937
-0.029867456175928293
-0.027020820493034423
-0.028953172203203145
-0.0244845878931505
-0.02958256708675945
-0.029521187873520566
-0.028197099560242574
-0.028376907438665434
-0.028715879784335922
-0.029162896910834478
-0.029876812759433137
-0.030397433556083386
-0.026023752845716227
-0.02345914406042959
-0.02205698398525555
-0.024263125268387052
-0.026232443782189082
-0.024230644754898854
-0.02676399370344015
-0.024610251155745406
-0.02573100915989223
-0.01934811247707046
-0.02371671405143414
-0.014378305717354172
-0.017792415512685286
-0.01223993653581873
-0.014744768136754335
-0.012127552868322468
-0.015089725544871325
-0.015140700002745216
-0.015842398133766037
-0.01939409350518229
-0.019839195191115225
-0.019028515103843728
-0.01403993653311905
-0.023183741901790567
-0.02259874473570008
-0.021363936806313474
-0.0176012186387679
-0.021555644410598797
-0.023396369410810126
-0.028540337208571867
-0.02866056786857361
-0.029142329436852226
-0.02808053400016556
-0.028008197332585156
-0.028194249084610663
-0.02805160246773766
-0.030569002982925485
-0.030110697442642307
-0.031180538175686615
-1.0
-0.027901539151400256
-0.030327459125486674
-0.031270299034335126
-0.03190310892541536
-0.031339057353197364
-0.030317388076473734
-0.02606941174095634
-0.026416042725114997
-1.0
-1.0
-0.027420694152147436
-0.02606044506295999
-0.02820102829823869
-0.028087893818417812
-0.02805250181819943
-0.02728107693437268
-0.03024760940013157
-0.031199814590543946
-0.029836731846017785
-0.03310424157073213
-0.03141121601442423
-0.030173043612540678
-0.03141046268471238
-0.03265704532554137
-0.026375364119659697
-0.02689341640321133
-0.02650019430191987
-0.02481574056849622
-1.0
-0.024991327943669782
-0.024477943677472892
-0.024657805096422326
-0.02455884519684353
-0.027075413231895686
-0.02938283808466747
-0.031064961386150735
-0.02774002327853296
-0.027087418623449083
-0.026857247992843666
-0.022001598222299894
-0.017860079827489633
-0.01649844027374144
-0.01943971883120661
-0.016871180100466114
-0.01869063112020168
-0.020284296278374404
-0.02565284831517011
-0.023216150982814657
-0.026954865711932303
-0.0276593531150228
-0.026221625211063408
-0.03176638098906539
-0.02879126580359627
-0.028257375460711442
-0.027117354718280404
-0.02489489208533023
-0.026419707148430442
-0.0216351432400007
-0.01704829763104977
-0.015873355208262947
-0.02042166765853095
-0.018717299179997742
-0.019586649237409423
-0.017500539815084273
-0.019208483270376935
-0.021935714653396457
-0.020380549252320673
-0.017998055908300344
-0.020584533525951493
-0.019615135914417464
-0.021415607053801553
-0.017578145251471715
-0.021602650259474977
-0.016232278354466147
-0.011396776321509415
-0.008774264820952454
0.0018315231033900173
0.002644906292540307
-0.006538865117423233
-0.004558378645793967
-0.002453562164729557
0.0013637020261761347
0.003942896668744577
-8.311106562087725e-05
0.006743817672109497
0.005473749103772519
-0.0006230688895582517
0.000948689698830051
-0.00393554187387802
-0.0025093444502900983
-0.00520311628215642
-0.003154029781083665
-0.005011116808253381
-0.009037832189028866
-0.005610032965493067
-0.005981965383241557
-0.003978693488106008
0.00039321141311199267
-0.0016097237775715605
-0.006446067501824627
-0.006580825050714473
-0.013848558517368248
-0.024550201751025152
-0.025464133987162046
-0.026056844644827208
-0.02051404937789131
-1.0
-0.025755960775398126
-0.028239761029913383
-0.030423752317537862
-0.028068198981333007
-0.03132928262832359
-0.02597616435831994
-0.03267039820588917
-0.03027797159929918
-0.030925816005075497
-0.028698587432104853
-0.030582139795578788
-0.024366442396428576
-0.025594757233384918
-0.024739004009736255
-0.022365607091509348
-0.02530509340710257
-0.025920832685095558
-0.02355919461072567
-0.02337264384017001
-0.02623917195386213
-0.025855040307512456
-0.024881360495166448
-0.02092789555791055
-0.020508065540822806
-0.015012938994291064
-0.013802486011267644
-0.018047257916231182
-0.01889884879528437
-0.021816033669052805
-0.021499369120362134
-0.0216254278575278
-0.022299681607266728
-0.02299273435812002
-0.023997832744402127
-0.02414347559442768
-0.0267585619256067
-0.024322606388372983
-0.02661145896826927
-0.024415624426346705
-0.02543772206544834
-0.022590372895826754
-0.02156898567387647
-0.01938440848517655
-0.015629940290355925
-0.014056821273611879
-1.0
-1.0
-1.0
-1.0
-1.0
-1.0
-1.0
-1.0
-1.0
-1.0
-1.0
-1.0
-1.0
-1.0
-1.0
-1.0
-1.0
-1.0
-1.0
-1.0
-1.0
-1.0
-1.0
-1.0
-1.0
-1.0
-1.0
-1.0
-1.0
-1.0
-1.0
-1.0
-1.0
-1.0
-1.0
-1.0
-1.0
-1.0
-1.0
-1.0
-1.0
-1.0
-1.0
-1.0
-1.0
-1.0
-1.0
-1.0
-1.0
-1.0
-1.0
0.036080843104536346
0.036505242258617746
0.03884895752688894
0.039759067962938224
0.040837532570860854
0.041475661354861054
0.041444165262215796
0.04111387576104953
0.04201541871778692
0.04150738814978931
0.04295161877448951
0.04011474865773881
-1.0
0.03932889364690648
0.03998419545610965
0.03864324253554816
0.0384356211993989
0.02695929303238648
0.019309336867603825
0.007957541610109939
0.007625711349799513
0.014056974903556962
0.028579199043478377
0.031935342473292584
0.03254154915334143
0.032952004229280324
0.028564430062945227
0.031750862723666
0.03156374839466925
0.02986846886341154
0.03579350720102258
0.032882625616132116
0.03463647187555793
0.035740478434858766
0.03757650994003295
0.03662824637712103
0.03680783731001163
-1.0
0.03759390113944911
0.03432912019215673
0.03644201601116852
0.0373029546549681
0.03549945874761629
0.036706348141989635
0.035416109468925434
0.03731568389494102
0.034134422759019116
0.02487527127355425
0.026790269715488903
0.031036481194774007
0.029334730439737618
0.031314013779833345
0.027943767347365835
0.023464984348936332
0.02532969919089906
0.03162548093641338
0.03382464018463713
0.03260013765157967
0.030326131894369737
0.03544653095876604
0.03528543252840204
0.033586208979803384
0.03783605596031199
0.03467203301594583
0.03519604401983712
0.03369423358621778
0.03186439224296219
0.03372016294778157
0.039328460233053066
0.039376798558067055
0.04039044648524002
0.043742360258199546
0.041611645587127793
0.039987762568871536
0.040157820845350016
0.040812870123504284
0.04213937515339377
0.04266701730588814
0.042440054786273204
0.03907821214953523
0.04060042491420777
0.029875286010661535
0.029162371852953693
0.029118761651399625
0.036574905277464424
0.03545969834977565
0.031761219974049085
0.0234012915751281
0.0080289738746453
0.011652720741254676
0.01647319153128174
0.015858643633188084
0.021208740369658797
0.025380744397517356
0.027117281942933218
0.021018259914052397
0.01160513775101411
0.011114704201243388
0.004368917536038109
0.021669994375512487
0.026753233668933087
0.031144601628761783
0.03065638171923673
0.029448663194823407
0.02606373002315504
0.01677758969921042
0.016156427271597024
0.010710517454807741
0.001756515909529364
-0.002451313745170061
-0.005194481528032959
-0.005496150168000138
-0.005659351951395588
-0.0053306467924990756
-0.003673831510245345
-0.003052011289898219
-0.010549233844157086
-0.009900372774511657
-0.019346619882576313
-0.0243501220516642
-0.02150426383897974
-0.02389828693579419
-0.014465953377677167
-0.006422117502053266
-0.008452450583838589
-0.004719668040248371
-0.005111208629928408
-0.005939587852159423
-0.0003700728464597836
-0.004624815889744661
-0.00494912223199377
-0.0049890097146099285
-0.0037975330226735536
-0.01016034839468445
-0.007493521641755396
-0.014381957909287946
-0.014276725118151222
-0.0107337914246525
-0.012063029341574355
-0.011763838113039266
-0.011263783997928097
-0.005746560843893028
0.007903750133244392
0.03558918817727909
0.04454211590121725
0.043732701068045506
0.04375081256980409
0.0428627253755003
0.04423736874671003
0.042786362547121704
0.04178933215014455
0.030441913487610533
0.0313347600068723
0.029025569447635475
0.029851372672973508
0.024051649883481775
0.019342323406636604
0.02103484625301453
0.02745654865875772
0.03500763436380104
0.035282022234278926
0.039364086760751996
0.04033438039453131
0.03883103863741026
0.039346546142996444
0.03984976134900291
0.03895159384926522
0.036981040129454607
0.035686928585663066
0.03263825320431287
0.03027719413070218
0.03414920933131672
0.02610307287743899
0.014628203286738407
0.00857383671997091
0.009887158547380584
0.003344337372755687
-0.00027344810920301314
0.006444771003287174
0.007886850091284026
0.012700526447277215
0.02118369596313332
0.017142567022218724
0.017914667626331135
0.01631167221610844
0.019014630708024532
0.023192050491812895
0.025548914019021412
0.022290647250538767
0.01899887133600782
0.02437397870453453
0.030240154165751706
0.03356331958077762
0.034603555076047135
0.03586916889431212
0.03823083626907509
0.03385863174321117
0.03466083923985107
0.03226154632657365
0.032028597736884254
0.030304753520686782
0.022239906910503853
0.018856720573676253
0.013039175388527785
0.018726021140913256
0.015432860680214301
0.0034603496076358155
-0.002841593708468441
-0.0028438759979111375
-0.0002604044601431987
0.007383564010606782
0.004628930277153814
0.003691378588976733
0.0002840298512948028
0.001861694431138111
-0.0039697420708420025
0.010620781199015678
0.010497103221110934
0.008691943524642975
0.02578588026949651
0.0356922908255729
0.0362455937528511
0.026715778118561087
0.0257358094333934
0.019718891164226142
0.019327093898220665
0.029526794039563303
0.03568815675614356
0.030326017260151984
0.028372699201527154
0.01846608135461973
0.02048573448658331
0.01974319042293876
0.02982911463667899
0.031262716470722623
0.03610291711590035
0.03263296204285417
0.014447182152854463
0.00796990224833329
0.0072541533611539845
0.014856908935967698
0.037751945994185965
0.04036257847278114
0.038726661627534284
0.041483826273187606
0.043480515926592064
0.04158173533370913
0.04509901154510998
0.044121623886908046
0.0405905587482412
0.04150208055420905
0.04076145946796153
0.0392540770292152
0.04288958984390557
0.040137500754290824
0.021507811761834788
0.013573496629416093
0.01552822403092832
0.018870217952224003
0.007167428010983107
0.005289901543969348
0.003934534698985823
0.019961686604933058
0.025966551178940193
0.032970146314888135
0.036546390521865736
0.035420041995710694
0.03153064382316586
0.031371010517469954
0.034781184629256764
0.02998741950345163
0.024922419604390803
0.011340565850137119
0.003413107487843053
-0.011956395627519219
-0.006146837977114379
-0.0028762535200470506
-0.008942322705581974
-0.008409773801967058
-0.008166776529007803
-0.014705845966390647
-0.016918016428411665
-0.013978030654839957
-0.008756759926560066
-0.011431272831068923
-0.015343225442638468
-0.014707762221165788
-0.014761307209467387
-1.0
0.004985872587232513
0.019825194171036873
0.017611002268887947
0.01798556254893556
0.027641278148157856
0.036193897753882924
0.036124200698080006
0.035427389272739966
0.035146754474782056
0.03485202048398732
0.033917224365032736
0.029209364955032475
0.024317113159265918
0.02385380058355625
0.03492355896389004
0.034379664416178984
0.03540006781349978
0.03764638285550229
0.03875076075031058
0.0383758106725506
0.037697757261158926
0.03317868863922076
0.028875836169417007
0.03377487665313716
0.03901293411704446
0.038951442196282535
0.04048087321839507
0.03877068410437998
0.039733719386281036
0.03880347212614119
0.04064912576313328
0.04016312071736367
0.040295544067521755
0.03774820162004943
0.03995244763071173
0.03824079803330869
0.03853798241080753
0.03610862629510293
0.033667413098343986
0.03185393936577892
0.02819522199061637
0.0291554743545281
0.023504941656063486
0.025024302313773894
-1.0
-1.0
-1.0
0.04049181867423781
0.03327797486788824
0.04016913458920377
0.036762232828546945
0.03765713069878438
0.038123087015797384
0.03700005294992605
0.03808067168530113
0.03879827363556394
0.03703008695606345
0.03551316088495971
0.04048839931576516
0.04083230559959919
0.03820133557889493
0.034474159674003614
0.03756413668223605
0.027813136977041644
0.02320701309076766
0.021487421434361675
0.030078885200356745
0.032517242551791455
0.03156798574265372
0.03081768171580299
0.032550387849130516
0.025301437331616036
0.03140417698973477
0.03282976524396288
0.03708289085930998
0.04005746265106527
0.03693836701856518
0.03919571594350498
0.03578979775369866
0.03780446558537652
0.03443896257372099
0.026148056453670573
0.030548831108752405
0.030252889863944143
0.02747701008924892
0.02332740758095007
0.014046678831993946
0.015813441792230886
0.031010751064759152
0.03752104619865426
0.032222119877654595
0.033699690439512195
0.03322133588149568
0.026302675588823595
0.006357846943519978
0.005172190307167901
0.0120268205601293
0.010713177613703816
0.0076936350023145824
0.012172988271407802
0.011713444675830081
0.02491157452333238
0.023372910062889236
0.027669124862991723
0.030061372991408604
0.031365766183001395
0.031540599377094844
0.030133165260242074
0.029414540161295407
0.02508506627125247
0.030349528126335932
0.03492682302142792
0.039004862278358136
0.036879333518213715
0.03848907078482111
0.03630203142946672
0.03326739932174721
0.036805983740306414
0.03481684131863824
0.038332633495759924
0.03808945202034821
0.04219582559901089
0.041376951612389135
0.038411140940701784
0.04113297194611434
0.041445291256669375
0.04371410328316759
-1.0
0.04464927772783621
0.04255783357714893
0.04108842923789121
0.04298373491324108
0.04090833344050174
0.03945995307601175
0.03536634831929533
0.04137194080920809
0.04410846366172304
0.03581518223342865
0.027738354176048866
0.020410223624052187
0.01763753146669334
0.011988510787558894
0.011845777281442713
0.0032082738347073638
-0.0031302094843529125
-0.0018634357292709482
-0.008541620391317947
-0.015933616668485636
-0.02167480840175095
-0.016893597291333336
-0.018791023787386774
-0.01692731792323063
-0.01909549202712159
-0.01846620632613042
-0.017907262313257812
-0.02113475548410647
-0.020358485782076018
-0.023748231884156316
-0.022494120871839277
-0.026956638310012958
-0.02728222465961887
-0.023310128255643926
-0.022826943161077154
-0.027575487385352395
-0.026410381571023715
-0.02615371866492102
-0.025955613368072644
-0.027792989922391327
-0.025171766482582465
-0.02524498048710802
-0.030481598359048283
-0.030945212395849023
-0.030549528413943774
-0.028735532952222018
-0.02998254051648168
-0.028517381176944284
-0.029146203255472288
-0.030066212306326934
-0.029680592755296303
-0.028328146114318248
-0.030954691189227487
-0.030623502679638905
-0.02945502762483367
-0.026901311147628712
-0.030989640169360174
-0.029703784672984932
-0.023424562560931544
-0.018244823214977144
-0.0233291128153322
-0.02394875758171576
-0.022759780657641386
-0.020088458931517134
-0.02736340510116056
-0.023727488272807087
-0.022516881490343324
-0.022883027851571997
-0.02539872903904495
-0.025925657147735048
-0.025048829707429904
-0.026356698130682372
-0.025816346949464823
-0.023290081328867247
-0.02453230479445704
-0.02357326128385186
-0.022484933606794114
-0.02560118711470196
-0.02323970610149859
-0.023735723073378328
-0.012982626295226472
-0.016145108955104726
-0.01629132627847357
-1.0
-0.011105749463051219
-0.008205693706392446
-0.004809200832598993
-0.0017814749090897186
0.003746979488256537
0.0056949375928260675
0.0015915159711134262
0.0029593517778476065
0.002323384768481152
-0.00027054311789924596
0.0013681229231335616
-0.00011517645007580084
-0.005105527298916152
-0.0065282185897044195
-0.007215165636938434
-0.007392774673091769
-0.007338182864393225
-0.0061351921878363205
0.010932862658808705
0.03192442718438115
0.04262472715921778
0.04515316034868187
0.043419610009621086
0.045063674171638805
0.04347056252956272
0.042401978273710166
0.037846907635934214
0.03994522126295635
0.03985566825945333
0.03958261491163
0.03855726367134985
0.041276800980322055
0.040965686405848335
0.04226494863223297
0.04283182400542746
0.04095931670407687
0.04164540636015622
0.039610564151342405
0.03290215014183813
0.01944176332526843
0.021477216771505873
0.013463973766098416
0.004795988142185901
0.002332474155201726
0.004971060256560979
0.016367923142511853
0.034118715697043535
0.03831070567912727
0.0368250915568073
0.034304908719471484
0.0308690556171282
0.028987882393257534
0.03426504166307259
0.01863882054235225
0.010258295581301941
0.02694573659988697
0.03878522745266698
0.041914174902892946
0.044216940899448345
0.03975341624316208
0.04474068612425962
0.04210029181473435
0.04121773479213493
0.03826023968417034
0.030915721643025106
0.025134939904013213
0.019938687774670474
0.022632746745667624
0.024009535460106386
0.03109310122795974
0.02217660158862818
0.016129299959892762
0.014477059722791926
0.0165391768902126
0.012710956841738657
-1.0
0.017638849644858654
0.013855769145100214
0.017370994683670808
0.025637296644392106
0.026434039390879318
0.027441500697808163
0.031186598664916333
0.033567160833512605
0.038960642139163316
0.034177670488460286
0.03084419448983322
0.03516800755740597
0.040108881065161306
0.03758326516685402
0.0355488938912367
0.031038352648326373
0.02797847659969564
0.014552686952514304
0.004408144219506107
0.0055195164098592224
0.008742462169291918
0.007023422653660446
0.015067409508019375
0.019584182556990896
0.03397610851343938
0.03536306777740579
0.03298974976063484
0.024116535555050514
0.0321282870490059
0.022984903799472708
0.022825379038721942
0.02696290427874217
0.03471227299211197
0.03647310090437073
0.03327369560223476
0.039030554452893065
0.039267610111849545
0.034361585723974006
0.03880653113279212
0.03891650588253578
-1.0
0.02675627469231761
0.022384194841396626
0.02901146505957856
0.027238817855205617
0.025639663910801965
0.027978096121934276
0.03234372724527357
0.03236891548493749
0.03345122020741011
0.03052725900615986
0.024748394702351493
0.005835134894628784
0.001532832409807946
0.006669048220888157
0.007363811537017361
0.02223068739345773
0.028402685159221366
-1.0
0.028589206947044456
0.023541690087098565
0.007849147280762924
0.005463271905590554
0.0186172080336137
0.028002063213740967
0.03469453445272555
0.03023774369983773
0.0346610761025638
0.03568315431443743
0.031258417048380796
0.032612295074745334
0.029908016800122547
0.03431213370746595
0.03348802249344885
0.030303611735255708
0.018405531974493385
0.0051473758264712595
0.004303724069860351
0.006161608161537631
0.006259337035376391
0.0031131600828902452
0.001626449480631614
-0.006308089317115995
-0.004521963179373013
-0.011976536466538372
-0.017656726089902437
-0.0184886039893236
-0.020949950895457703
-0.02242595157635439
-0.022272049364438322
-0.01899733837514539
-0.011769961538239008
-0.012818801957471404
-0.013468742848739076
-0.015588726500158972
-0.01812889472417801
-0.02047886935349386
-0.020746181137409395
-0.024476801482626893
-0.02566779535032181
-0.024911241992036485
-0.026705310167348312
-0.025978691957606066
-0.01883546609685532
-0.020729503815045527
-0.015484803689023123
-0.019762291026047797
-0.02173894104278618
-0.02281956620849597
-0.02163738094465664
-0.018770536335077914
-0.016300962839705696
-0.019226515218760315
-0.01711915396593931
-0.013633529089948446
-0.011566512989419781
-0.006386252247927203
-0.007588666284333767
-0.006898743925253237
-0.01489453972040188
-0.010720351486444925
-0.017673798257093774
-0.018024610790718702
-0.02401784223844653
-0.021329997001006493
-0.019633240291244764
-0.019905511736674587
-0.02086767362288813
-0.02087774734380352
-0.017353886522515623
-0.021014364770253417
-0.01266715921861416
-0.008218407423099445
-0.0061923707606403484
-0.007236448920939357
-0.006939728752811597
-0.002394834543604864
-0.004797950849075754
-0.008179821867593032
-0.016227388324178058
-0.013089152354825342
-0.014187894342308077
-0.018183681250907052
-0.02206757586599979
-0.02061698884628049
-0.026361827089104565
-0.029318590712106848
-0.027294478396289172
-0.029983652578775055
-0.026651091053266452
-0.025274922447122698
-0.025388103721240653
-0.02372630735491512
-0.024127302171410552
-0.017951243031573163
-0.018552374684019195
-0.01599763342609241
-0.016545764197845807
-0.011251577391384587
-0.006413738939622137
-0.007629239649621615
-0.012171081858576425
-0.01341736905760971
-0.01593585254616585
-0.013334748194008473
-0.013832190923157468
-0.02392327738411438
-0.022540564836600732
-0.024112391033970754
-0.027017482323560403
-0.02680565649663498
-0.0255234131861503
-0.02734554098482939
-0.02958115226242183
-0.028428687683772814
-0.02990054556873446
-0.02572519655147135
-0.019687315745692532
-0.01908095500724713
-0.025292843641247866
-0.03158427208617184
-0.030858673930971508
-0.02867894646548045
-0.030532148039765505
-0.02955170544005084
-0.02779767538258036
-0.02969017282373929
-0.02829437112655512
-0.0289914495390098
-0.029336535454462454
-0.02949688352362246
-0.029383240670291855
-0.029222277201040554
-0.030914045178304123
-0.02968609144006845
-0.025264650033404373
-0.028663709467872778
-0.02786537628550782
-0.025793376589160102
-0.025722211006707824
-0.023516087248772806
-0.022819341628215323
-0.022843938121925818
-0.024604100764177513
-0.020108002326750536
-0.021688312200631527
-0.021264749248207048
-0.020289085562449075
-0.024934217749613883
-0.019894137227803536
-0.02087434225126697
-0.021626445417006042
-0.0193466125920219
-0.016238613231552387
-0.01701249529619969
-0.012746500070056305
-0.02082763049377753
-0.01853166738530621
-0.016917939628774994
-0.01767831220133022
-0.011837766064584776
-0.008686177511591727
-0.008487274362729844
-0.015328235580719073
-0.016793448894374036
-0.020722032993305887
-0.02399708290649512
-0.02149368673701175
-0.021379741481954852
-0.024592989536702786
-0.023645437956193855
-0.024146930486162933
-0.02546611719439004
-0.019295844531887662
-0.023015199575918473
-0.022926220183357528
-0.024426680907288275
-0.024353909432066122
-0.02276639270057473
-0.02257609373239159
-0.023030307152956963
-0.02082941917227594
-0.02164967273110084
-0.0197362835497731
-0.02122510278026575
-0.024311974050569715
-0.030105879819788392
-0.022648388052388863
-0.020839828237746404
-0.01795484847713715
-0.02047474346367136
-0.017773009928747963
-0.018959068014623576
-0.016868089172843923
-0.017773218454395993
-0.013120101181145493
-0.012157250680984463
-0.01128846958071078
-0.01491904912272863
-0.011301941359709146
-0.01319653105945263
-0.009168422046318772
-0.005505077706106565
0.0006976221510761801
0.001640335790985963
0.00204430112265152
-0.004328688192991925
-0.001079889413110273
-0.0019744788710080005
-0.001174255419423824
-0.0015835215808400012
-0.007459836056310154
-0.010843480314240341
-0.012438729787102528
-0.015292032933780064
-0.01454571479027477
-0.009065705030652063
0.0029149230500965604
0.001222647300558695
0.0036389034189951565
0.006588264584784988
0.005752205179595667
0.001668452769067849
0.004921256787579608
-0.0006065276915098277
-0.014066846298219849
-0.014871750816776377
-0.015482569830185615
-0.019342172044436293
-0.013839007066402438
-0.017980724828919218
-0.022788637373175918
-0.019134896489414695
-0.019492640861107486
-0.01967269064634127
-0.02624050365921864
-0.027900896001304888
-0.02450455280288225
-0.02820966496866004
-0.027988482518624784
-0.0281789588471931
-0.03026379696280203
-0.026634276188716034
-0.026099029024867184
-0.026045364095459524
-0.029470050508964743
-0.027320602047734708
-0.025851343799280623
-0.025402012786711378
-0.025826696047271995
-0.02563639321798109
-0.022806772200784718
-0.022964713775318384
-0.02428633344986779
-0.024413024556568005
-0.023953755740555055
-0.021493237058156044
-0.019325593683657043
-0.008703128543382701
-0.009074354225523358
-0.0071142454584535485
-0.011280869515060344
-0.01298162440074847
-0.008071311778580994
-0.00788030130532913
-0.010422415705261267
-0.005808152041511444
-0.0009014931599934127
0.007934575560801616
0.009455197721956174
0.012583004447370351
0.017978428440723074
0.017369826085474653
0.009872808541761846
0.01160518463217152
0.02037129231593413
0.02243294933655536
0.021397469108343555
0.023995317181536812
0.027427052507373748
0.028097051620361684
0.027374861541236493
0.022980201936855505
0.021997488046637946
0.017467431939598838
0.01077638136636575
0.0042252890910648875
0.0007267856642807036
-0.0011142239977015155
-0.0028162344536281593
-0.0075750774108646005
-0.005781912582083018
-0.004562742430199916
-0.003970699658710488
-0.0029172970463025604
0.0025416499381363633
0.021623568369188426
0.025338170443884117
0.028122235908521753
0.03289105937170358
0.03204993248096457
0.03249896367901555
0.033543928063572336
0.030997331859803662
0.0347521402820085
0.03364167856110369
0.03181683466180119
0.02860799604059913
0.030389926879627698
0.025745285363526323
0.015890665620977778
0.011024832827800089
0.008363564092225464
0.002589776334742581
0.0013288957393424647
-1.0
-1.0
-0.007765148477429208
-0.013736693061884405
-0.010373188224855693
-0.011732176435159261
-0.019651183868187903
-0.018060730154191754
-0.01912944641463459
-0.021694453803691276
-0.021676031740640853
-0.020902396411326477
-0.023881625454652815
-0.019730467528512846
-0.02054858612685418
-0.020460574478379973
-0.021726052227411707
-0.0205212674448119
-0.01914349880612849
-0.012869785300483
-0.008020355820952365
0.0012880750107527844
0.0005107800967900872
0.004145082651028899
0.004733715478179053
0.0010034204428756846
-0.010144685558545256
-0.006069224583042009
-0.0058692069489196955
-0.005134811401741349
0.008672187605158822
0.006421956500651025
0.005772711999217906
0.008430757318526886
0.025271427423638904
-1.0
0.025112399252246516
0.022529519650141907
0.014743651203927557
0.010199318575160462
0.013726671464456263
0.01759054822438972
0.020020453618311566
0.028796735620012753
0.037467645143543164
0.03711721897798495
0.036047080104862385
0.03773999202228696
0.03501587489769475
0.03385470132884287
0.03678840511308835
0.037499839749353316
0.037270811508542015
0.03597281275484498
0.03649190581748489
0.037789990872707416
0.03584571036317842
0.03215701694678907
0.0319045030421759
0.032802172245490126
0.03392558168437038
0.029599777903489097
0.020988061355980796
0.01567022149488867
0.014554659137005434
0.023635870933227457
0.02717587512129046
0.028152640535910853
0.030089161681101793
0.031133238024975998
0.03115704186568709
0.03376348578989835
0.03166955034838087
0.02925844810136143
0.030431016388445895
0.034079682484055684
0.03120528608369874
0.035141272841092676
0.02977158519810875
0.03133865393632982
0.02499724624338186
0.029292559961958328
0.036793852922078055
0.03836358096213081
0.03966949800038052
0.038402970488311684
0.03793391002081897
0.035038720976239196
0.03844423618378229
0.038249030994736255
0.03748891856159488
0.035830870436480505
0.02531417042345201
0.026450256747358413
0.02275813662388742
0.02167384640239139
0.026123162668352
0.037318136760861355
0.03334587271588733
0.030883385310946115
0.035980174014221024
-1.0
-1.0
0.03482691459474478
-1.0
-1.0
0.03387245217400473
0.019569616317354512
0.011536314080797659
0.008702179606721457
0.016483938207350245
0.008511147104384512
0.008477353136272459
0.006148055218687069
0.01003757412213038
0.007426884409010658
0.00900156847783776
0.0083312753530033
-0.0068382428748609185
-0.010224001319352648
-0.01068178577716755
-0.016845327061504885
-0.008982218586373283
-0.010947023830807926
-0.011929140233553343
-0.013933608369489866
-0.014810347233452197
-1.0
-1.0
-0.0170019857080262
-0.01559645993831591
-0.010317108044517981
-0.010415615569622824
-0.007827721425038023
-1.0
-1.0
