-1.0
-1.0
-1.0
-1.0
-1.0
-1.0
-1.0
0.03811120168586078
0.04145670510894733
0.03754073889296727
0.03797376297884961
0.040589294590934556
0.04272603822307651
0.036649926787942606
0.04073546229299454
-1.0
0.04333423952775546
0.038186952658560244
0.02997222604126313
0.02626046576254386
0.03507969109284183
0.0290724712344683
0.027577655518556787
0.01948018635128285
0.012853874796371845
-1.0
-0.0010177409917223777
-0.0013938371289973434
0.0023473777438875803
0.003544626541405336
0.0024247003367388028
0.005160275571534984
0.013412559550296244
0.024499180812639795
0.024131283727744746
0.01817825167535145
0.013766845914845926
-1.0
-1.0
-0.007379766005680058
-0.006164468359897504
-0.008108534306285616
-0.010679242323847859
-0.009327441735106707
-0.009181926424178106
-0.010880769265153009
-0.006761619133388576
-0.010568182167270334
-0.013780487648932319
-0.01619961019863556
-0.01682612276227889
-0.013467230116070966
-0.013776724108482158
-0.011365046825158764
-0.008150663479770484
-0.01182127875735747
-0.0076322897132440745
-0.006846009558541665
-0.0007127738378361159
0.011460461278692165
0.017343912015632953
0.024729173843365756
0.031058765852825583
0.03266490387819334
0.03325230415698618
0.034235797568245324
0.02011967191504251
0.014003370338180388
0.015559370141854415
-0.000289766982822791
0.004068343136949713
0.00481158877483004
0.003970437183850551
0.009907481761294254
0.01036609860760904
0.009065109818074523
0.013282239063123496
0.014340382635363275
0.015365201039106876
0.03149281272848834
0.03632118986151546
0.0339118112388156
0.030124912779678645
0.03637125680136763
0.03602223335038695
0.03527163015360121
0.03720612394414069
0.036957813726736455
0.04053850459965339
0.03960661713721159
0.03921687869271118
0.0419922194561571
-1.0
0.043642245688899406
0.03754964653314179
0.039414614392324444
0.03854537798993228
0.03776682082044007
0.03891576159252195
0.03413716515376213
0.03869774000869985
0.0372150086670332
0.03593148461584182
0.0374654588617022
0.0357683727012997
0.0325659708345527
0.029160551984777572
0.029240812665627794
0.02740849946552855
0.032320953096534696
0.03553994708726954
0.03058508592435971
0.026155080995998933
0.01942185084355371
0.01807309918148203
0.020486437846257366
0.03386488461109021
0.036985927013118085
0.03262664639659009
0.0360877732684094
0.028216418335363595
0.030315230766175993
0.016186496603523632
0.021966586326287302
0.025245302572678846
-1.0
-0.0035017747349478183
-0.011095890543923398
-1.0
-1.0
-1.0
-1.0
-1.0
-1.0
-1.0
-1.0
-1.0
-0.011263809455095959
-0.01227976443812147
-0.0019531263664914924
-0.0060884708446867
-0.011727374434586392
-0.014589070471920906
-0.014269709176455233
-0.015219359533135704
-0.017825100876815485
-0.015375949088944478
-0.014578440257511377
-0.013058991155627727
-0.01199090705316108
-0.009961779801463415
0.002170265368938244
0.006943031822239782
0.014996205885395991
-1.0
-1.0
-1.0
0.031409145335494236
0.03887966189577263
0.040144497622979405
0.039477427225390646
0.040213082460349
0.034134970884556644
0.041511298614527514
0.041608815305859935
0.0370260650964333
0.03804012306687076
-1.0
0.019182818637270588
0.01435311475230229
-1.0
0.026248442776005503
0.02410406205386101
0.01140861762753993
0.00883081432385897
0.009298022348033924
0.011433091654679742
0.010462894501138992
0.0049928219586595195
-0.0014095015293338188
-0.00764111045613828
-0.008752459202223752
-0.0056818995210882175
-0.006204740867370395
-0.008334268785511653
-0.007446520325032923
-0.007459520982054308
-0.008200504391490114
-0.00029709336961524017
-0.0010845381624704665
-1.0
-1.0
-1.0
-1.0
0.03286362732934239
-1.0
-1.0
0.02851364661731923
0.028798491237844854
-1.0
0.01841110786264973
0.01571312659411491
0.012308252172751308
0.013173510352656306
0.01025783256307762
0.010995955037488958
0.014929029316448484
0.029346491485055987
0.03721299010978329
0.0406994643427948
0.03654195153039404
0.03767971828413799
0.03679097920900593
0.03839176641405416
0.037072134718619656
-1.0
0.031274648222395514
0.03816323908338714
0.03985855397390252
0.03627157233775853
0.03292728121780052
0.03770733792835444
0.0319228302956757
-1.0
0.03497302148466975
0.03562055026114739
0.03477552164337869
0.03585420658568692
-1.0
-1.0
-1.0
-1.0
0.03467266745383091
0.0367317965538339
0.03804601383641722
0.03834163814952487
-1.0
0.03816155661408306
0.03757959628277348
0.0392748871426318
0.034515445137881094
0.022901862712305376
-1.0
0.023469451117057803
0.025782410793454814
0.02419961404902245
0.02258128183220701
0.021570146858253727
0.025283297195377703
0.03548330569614757
0.02986636694517949
0.019862812171543124
0.017270573431416338
0.018755698603307683
0.02450147160160494
-1.0
0.02594276503694273
0.030709399827483067
0.026357843808268083
0.029576830933973817
0.0350606561337119
0.03426146153215749
0.03519454025643218
0.03554839274510252
0.034760007152462295
0.03780516802032958
0.03592876635796193
0.03944658590958078
0.03231187080686971
0.04041854693536457
0.03878556799883639
0.04094602035672244
0.03824722835892958
0.04000342390405902
0.03664443266424974
0.037979414251713486
0.03842937501014872
0.03999232640845702
0.038128022582943656
0.03979265187102496
0.04007407646265378
0.0401925307234474
0.036940865555884
0.038438552645155895
0.038727556909098536
0.03707483598399381
0.03521153414137235
0.03782186814646153
0.03591912515641364
0.03456561221179469
0.03266302089534031
0.03208368783448418
0.02630936098658168
0.02968708615247501
-1.0
-1.0
0.0019216024295141817
-0.0038695973027581673
-1.0
-0.0008972466479451824
0.0017784330968213453
-8.924768003680621e-05
-0.002065398603484056
-0.004098907378019628
-0.0018408087573961258
-0.0059364931217837326
-0.005097121513617864
-0.002921838554553271
-0.008294715266615342
-0.004273313543867369
0.006235612821814018
-1.0
-1.0
0.03719414803811309
0.03283314897437877
0.031320806116107706
0.03734395698683577
0.03700882598591734
0.033880053539937456
-1.0
-1.0
-1.0
0.03778503627956431
0.041234757894551055
0.04165098371401445
0.04224105468644866
0.04074479430788774
0.04021209839505008
0.03551207080594709
0.03662473485789326
0.03631583317500395
0.03780313986021056
0.03358367730177235
0.03484547834253299
0.027915617594465713
0.019957563075442386
-1.0
0.01735362327861298
-1.0
-0.011753885178034947
-0.014066148030914653
-0.017407970350526762
-0.0152104222310931
-0.017799787368700325
-0.01682040660625356
-0.013847632162822058
-0.0168696178197096
-0.018636546239783468
-0.020224809701778236
-0.014279142409514731
-0.010940546592028037
0.003487702255122438
0.013704616259467351
0.013256848304552654
0.018822544264690596
0.02110290861109484
0.022969909754252577
0.027688472538413087
0.02732242072789584
0.032024116065322274
0.03332777659675855
0.030518854403787824
0.03598745099393394
0.03219129838250918
0.03370289221840237
0.03492488778698773
0.03308623630604182
-1.0
0.017592348617766543
0.0050564040494907895
0.0011555104926229019
0.00041328904275499573
-0.0006226506094414703
-0.002323915269769683
-0.0005815207030906847
-0.002083861208746975
-0.0020402014719598763
0.0011065106916946389
0.020995360075568247
-1.0
0.017626543236813216
0.018882645096183807
0.02573085370016495
0.029596315031465002
0.007235441491320281
-1.0
0.004109553867078536
-0.0032454046308564785
-0.0025548028286096177
0.0025762411129723827
0.00037704010413066517
0.009168413295052807
0.020141650840300163
0.028541214298315888
0.03885438329697901
0.03827279026889024
0.03743740544930453
0.03720374704093677
0.035299240369973464
0.03848968140088513
0.039796313590759164
0.03667148166034679
0.03871291204711935
0.03668792517052936
0.03789250944784108
0.033704550129772165
0.03792084306498771
0.03215311838869516
0.03151127949599151
0.03170297127099815
0.035263661922868034
0.03858687042917316
-1.0
0.03940063485417613
0.034324975438418275
0.027096074167483445
0.03002208394327866
0.03502241764655863
0.03350784791879578
-1.0
-1.0
-1.0
0.032794555479392286
0.01951752617715091
0.017173884220969278
0.022633441363662094
0.024008945707667595
0.020929087026030375
0.019975003557023596
0.015552311074913786
0.030565211188235422
0.031032599625822086
0.027859142749643406
0.03337072824079754
0.025983045024207417
0.03536700517681581
-1.0
-1.0
-1.0
-1.0
0.03799727674907449
0.0389990461138915
-1.0
-1.0
0.02697526862006017
0.02630827551746308
-1.0
0.029973885308419893
0.028015753394839155
0.02984930392840409
0.037707064396027196
0.04160738207418895
0.03634020977769766
0.03565826001482261
0.02602821816331095
0.026556051424532524
0.035595617276819355
0.030937130191465618
0.034253859116920984
0.041609131785541174
0.035166671770747615
0.037085667796705905
0.03567735972716838
0.03899678187205094
0.03689431384140671
0.040541911351978675
0.04130502035789061
0.03268948780158284
-1.0
-1.0
0.01461364118364432
-0.007639773606803331
-1.0
-0.008634677586004178
-1.0
0.018922382028033893
0.020439634892037057
0.010125940758223288
-1.0
-0.0008821938924812279
-0.000475252063981786
-1.0
-1.0
-0.004135214582953525
-0.010990449898073134
-0.015545025439059926
-0.01699343335105646
-0.013707040846308118
-0.012814035048228182
-0.01834196595981361
-0.018332331166270702
-0.021938199061971583
-0.023682347434514976
-0.02641450141811305
-0.02371156118160785
-0.027059617786048755
-0.026873776841974735
-0.029341332392490507
-0.02656461123328015
-0.026729951615061445
-0.02548195443684488
-0.02722491970368611
-0.02561358921703538
-0.021896999107958018
-0.026140760633609934
-0.02473655178450537
-0.02244004986109658
-0.003449119365781547
0.002711246984036173
0.004271096630624654
0.01166242722141013
0.012675613331518017
0.0071487608527085
0.011313433675095312
0.0029064561054005828
0.012382439679649143
0.03327239175970944
0.033999442694629865
0.03144722710795496
0.03848109443215317
0.03724685209651103
0.03671663010846351
0.037263836119781034
0.04117698975177253
0.037844991098304
0.03703540127671163
0.037504951908533216
0.03936596411975997
0.03203547366487085
0.03866152872382887
0.034876438269420426
0.030505587002529703
0.030356167655878712
0.02858987132613007
0.03250234833441819
0.033077049405416684
-1.0
0.02703151594111012
0.020853853690798226
0.022149221955665085
0.024775256979059836
0.02918652304309711
0.030518199828880228
0.028779179646850013
0.028822823057838027
-1.0
-1.0
0.037725240333883886
0.03067534338785744
0.031601585146660484
0.025731026796184324
0.02744140581855951
0.02783997121823318
0.0247473931380853
0.019541421988361955
0.012945309896558971
0.010263837663918923
-1.0
-0.0029152094915269942
-0.012986912843796472
-0.007394945516623419
-0.010717572569266934
-0.009900119678547212
-0.011352313359981313
-2.4295121479879003e-05
-0.0015868064096586784
0.00041458916101868855
0.0024955588859165673
-1.0
0.003980548205215276
-0.003120589286637997
-0.01206039088170369
-0.015733428987645934
-0.020642674989359903
-0.02077283056441126
-0.024601971284616504
-0.02368409221947919
-0.022372677146821597
-0.021973770705857584
-0.024255143927225806
-0.027123677168652046
-0.023520438969484598
-0.021220068884782808
-0.023055863342510096
-0.020332456826595204
-0.018505634381076677
-0.014396060492285744
-0.012500808412878511
-0.005367911971590565
0.008123369986421328
0.017930828862439185
-1.0
-1.0
0.021752319570338293
-1.0
0.013653751154560176
0.015219865145320826
0.0072227666145299844
0.006400808886173705
0.004649760743557474
0.01245586092392797
0.005388399375981806
-0.004217069945949714
-0.007887670907181933
-0.007440880660448331
-0.0021214429986711253
-0.00011765996030463648
-0.0043076407935451365
0.0010317287945219484
0.001336998113581469
-0.007075933106002812
-0.002559340452487466
0.0070867777480987885
-1.0
0.024345317587878716
0.02674264002475513
0.027717501528806445
0.02295043637640195
0.011120892873554306
0.005639484553215441
0.011899398822774512
0.003925196549085249
0.0013149276440280573
-0.00958139313334022
-0.004518511927220662
-0.009254423870031654
-0.013061109140773583
-0.009501574998634623
0.005610654164336679
0.0004714692603822813
0.004783895345253797
0.0019130971859540884
-0.009558272810088596
-0.01325151019074049
-0.013129089837589595
-0.014994863248448743
-0.009977631127985281
-0.002089046770267038
0.004990796704374831
0.002882659567073906
0.003416146253131273
0.0036187735747975815
-0.003817689360059379
-0.002058490875572105
-0.0020878281334144396
-0.0010864550816661214
0.006138188711897808
0.001462572630045368
0.009497003555551194
0.006863488522336034
0.008133371060582721
0.01319234211327488
0.03560193205433437
0.02547335786214704
0.01251397252365373
0.004339954887166118
0.0042448013874266015
0.004376056091068678
0.01056246636275037
0.0009116111718835826
-0.0030224751554002198
-0.005558472237094553
-0.007108578900092029
-0.00581526676086282
-0.007482391625182094
-0.011738508683543434
0.024650643529142653
0.02483970205268219
0.018897440520797865
0.020893211248592395
0.01934540481448093
0.011821396039266692
0.013017326039741848
0.02511115997989958
0.009979725697673488
0.010245887701958742
0.014903656472797245
0.028072877710811992
0.028909014378229927
0.032470452450496866
0.03478755873467264
0.03788012949676888
0.028170881379149755
0.017759298203575177
0.017133003567719584
0.029985839175390057
0.02058217104867696
0.011267872139585598
-0.0005747396555968282
-0.015452600877452888
-0.020500645065731817
-0.023120472884787944
-0.023782134301364583
-0.025233745477018944
-0.02155268790317362
-0.023089705008633395
-0.02249051138977483
-0.021512006711147873
-0.01748289110592295
-0.012116843806482928
-0.014206836575967208
-0.011966793738798356
-0.007943300609891108
-0.004014011262834807
-0.004409912093822175
0.008779221425285599
0.00854397051645324
0.00206123130753679
-0.009443772102586581
-0.02112946846623667
-0.024170378087254512
-0.023556988221338736
-0.025691107100761005
-0.02010074485715847
-0.006798680317542592
-0.02280069423763548
-0.019789870205334438
-0.016612021565716034
-0.015818903708580766
-0.009810583556611465
-0.007915952693020851
-0.004501561095001223
-0.004060243789495685
-0.0029070301792305424
0.0030585150022505816
0.003695676329707279
0.005563763214856861
-0.004414987861035586
-0.005104338987002795
-0.0063605666145877425
-0.01054476495409706
-0.015761721820127875
-0.015281870581080747
-0.01569796513747465
-0.020145524528828222
-0.02346722788246914
-0.02253981128230574
-0.021710511640155212
-0.01920855070001556
-0.01747677414649562
-0.02194283298258036
-0.02249628208048178
-0.025454435959344088
-0.025416675901622214
-0.023835724319557074
-0.018099364693208077
-0.02340582580324564
-0.02356859235013296
-0.024641937897073713
-0.026082218505942178
-0.01989791191229128
-0.01747301133976467
-0.024707226829839817
-0.025719447822435303
-0.0235212422501859
-0.012643185384014648
-0.009344299316495688
-0.0016439685881943246
0.005470279044888402
0.004533558878835425
-0.009132298064854267
0.004945321994150202
-0.014858688008918262
-0.007276075738408192
0.0014487590911157393
-0.0023431974602388466
0.0037278783843865044
-0.0038923510053955838
-0.006592123952857458
-0.010483777196921458
-0.013961686305753538
-0.015883226796223452
-0.013887929707937986
-0.017238698665110675
-0.009174303237708464
0.004752821140023049
0.004611591022083114
0.005361827584034302
0.018077314238559922
0.025052764714235575
0.028445148142162473
0.02700585405873672
0.02539823002274409
0.03129006996919399
0.027694565510917524
-0.005482441185856993
-0.01224685468520771
-0.013427378776397691
-0.013655817207909628
-0.007007045437949548
-6.387348643047613e-05
-0.003921775409521092
0.016442155995081104
0.01709734345220314
0.013698583753932566
0.01238658999027028
0.003784088237325918
-0.006730548785654864
-0.0078049102783208195
-0.0076453076665817365
-0.007799176058469079
-0.0023359939266617454
-0.002020216051028557
-0.010777425685955935
-0.013124563911160627
-0.010888570626779384
-0.01582891878758536
-0.01190895768153077
-0.01688021578322704
-0.017776954472856134
-0.015237834387086356
-0.01425365644596756
-0.010617805777775205
-0.015886406615519297
-0.012189146786046283
-0.005850111506888543
-0.009891680391815339
-0.009503376373242433
-0.006820898532511369
-0.0017288741299233126
0.008505295599655807
0.007231662827258699
0.009096602890436557
-0.002292885093975351
-0.008827285438365487
-0.009203428306994513
-0.006696103553953038
-0.003429088665514641
-0.006418088418378808
-0.0004105785831248063
-0.001371867806689338
-0.006440242894008473
-0.004310221395756964
-0.005398376242478055
-0.002744902747510259
-1.0
-1.0
-1.0
-1.0
-0.015843045569363282
-0.02083042210504046
-0.019853272787505215
-0.004811264990175089
0.0016758463124191974
0.0037282398067996804
0.02547091449923882
0.021826441876375093
0.02211903641817735
0.014368799849753327
0.015242207636672311
0.005880538648088011
0.0035433680488000077
-0.001931916633348941
-0.0018885016515828772
-0.004270814025473377
0.0044632285634174035
0.032578436660668814
0.03700018995940122
0.031326040919625604
0.03494573860111332
0.01766805580027086
-0.005538161507855993
-0.007318863563785203
-0.012229589825776987
-0.006265953992599136
-0.010273510828550884
-0.010221836410821557
0.006102087908858098
0.004273064797384178
-0.007004557994184773
0.010452342413371375
0.01672360385471616
0.015968340210114184
0.005542326632989526
-5.158920766685356e-05
-0.007608624561997046
-0.003678625369647241
-0.011293171309485745
-0.013033866682891108
-0.015207410772750804
-0.010534823948238698
-0.009080565448291887
-0.006077065652037383
-0.002975244003804081
-0.008746479993405314
-0.011114159911035301
-0.011509360230627645
-0.017909694882087827
-0.01602539097701552
-0.014367138109033385
0.005947822719833966
0.014762572551715895
0.007692914090959992
0.008579182178782249
-0.006624206237193923
-0.010922768825374853
-0.014169999592450779
-0.010704896720634361
-0.0010924224229938305
0.0188228681176141
0.030458611530954523
0.017762886480932813
0.026656254931154953
0.012698260577757893
-0.010402505479198534
-0.016007884718821457
-0.020637479989778055
-0.017493168249392396
-0.0200860146112208
-0.01768984715648009
-0.013047638568379333
-0.017110122260773783
-0.003494998940314604
0.00208856977544775
-0.014218256043581273
-0.013535653710358435
-0.004821301475222289
-0.007873929678825933
0.001538125912749194
0.012700642549296424
0.014409083265682096
0.01808563991538359
0.01895679909810631
0.007242406679655541
0.007299184040219249
0.0009263417265585164
0.015160586770595414
0.014165967173601987
0.020473319191126462
0.021326314904166543
0.028628138018930986
0.03278867474437726
0.029871701914731954
0.031218115438702156
0.031929914198008724
0.03831629519508786
0.036250413527536614
0.0344750668322399
0.03614516961850833
0.04332672298207508
0.044797764020598915
0.043624918946198674
0.036440116178046884
0.034709823115411875
-1.0
0.039548750420875585
0.043438980412083474
0.0351972967104054
0.0254876384280398
0.023009051989736257
0.024805758095034814
0.028429073154612614
0.030554813829452125
0.030269663443415182
0.01406877501507856
-0.004181594059956236
-0.012162939773611164
-0.02101142335046339
-0.022908728360640562
-0.02259811666979217
-0.020126925487441185
-0.02089409656486564
-0.011710027051674446
-0.013209001462616849
-0.015754342890615097
-0.010226556187541406
-0.00798673060683197
0.0006621323746292903
-0.010572942292538827
-0.007706244589523357
-0.005384066483216748
0.009697878566627384
0.00169380272338427
0.005393507511274581
0.007000516995897164
0.01207002656385027
0.010555154020989367
0.010377175764597533
0.008355330363407706
0.012447457082555239
0.014898696191458387
0.0152962473482238
0.02111316013697536
0.02127728607554823
0.019869955296554626
0.016433296588353703
0.02564216608567071
0.027035883639691373
0.003383120642150593
-0.008218056071293016
5.991028592340704e-05
-0.004091245016096907
-0.0019617557748039956
-0.0007042123386693875
-0.010126299409160653
-0.0030402572000038657
-0.004888436520608174
-0.0039346939919419
0.0060039382657233725
0.022265331935225452
0.02084642030485087
0.014348259342600358
0.01729058571815073
0.020580308451620507
0.026553568844863724
0.021898387054924844
0.030903552497842098
0.028465825415540633
0.025482939834819328
0.026073302809189833
0.0256355793650303
0.02473943513606651
0.023553313407039936
0.028455341502887737
0.01855716118240174
0.025938145198501433
0.025353875611434346
0.008939527519130559
-0.005899891715076347
-0.011904846298054208
-0.013565490896043225
-0.014587118518083845
-0.019973575023948142
-0.01833039999547466
-0.021181864291108504
-0.017496172685627226
-0.020006301350976283
-0.021123244941301893
-1.0
-0.02062266832066453
-0.019132902213268722
-0.018980095320593048
-0.012345456923517609
-0.010163619750957522
-0.012985935767564318
-0.01686883719475746
-0.015848037581910914
-1.0
-1.0
-0.008585812335088563
-1.0
-1.0
-1.0
-1.0
-0.02124135033057984
-0.022171008178124067
-0.020344345556045685
-0.019720748328133017
-0.018502196441644178
-0.01849241128530456
-0.020264287723522168
-0.020307416484992874
-1.0
-1.0
-1.0
-1.0
-1.0
-0.02011152135567418
-0.02289338315248099
-0.02326333433178535
-1.0
-1.0
-0.020138958178781825
-0.01933160971970681
-0.01860548000746053
-0.018464532370173557
-0.018299813737167214
-0.018791841579303487
-0.01926229158674814
-0.01893903186205363
-0.021377360091336426
-0.023827184905244506
-0.02311769584799335
-0.01852779747933532
-0.01827081844984498
-0.016280060270665798
-0.021729489919921265
-0.019136877085067838
-0.02003864162735385
-0.023282009737746495
-0.02307021749613552
-0.016710916548468034
-0.010998994916895297
-0.010279333607380018
-0.008719000362883625
-0.009088740796785686
-1.0
-1.0
-1.0
-1.0
0.010394400688611943
0.01866422959388683
0.025347005655991708
0.027784293528809505
0.02962096278572001
0.03289337226416461
0.03414399459797641
0.028609100328175263
0.029769353986950922
0.03477682291352376
0.037255320085346454
0.03066229510304698
0.03434127129497077
0.03736665536015968
0.031765539442729356
0.021326785604113302
0.01851402178722911
0.01560680587209365
0.01861670958587158
0.007883202121461078
-0.002273191803926838
-0.011241585320859917
-0.010907253416221913
-0.009851342406989637
-0.01355900755623551
-0.002549302578738662
-0.00037791765454027324
-0.0053756343144296965
0.0017939914855423151
0.006439444200641727
0.004472876885649742
0.013365391554112269
0.004290148228258832
-0.0020884350486539494
-0.002503204762407483
-0.009296134391700543
-0.00385169226905983
0.004700245647107164
0.03197633087275468
0.028688320244055605
0.028947080496834362
0.029340011411033706
0.026590798721040965
0.030618821483058008
0.029454662419058825
0.021902674094026575
0.0036918050850334987
0.001043428980612454
0.011680929310664574
0.010959412064430555
0.007970671194493708
0.015154424293172777
0.015460651602087596
0.021555551535246423
0.00528448990576637
-0.0036968391368225988
-0.0026144271234548717
-0.0008034941722513375
0.008571577781662693
0.007127576864487541
0.0034621846357653337
0.013515279055874099
-0.00724250604980206
-0.012712184208104809
-0.006722234172247458
-0.008820277796626034
-0.010450653629728336
-0.015537182275808753
-0.009517841894114039
-0.007714126401880676
-0.005801488676843512
-0.00023825308663203264
-0.002552810159518698
-0.009245759490045288
-0.011361758078672726
-0.009324408293190686
-0.005363795999073225
-0.005499049569215708
0.00952691288785882
0.00545474130895172
0.0005315632879405271
-0.0019973949846010543
-0.004280895927232253
0.0003681516322928992
-0.0005969190429931578
0.00842555091565859
-0.007261866681010948
-0.006980598601148518
0.0006665248475552841
0.0012144740684216988
-0.0039281322520157945
0.00019925654877587138
-1.9315789929720787e-05
-0.0005875211653807504
-0.01171174970066887
-0.017025738124263976
-0.020825022419220716
-0.022539315556590337
-0.021384144641391364
-0.02172732775044705
-0.020979729051543765
-0.023507249369529925
-0.022379957135263577
-0.021934289667514244
-0.009688473183723624
-0.006879103287314282
-0.00796904048275385
-0.006964812374155839
-0.012834650100156596
-0.007428309830908494
0.013642701208755091
0.009975193562779896
0.007491270337792427
0.012084374232989007
-1.0
-1.0
-1.0
-1.0
-1.0
-1.0
-1.0
-1.0
-1.0
-1.0
-1.0
-1.0
-1.0
-1.0
-1.0
-1.0
-1.0
-1.0
-1.0
-1.0
-1.0
-1.0
-1.0
-1.0
-1.0
-1.0
-1.0
-1.0
-1.0
-1.0
-1.0
-1.0
-1.0
-1.0
-1.0
-1.0
-1.0
-1.0
-1.0
-1.0
-1.0
-1.0
-1.0
-1.0
-1.0
-1.0
-1.0
-1.0
-1.0
-1.0
-1.0
-1.0
-1.0
-1.0
-1.0
-1.0
-1.0
-1.0
-1.0
-1.0
-1.0
-1.0
-1.0
-1.0
-1.0
-1.0
-1.0
-1.0
-1.0
-1.0
-1.0
-1.0
-1.0
-1.0
-1.0
-1.0
-1.0
-1.0
-1.0
-1.0
-1.0
-1.0
-1.0
-1.0
-1.0
-1.0
-1.0
-1.0
-1.0
-1.0
-1.0
-1.0
-1.0
-1.0
-1.0
-1.0
-1.0
-1.0
-1.0
-1.0
-1.0
-1.0
-1.0
-1.0
-1.0
-1.0
-1.0
-1.0
-1.0
-1.0
-1.0
-1.0
-1.0
-1.0
-1.0
-1.0
-1.0
-1.0
-1.0
-1.0
-1.0
-1.0
-1.0
-1.0
-1.0
-1.0
-1.0
-1.0
-1.0
-1.0
-1.0
-1.0
-1.0
-1.0
-1.0
-1.0
-1.0
-1.0
-1.0
-1.0
-1.0
-1.0
-1.0
-1.0
-1.0
-1.0
-1.0
-1.0
-1.0
-1.0
-1.0
-1.0
-1.0
-1.0
-1.0
-1.0
-1.0
-1.0
-1.0
-1.0
-1.0
-1.0
-1.0
-1.0
-1.0
-1.0
-1.0
-1.0
-1.0
-1.0
-1.0
-1.0
-1.0
-1.0
-1.0
-1.0
-1.0
-1.0
-1.0
-1.0
-1.0
-1.0
-1.0
-1.0
-1.0
-1.0
-1.0
-1.0
-1.0
-1.0
-1.0
-1.0
-1.0
-1.0
-1.0
-1.0
-1.0
-1.0
-1.0
-1.0
-1.0
-1.0
-1.0
-1.0
-1.0
-1.0
-1.0
-1.0
-1.0
-1.0
-1.0
-1.0
-1.0
-1.0
-1.0
-1.0
-1.0
-1.0
-1.0
-1.0
-1.0
-1.0
-1.0
-1.0
-1.0
-1.0
-1.0
-1.0
-1.0
-1.0
-1.0
-1.0
-1.0
-1.0
-1.0
-1.0
-1.0
-1.0
-1.0
-1.0
-1.0
-1.0
-1.0
0.026636884485835087
0.03357100387345255
-1.0
-1.0
-1.0
-1.0
0.03845981070675117
0.03883593984363339
0.03171135783097979
-1.0
-1.0
-1.0
-1.0
-1.0
-1.0
-1.0
-1.0
-0.0024741263534377132
0.00110155976264564
0.001660737784196718
-0.010497417294315118
-0.0021494822360997004
0.006107399422859875
0.008095183536873017
0.012120951415588957
0.00891575176346796
-1.0
-1.0
-1.0
-1.0
-1.0
-1.0
-1.0
-1.0
-1.0
-1.0
-1.0
-1.0
-1.0
-1.0
-1.0
-1.0
-1.0
-1.0
-1.0
-1.0
-1.0
-1.0
-1.0
-1.0
0.03102303176968749
0.03731936917816951
0.035143450261451104
0.0359341412962073
0.04037367099751432
0.03876883311649385
0.03807372882835909
0.040191398384750596
0.03583329349675199
0.03632138212320054
0.03653056775188846
0.04040416504845195
0.04033872897891161
0.04133423705339724
0.04212781497505544
0.03924722986143714
0.034821206485778536
0.03478638054848408
0.03410464969583961
0.034883811533389014
0.03278378978379939
0.0292977163321911
0.0015544385365351204
-0.009793885704252315
-0.016303241940170667
-0.016215500470231695
-0.011532392632342242
-0.01953752902272485
-0.01880792695715876
-0.021540580748335925
-0.018295726699386755
-0.01930421877455568
-0.01915731578719403
-0.013588923085805641
-0.007258603719694697
-0.0005619958310448429
0.016685598589480367
0.03437291630021246
0.03491787124858951
0.03643288884724671
0.03562049335292723
0.037343254044040194
0.029104436860803357
0.036483608274206714
0.039312952934703244
0.03928111309450707
0.03953375039249482
0.04030709909582679
0.03469580544940234
0.03939269984984877
0.03712505141817306
0.040330470788692833
0.039005529626054754
0.04012311915585321
0.04113438163842434
0.036047416785388524
0.036622182693368734
0.03555132082996703
0.03670917383565233
0.037018414841831056
0.03790583954434784
0.03864072596714101
0.039318434089674795
0.03939368575617296
0.039285666539272804
0.04137625456187283
0.04153298091259212
0.04208868543421085
-1.0
0.042246621069515565
-1.0
0.035964085650257105
0.02325169521897429
0.011787770058729373
-0.012356912628699632
-0.0018088042516996089
-0.0058641556483202
-0.01371811942362664
-0.017777613019879592
-0.021915652260942897
-0.01655797734575326
0.007647581773985914
0.0119300216578256
-0.007497252351981932
-0.020591166272443284
-0.019349146469622137
-0.024162871226644362
-0.02195769041922905
-0.023217984463142813
-0.020006074321390073
-0.017511514097315058
-0.003938757400432221
0.0029989201003639936
0.005895177864702835
-0.0014404097789157675
0.0005924001012749554
0.0063229123239504975
-0.0007968860286976489
-0.001113810328225026
0.010516006940343414
0.019321672892100024
0.007653330994654511
0.015396325244075271
-1.0
0.0252904097606156
0.015657872470115193
-0.0025396151708455034
-0.0028300179683729124
0.0005956705335685115
0.0005005075492928796
0.0020391125555533104
0.018324163479303244
0.029309730123284035
0.038571335190048864
0.03296917908394693
0.036289602868752345
-1.0
-1.0
-1.0
0.03573398694462869
0.03608294566262331
0.03675431531967762
0.033283476365688874
0.034235673448947186
0.03272976596940337
0.03423286853003301
0.030421082651553327
0.03529237313608033
0.03415880689072396
0.024731869875407434
0.019836413150952095
0.012735956402967376
0.014941527920599338
0.01609679449014725
0.009028350806578097
-0.007248176332748281
-0.01797922201146576
-0.02336148742872342
-0.021914144733196413
-0.020108410618028913
-0.020554741421434878
-0.02532467000033901
-0.02493023690917728
-0.021138271573748535
-0.02484231869587479
-0.024005569048664827
-0.0223648089991257
-0.007647731187267783
-0.01206360555209662
-0.011706395334192628
-0.02163790769437386
-0.025213317787588757
-0.01895285509017074
-0.02136737602332837
-0.018438709502957125
-0.010631217752749613
-0.01510002525803305
-0.006812888535246651
0.007077212339786129
0.008414359380015078
0.015250354241239217
-0.018025384876926908
-0.021253973569505622
-0.02375119738738516
-0.02435980013382963
-0.027107208652421354
-0.025428355054253563
-0.029007125327011628
-0.027977472350689484
-0.02282602514676457
-0.005652678984751731
-0.017150300547717403
-0.011591344224988441
-0.00993735281462669
0.002405621926207602
-0.0005866674184640141
-0.002446775722040048
-0.0032231739857068644
0.003756478936063354
0.012661565909508591
0.006818941524108543
0.014972414695927421
0.015388845177086245
0.010623883743120335
0.004708731698043785
-0.011753782324948945
-0.014569834157223878
-0.01092319391649809
-0.011281848506577331
-0.013021231221130905
-0.007678162167332855
-0.011144433276863888
0.0016213162510181393
0.0018558886953423958
4.643478789810046e-05
0.0028212641628078856
0.004343863873008474
0.003207611963013542
0.0018167535587041328
0.005766910346316678
0.0021173571555893494
-0.002899584326485212
-0.010867410476539647
-0.020571280895377197
-0.02117684105219187
-0.020086095913464806
-0.012444867516863696
-0.006215016795973419
-0.004157914833635799
-0.012391785456908451
-0.014734336125021077
-0.02253286796177499
-0.023865351843379064
-0.021016602275480585
-0.01600696873857583
-0.011305586216513607
0.011085481682201373
0.020956312417081582
0.012115187949328502
0.01821974242127756
0.00911545997171408
0.010841189969823674
0.017315296502715124
0.018214502704438425
0.0184031701314865
0.025247130601016972
0.011214468949117654
0.022481685624453265
0.01722613099326574
0.018068351869496412
0.03249189039678834
0.030424238617913133
0.027926339558702922
0.024788415635350468
0.014619600306288238
0.018221566420719978
0.017234654521467985
0.012602948177864925
0.010412858603349003
0.021543339364536486
0.027265634191184135
0.024129680829134127
0.010180809030425233
0.010333700901876379
0.0012168421072731319
-0.00653277423055
-0.007534285090192971
-0.011396621121501641
-0.005636837713354009
0.002371904689917974
-0.00420799557597316
0.01034131670705465
-0.011119220394751847
-0.0003963556900554562
-0.00904774556015713
-0.009711020393957616
0.00012291160719418652
-1.0
-0.007795199860823812
-0.01211571806380712
-0.0076487230227072975
0.004594253209659169
0.0016532588864882495
-0.006307747399873901
-0.02224078308210906
-0.025644117941000834
-0.03179038148108186
-0.028818320131085193
-0.029136006769345597
-0.030948288687074308
-0.02434924241306215
-0.02667014481347224
-0.027011643570208833
-0.021994581631384683
-0.020549139663745986
-0.02407311759032479
-0.025073299017140123
-0.025130733867074442
-0.024058450857797214
-0.023185670241294164
-0.018345123226587566
-0.0013317311005974382
0.007835024276895202
0.006212934015218006
0.005937579125569883
0.015177348705123314
0.013816599433559186
0.015966119451693208
0.020553394007185827
0.018276945323636704
0.015610677843119524
0.018326265497284125
0.030548928510242344
0.03253677955126944
0.02620275585798017
0.01213032529625094
-0.009755864415260558
-0.009627368303268092
0.0011173616526708125
0.0023144102351035914
0.025183516092488985
0.02488030909809041
0.028260148156347552
0.0301490430243862
0.021630366940953046
0.021085191591198173
0.018883409350192414
-0.001378842120733554
0.00100479778897229
0.0022778810764381863
0.008127642033889297
0.00983140604279872
0.01224292815879742
-0.004771227870033746
-0.019805612894327716
-0.018478119610849872
-0.02382863418228261
-0.02982639910135777
-0.029231333194613473
-0.0321568150278194
-0.029477968649703316
-0.026630944944988223
-0.019853425526936187
-0.022978102197662595
-0.01974914431769788
-0.014840570693008046
-0.020796557003582745
-0.013723097578778019
-0.01520655877295439
-0.004679334103102066
0.02765286467521576
0.027724122989370402
0.03669833196728707
0.034990460681996655
-1.0
0.01339678867951492
0.022236391838300333
0.028256877456517778
0.017625141215275583
0.020493136437120904
0.03178622574501878
0.0065992064563591794
0.005080689523173737
0.002770776465690369
0.009311010379952377
0.004852454351361654
0.004606170006169275
0.0027427159003453527
0.006167566940950884
0.012326759623092862
-0.00012407193113229953
0.003295161981737051
0.011884110816538146
0.013619536767802445
0.019694827358567674
0.021577749106899673
0.013053173644394582
0.00929454564949021
0.011423477900348426
0.006433558522942488
0.006191165993126005
0.005307620868454685
0.006416121747635198
0.0073332096262386645
0.01280468323997562
0.027247241343301705
0.019998953948834813
0.014336919773571178
0.017640146851439047
0.014920746285139473
0.011030141143172186
0.020229981127250826
-0.011211990501155816
-0.01360234500732972
-0.012135566495787802
-0.01238932003409603
-0.00923658384741277
-0.009058338943573177
-0.0021251306695581657
-0.00801068851632167
-0.003312359190019619
0.004931304224732976
0.009983435542070908
-0.000471551282735462
0.0014828639907924028
0.0007428122451583677
-0.0008244308481684114
-0.003123452511549982
0.0045273258488983245
-0.0008021516514074238
-0.005344982879685493
-0.009280174136961946
-0.00899246517733496
-0.01259003293863016
-0.011742285706396986
-0.011814742673850898
-0.01409146270559062
-0.006863410906490198
-0.0065536248832685755
-0.0116442380305111
-0.01842726522195171
-0.0174918113683483
-0.013329516386409971
-0.012509563638804273
-0.007534736372118728
-0.009638656841256255
-0.009524362307895126
-0.016032802235775124
-0.01500093848843002
-0.01341302469795519
-0.015657817363380823
-0.008631331332539882
-0.008957518738916708
-0.008229177355876627
-0.015599859976083284
-0.01455325357956494
-0.011509328916844997
-0.012089183276473297
-0.012869445095092911
-0.008995426596335494
-0.009722524199713055
-0.006151797577396015
0.0028393845610772514
0.003040467368213895
0.0049661793981103635
-0.002981686460616551
0.0128341114629713
0.017970126223536255
0.0037924777879667065
0.005578540028529448
0.005161419507358555
0.01657442159130649
0.01832589812479702
0.010364765550344265
0.008411846461767482
-0.0011917044127462736
-0.0124981413217842
-0.0059888008431967805
-0.005586945453116724
-0.012171963647195558
-0.01475512852683139
-0.013547557650029638
-0.0071010936873689996
-0.014428265872147916
-0.012561969582543844
-0.02294375549887601
-0.02529669591709138
-0.02637217599598016
-0.027808634384959806
-0.028291052008012137
-0.028155939325129366
-0.029551627478169563
-0.029005882154781552
-0.030181491711246042
-0.027952021109099154
-0.02940314900735544
-0.03077219823820213
-0.028874292419240766
-0.027595264004994572
-0.027299950957009617
-0.030018163250680477
-0.026437711188605637
-0.02325184453300772
-0.014760289338473561
-0.012764444305098977
-0.006197942948958092
-0.01225434271059142
-0.013171055490335148
-0.012068706733167397
-1.0
-0.019834864898842043
-0.017662824967391588
-0.009336971128815865
0.00028643585252140745
-0.017574972263901204
-0.018731171014585324
-0.012747938597202526
0.00012586273144532808
0.0005673873253339571
0.0015537784994674975
0.0053212931370811845
-0.00529877112139069
0.006279305101539959
0.022814278968622922
0.019234277695699197
0.002940897807370521
0.010133236030318037
-0.0005845716192303145
0.004992503616072407
0.012961605355657248
0.024185168331592597
0.000227307728126598
-0.003153294479508364
-0.0037992404050723005
0.0062337127331182915
-0.007782287095900952
-0.005448105049537089
-0.007941837862072821
0.0009669342119576984
0.009585894534206107
0.0034510488534446894
0.0025582123618578504
0.009159314384976238
0.008066783495139935
0.00947811081955885
0.017719824946057287
0.010226953552158222
0.02756591824845354
0.030707038506867693
0.033981049782575566
0.0330643453542543
0.03456038390295004
-1.0
0.030508665107487547
0.029297954637041674
-1.0
-1.0
-1.0
-1.0
0.04619672943960691
-1.0
0.04482256662520852
0.04032609624136319
0.04242923608775843
0.044090075088650545
0.034200201402952456
-1.0
0.03773804030088748
0.03961236999481084
0.03975868240506841
0.04103111636409513
0.03830928226287759
0.03188463240111806
-1.0
0.03379811686096203
0.026094263872132945
0.03481497397090362
0.035726274669574586
0.041010836879683
0.03880575522412825
0.03585390658978229
0.03208690591809925
0.0409829068961727
-1.0
-1.0
0.04533008841537434
-1.0
0.0280929293510952
0.017838406619059183
0.01941294442179973
0.016278719769166776
-1.0
0.02699612734989738
0.03239033523291245
-1.0
0.027945128493758728
-1.0
0.03928237933676486
0.04128810184566783
0.04195039452056507
0.03282774789420877
-1.0
-1.0
-1.0
0.03795739714445209
-1.0
-1.0
-1.0
0.041206781237843784
0.03748869812203658
-1.0
0.0056715237903078065
0.0024840649053107164
0.0034789495655487505
0.0026439374995386625
0.0014402864832601958
0.019965396997143947
0.013503752794442443
-0.00041703553771106736
-1.0
0.004298896490362082
0.027423610197597235
-1.0
-1.0
-1.0
-1.0
-1.0
-0.017859233396156887
-0.015079970598226772
-0.017631846038322952
-0.01781474277110293
-0.02190893053359239
-0.014934230126785542
-0.010136987529302881
-0.017024888584574214
-0.017989040293526316
-0.02171975811873846
-0.023907741082558536
-0.024354654699258266
-1.0
-0.0026619756336845116
0.007543833093629808
0.005231632083420122
-0.016737590089195335
-0.023207880496168065
-0.015447878484235062
-0.006524575673961168
-0.009993676130134946
-0.023745281021957103
-0.0295914809823616
-0.03109229365723061
-0.02987787536839693
-0.033553521743888086
-0.031095077453791403
-0.027251535737762827
-0.02211753225770698
-0.0016693416128291565
0.005395709788512188
0.003715112633705588
0.016276774805875544
0.016483465674277956
0.01089311682012934
0.008425519084406488
0.017984773573112806
0.026819214357136602
0.020907162039413094
0.0236249240554986
0.024861617834001308
0.023214530493107465
0.023996968984014794
0.026556906409797035
0.017620256814442056
0.014371849899682421
0.008814258584994173
0.000621230671436753
-0.0018114635138626518
-0.007090059280898664
-0.016883255019175376
-0.02117252317211293
-0.020285237680317817
-0.017064420715782964
-0.017337743196380945
-0.015623849334085973
-0.007840988089453998
-0.010564057694393331
-0.004759426515467787
0.006202164726484937
0.02844886795879854
0.03447179942575053
0.029104206010314913
-0.007250075771518682
-0.021289186592508603
-0.018613234603714265
-0.020424379794497415
-0.011809164402672758
-0.0157089539254217
-0.01707870902894183
-0.019711803490013804
-0.020811778981394337
-0.010621491002382173
-0.027659213990572425
-0.03067736942783106
-0.03016291121900918
-0.028787252970469385
-0.03154846220050885
-0.030433196185726638
-0.029824714950112935
-0.03040189159007942
-0.02819236585899476
-0.02947428281782832
-0.03008725038887199
-0.029736692662673123
-0.03178446711149051
-0.030853555845002704
-0.029902454576272185
-0.027068876199018266
-0.030276462633374655
-0.02963391963693945
-0.012279210690159071
-0.010929228206040979
-0.016484278657076037
-0.030049257342607973
-0.03201611361022653
-0.03138213850203031
-0.031347430402373894
-0.02657589256480513
-0.012890856880800172
0.013158481315176348
0.015697730376554937
0.008362964300956208
0.0020889574235813803
-0.010918359972593926
-0.00843013894324279
-0.007783388678230698
-0.012911875494644062
-0.009584301249151012
-0.0018513220257806151
-0.005754231789244786
-0.019338110406032262
-0.021174910419431255
-0.028358733604418273
-0.030426927851013336
-0.023611719696792835
-0.0034016511406595824
0.012907084398072302
0.011071119835686382
-0.004055411266819917
-0.018124551229886095
-0.017748114096183952
-0.009111766509102582
-0.004015384068412303
0.002824344643837371
-0.00692849073608296
-0.009394501726085925
-0.003939065718275622
-0.0071139917153879
-0.011823551730557673
-0.0005913107440143598
-0.012829843804166503
-0.016450983128387327
-0.0113891559190238
0.001913410639666796
-0.00248175741554268
-0.014692286505393266
-0.022507525526231406
-0.023378572783572697
-0.026767908174804064
-0.027493991179005584
-0.005023577147378105
-0.0041652947096459
0.009278533195370484
0.001063552588971401
-0.0008766452228384753
-0.002597501078026585
-0.0043186649730797754
-0.007376558678966839
-0.01420394019798873
-0.01198706921568574
-0.011238514553133823
-1.0
0.0030315029267606887
0.03442643317936045
0.021398887068250275
-1.0
0.02450788274797505
0.032138769270004405
0.03559283360960115
0.029764691984221835
0.01805023636228161
0.0021757702607090325
-0.004725276469682287
-0.016292639191368703
-0.014037523159351367
-0.013185306632411598
-0.021640305091157545
-0.022661047505187975
-0.018522423562866465
-0.0027235710959218873
0.03356964336506082
0.03738014129575455
0.03726952904827742
0.03902143269894295
0.04119760271535224
0.03636709616835107
0.03978861995426931
0.03824113036604542
0.03612366678437343
0.03724914878809503
0.02769570537895897
0.027025537431814538
0.039297031294577726
0.035761564324761956
0.036247951963559344
0.034479463354579125
0.03683464003420036
0.03586735901342961
0.03894373261718232
0.03713070084450514
0.03014183996614079
0.013548108131161066
0.0039582636817383525
0.019020382934369598
0.01072286779353038
0.01764227249608736
0.027402298433892105
0.027542149423056772
0.015426884929670788
0.01628908706600927
0.026091247119374005
-1.0
-0.003738302554710065
-0.002178319432720217
-0.0028370961230480135
-0.005656141707844265
-0.007977879237202811
-0.0034066342705050138
0.007172746581759231
0.001607142054941617
0.008313487626588002
0.00762252869942395
-0.007486640926376655
-0.012852456986874927
-0.013243796451805474
-0.008107751734539046
-1.0
0.009303876330115701
-0.006387222744006248
-0.01718871460070316
-0.023224397946562378
-0.011741802119666024
-0.006788579557867855
-0.0016315120275135838
-0.0006749869745914181
-0.0010372159398246024
-0.004674063382698015
0.0027717109598993863
0.017321084722603682
0.021363548020775735
0.012302430528671143
0.00923744657690531
-1.0
0.014447438008973267
0.011191980036640969
0.005793437353937218
-0.0007471200472547195
-0.004413177300631934
-0.007215393038776123
0.001801350836239399
0.008761608570786115
0.00976622834338091
0.0019898963910009292
-0.00642749030278897
-0.0043641580695418965
0.000510508902317702
-0.0005091557566641946
-0.0006251720288789911
-0.008784325341009163
-0.02093121576542207
-0.028691123686814136
-0.023972826674977934
-0.02667706467645781
-0.02772742357526245
-0.029494663843771262
-0.027238776055363408
-0.01741810659866477
-0.022125993356585612
-0.01487542162614499
0.013257264138057908
0.03111021210558178
0.03777863737635039
-1.0
0.019837007383786017
-1.0
0.04175500458716164
0.03035861330629887
0.03465480301561999
0.03416322440063663
0.03471392639797185
0.02524383237627939
0.010261800169037962
0.01282455324075232
0.008514465828669772
0.014882957586950789
0.020802816989950332
0.006270261618544961
-0.0030315330486041583
-0.005384186963058973
-0.009766236489303675
0.002517035472555847
0.008870298248210678
-0.00871656080412003
-0.004187543044092911
-0.014793162306384142
-0.025261846543591163
-0.026749655353275274
-0.023894241033896344
-0.029105317378836836
-0.02744691368169586
-0.02766419515027336
-0.027959580094273948
-0.029747519479390486
-0.030152928359807936
-0.02842750340282156
-0.027096439455876416
-0.029440657796364445
-0.03025230266798046
-0.026036625364038737
-0.026643071029749235
-0.027614333208746032
-0.027690034643705026
-0.027576506544355044
-0.027808525174168403
-0.02839315759329718
-0.02681878135715873
-0.027540088292828894
-0.027496406591583256
-0.02800391599775272
-0.02808446293283854
-0.02679522558306265
-0.02845178662701713
-0.02919793851626833
-0.027097969703802818
-0.0290579123076593
-0.023020509483241552
-0.02073861114373646
-0.02021457228806883
-0.0261347761401479
-0.02836077277242833
-0.028886749839585963
-0.024856718360480264
-0.01970074562455727
-0.004204988165868327
-0.014073703019691226
-0.022407807652670253
-0.021834838871507268
-0.024777728070132836
-0.02440401487625266
-0.015371935231405082
-0.003016492543668307
-0.011028141431386614
-0.018001471493643176
-0.01815794149200395
-0.006623111086421826
-0.012588284682624547
-0.025764417155371117
-0.02600242821021104
-1.0
-0.02687551915297082
-0.024408015256619644
-0.027257969363411457
-0.028080802368989244
-0.024772936513668912
-0.021555001544137826
-1.0
-1.0
-1.0
0.036726277888704126
0.03059967676679428
0.038882732735071174
0.03423203638659794
0.03298022246906008
0.03369143573204876
0.034336531519338485
0.032379625003133294
0.03120479934928865
0.03236445544457227
0.03407749416146649
0.037956629515253505
0.018207175577447197
0.011066381940343567
0.0173434473247269
0.018054920398402938
0.022804223471295557
0.018459029664440053
0.010519049490872309
-0.0008137552649859112
-0.008612683602601019
-0.008528550798292579
-0.012801122502333754
-0.012059366069403879
-0.008333158580772045
-0.004519100729654802
0.003786808786110312
0.006464037986002408
0.006952335439154658
0.014414754456257428
0.01755640528494989
0.014711101236755585
0.020799954044265174
0.03315992786479411
0.02612766339210663
0.024505589157507363
0.022892018189009447
0.006210211414335483
0.004718731180971346
-0.0010549111087934198
-0.008431591682711041
-0.01514803775547894
-0.02659201404014731
-0.029203715177975736
-0.029411095291120373
-0.027567521513413934
-0.02589164619359
-0.026790124939161265
-0.027318877985395004
-0.027738032808306255
-0.029559002934397813
-0.027985876737365883
-1.0
-1.0
-1.0
-1.0
-1.0
0.00618112322381808
-1.0
