-1.0
-0.008811094837564107
-0.004634976660475622
-0.009500361284529298
0.0007119145177809718
0.015453499147357032
-0.001239821337608406
-0.014105456089575703
-0.013846120892621829
-0.008344343339488351
-0.007270840539365409
-0.0108161558024522
-0.0002632074480528524
0.007244159545517636
0.013278589604332161
0.031078523938439243
0.026474204115542983
0.02685695956197734
0.029712685048404328
0.02325220917024698
0.02880868795701189
0.024934211159637735
0.01840256733611427
0.01887612553201664
0.02303791088032728
0.02194163731647365
-1.0
0.0382435762135881
0.039439369579693524
0.03813472495735155
0.03793346935437845
0.0371939468573287
-1.0
0.03125781178871932
0.03207185777102364
0.02741044443800381
-1.0
-1.0
0.03752258145566911
0.03525983056015828
0.03283425708202394
0.02434442033760909
-1.0
0.02288764370172961
0.025983004279573143
-1.0
0.023193970734434972
0.022938562603727047
-1.0
0.01976886139717084
0.012238060482363174
0.010355712636482143
-0.001643294956126769
-0.009935500837960364
-0.015067265014956442
-0.017710582697803783
-0.01738423075361687
-0.02427281221844944
-0.025275055902521177
-0.023210865829973715
-0.02642700759056258
-0.02698684878108654
-0.02855605983087318
-0.027787845656149824
-0.025203618723092364
-0.019229038519357287
-0.009199600378915904
-0.015867587324860277
-0.01912674779633549
-0.010673001492958347
0.016053981936221075
0.010911998165967423
-0.002846426015575232
-0.006854468978678059
0.00038314794348239147
-0.0019049397574765284
0.0011966028803380012
0.0008904752789065625
-0.007418768528107105
0.0051471006083026035
-0.0120061137439168
-0.020145932700314246
-0.024440709019301485
-0.01723955897472738
-0.025588869424097
-0.02828802735701765
-0.025959949382196937
-0.024039499010235724
-0.023313702496942354
-0.023145195548278263
-0.015906196247308255
-0.0224529005989
-0.019316973671795034
-0.007101058012917078
-0.008103932636826178
-0.016709083607569626
-0.018374544034126476
-0.022996564574199706
-0.0252674099473377
-0.024620472471856513
-0.023680589581680858
-0.02513376305163934
-0.019972772696016106
-0.01049760456302423
-0.02052324872345585
-0.017000680872363266
0.003928205101500123
-0.011008113717736046
-0.0010312452674907293
0.011863494602078601
0.0146995951373798
-1.0
0.006876755180516652
0.00786337680550343
0.00038659719449779935
0.020254873095681532
0.02282218576056482
0.02028945832097216
0.020577790421478063
0.021094321343853133
0.013958635810201358
0.00024946580998279675
-0.014331498970575758
-0.014993051446124984
-0.012030933702776945
-0.023573288200747874
-0.028374116856938785
-0.025900317711576942
-0.0271607431530545
-0.027102384838602108
-0.025996065940918092
-0.020334049042551625
0.0016312131319905856
0.0006337838666851577
-0.002859226619137742
0.021306912525677686
0.02216244858519927
0.007385275746469798
0.011867594925364376
0.014830899438554911
0.011643635413014592
-1.0
0.015679513242376836
0.025236266296731955
-1.0
-1.0
-1.0
-1.0
0.01816797751175558
0.01740408103355353
0.013514804188604592
0.02453529829193775
-1.0
-1.0
0.02134763226899171
0.007471999515738066
-0.012541089748639598
-0.01716801647008283
-0.0182121276441539
-0.013735495048826242
-0.003198584349516819
0.02270198647857888
-1.0
0.036407527141994085
0.0347335246350453
0.03437410195261821
-1.0
0.034523961130093275
-1.0
0.03184230932700731
0.029072228057995683
0.026121516188630338
0.03048816503220155
0.03347280915224667
0.031172241800164573
0.03455986749683064
0.03281647343821255
0.033993534203403314
0.03631172630402168
0.03124753864708602
0.025640695150069632
0.019265052252658708
0.0006874851318772716
-0.0069601027663637625
-0.017745990059099066
-0.026495327694601643
-0.024038246189666032
-0.025011280435499748
-0.02520361592472405
-0.02579941752598106
-0.025454835057742067
-1.0
-0.024791550965593667
-0.022276041122429608
-0.021617116766703186
-0.021765688365513222
-0.005471838469052372
-0.008597969280519929
-0.02360757132457415
-0.019428600504072562
-0.013750736450728128
-0.011085003548015608
-0.00962163735556541
-8.303462962489742e-05
0.001371012616593807
0.008582641767974167
0.010418834266631267
0.013160806378843412
0.0061177381970320514
0.007377135424243514
0.0030011792975647203
-0.007279795158551732
-0.011725696712349763
-0.012788243244701025
-0.006817641352847379
0.01784892644130746
0.0228649644223975
0.024706956413918926
0.022228142770731246
0.025704974268052835
0.017563174188802728
0.013389071992671198
0.011147042687145808
0.007570254014249075
0.00610403384688483
0.008092895362324489
0.009776143199560283
0.01339595015261162
0.009835494455590918
0.0030275320568321135
0.005950236363846243
-0.004684826764353371
-0.004769290851101774
-0.003584520500393411
-0.01769510871523328
-0.021602045728676744
-0.0239205577550546
-0.024630073825110697
-0.024683963619551053
-0.02244933728493288
-0.02027999557864993
-0.01492502174855687
-0.016341827922218062
-0.012328949044182868
-0.01661304377438418
-0.008691497071627438
0.014425151726247375
0.011487122686397153
0.01466418414992556
0.016008378304925488
0.003258707399772067
-0.0077131088037509345
-0.017045279723174798
-0.01919475831904993
-0.01801660129965917
-0.02136732004672556
-0.021650008624477787
-0.021907125215334555
-0.007672142067238722
0.029450747559335157
0.03332696854149673
0.03517443136190059
-1.0
-1.0
0.02473693851930235
-0.009531240493900932
-1.0
-1.0
-1.0
-0.011891982995205953
-0.0011007870680224071
-0.020069559115202803
-0.02496094057350209
-0.007863523896460481
-0.02211073050318344
-0.023165045678770164
0.0014413263546438416
0.015899488401027728
-0.022385404160418308
-0.013422135238551167
0.002291238049446407
0.008219298628761421
0.0009808180996048515
-0.01740332713424462
-0.02042054861777932
-0.01841822809500996
-0.01486104546456372
0.0024701115783712633
-0.008963250338972934
-0.027884272975149504
-0.02934243013760281
-0.02931948100104515
-0.030748131022410943
-0.029174510893033405
-0.012973382438100369
-0.0038403304140078713
-0.0032787624909821986
0.003967513232027222
0.010521965369113954
0.01912907872634517
0.01848866145541678
0.024109847585092426
0.023961577929582385
0.031047995720210574
-1.0
-1.0
-1.0
0.03293732876805092
0.02842907183992904
0.030614625974316925
0.027624812387072963
0.02094614186781499
0.02578578290942705
0.030728145876617055
0.03211784534864304
0.034132927098451483
0.033393826126058596
0.03142327405780983
0.029373579232913154
0.02842752446943463
0.025528435245013765
-0.004170799622080439
-0.01012760403330534
-1.0
-1.0
-1.0
-0.005500242132671262
0.01627522081825539
0.021817051215364792
0.01279318927957656
0.025141778993285686
-1.0
0.033110463961814045
0.027687343470141606
0.02931373675304098
0.031015704868423033
0.03092209198062329
0.02593708799100411
0.022584906449289753
0.023026477692459767
0.026527453296147873
0.031641767384634985
0.03108982817453003
0.027628784575744515
-1.0
0.029963683731829966
0.027830022329999902
0.029133216361553183
0.030197554172718806
-1.0
-1.0
0.0297285535509173
0.031772992781598765
0.03142440412119043
0.027319297984186353
0.03131788266344167
0.026868231010827543
0.02860739257885409
0.02613316782790761
0.03158672986061925
0.028090477804396784
0.028544058476405933
0.030012240760981128
0.032346892108820524
0.032418702632942824
0.03205629017510816
-1.0
0.03324589771151687
0.03271815836381764
-1.0
0.03358924011673733
-1.0
0.03444778730572332
0.033647433538733326
-1.0
-1.0
-1.0
0.0344365964360707
0.03520748645121159
0.03368912498352648
0.030508789542587043
0.030993394550814037
0.028516300357895145
0.03057946127371058
0.028733047984179
0.01978681691046611
-0.018686374939119177
-0.02295264537098461
-0.01958583699823608
-0.011604141027895618
-0.01577193965467386
-0.017037494989169587
-0.015285353038057023
-0.02086608063381686
-0.01928794014628314
-0.015591352978619253
-0.007060719122269254
-1.0
-0.011680795904442933
-0.019115630067924296
-0.021395714086036334
-0.015451359934154276
-0.014356594695908966
-0.013183884395509599
-0.013323409646115584
-0.015014641457517902
-0.013618788712367021
-0.007598293432275411
-1.0
0.0052894027148393955
-0.005407592479833776
0.0012275899547553387
0.015257241757071978
0.027128518904701842
0.024949091467882326
0.02577348454649499
0.03566890689124196
0.03382881332766626
0.032638857899443305
0.03694298694388304
0.03642691133446821
-1.0
-1.0
0.036123018534610245
0.03674079873247696
0.03412559217234665
0.03589280590040881
0.033802586594433554
0.0347183704665262
0.03597481334293815
0.0328272437759018
0.033258565877519276
0.03409210679880452
0.03488519209463147
0.03675429500781456
-1.0
-1.0
-1.0
-1.0
-1.0
0.03761684278563846
0.03712260684591041
0.03279304194771787
0.012301519875417503
-0.0009517293981666756
-0.0032424350358781183
-0.009577936462804654
-0.008269278077341485
-0.008162981089906991
0.00026453319502574995
-0.006962522148933037
-0.0014001175983015535
0.009335684712254003
0.025802901143790247
-1.0
0.020428518973809977
-0.008251142997470835
-0.009584775492032162
-0.014306404722721463
-0.01464957124947711
-0.018571349363579483
-0.019003559476088755
-0.016258968207702725
-0.0125933244437424
-0.015542196264201726
-0.014394669391665648
-0.016020392826264426
-0.014644243719304792
-0.01506330175385706
-0.0049955471569592255
0.006297783745442519
-0.0031262683933533514
-0.013026201649435187
0.000724035111073339
-2.9518876670841597e-05
-0.013207572675045841
-0.011465128848187012
-0.017845763783941194
-0.01797697390299311
-0.015143692555867921
-0.015501244890407629
-0.018311124113218495
-0.009789513287902464
-0.008659586108839042
-0.013727658395794724
-0.00882025069334971
0.0021225816094351535
-0.0030495213023466355
-0.006452558535583887
-0.014625853366418393
-0.017709254105286856
-0.01570336307181355
-0.01210952207768817
-0.0063778193220240895
-0.011538510241467523
-0.01988317205334724
-0.020519651613989543
-0.019078664348555312
-0.019777433250020966
-0.014438726328434138
-0.016778627124883476
-0.020467048953480546
-0.02206511917413594
-0.022549343873031674
-1.0
-0.022108269285894527
-0.021773976408690606
-0.022768350211264495
-0.0269662371544052
-1.0
-0.026810683235768205
-0.025025131001841512
-0.027585960168678616
-0.027397734342099404
-0.026951838522064973
-0.02594206688070662
-0.021769285550576497
-0.019660289581202074
-0.01927200123212984
-0.01827812080798621
-0.00016714444639377384
0.016655304068024287
0.03321106499865811
-1.0
0.01755245175106345
0.0104431267579601
0.017772525771052313
0.025322655724945093
-1.0
0.015493698719475582
0.027720639843574434
0.023745365285722866
0.0281237411392744
0.031603427239282646
0.025252499374389614
0.026857079177687027
0.025797115686412395
0.013624938458967072
0.008877045328966273
0.004735159124781206
0.014885321126378193
0.012008055126872103
0.0058287736657791685
0.011480634937168468
0.00776770216192951
0.012277084292687852
0.01617053579437584
0.013102786087244644
0.0013091547110459416
-0.002656541882689122
-0.0018538379151649144
0.0007473890970895582
0.0026663197771215684
0.003949790262205501
0.01661906465418197
0.014924850828540684
0.01765496962188145
0.006090145463549496
0.006782551270027576
0.0018925307457475409
0.013615774483060594
0.035255632741618255
0.03782888828676629
0.036599119418293045
0.04049846969676395
0.0401398667817725
0.03856057823393523
0.035201848911002295
0.03706056428771957
0.03760399578209965
0.03685158002919605
-0.009818528595789563
-1.0
-1.0
-0.034700524640351935
-1.0
-1.0
-1.0
-1.0
-1.0
-1.0
-1.0
-1.0
-1.0
-1.0
-1.0
-1.0
-1.0
-1.0
-1.0
-1.0
-1.0
-1.0
-1.0
-1.0
-1.0
-1.0
-1.0
-1.0
-1.0
-1.0
-1.0
-1.0
-1.0
-1.0
-1.0
-1.0
-1.0
-1.0
-1.0
-1.0
-1.0
-1.0
-1.0
-1.0
-1.0
-1.0
-1.0
-1.0
-1.0
-1.0
-1.0
-1.0
-1.0
-0.03740958725781281
-0.03603119809239177
-0.0363330248970074
-0.03694079819431651
-0.03738147767364853
-1.0
-0.03608221217444305
-1.0
-0.03621924600985933
-1.0
-1.0
-0.036575046496316835
-0.0364087642473042
-0.036804919120739125
-0.03457343531720495
-0.02808484910062513
-0.030438465223215812
-0.011986985380333645
-0.0023880557218091012
-0.014953464379853064
-0.014380540041874692
-0.022513457264690232
-0.015085114021205796
-0.02180195674382102
-0.00780195037469682
-0.01990880161748717
-0.026962058593446088
-0.020896912728936158
-0.02826021241650261
-0.03111900241499523
-0.02920698055843092
-0.028208553412040965
-0.03033885372375156
-0.02482886059340754
-0.027031259866550292
-1.0
-1.0
-0.03399953422491268
-0.0352041569296082
-0.0355847618888709
-0.035902933854131444
-0.03281678191834336
-0.033923085697025755
-0.03512775549369168
-0.033198206133290116
-0.03290254273691076
-0.03403725897802755
-0.035353950373675905
-1.0
-0.035309093831252976
-1.0
-0.03377117088893077
-1.0
-1.0
-0.03568952491957369
-0.03409876591292172
-1.0
-0.03503571909046858
-1.0
-1.0
-0.03417044881761919
-0.036180479322709576
-0.03618887517912018
-0.03512137416607653
-0.035717565025437485
-0.03749941096489288
-0.03709813260334343
-0.037599657323391864
-0.035130622770348396
-0.03617182526846399
-0.03691170579784501
-0.03478018762921453
-0.031482919848652806
-0.03546050900024748
-0.033322383999970576
-0.034757801880043196
-1.0
-1.0
-0.03313599110346469
-0.019082742055272772
-0.02321045716267829
-0.02895791093446083
-0.03354543344880099
-0.03383521489788864
-0.029116891134385894
-0.027306751051964215
-0.01679797162158049
-0.020434303670088985
-0.02563896292342148
-0.017032804054934764
-0.020972453783638163
-0.03047037428034095
-0.03258409634824554
-0.028820607220103524
-0.005014430477107444
0.00020387326688230074
0.016234205534398475
-0.016899522662777406
-0.031519682060520235
-0.03520642539131632
-0.033634663247435796
-0.030297566715921563
-0.02945101497853772
-0.016539584698319263
0.0017395903959690825
0.0027241120940738944
-0.000785556708459299
0.0029629334793724606
0.008772134262417828
0.007197970823102507
0.008488635604958258
0.007162053498245175
0.0030012379553095735
0.0021576024407028702
0.02180800246991221
0.025276747958486688
0.03401349045242222
0.03824489014417458
0.03561863388959836
0.03480132744139061
0.03253652263710442
0.03039020665875776
0.028797378558831247
0.03418685753578373
0.033906638939117065
0.03341017738861173
0.031397688961574376
0.03253485327557618
0.03281889569340266
0.030844282014323477
0.03250665750587206
0.032211655278666
0.03169894750916027
0.03578947990316644
0.03532256825805893
0.03246167441901288
0.03476634724197725
0.03402272126397471
0.03263913667260832
0.018791146552041817
-0.0031488975636843894
-0.026732377309811033
-0.03704145545390839
-0.03853311726006531
-0.037623839422625885
-0.03815556931313473
-0.03773316159363184
-0.03719911027957334
-0.03686365255497551
-0.03594763034507318
-0.03499271188162546
-0.031770426553608504
-0.023449943565698475
-0.02736047090402783
-0.027044089917889744
-0.02185073667965326
-0.014536130437551892
-0.03667110789577972
-1.0
-1.0
-0.036841917389548874
-0.03739583476119994
-0.036499373724465586
-0.03642778325028982
-1.0
-0.03584085510938247
-0.034958280740783915
-0.026172490045385317
-0.02738936644012432
-0.03514715069471576
-0.029379700361506413
-0.01469165021129567
-0.002142021217652328
-0.031372214145094855
-0.026574768584638427
-0.034431212355248236
-0.030163644913032823
-0.007069226871987206
-0.019078635806675355
-0.0325560797574441
-0.033336215773715185
-0.026080035928090516
-0.01630108642293477
-0.0057256606619750915
-0.009388106559877154
-0.005480986535288843
0.006730579561882928
0.006298692553641236
-0.0032543505419720237
-0.02023393577714254
-0.026228584933500075
-0.025171568209419497
-0.031236928124574858
-0.02848261284311849
-0.02608725246555498
-0.02978789810334245
-0.022876207699609692
-0.013379302257211404
-0.011733224684846348
-0.0023248968618465255
0.0012225658426521845
0.009918785884384195
-0.003647444612410597
-0.008174338342629523
-0.006410674481050667
-0.017184389619145094
-0.026758029096056672
-0.03021675357249426
-0.033295007931232294
-0.02993709487167247
-0.025082538355114602
-0.006874303415312853
-0.008977379756739668
0.018284484701532343
0.014856380717651337
0.0074705731903449216
-0.0004965787826068526
-0.02247397838221509
-0.03692596481216184
-0.03871172910466317
-0.028951834448542078
-0.029989265525861324
-0.03445318029759943
-0.03015322243511554
-0.02617602284129983
-0.03821279190640443
-0.03460732236695034
-0.03210552841966906
-0.01702902707964857
-0.03046499214407755
-0.03739710322128886
-0.03800581364139434
-0.03840385645517225
-0.03613352133689023
-0.037897975688165005
-0.010305061555641128
-1.0
0.006730567852767468
0.0171608388772363
-0.032419087427864264
-0.03547551701934914
-0.038236606457136266
-1.0
-0.040383123716881464
-0.038778257901737216
-0.040323595610866764
-0.038788380463931016
-0.03897410995721856
-1.0
-0.03884223453823544
-1.0
-0.03795380295509655
-0.0333086005461023
-0.008865024535206493
-0.004979249836324319
-0.022826688160096042
-0.019382883048414446
0.013530248981993263
0.01550438752602942
0.01302934608238886
-0.02148820476804214
-0.030710814320520256
-0.03598143522939158
-0.036814520833810545
-0.03778327264672129
-0.03637788123683195
-0.035732342861922006
-0.03582863020306215
-0.026859781225366218
-0.015899815401211555
-0.007752919265960792
-0.019443649098480623
-0.011933134853569454
-0.015218660199297417
-0.027770573439770664
-0.01061673037432585
-0.029123102999376378
-0.03217429595369254
-0.008138992477965198
0.004121079239201012
0.006771390841290229
0.00045327870019647366
0.020075174343124474
0.024466311952326247
0.02621459612398139
0.01272998992607963
-0.004292830430478934
-0.002490796276098308
-0.029414619209755594
-0.03465273899891227
-0.03563135344419576
-0.034149253429433105
-0.034328046137407295
-0.03332820400726263
-0.03305999766203866
-0.02875799938580771
-0.016122804058800504
-0.026255004365064075
-0.03092852974242699
-0.03203402658226802
-0.03304076993771993
-0.035911357595305345
-0.036620458960137506
-0.03357659394122079
-0.03234608076641987
-0.0259868535525469
-0.034107614454225436
-0.03403983267595897
-0.03210536606253332
-0.028873432068104794
-0.03456615064936472
-1.0
-0.03493534667212333
-0.03499801712122533
-0.035721719765895825
-0.03442710576057777
-0.03238022048330914
-0.03692595447384423
-0.03713807313551328
-0.038214762497248964
-1.0
-0.03758960570079984
-1.0
-0.03822684220046063
-0.03707433228016897
-1.0
-0.03551488526433298
-0.03592168290640321
-0.03418211067903356
-0.03551806232136784
-0.03438813806009767
-1.0
-1.0
-1.0
-0.03574368636829562
-0.02087424094121384
-0.037352839926287316
-0.037321530186051485
-1.0
-0.03840450019001081
-0.03791915567781285
-0.03742062478192692
-0.038330885561109605
-0.038068681817793104
-0.029413956892918227
-0.034133710224421174
-0.03564918268771617
-0.02711359519653319
-0.02399858594954462
-0.03445477192048693
-0.030735203146093418
-0.012268517384649935
-0.021294795867819467
-0.031516477660017715
-0.03380532044603457
-0.032377205851380715
-0.030374950063986512
-0.037376397094063325
-0.035643677817161844
-0.03764542579568464
-0.03796239199714567
-0.03800965873161296
-0.03964275894107323
-0.03838876959920666
-0.03966810613145304
-0.03964288446895307
-0.03818515040249884
-0.029715013337943817
-0.017317495680109932
-0.029153497176691075
-0.03494886986713509
-0.037541963440969245
-0.029955798048161293
-0.001763826853020309
-6.866650749341911e-05
-0.02137792694733007
-0.03700599129045976
-0.036903896791881614
-0.03345948103758193
-0.03330335938529429
-0.026353279242846445
0.009745916492430845
0.006781269505024712
-0.012985065273999914
-0.0074153359220480355
-0.0020364672066817083
-0.007274990422226697
-0.010802567390746611
-0.027086081141499442
-0.03751116092996671
-0.035518441329245885
-0.037902423321637166
-0.03747106672539614
-0.011163158149520977
0.003262711824512192
-0.0016332145568133322
0.0015995821621892516
-0.0035684318108934825
-0.013284165752637404
-0.023196627613797816
-0.032970313934706605
-0.03635617403762563
-0.0367425118420706
-0.03677681550684735
-0.0368418939986043
-1.0
-0.03686784325418333
-1.0
-0.038960092363861665
-0.037823636463206925
-0.036666395197226254
-0.0373767498006825
-1.0
-0.0374396238929915
-1.0
-0.038163884025363685
-0.03835881741063539
-0.03866642360625029
-0.039320892992985884
-0.03889649249304952
-0.03900459898669255
-0.03987301288873073
-0.04080407230959391
-1.0
-0.03832879537049988
-0.03884438783995888
-0.03264766449213907
-0.023513530513489107
-0.028287249172405292
-0.030933281837980383
-0.009376011017558944
0.006997423240449171
-0.00553138080290519
-1.0
0.014280835202872285
-1.0
0.016482999277722746
-1.0
0.019650691124713543
0.02662968718463264
-1.0
0.026349716712269718
0.01280520984522803
-0.011927867672666032
0.006293575977518403
-0.0007059967454638789
-0.02011350271418233
-0.02526338419553815
-0.006499390760404566
0.0009140742090241605
0.00307398330847892
0.01240223534795162
0.009227722207491884
0.005595506410809561
0.012360570759746281
0.0036318351456442782
0.004393019346757817
0.025135813611119
0.008761341961002854
0.009832830913340519
0.012870074977200692
0.005062873628669311
0.000535103312605472
0.02249406298904239
0.03927738584412999
0.034423677886515056
0.028430337772278783
0.022867717375645875
0.020437390953613202
0.015507681790398081
-0.01013179372452072
-0.003056993350068196
0.013513711243634503
-0.015186124196614043
-0.02083678762096159
-0.007145722602051873
-0.01170359189624661
-0.023172623101310425
-0.019099813287178215
-0.008121086914691494
-0.007422934622280414
-0.013221765368244145
-0.012740394043324013
0.007449424340687945
0.01603915141994735
0.01760854814744787
0.018258026938978444
0.023379807761800327
0.014507664254004023
-0.00012795893663556878
0.025788339351884935
0.036841403455630375
0.038149064877952124
0.039885311389389236
0.03921809263144688
-1.0
0.04041058375453537
0.039026644399707065
-1.0
0.03897421584242144
0.039177242098733314
-1.0
0.02775524722258815
0.02904313785786238
0.03090862766742554
0.029645622409858848
0.029393218238223887
0.03199806077647998
0.03409445446523166
0.032934683920025964
0.030104416020977916
0.03451891651980625
0.03673757611499893
0.03384342455142374
0.03616209604599934
0.03720031411376754
0.034056157124798106
0.022763856764909295
-0.01759340868360634
-0.03163518387869439
-0.038371510324756275
-0.03379240858395559
-0.0377112622130889
-0.04028359831653752
-0.04096490460326196
-0.04035445235497369
-0.03875313522557344
-1.0
-1.0
-1.0
-1.0
-0.039812137784215336
-0.039680027297048746
-0.03852863098508357
-0.036007027843115914
-0.03964607931082465
-0.04005266653067488
-0.03832700745949509
-0.023336757323187372
-0.012390936186260911
0.009869494832894175
0.021166126442059317
0.0270482069197356
0.02017370653320243
0.004613622810809227
-0.017202335941655766
-0.036103512815089875
-0.03973566950295874
-0.041985307027665716
-0.04079650402938581
-0.039584261093479504
-0.03734907938862032
-0.016741328575146458
-1.0
-0.023366861676120454
-0.033027067775195054
-0.03737733955135212
-0.03624956910023201
-0.0369548398194582
-0.03841481030062351
-0.03542965640418743
0.00040973069570935115
-0.006670150112944043
-0.003385161633648287
-0.0008423842966015951
-0.004323446555650176
-0.009209711929234872
-0.010315315987197447
-0.03361251910419541
-0.021817995456913576
-0.01336960957176069
-0.012186467256873633
-0.028195397870524795
-0.021731640649758115
-0.025751875421927566
-0.034017259216432484
-0.03463246355139099
-0.03601791619228108
-0.034324837340648874
-0.03653792760780263
-0.038545121220270866
-0.037189770024434896
-1.0
-0.037954400888558636
-0.03760957868851328
-1.0
-0.037635308737616474
-0.03950378564277968
-0.03618649144284294
-0.031819995193582445
-0.02970153027693011
-0.025870367138510347
-0.013731915721405964
0.011124660023699048
0.012314978382500022
0.004758231685815309
0.007901413691428131
-0.003503631443428018
-0.012773729840731959
-0.034390818426821575
-0.036354484918555925
-0.035185549118876225
-0.008585413932243453
-0.03497337293164263
-0.0354326829135471
-0.02595343408992997
-0.020034087865823665
-0.03903018561540049
-0.03918268705821429
-0.03931313682899251
-0.037425020134212464
-0.03940886225610303
-1.0
-0.039016556179944845
-0.03895708956597297
-0.04017919533274308
-0.03621788284063518
-0.03204124992301759
-0.03573157693285894
-0.03691419519624395
-0.03728064152046435
-0.037159354707793316
-0.03670534648594069
-0.03721095865126278
-0.03581626851620422
-0.03498197471865284
-0.028439165466857305
0.005077283463582806
0.02320845605246197
0.002898375362215676
0.0029792958964643644
-0.020361955739700493
-0.03490278642289487
-0.034220746198067996
-0.03470758960439848
-0.0264240075674845
0.011535953939788336
-1.0
-0.00315579166595225
-0.02187547718544889
-0.028211530207587786
-0.021271743852712292
-0.02971561080781439
-0.03165045366240602
-0.026349669196646514
-0.026215603642858673
-0.021928124845911542
-0.024046320796131133
-0.02717307969516336
-0.019705178647672506
-0.010693756509364567
0.011239877331120527
0.0036843035673291666
-0.006778891212675273
-0.01335739670601207
-0.006243128383097567
0.000187469487373958
0.013417299355269233
0.02090290440604448
0.02589334657046304
0.028241015421021285
0.02917924206950768
0.02945732796843072
0.027516196893910168
0.021321768856855574
0.01032365500938784
0.0029084731265854903
0.006500460322492573
0.0033465605509104776
0.00723900063082606
0.010812096991943819
0.016317475021792982
0.012262376900608551
0.025374838888025483
0.03423223516659179
-1.0
0.0242778097560632
0.023366049552691795
0.022651069869996095
0.01793828475454132
0.012551625514066916
0.0158621355356013
0.021888390637347502
0.015869102962451594
0.016769625523973885
0.010596075872188315
0.016470716923490038
0.03233146611895015
0.03359484400537652
0.025424432031043016
0.009051391585458148
5.4714529136993876e-05
-0.0030826670294724348
0.005862069674074386
0.03215198870797631
0.030410655631567342
0.03514568437230465
0.03373021432621691
0.036118539551029435
0.0359249860012358
0.034728149077942146
0.0324377651840908
0.035018781253486085
0.03048704226915735
0.024640966198971267
0.031067651532084004
0.03151300057990724
0.033875464881679085
0.0313312339172342
0.031536228676247696
0.033475432012870655
0.032531611852795225
0.03174403779631502
0.03153868206200174
0.03538925843967401
0.033735368322293464
0.03545343741404963
0.0345908252460827
0.03640473587664611
0.03181510854451356
0.03302514923790918
0.0344140583641492
0.03435120620472507
0.03434090343218473
0.03505378969016926
0.0347614739073883
-1.0
0.03302575873355392
0.03557783879224968
0.02881255113179744
0.029136191910744222
0.03258861181196742
0.03229570395714574
0.03336096812218274
0.03147292756130713
0.03202052469958959
0.03445467433335457
0.03612548571626941
0.03675057494737225
0.03596719772133995
0.03494803669803941
0.026061231831177856
0.017280967877529658
0.01683502797572439
0.030830268988474747
0.02580847621285304
0.013598040843845492
-0.012319959722401044
-0.023865403534944256
-0.032339778122761315
-0.019997730960263832
-0.022554996544956317
-0.025192725040735633
-0.025443088357694366
-0.02594415079195512
-1.0
-1.0
-0.00815791521014334
-0.019421783965764317
-0.013783967759819436
-0.025452478658265994
-0.025123105875845337
0.007470729988738839
-1.0
0.02195330555052945
0.011501693953129808
0.010172180949807654
0.018016603306445184
0.014954146896482693
0.017324527987615516
0.017666701875019224
0.025499309610968458
0.030391623095175506
0.033765829170908444
-1.0
0.02877961120429937
0.02921900740254178
0.03038615834153039
0.029575524028578923
0.02723785590744238
0.025183398051013467
0.0278420022799981
0.026323909642514454
0.028788682406440294
0.02554389879447373
0.02314491536538871
0.02346628873585068
0.021461219646147823
0.020602668063619472
0.018423033737713545
0.020753645535840397
0.02339522600327619
0.024525654480682415
0.022475604287550223
0.011558127046163836
0.0020785496053326753
-0.0045395529916507716
-0.004711546820141936
0.008462803805290296
0.011441906524751822
0.02063477967374252
0.03186862023863505
0.023022207032673065
-0.006333954604813673
-0.010579886133327332
0.00780473884260416
0.026006963874559058
-1.0
-2.602933695040485e-05
-0.002705784497763541
-0.005219498319426517
-0.007580064947647913
0.004446313943679528
-1.0
0.016063281347983197
0.02719511526974878
0.022005376811697827
0.006184114079584364
0.00896114781458144
0.013411211215153455
0.01931563110002386
-1.0
0.02272608934599551
0.010373573577065875
0.0027380502266289354
-0.0014027299699326933
-0.0009548741032326181
0.0041672358304127915
0.0011211481011977453
-0.014046871748188106
-0.010620075943705183
-0.020413926415191855
-0.02997990243801324
-0.03162446419517615
-0.019856838967592844
0.0007978049195859855
0.001998417831191255
-0.014373145856595984
-0.038317960805636556
-0.04081825801552396
-0.039514233421168964
-0.040364719109882624
-0.03996773882184831
-0.030870993436347794
-0.03594353347255636
-0.03374085862938763
-0.016979229646844028
0.0066375535912242606
0.006408344744201805
0.010452131161120412
0.01423922288550534
0.006463919708699621
-0.015985120529104682
-0.013042735332114697
-0.004146129115121021
-0.012187126807517592
-0.017661817226983206
-0.019328358954570007
-0.02154546192850628
-0.016582751954329258
0.01920519461008418
0.026462703497064644
0.023615047568356515
-1.0
0.02313191607105179
0.026722645128657196
0.02862311163750112
0.02932835947157596
-1.0
-1.0
0.02736641579065864
0.03126419062874743
-1.0
0.03468071033917618
0.033276650274059884
0.03401805898233487
0.029916392575997926
-1.0
0.0023439420394947906
-0.02225731591733841
-0.020919273831759788
-0.021918998119158945
-0.025764817896147804
-0.029310373197816566
-0.02561512074054941
-0.025594754836390583
0.008933618433374362
0.03221824961918934
-1.0
0.025639820680312852
0.02644799020229189
0.028389277168102776
0.014335827544325842
-0.03137475758216092
-0.038962203764217336
-0.03677878850215137
-0.0376101022854739
-0.0391116535925455
-0.036459193020863666
-0.013119055862768285
0.0009614376460563731
0.018797490818212196
-0.001068886302526606
-0.00991950718410074
-0.010121165702700979
-0.02383476830096485
-0.03362927584842726
-0.030577631082346134
-0.016787200082638055
-0.018431244401999215
-0.035238344673068876
-0.038060594339097094
-0.0380332428452877
-0.03859748558283762
-0.0390862477375085
-0.03866904810256033
-0.037866388425944884
-0.03824007433969523
-0.03912988209441125
-0.03556941596492928
-0.029834468276858598
-0.008865881338091193
0.003992430177286493
-0.009102731009747076
-0.019282135709358973
0.006181524174356743
0.02174566744770458
-1.0
0.026125494015965988
0.028595659167964433
-1.0
0.01714444365410615
0.010560997948732356
0.00771363701201419
-0.004777204844901737
-0.001236703643057424
-0.002529033672278992
-0.0077698552083004845
-0.008320658283104134
-0.013376461955213616
-0.019043222669711504
-0.015713890890329894
-0.014586309432165993
-0.012022075498755514
-0.006562641090768969
0.009244277770964848
0.027084757800847275
0.028407677553188095
0.028526964508856296
-1.0
0.021551372891335355
-1.0
0.022724545619882828
0.018982193162363013
0.016864505227573646
0.02677815399480152
0.032252041938272864
0.03833393837816525
0.03570446316746762
-1.0
0.037328807281907746
0.03460770261111707
0.03413071574295093
0.033584269144992546
0.0338706331100693
0.03338142601638676
0.020630972779805447
0.024796395559239504
0.01120841329649299
-0.01222604945882745
-0.020366708113680063
-0.030439961402944457
-0.034258443769825106
-0.032716011765753415
-0.03199322300318371
-0.022291161582999115
0.016626089557241895
-0.014030151034881522
-0.014905107704372412
-0.00219634931020875
-0.023991007285816553
-0.03590463138461993
-0.03536512596094878
-0.033896780083583385
-0.034354167199589315
-1.0
-0.03540367140977763
-1.0
-0.026066873573241424
-0.007722097987460538
-0.010365056370017202
0.001546085514993808
-0.025325033898186914
-0.026085765897922594
-0.032077704166621576
-0.03362381908050105
-0.034363418327567785
-0.033157391249989426
-0.03234479053277077
-0.03320750425104999
-0.032643999009839046
-0.03480096113421701
-0.03139944109030978
-0.03262148757294349
-0.034656632439957494
-0.03343322005714969
-0.0311268175180259
-0.031703054725015674
-0.031019273944081674
-0.03226317655316231
-0.03208360367411099
-0.03351322041796001
-0.028784225997772875
0.0003162447985987855
0.008606182510845115
-0.02379397739569089
-0.025342745595725573
-0.021244682982085525
-0.022069919454128985
-0.0315639351656449
-0.03337078929849145
-0.034938583448722034
-0.033283817370226974
-0.034107480867829235
-0.034032034982066826
-0.03307619104911874
-1.0
-0.033272653073615766
-0.030202250590258956
-0.03386975794158874
-0.034685818026061334
-0.03496386047135561
-0.02969834390977826
-0.01870250459565107
-0.007054448832552217
-0.004552619751040605
-0.01320800476390046
-0.014151571173868518
0.00579483547178189
0.014194524452072898
-0.025325868085252515
-0.03076191653101277
-0.013607334256248793
-0.007667894815791613
0.009323155727823983
0.007107179659640042
-0.02436496400148643
-0.03097440420856272
-0.02525091408840044
-0.02443664860021308
-0.034014953393474094
-1.0
-1.0
-0.030574722502235235
-1.0
-1.0
-0.02892337446991852
-0.015151896529632359
-0.019799770438686314
-0.013520765141453851
-0.027226167656851322
-1.0
-1.0
-0.03456282130929925
-1.0
-0.032239553819662925
-0.03560477451058428
-0.032640815396457856
-0.018401294396145216
-0.0017061632784522594
0.012974723449235535
0.008227210989580213
-0.011783169095549335
-0.007086717691693606
0.0001508900095929712
0.006111813621441315
0.006911331255150845
-0.025580442068522516
-1.0
-1.0
-0.022559479010091376
-0.004095436915794341
-0.0015725656062506484
-0.009048833846221627
-1.0
-1.0
