-1.0
-1.0
-1.0
-1.0
-1.0
-0.0009379341387623826
-1.0
-0.0034135414618230845
-0.00954605629046557
-0.0040472505790858935
0.0013226152232513665
0.007318832742032332
0.008738956820991827
0.01137648670827686
0.0031080028644109117
0.0029840973833593462
0.00533172584690502
0.004668355386095406
0.005308184931252403
0.0066235266485704545
-1.0
0.00648643165128211
0.005051637981182621
-0.0017701351902900918
-0.007532315912621849
-1.0
-0.007056708430286016
-0.009722433985127609
-0.007223306318372591
-0.004449654437414928
-0.007566625778758199
-0.00034903552444758674
0.0001985703921167654
0.006444894480636706
0.014578739697076293
0.008426174438887792
0.006608144514562659
0.0062098984825684714
0.008734943674911481
0.011016868565788847
0.012897432415499257
0.01619332939030051
0.01650432814245525
0.022253489278501754
0.01242151112403792
0.02311137242125385
0.018642191253973817
0.024998426970125883
0.022081372105380696
0.027178158919418525
0.02658829404390133
0.022428812059386922
-1.0
0.025433170784766663
0.026069478910553234
0.026275358530623082
0.023701426530182593
0.026048170323005503
0.026794396359933154
0.02141309636135449
0.01949253464103906
0.025788878228197604
0.018151589353094653
0.01971250674174434
-1.0
0.018593285651127577
0.01890463754153184
0.01879560343651313
0.020030366900548387
0.01792193204372705
0.017981446039360954
0.019066613123292782
0.019396217543552533
0.012623678839612929
0.013559601577928493
0.012254703391719125
0.01313667134124234
0.011485771418961713
0.011272929479496078
0.009457505289023773
0.006682515067953482
0.00978814855743403
0.006291539465091639
0.005701677630042802
0.00025819277791055804
0.005114753011498501
0.006373846462750025
0.005716452252920526
0.0056664858543229715
0.00906716119516594
0.006419805380976677
-0.00011756794624475059
0.0023718452048990227
0.004991731200994384
0.004589088707924525
-0.0009138802177232844
0.00020249706609998675
0.00367273618271641
0.0023561629470871285
0.0005966130319849561
0.012668684620086523
0.0026933543095500065
-0.004822600785470765
-0.004975246380565133
-0.003986333729306859
-0.0068691197708556926
-0.006262233947203529
-0.007849680501237544
-0.009623929580163485
-0.00863307227993769
-0.005812949632718991
-1.0
-0.0007886415537580078
-1.0
-0.008407194843269936
-0.011628366633721602
-0.0037475497664424743
-0.01190801107953113
-0.01589969104942315
-0.011779836306446727
-0.012542650490850632
-0.009970229105740738
-0.006752453305035769
-0.0137728651561242
-0.009562630745858924
-0.010734900277601872
-0.005551629388720675
-0.006576832243249126
-0.009567516284861645
-0.013627567620174965
-0.005959899706807557
-0.012501526724174488
-0.012332368379588383
-0.015787535186986872
-0.01502903694332539
-0.01685446711795287
-0.013154106272863673
-0.013278621261883526
-0.009026551990863994
-0.01239993127116135
-0.011152036676258496
-0.009314372164396408
-0.013325090812186587
-0.01328572450334762
-0.01407197319229944
-0.011296835477782485
-0.0006181175506237254
0.002044133433074819
0.0032035633424695314
0.004064830730870374
0.001551363740071727
-0.0021789901693624295
-0.006175794917419939
-0.0016487335993292285
-0.0027097059869076977
-0.007217729862618086
-0.001802334895291822
-0.0029493103403678217
-0.001512161368918728
0.009267359784247937
0.010496377447752055
0.009212547258987475
0.01996266419075028
0.01682713833872535
0.0242124500272544
0.027106665768872815
0.022719794197058326
0.023674467702640405
0.02688425325670879
0.02731627800768237
0.02515114777018945
0.02678500656012232
0.025755264915431838
0.025034480445325455
0.025986238790108373
0.027278311239633063
0.019367551035323137
0.021844155349165284
0.020145349357522234
0.02269994236430827
0.01977741171698117
0.023919984713120068
0.01736720604183534
0.02143500800856653
0.021273596217446362
0.022737265580699686
-1.0
0.02365676375204162
0.0190130824974276
0.01798618156203624
0.01879501997225692
0.021135445808856332
0.01914534218770391
0.020182830115916654
-1.0
0.022434299562448717
0.02008855572528975
0.020493817330008553
0.024038795656742773
0.019401589445206598
0.023925922993546792
0.020574476048947906
0.018929388787956615
0.022633327662819152
0.02311245838305765
0.021929971754141856
0.02300917899932728
0.019778620402547537
0.018707760091179155
0.016908474018592023
0.01070128315390106
0.020755547038463166
0.021125641762996503
0.027225457383973316
0.021034450140110957
0.02314032842684109
0.020722201994912866
0.014952441148627963
0.021880335041642014
0.02024414060886081
0.023207691222460983
0.019587081281051858
0.017357413436585468
0.01699979786794551
0.020577507685163112
0.024681892108679656
0.021785163528040778
0.024673504004699854
0.030322443852606146
0.029037095531340776
0.026134476987735814
0.023558022168402665
0.02527668969539808
0.01929258348231592
0.018970186091937475
0.027133535613041156
0.017439041448097468
0.02392021018529984
0.024866468978084078
0.024680880083466337
0.02282221014788016
0.02331225726730453
0.02448020095410496
0.021662700244134015
0.023625312863966547
0.023141624581796496
0.026205073745845874
0.02347937777034362
0.018424715426479558
0.025611733611188434
0.022392250999847974
0.021405550454543818
0.02657795004189335
0.02414553187814621
0.023276331794885335
0.02276563239715758
0.02375304405196288
0.02253228670921643
0.022702292816429038
0.021285890801652427
0.015547285511001471
0.014237741139945024
-1.0
0.012840474531464302
0.01327869165863327
0.01909179377951965
0.013816940817394721
0.013538426814603197
0.014228484643172562
0.01834365478754205
0.022103540199855744
0.01396261432762834
0.01329999531020764
0.016727882526950226
0.018825118181372207
0.00779005431954936
0.006393084966097733
0.0014474280161420154
0.004456862695415196
0.0032021001048774303
0.0038589850223951488
0.0012044105646697517
0.002496417526135716
0.0022903395464875507
0.005903221909576949
0.0017004481000331526
0.002745790036607145
0.0032383615612702385
-0.0019401293314843194
-0.0028727418160394416
-0.005848851732648663
-0.008705267486180345
-0.010015241133962544
-0.00473148628782644
-0.006538512892396292
-0.007342247124650304
-0.008028113193597756
-0.008505791981752395
-0.002968545676342676
-0.002873744561089293
-0.007593789342847307
-0.006202321141024496
-0.006676063488269265
-0.003566117555262189
-0.005317126552487119
-0.008668351516968086
-0.007693903920684942
-0.001540870775812607
-0.004865248761459482
0.001701495196298037
-0.004536950794839917
-0.007826822421527295
-0.0095605784766509
-0.00936687359488155
-0.007762203859837192
-0.009640932260065
-0.0015048555896068447
-1.0
-0.0008967228872408136
-0.006543485213518861
-0.007487734792852736
-0.004850395830777168
-0.0076526047576902815
-0.009188976773024314
-0.0036488200478958055
-0.002905656894710595
-0.0016593714482262074
0.00039734797281967973
-0.0029233794549523863
-0.0003063161382746552
0.0003671287505127628
-0.00031231716996024157
-0.0042062852500620454
-0.005162969816773705
-0.006477850958232869
-0.008902073366837739
-0.009814609389249829
-0.011339986217356306
-0.00718174117356832
-0.009061055666910216
-0.009356470420138513
-0.013727237832506862
-0.01214216485031362
-0.01322107660338633
-0.012739262275127733
-0.01762614803952609
-0.01539475062615372
-0.01818248125266059
-0.020326084007507073
-0.020976418546841777
-0.020554139485474385
-0.01634920426029878
-0.02059290825002722
-0.020842616213865243
-0.015432142803953624
-0.01579982280070209
-0.01771468611595254
-0.020762200464499957
-0.017993400584659605
-0.02089111102079441
-0.01540217721656829
-0.0157659690561039
-0.01998276278815254
-0.019946346842147706
-0.01760005722132189
-0.013835416151362944
-0.015552061252232411
-0.015264598393882861
-0.018607070117958768
-0.015582406214192756
-0.018392173542223382
-0.015021522301181462
-0.01944425641192885
-0.01859238337440914
-0.019382553437337677
-0.016670998273838625
-0.0140316212315996
-0.020286052514693027
-0.017953516097120543
-0.01354527091815644
-0.020294859300739432
-0.018160610292543372
-0.020917407820542615
-0.018333770922882596
-0.014912308160742549
-0.020418876182452257
-0.017637528885658983
-0.013500185106752969
-0.01194703004698962
-0.012789066959598031
-0.01107617591135006
-0.011825478427394965
-0.013837728172707309
-0.01673996058153784
-0.011086176454970561
-0.012919054425832795
-0.012393770188861454
-0.007394070369191059
-0.0012972777961678548
-0.0016967012968905058
-0.005317505482840548
-0.0037876608330862645
-0.0035107662921174854
-0.003946792101686156
-0.002195631433610877
0.002718748850596548
-0.0007648814127815122
0.002049410859298248
-0.0008139712556618069
0.006984289289459611
0.0024072244486736645
0.0009750474807542815
0.0011071674961244584
0.0024529144406457907
-0.0018895660480159461
-0.008527285594812058
-0.0014099312392982918
-0.0023753632623938307
-0.0006955207508039712
0.003773235162103762
4.3412063374552144e-05
0.003146884578278925
-1.0
-1.0
-1.0
0.010971670619312798
0.013375113201157227
0.01750701573633875
0.017372832977465676
0.020401356486622974
0.0203524748054992
0.024197832978411656
0.021802882773271623
0.025442806714539877
0.02511169961283145
-1.0
0.024543559368305726
0.02320250923456622
0.025213126230938517
0.024289815065920737
0.02352600106293952
0.021694514494273787
0.02496584456854485
0.026140136610234135
0.0253617353578338
0.02445573523451842
0.024820308096908564
0.030071877031731944
0.02371049453389069
0.024994486189786096
0.02879208128556446
0.01663543943742377
0.023629470365160124
0.02567021086266468
0.02417589846725643
0.022413206663751333
0.025834145010384994
0.017023062653193147
0.01693254390070138
0.021500462113731383
0.018022261398261703
0.016770282735583418
0.019351183322454855
-1.0
-1.0
0.0011331679083867853
0.001082252904689047
0.004555535696143676
0.002743559654714661
0.0011626724832104838
0.006096176428479449
0.004240132007246112
-0.0016927863999773
-0.006567590819120926
-0.005113071986817285
-1.0
-0.011934568130866869
-1.0
-0.008292630625469003
-0.00884188365590616
-0.007427091344047595
-0.008883000789760277
-1.0
-0.003940365907725541
-1.0
-1.0
-1.0
-1.0
-1.0
-0.014114738935867973
-0.018408563246877372
-0.016032092989975096
-0.01259290120736063
-0.01482855666482302
-1.0
-1.0
-0.013348831259180753
-0.016592635754818955
-0.01528551460611777
-0.013995548175851224
-0.014719600957425734
-0.014740898119165406
-1.0
-0.019403307319429932
-0.010492580275319477
-0.015462601908215008
-0.014115136137937856
-0.01029287329279471
-0.01278042107540063
-0.012459227698895457
-1.0
-0.01634982043718491
-0.017567256714091976
-0.015050518281750268
-0.014606692034210184
-0.009358332904382063
-0.0066328603314165
-0.006249583748529423
-1.0
-0.006978263806284766
-0.00019779873223872195
-0.0007280401006181378
0.0039026177336863623
0.008988975947498822
0.009793516394702497
0.014980522596043178
0.021868630590260785
0.019742291373281984
0.022840687787078012
0.020487383632689437
0.02394664316834792
0.02374259612548804
0.022980197624917854
0.028224328706464023
0.02169232701014422
0.025652044064461546
0.02352059049451338
0.02253579015113533
0.023068183991910973
0.01973253836133687
0.022499022308467117
0.01568198409128307
0.017335653409070027
0.015873123187834823
0.012890438851284793
0.011534725820914853
-1.0
0.0012083961218006902
0.005377225618397198
0.01059771064971964
0.012712737927740572
0.01146407643838419
0.021844584289547442
0.02503476960551049
0.02416558337057629
0.028040827935551692
0.027109501176868674
0.028925048461760108
0.027538461854085636
0.027054943091773826
-1.0
0.02318339323369737
0.01948574873244808
-1.0
-1.0
-1.0
-1.0
-1.0
-1.0
-1.0
-1.0
-1.0
-1.0
-1.0
-1.0
-1.0
-1.0
-1.0
-1.0
-1.0
-1.0
-1.0
-1.0
-1.0
-1.0
-1.0
-1.0
-1.0
-1.0
-1.0
-1.0
-1.0
-1.0
-1.0
-1.0
0.024644865863454928
-1.0
-1.0
-1.0
-1.0
-1.0
-1.0
-1.0
-1.0
-1.0
-1.0
-1.0
-1.0
-1.0
-1.0
-1.0
-1.0
-1.0
-1.0
-1.0
-1.0
-1.0
-1.0
-1.0
-1.0
-1.0
-1.0
-1.0
-1.0
-1.0
-1.0
-1.0
-1.0
-1.0
-1.0
-1.0
-1.0
-1.0
-1.0
-1.0
-1.0
-1.0
-1.0
-1.0
-1.0
-1.0
-1.0
-1.0
-1.0
-1.0
-1.0
-1.0
-1.0
-1.0
-1.0
-1.0
-1.0
-1.0
-1.0
-1.0
-1.0
-1.0
-1.0
-1.0
-1.0
-1.0
-1.0
-1.0
-1.0
-1.0
-1.0
-1.0
-1.0
-1.0
-1.0
-1.0
-1.0
-1.0
-1.0
-1.0
-1.0
-1.0
-1.0
-1.0
-1.0
-1.0
-1.0
-1.0
-1.0
-1.0
-1.0
-1.0
-1.0
-1.0
-1.0
-1.0
-1.0
-1.0
-1.0
-1.0
-1.0
-1.0
-1.0
-1.0
-1.0
-1.0
-1.0
-1.0
-1.0
-1.0
-1.0
-1.0
-1.0
-1.0
-1.0
-1.0
-1.0
-1.0
-1.0
-1.0
-1.0
-1.0
-1.0
-1.0
-1.0
-1.0
-1.0
-1.0
-1.0
-1.0
-1.0
-1.0
-1.0
-1.0
-1.0
-1.0
-1.0
-1.0
-1.0
-1.0
-1.0
-1.0
-1.0
-1.0
-1.0
-1.0
-0.012519834221703986
-0.016638288448459024
-0.01638606560799476
-0.01982781185093198
-0.016471904611814754
-0.016544979558440975
-0.011246801370279879
-0.017646372176480407
-0.01554439317457456
-0.018915435146335303
-0.013218094101575173
-0.019446532988184367
-0.021742902594110994
-0.019280156816096954
-0.016391764952784185
-0.013680006669432898
-0.015518065759811975
-0.01800905206776471
-0.017603816978228725
-0.021583109467201173
-0.014182368360628857
-0.019068076006356585
-0.019699535253672504
-0.02182544233016191
-1.0
-1.0
-1.0
-1.0
-0.03009717753047783
-0.021686404691311
-1.0
-0.025736803387660386
-0.028134740754144755
-0.029309127983134287
-0.026471770194803897
-0.022120524589091525
-1.0
-0.02320933199919111
-0.020663413378044053
-0.020744499922799236
-0.01896678786652103
-0.02098478336324248
-0.02004065854358298
-0.019816000816378014
-0.022270314661789116
-0.01732265662484113
-0.018311755634827436
-0.016174919498160526
-0.024666512561801364
-0.025744490489027154
-0.02507844782929648
-0.019264465084242174
-0.02355903422366675
-0.02256152276668614
-0.024686453391676022
-0.019593390771780288
-0.01938188114169715
-0.02426804779812313
-0.02226880934083306
-0.02259658751033444
-0.024241167980316367
-0.025634790446323382
-1.0
-0.022424685942498485
-0.021455150210757196
-0.019904453985497856
-0.02353847801258261
-0.021691868109507156
-0.02016320961138961
-0.02239795439075771
-0.019389153267160397
-0.024105202176849336
-0.019393727583301813
-0.02177666222903858
-0.027109576307004047
-0.026216574300792356
-1.0
-0.024961845352139488
-0.02513088671021329
-0.024320772357234063
-0.0208793300373626
-0.020701531883084708
-0.02210763184194262
-0.022885770514284746
-0.018835835674491933
-0.022370874949959114
-0.02122222901297668
-0.024027132051311687
-0.022822744339917888
-0.02489368085384771
-0.023370343285594473
-0.022101179321161287
-0.02391275080517146
-0.027035835881944862
-0.02004558849129394
-0.020349384770797858
-0.022261595253725227
-0.020311508640709464
-1.0
-0.0251702969079088
-0.023168003088868547
-0.024704391826893556
-0.023499118414087528
-0.025029875993197583
-0.026123686948524388
-0.024047878352005624
-0.02700981736349314
-0.02842313139611679
-0.029953998199322363
-0.02729126918129105
-0.027146836509368475
-0.025380063197716452
-0.026857769507643344
-0.024823487577609295
-0.031766688766308136
-0.03204243895648836
-0.03000184324003204
-0.02952983428635862
-0.029175805571460517
-0.030558468711816722
-0.02767663293093647
-0.029959552521446102
-0.027759670854806937
-0.020029082374537942
-0.029030436203415704
-0.03090441597578375
-0.028268285880206682
-0.018573953088044277
-0.02300380729624142
-0.02539815168955085
-0.020876215782934974
-0.020205314585616738
-0.018319790395524563
-0.01738078982881915
-0.014349716351256966
-0.02001214977356292
-0.012771920620306042
-0.016682787646053597
-0.015904264581996397
-0.008250943422926059
-0.002067428520948538
0.0064837726366973976
0.0048478632752496234
0.005758981482303359
0.00907472631155644
0.01270144763645304
0.015847141184727364
0.01485733939474135
0.015227022439747861
0.01965571856961813
0.012380572897909291
0.018598143351378882
0.021760551241743118
0.026182173933149304
0.02527852195976144
0.0217805540479509
-1.0
0.020995694984106528
0.0179815584365066
0.017249104021736652
0.013619421907292695
0.013689020915401565
0.013967797936833476
0.014002280954712286
0.013602807579669675
0.017575515513585986
0.019924408370226836
0.01849943295908688
0.023952670206839496
0.022140181671087177
0.02381028436805407
0.025508002736103756
0.018275831273398255
0.020539437874564897
0.02392941874118432
0.018473605560893773
0.024789021863613484
0.026988803516895234
0.026868972488608665
0.023815830756382952
0.024909361696533683
0.025126231813110744
0.024320555300903376
0.02689281192311757
0.022878533010982714
0.02824446606829039
0.028250582855574923
0.02919526720465406
0.0296370702169337
0.027822798330640233
0.025091969038593682
0.02281371143412125
0.018792662360173823
-1.0
0.018386896189260104
0.01727751445688192
0.02099946193061936
0.015687691532779845
0.012657400395719727
0.012596382568463632
0.015179116678923063
0.006446211323569323
-0.003187461210500421
-0.0018724833277183356
-0.004877429404760553
0.0028626217449111454
0.005110753144826484
0.005618571868201254
0.005664260334236675
0.0006155663768068039
-1.0
-0.00270163948661582
-0.0034962777615261554
-0.00755015684867467
-0.0095917105543553
-0.006480237339116309
-0.011639782967892665
-0.009563537188845204
-0.015933932693157994
-0.020390982743568473
-0.02034521873481318
-0.01706354202876495
-0.019468979859294137
-0.01126832657104084
-0.013924479183570567
-0.006999605084369908
-0.005164168363698876
-0.0021158223814942757
0.004274422185305479
0.0028023046546214727
-0.005019317182317519
-0.00263299303695526
0.0029545734305289222
0.0009722844211835861
0.0069118749888373784
0.00729937336721432
0.015402645326782463
0.01084254240837747
0.00890446067043811
0.007261116129319978
0.004245202394276648
-1.0
0.010212928732049096
0.009003828146690908
0.010652301207189185
0.008707366244776747
0.005086319792265582
0.006102367631659872
0.00552142744293161
0.0017076144189882407
0.00037811221615947113
0.00920954684658937
0.010017918379384861
0.012877850993504691
0.01062972601937437
-1.0
-1.0
0.006549475441483309
0.012975855254954545
0.013339207278128758
0.015474173025698777
0.013141776575204165
0.007230277895699715
0.008530635835875672
0.010745051259933098
0.01085163374565695
0.007380235706571514
0.004358568095892296
0.002808879150116274
-3.591514482379177e-05
0.0019504980744921732
0.0009358750632857783
-0.005722472012301071
-0.007481986546239494
-0.011638443361505
-0.005194061785623928
-0.005944650477923134
-0.003833126481597198
-0.010493368377045785
-0.00490675223536163
-0.008253205459805131
-0.008549010435610079
-0.010677286078222978
-0.00582040547006431
-0.008782111568060172
-0.007172836068412157
-0.006892014313763766
-0.0025970827722099745
-0.0019616165114892843
0.0005981372134609669
-1.0
0.0036755796826607426
-0.0031865158257433986
0.004659910604747439
0.002839789199657126
0.0017245076628506345
-0.0011050724977035085
0.005178263815607163
0.0060445813442296025
0.0037233700950193853
-0.0002746987726138954
0.0014037995504625987
-0.0005930057828005517
0.0005409464992219379
-1.0
-0.004806295357128924
0.00019785148703088277
-0.0017446869863584043
-0.0017875582148556618
-0.00195321257572278
-0.00964546468803915
-0.0067483760617134975
-0.012009149385626408
-0.009776337361899926
-0.011031422492547871
-0.0068183423411372415
-0.004131399299977203
-0.0023888220443681915
-0.0030635187691187243
0.0016492080993220886
-0.003352694076792513
-0.004109887506136536
-0.004602372638032247
-0.007589639287692138
-0.00491704224985868
-0.009170135672936449
-0.011009552910591821
-0.009486943576511588
-0.013979659699888437
-0.001692798044517334
-0.006724570398724117
-9.778142067028239e-05
-1.0
0.0018405636980417283
-0.00020581796519408566
0.0010900359427965427
-0.005830685820279319
-0.0001227625620439375
-0.00035170146250243316
-0.0011885072396409025
-0.0072603870264684395
-0.003634014102384235
-0.0026810325526317137
-0.002626944476735014
-0.0010430322551068184
0.002180554742004213
0.002031134356443362
-0.0032135775506022136
0.0019713666414099577
0.00367937989933261
-0.0023428604988907087
0.003567686732915091
-0.0011113212402212968
-0.0012948929363560601
0.00040099244838095137
-0.0011051587666398989
0.004180665609191703
0.005373224323237996
0.00906191165255321
0.012880569088353363
0.004367956349460074
0.011172027547496974
0.0017529695570387075
0.0036929482053394834
0.007076920806093633
0.0010544717173658843
-0.0005255412294299456
0.005021845348916836
0.001412278869921402
0.0034189164073986263
0.011189506988444205
0.012268193870782141
0.004325209573924345
0.004888532958799386
0.0059671550330849055
-0.001644692625389597
0.0029270250464738367
0.008429406417189901
0.00853609080174428
0.003886979951969543
0.0012025355831940233
0.009544148457932222
0.009629846780413912
0.013537172396878735
0.013708218990571827
0.01625830829002776
0.013588771903575337
0.018071458579034767
0.012099859683897719
0.01079253158623703
0.013412630418187715
0.016373759199200554
0.01887792531104861
0.013805422791276983
0.016472889178930413
0.01604086741690993
-1.0
0.0035732884228094675
-1.0
-0.0033155339185187084
-0.011695040599689418
-0.021575027348514058
-0.02565816307881539
-0.028317816160851886
-0.022775259791475107
-0.026054749279518546
-0.023560477938763622
-0.027147824548215276
-0.029126662170566687
-0.026311449197104833
-0.023593906775814823
-0.026246596968852703
-0.023101535628190513
-0.025255690647254445
-0.022002274019651914
-0.021044528861534354
-0.022076492875449324
-0.024865233554788087
-0.02480364946424868
-0.025948972119023462
-0.02789601519231802
-0.02691365516690988
-0.020052874647233824
-0.01722541483863502
-1.0
-0.024126265552091436
-0.02186926716987866
-0.02103710533774506
-0.025461813435392874
-0.016000840806062115
-0.016223487516607106
-0.01894972675986987
-0.017360686805534088
-0.01736495961641365
-0.020348760445686422
-0.019148071111644804
-0.015116462630469042
-0.021741752065198617
-0.016100473465794626
-0.011083823731646361
-0.009135821835300914
-0.013451259793195846
-0.009556120506393477
-0.010663177136708467
-0.011473986166521077
-0.0069048577995265365
-0.0026706619019300597
0.0016633912965362252
0.012056181068721646
0.011691593325176148
0.0064513132644684855
0.009711770037920977
0.0015204150586944696
-0.009697412388882705
-0.005814263751392129
-0.009092793173159057
-0.014046892831070022
0.0004623638285155044
-0.006214613466582852
-0.0018166888887305786
0.0005727419054787736
0.002514943078017182
-0.00470898870578279
0.00134041981806336
0.012635034662538323
0.00982549903943427
0.012956836540501889
0.01523229651665759
0.011375428086063247
0.01546024121508001
0.01721208694765669
0.02087714945900969
0.022800451776222346
0.020015589182269887
0.021106860292896053
0.021271738911945202
0.01955567473053478
0.009945258521725812
0.01385635098943917
0.022155185156331334
0.021766411508550295
0.026597575017649085
0.023049951886830296
0.02539253915120843
0.029444809724740614
0.0270755873025872
0.02550726173037271
0.024744398197157964
0.02587314110317032
0.015265527964016716
0.01950950393139925
0.025754032696479988
0.025373574976100214
0.025982612579036748
0.01649109064484464
0.01907999731775726
0.01731544365000347
0.017600946264782185
0.02426513224403726
0.022382883273306193
0.023714342174939385
0.024202856072341853
0.018684928963920412
0.012357018893017211
0.011276429102210038
0.016412935583788466
0.01738277373179932
0.02292864440562016
0.022088123544054702
0.022108875646301207
-1.0
0.015301324920041364
-1.0
0.017836544549685654
0.022925728729936336
0.020997862714508854
0.024214174579491553
0.027973039574228625
0.02829759719485043
0.030315731524107086
0.031856288973266596
0.02513891494244038
0.025398494299043547
0.02044518675542568
0.020552189040503797
0.023655825402133825
0.020345505151131375
0.023114496015736362
0.02775067751423635
0.028425824798861486
0.029398571658187583
0.030974685804967223
0.028637506218893948
0.025037555071931457
0.017996328503996472
0.025985325839018875
0.02642423568363129
0.028705287445341225
0.031546330798555317
0.030760294076529082
0.025288369915405895
0.02841907849390406
0.027477310439999854
0.026812742608923808
0.0268627726626788
0.025661177060413747
0.02600582394403895
0.012976186374341662
0.00549582619257489
0.0003992063529539038
0.003784165694214698
0.006470808042090563
0.009666958155916255
0.012679361395383818
0.013980250918018732
0.013240801447187726
0.007662102147842955
-1.0
0.004774347401478689
-0.0020398364816536477
-0.005040869415656143
-0.0008268060553892786
-0.004786982044423732
0.001877275638348651
0.0031770815841519104
0.0030490384125339484
0.005455002271624608
0.007175452255909943
0.011413370774607915
-1.0
-0.007300072968957795
-0.009238691905711638
-0.005843258623563435
-0.008503825149696281
-0.008068878238551711
-0.015366424973606406
-0.013760842423280024
-0.02067800165325637
-0.02141178693168195
-0.022366831060905323
-0.023536784366311615
-0.019865615855693627
-0.014958169702700084
-0.014988750853663241
-0.02079215168210062
-0.02129660050724501
-0.016750166776086886
-0.019360070422335274
-0.01892533573007997
-0.017079539952140933
-0.013791204955745567
-0.020908090725395945
-0.02142765831920652
-0.019306449790520912
-0.022166846475767596
-0.017910340139724652
-0.020359421558459222
-0.014455070873506764
-0.021980908667445162
-0.019119499732934826
-0.028538607690704272
-0.022203529610947438
-0.028878713141499823
-0.027621320746675976
-0.026210663024497365
-0.025210953976962405
-0.029762071737279176
-0.025476758881928095
-0.025266872283968372
-0.02452927441152818
-0.016454913281512402
-0.023652378624503787
-0.02575367763105792
-0.03017840742264005
-0.017272197459371627
-0.02721273669794716
-0.02492961788549244
-0.03041784768710214
-0.02475181885117851
-0.026955994224289525
-0.02624450176669462
-0.02427799736034909
-0.02607885588382325
-0.019343973070267906
-0.02665096999178461
-0.024159405952334744
-0.02591641204353492
-0.02719345185419717
-0.025748672227553282
-0.024475535565356733
-0.02521779187178389
-0.023762479630248537
-0.025947657276191912
-0.024026471025321943
-0.022375051582189533
-0.02313918081363635
-0.01690760408403795
-0.014214362949992662
-0.01721749598877688
-0.012561316165920102
-0.011961494457110347
-0.010534948996174374
-0.0059076551502725665
-0.004715674877204204
-0.0025465948782014934
-1.0
-0.007666148270014343
-0.007659694896993366
-0.011747146978585992
-0.0082126234496972
-0.006658954723877538
-0.013096680700748235
-0.013228045298643788
-0.015282196617954177
-0.013607764688022406
-0.016064765570814883
-0.013830412747040301
-0.013990044132593193
-0.015286871833215348
-0.017197510842719876
-0.01605540014868234
-0.01618173931768303
-0.01595218959431618
-0.015519194341938877
-0.01883112052434006
-0.015236299564032895
-0.01841207770874225
-0.01097602192711957
-0.0157856983994494
-0.02152256240979896
-0.015502499613656795
-0.01571604058198885
-0.013629351546214245
-0.004708256168078211
-1.0
-1.0
-0.009786378862689942
-0.009305289986745898
-0.010390530872652006
-0.015183935320765538
-0.011981518951535673
-0.016284533392792462
-0.011734077432572883
-0.01244285736152509
-0.010960547235179283
-0.010793751841171175
-0.013000705808374617
-0.012594966985983343
-0.008844926962283074
-0.013044347992346217
-0.015461802801977976
-0.014305487080385069
-0.017187607843615522
-0.01434989330768193
-1.0
-0.017522314235497355
-0.010557317134433794
-0.009252017440930014
-1.0
-0.011609042702987158
-0.010933901609776798
-0.013497634049059506
-0.014836658685862536
-1.0
-0.016502480691888022
-1.0
-0.013189298846058174
-0.015075274796457852
-0.014589947790279079
-0.020804945668478955
-0.01778011866551733
-0.014573700140842166
-0.015309613720029652
-0.018804927449664048
-0.010334422020763566
-0.01383748978687057
-0.009041485772744117
-0.012052845624902659
-0.014296924565856975
-0.016505157142459405
-0.009910530722826714
-0.007816450931563405
-0.010605974965356469
-0.015569897515075268
-0.01201970574764184
-0.010131932906025513
-0.013808134371136266
-0.01154336685024339
-0.01465387881475785
-0.01448474543263201
-0.013339269948641994
-0.014039688407140134
-0.01279098526180662
-0.013161271815662838
-0.01316894132614539
-0.018091145233137613
-0.014015450991548828
-0.01868521140604384
-0.018921540897565012
-0.02231503859889343
-0.017210004972483907
-0.016581172624022946
-0.021842683281212118
-0.01822082818237425
-0.0157935414794229
-0.020870535131182182
-0.020583311219373165
-0.0206763508287029
-0.025722106559241446
-0.021384584508625158
-0.02543791606801542
-0.018374682701268436
-0.026967459532757553
-0.021807130948893454
-0.025575328701638988
-0.021748948928830645
-1.0
-0.023292300933031
-0.014080983596580759
-0.024182888910350676
-0.020112403877117106
-0.021692007893333778
-0.020759352687311595
-0.020122260607272117
-0.02234237678016119
-0.017548280598288758
-0.01925264185286319
-0.01894436907834103
-0.017834462870362628
-0.018786356891596412
-0.02292329260577071
-0.020796323174921458
-0.019911568174527692
-0.023051558653457604
-0.019720981217013257
-0.022546687583817598
-0.021496701659142532
-1.0
-0.020024284280307864
-1.0
-0.022547003584749974
-0.024994926258030372
-0.023191664033706656
-0.02355908034835969
-0.021114500362577848
-0.014572867125682116
-0.019774103062613794
-0.02185364601203773
-0.02434640954954506
-0.022430928430851805
-0.017289166925350572
-0.017736062859749848
-0.019147353534668274
-0.02029226251941744
-0.020195940430533427
-0.020113008958654373
-0.023804580866239787
-0.02649858944711748
-0.0237087632428976
-0.02085427553032381
-0.02295183340946718
-0.020494860496691768
-0.023761202326124758
-0.019087844344921202
-0.023050423516472896
-1.0
-0.028321884060469836
-0.024174550311473378
-0.024635911288567167
-0.021710861831474443
-0.018568950181429754
-0.02291582602108163
-0.02167634373347615
-0.01969045883048182
-0.025161268677226706
-0.025315135560028092
-1.0
-1.0
-0.016070113556975487
-0.016731058287982388
-0.010989261724974464
-0.011346878994742765
-0.00860449042737519
-0.00855468553567136
-0.008515726861447293
-0.012571640247522805
-1.0
-0.014969164736059243
-1.0
-0.0133704878203122
-0.01715371881437714
-1.0
-0.020801267636939662
-0.020533876242981475
-0.02292270126231105
-0.023626425859215695
-0.020657744316618307
-1.0
-0.026358503514807206
-0.026812260550759883
-0.024269562445216327
-0.0211805908504616
-0.01376072724392327
-0.005390747067864435
0.004471178513830214
0.01633707572264855
-1.0
0.023083117198445084
0.02024540805280593
0.026232474714122715
0.02949532269180067
0.027341028238101
0.02474108540076533
-1.0
0.027212400134518224
0.032263452384168965
0.02958318861754933
0.03226452631553329
0.02515382968545629
0.032910107248542673
0.03320377989371394
0.030589027804545862
0.02873466859053069
0.0266457291433031
0.028258817024383133
0.02758400321030379
0.02951405823346095
0.028105310037061338
0.02776482919041359
0.024357049507189473
0.026734409599734745
0.030494532400906816
0.03234080708323668
0.03185680683449711
0.02984723431292874
0.03287787471719618
0.02767284675423811
0.03054354590882523
0.03219325639351703
0.03223504978855983
0.03343253298760559
0.029828388132261994
0.033736453768517485
0.030623308308309807
0.031823330123061315
0.03189406949924057
0.03395090698786494
0.03250228003318805
0.03137992742820492
0.0322267920819884
0.02756144027590722
0.03138149312933518
0.02612054379378936
0.030178226563586374
0.031711061507566286
0.030352596888747318
-1.0
0.025382631845091687
0.03138696368630727
0.0265861300793726
-1.0
0.02948404240260833
0.024557288642139213
0.021347024913362055
0.015508369149254044
0.010602920755175604
0.01442522835042519
0.011860069899280505
0.016466821350133783
0.019404192665340356
0.022786067406523145
0.019074583716757167
0.018760973566575623
0.02282346885780508
0.023088788541964566
0.024710892285242203
0.02205076093565738
0.020915855752326355
0.024914044701795594
0.02510760360292333
0.024097310569784407
0.024922777337803383
0.02045148897148035
0.02339143688651939
0.012132392061606016
-1.0
0.002088006367429163
0.001684585179786345
0.0036104408927701797
-1.0
0.010578202972283726
0.012540775556103733
0.0100247685939813
0.005166735315582001
0.002177429557667998
0.005759864116451977
-0.0006629306042590705
-0.0005987703969754704
0.004042391895887942
-0.00652905722143582
-0.002043375722232052
-1.0
-0.006788985439377819
-1.0
-0.012382492061132688
-0.014495493461520603
-0.009630294440660875
-0.010485031873082421
-0.013320231950108164
-0.015255597124952041
-0.01531871782049085
-0.011026169343957845
-1.0
-1.0
-1.0
-0.010389686514929265
-1.0
-0.01186014478050317
-0.009456196149250244
-1.0
-0.004896666770462488
-0.01124392688444412
-0.006474361629737971
-0.00479312285785571
-0.004668793773006952
-0.007860890867885878
-0.0058360428284080015
-0.0061499550951471
-0.010184999047960804
-1.0
-0.006704708130693946
-1.0
-1.0
-1.0
-0.010074611122249916
-0.012250385575228553
-0.009959793498494194
-1.0
-0.012712718860776948
-0.010505749564021012
-0.015462412520471229
-1.0
-0.014363841116657498
-0.018046186762763247
-1.0
-0.025371569981403313
-0.023495910116465422
-0.027151011875510302
-0.024229838040256947
-0.022859861296214288
-0.024589595451969218
-0.029074396579668847
-0.030767831548452782
-1.0
-0.026042001262837206
-0.029855704882150485
-0.027708300014558266
-0.029085001138314578
-0.029473717480472603
-0.027388454418335047
-0.02712623211196612
-0.027273966860488788
-0.030716918713726837
-0.028059478166177654
-0.026529991136906076
-0.026012845628496192
-0.023201103547191286
-0.023836177729732507
-0.02342156725629273
-0.025348186422297116
-0.024190450412568402
-0.028052928205764716
-0.01596632668548102
-0.018228055736851777
-0.022684084187101158
-0.019376504072220215
-0.020762308981395354
-0.018468852167651144
-0.014659494950434218
-0.013305561532965917
-0.013808879625451449
-0.011242283006749091
-0.00879137485725578
-0.010025781729540805
-0.008910616551348978
-0.0071788416956832515
-0.012789867443088004
-1.0
-0.005344899606976846
-0.00022796108356457209
-0.0039755583309414805
0.0018226134551701583
0.003549129673903887
-0.001437655828522604
-0.0034083568830975412
-0.0004192414817875305
-0.0006772136234829222
-0.002342358544101005
-1.0
-1.0
-1.0
0.007119365814903825
0.006848250305037803
0.0018936563555332188
-0.003476259975980109
-0.00555011852629144
0.0023673596537265914
0.007469513125920885
0.018767200919771177
0.020130205774543487
0.023484202012564948
0.023521390818384967
0.02680195497393513
0.02211758854132019
0.02588450726145652
0.022970392670579876
0.027402608202163344
0.02636280301814699
0.026101220668788533
0.025535383677504624
0.026802505833453057
0.031786209833201524
0.029405814973937704
0.02473261725460535
0.02809794291558861
0.021304769500660934
0.02355013601720292
0.02148669729379841
0.021486274755478058
0.0014371675758661536
-0.008433526337271555
-0.010023417005036912
-0.015089201994674494
-0.01851581904751008
-0.021449610028932174
-0.02305916956095726
-0.019056365216510655
-0.01605588650768994
-0.017542466730164356
-0.023219048664164257
-0.020173605849949882
-0.02300426092975578
-0.024289090010354838
-0.02103236963503487
-0.02279118323697345
-0.02224079502851921
-0.020770330209282116
-0.02502555631992678
-0.025020032436555064
-0.027003000372043263
-0.01994298509418309
-0.026479512723617052
-0.023606986278380482
-0.022509825405712655
-0.02714770314363393
-0.022162063842390386
-1.0
-0.024386625530729202
-0.02248870905313062
-0.020164988513936773
-0.025004069236778153
-0.024045156395597813
-0.023101604816957482
-0.022110351387249146
-0.023413057227175817
-0.015604893906959355
-0.019985253180117266
-0.019285140247977565
-0.020399844373048107
-0.02068677643524245
-0.01718843698926872
-0.01711958441770997
-0.018189435236439205
-0.019659486546598395
-0.019718259909570303
-0.023690762938847625
-0.0239154253117676
-0.025536289503421225
-0.026209716391555313
-0.02095301474479323
-0.020924972088411084
-0.019167466976361163
-0.02107550032612572
-0.016012475872569883
-0.01852609479036686
-0.023325779844942118
-0.022628239656125516
-1.0
-0.026940913741024582
-0.024423604544665578
-0.02431276403273224
-0.024431482401515343
-0.02691867490716107
-0.029117928654546193
-0.026854699160870785
-0.023409398515842048
-0.026769464313494137
-0.02952570921572575
-0.023003125431712523
-0.02646871580035168
-0.02707734990424841
-0.02636031853521392
-0.0282374044232479
-0.030995557675795957
-0.032207791680885084
-0.03113844366303649
-0.02980021243609376
-1.0
-0.028904098383755246
-0.025745559716077074
-0.027286540849943194
-0.025362530924994398
-0.027766326980892223
-0.027900749132732904
-0.02511940002960986
-0.028008939129639292
-0.019258478394789957
-0.019744204725900348
-0.02035150735906377
-0.021102356431520773
-0.020396151167623368
-0.02416895164068702
-0.022697144106228986
-0.02048511232655846
-0.02605554591991026
-0.02881280271990267
-0.0269922654348547
-0.02218434143450697
-0.026110825866617542
-0.027311481065915345
-0.02912137480582479
-0.028145087425220476
-0.022116501765670708
-0.023465626030339238
-0.021209582728977504
-0.025773927773696102
-0.02272444944986542
-1.0
-0.020213268785477294
-0.01691858452484661
-0.01550428633064829
-0.013497372646940446
-1.0
-0.02289543166386527
-0.023729855824336753
-1.0
-0.013503250682748155
-0.013060093714269524
-0.014440177185386404
-0.015538673353883734
-0.013857623463624204
-0.018175969183447355
-0.014947658209126068
-0.01844792275261191
-0.020376599117378942
-0.016121126119571158
-0.01783051943370822
-0.016663301587815826
-0.01864042585179563
-0.01814610207169268
-0.02173958932631816
-0.014226698282554644
-0.010007015673066978
-0.004700415639144719
-0.005692747089853786
-0.009294789354211233
-0.0075557946461615785
-0.004363546234129564
-0.007475116400911783
-0.003782481954128959
-0.007586549580089917
-0.006917422171430583
-0.008564973685796336
-0.012430615647805668
-1.0
-0.008168296410643712
-0.00723089081579406
-0.0048247558713849555
-0.0030324991398667143
-0.010543621364832388
-0.005677027059458829
0.0028276018783615943
0.004042542583235485
0.007901145938810387
0.015381601864500003
0.017644533566895593
0.02367705808079015
0.02479305526689619
0.026306183854846298
0.029466365225882536
0.03212715100067532
0.02873325107573175
0.02639873085304622
0.02730191158675388
0.023354885702449656
0.023272267698657586
0.020715914494268607
0.02187168682676643
0.017203742178713458
0.015132242004413607
0.009454996832151421
0.002017328511096555
0.0015785943071591384
0.002788019066157542
-0.0022506066001958735
0.0014996486958188133
0.002207833174857466
0.0014226831944533541
-0.0015153444429328667
0.0024851003080688153
0.007883433271466542
0.011234373086834382
0.014222980358793354
0.02314117946116491
-1.0
0.024990679447222445
-1.0
0.03055422448115615
0.03510588461876733
-1.0
0.03373845939542838
0.02931039892654747
0.031263249540913286
0.030347778471005796
0.02881430278970743
0.026699999413780942
0.028930955553946584
0.03264010727859256
0.031214423482345162
0.02988809942007818
0.034436697512680456
0.033748053563844777
-1.0
0.0324456691554745
0.0322245271060606
0.03381271161493066
0.029347131005339526
0.030095602474074695
0.030514540625282555
0.03491603997668574
0.03084067287531455
0.03338497934820832
0.03388586502940781
0.03324390614411491
0.03593520679886645
0.034138418303986034
0.03283581093937892
0.03457124889146421
0.03449439018502247
0.03453503563244812
0.03160352771696209
0.03640549097823784
0.03114555413296502
0.03146971961391549
0.03243027650747116
0.034531371953662696
0.03288269362303506
0.03275129548039941
0.03549901511502591
0.03118533291239489
0.030439416414306683
0.03349660820430225
0.025354023117227873
0.030083326113914895
0.02511009000653732
0.032506378686770344
0.02593539574701488
0.014619018563546126
0.018769633890225523
0.013986014907655346
0.015813294442756587
0.02328730330814662
0.022376852625847078
0.019557622927629862
0.028997347426220746
0.018191578064173906
0.01839650405076643
0.02067043989578075
0.013699627922192361
0.009666022931757477
0.012027341998373905
0.013992243554013305
0.006877948334951962
0.005782939396389649
0.0027679098497139596
-0.012513525912985572
-0.013971387217242623
-0.017318767645007033
-0.013900513658172487
-0.01888166996803119
-0.009286452423431825
-0.01071808061363219
-0.004942631637074737
-0.004340529261877637
-0.0043649977356772455
-0.0051157463338194755
0.0008132837171083028
-0.002791005529273721
-0.0020996541569130184
-0.0029431035666758172
-1.0
-1.0
-1.0
-1.0
-1.0
-1.0
-1.0
0.0033175426201711607
0.003443362834168128
0.004284804006339974
-0.000493473889745551
-0.002599045481733044
-0.018356954426173116
-0.012252809504041723
-0.02356701602812018
-0.017858221108641513
-0.02296049448354647
-0.018900609343064975
-0.01800678836805338
-0.020602950383300372
-0.018496640746917453
-0.017202080892365516
-0.014361981895821153
-0.01553555780524857
-0.008996751206949207
-0.012785235700449836
-0.01419159307615442
-0.01022447305660332
-0.005978815048083918
-0.010952005397000253
-0.014012577262691185
-0.010500194480731103
-0.011658789593439363
-0.013207762634321534
-0.016471470583620255
-0.014304768498430981
-0.017325808041672136
-0.018175289786922875
-0.011438228472042717
-0.01574870733207468
-0.01507245307651082
-0.01651218414681199
-0.018852693417424158
-0.02152731413281693
-0.019239148187126947
-0.020754681986826236
-0.019524858793231282
-0.020460393814064393
-0.01948364147195042
-0.01990118189703875
-0.024183277646724823
-0.01920646630559306
-0.016286742179553632
-0.01680067859983401
-0.020735858470590375
-0.020531216566782487
-0.016869625778219485
-0.019574640394528987
-1.0
-0.019833320959424902
-0.014015730325461537
-0.016804529774299595
-0.01237215314419087
-0.0179058284874229
-0.019928345355974205
-0.009798715516629287
-0.014833653320386796
-0.013530877477811794
-0.019103694957473095
-0.01936180770992912
-0.01483627024703326
-0.017483987336651307
-0.016908630047937426
-0.01352717728323366
-0.014579036834790665
-0.015033673856427444
-0.017611710848187533
-0.015516976554699153
-0.016984087004379728
-0.019075424857754243
-0.017342910557353576
-0.012960250591035432
-0.017087479884440666
-0.013210491957754467
-0.013096482794315996
-0.013720739183690739
-0.01166493840029814
-0.011322375109703364
-0.019746667691315882
-0.020891653436807354
-0.014643946582796535
-0.015543026267065082
-0.011358218024991528
-0.006288940808735319
-0.0007874320380704765
-0.0002846064523823402
0.0020111358047172163
0.000586059341548255
0.007284182956676547
0.004506500334824932
0.001827936835100497
0.0035229181999128713
0.006484193126254911
0.004483150138978854
0.005881008202580443
0.005296791999028878
0.011735802683981073
0.009544862544543476
0.013424441547393839
0.016902163095616898
0.022525164803561617
0.019079238682196402
0.019481500157036192
0.01780810194305613
0.019424457951827255
0.017353375266478697
0.018652785280736158
0.01236459262276262
0.01557663838130695
0.02263237977890757
0.01917742787771695
0.01577356591241822
0.013356758656864604
0.013525318265198922
0.011873711843027462
0.009147593707014264
0.0017234800634060258
-0.010134362296991196
-0.01301814323965319
-0.02026635860509435
-0.020643804007554296
-0.022794381832523105
-0.019363400615597173
-1.0
-0.02484102196406569
-0.02532103377395857
-0.02567918097553431
-0.025477495174045635
-0.024043812987954574
-0.02322542401508307
-0.02475759277767706
-0.0275197523459814
-0.029163993292148773
-0.02272174442505673
-0.02984218058462079
-0.025982452085089758
-0.02425203517808983
-0.026908192278106664
-0.025193226266727885
-0.025051949612852592
-0.025576915294122926
-0.027430271384753697
-0.030175912977613583
-0.028059677718096337
-0.028969892377723426
-0.02443731251521444
-0.027080443260688227
-0.028417419671320155
-0.029500632335807894
-0.02225040670256669
-0.025480840653676798
-0.027875916654312584
-0.026902951817811965
-0.03133109535475008
-0.02614098104204754
-0.028155518354278264
-0.02942464257054915
-0.030010494438900265
-0.02881794410667561
-0.02894474330228538
-0.029693928810271948
-0.032034699880016414
-0.028445948983636404
-0.02857760506634373
-0.029520650168057574
-0.021425566472174428
-0.024142728357604126
-0.02871780922309915
-0.025731806167112438
-0.03120265302279965
-0.02689081210729467
-0.028016856814377055
-0.025840655680654162
-0.025097132363347974
-0.025862863460550233
-0.029291592982790007
-0.025248713691496276
-0.02876250617170472
-0.02685188921432363
-0.02146310531715325
-0.02552768549877331
-0.019254267297966025
-0.022433942877272725
-0.024619688747556642
-0.014949119594382238
-0.02121144218924419
-0.019576320444308203
-0.020082994741950848
-0.01811673125779212
-0.01863996047535017
-0.01686169064981903
-0.0164038783601072
-0.014170827633726292
-0.017438501798148737
-0.018743400408488296
-0.018050584803546193
-0.017833825092723826
-0.015763496441492907
-1.0
-0.01761246994268685
-0.01826338048550798
-0.02061530765015842
-0.02339861550507847
-0.0185559660991662
-0.019794042528520666
-0.018653550089132453
-0.017440767653018694
-0.014376576361395811
-0.015970247699925118
-0.015796827018488824
-0.019256655149838178
-0.0186547858200247
-0.016691680270601448
-0.010356208735724052
-0.002572592582357393
-1.0
-0.0036706855650939334
-0.004330487971431963
0.006303797507030181
0.007375885353892711
0.010515742592821006
0.007689266457009136
0.006147329257706911
0.002484137006019006
0.004163578438829836
0.005325330688157549
0.007446280197084886
0.010573565611227024
0.0077898121454991155
0.008122227532364456
0.005600737871631459
0.007472520576339272
0.008002259767721209
0.0071821294807795
0.012450597315045409
0.009861471235721536
0.0008648780153672064
0.006118244292594408
0.0075222003412661765
0.007740958568556774
0.009041729522849101
0.002896791601152129
0.0054785401844040914
0.008519823220909113
0.008318112020438617
0.013036414610007948
0.005368271888373509
0.005803832269792655
0.00310336488208568
0.00244286035156708
0.0011402110934600651
0.007824802236539028
0.005500732972528756
0.0011684855130307753
0.005605696848930113
0.006060799906416954
0.007333222187384468
0.008639654319263251
0.005123746847395198
0.004325644336957669
0.00857364982047147
0.011274095623364235
0.010708524045968726
0.012668133793672416
0.013096765877392688
0.00749553495212355
0.009123821478867285
0.007077048091017736
0.009059854401975025
0.014274346232218457
0.007531168279053786
0.010114572105707311
0.011413107072663511
0.013809119802349515
0.009435788393847849
0.004866794746943767
-0.0016739630230494889
-0.007344229754647494
-1.0
-0.008371776994795646
-0.006509946389084516
-0.0036205404172854286
-0.008255322041297574
-0.008825000751582808
-0.002493477697368396
-0.004736628387896428
-0.0042745476399354805
-0.01237629990759211
-0.011567567720932755
-0.014708434612009547
-0.014713396537563077
-0.017142107705040748
-0.01810720885330316
-0.016510176226213952
-0.01872640237325684
-0.019935804116209918
-0.012572324971514238
-0.012593580245981355
-0.013042117168677843
-0.010284695010086858
-0.01610795100977444
-0.017189304376048986
-0.019687697588245064
-0.01986068730916667
-0.019125114919108545
-0.021901725945894054
-0.024811928295501957
-0.024720707303481273
-0.023693590690943598
-0.021472867813615487
-0.02285293695268534
-0.024411990477056892
-0.025916904881557457
-0.023322409930253286
-0.02697205688806217
-0.02405985760921562
-0.02853582028996167
-0.02520550278981109
-0.01897402955128141
-0.019445355383343764
-0.023589848657136286
-0.01901659563264145
-0.02164256953728724
-0.020563744499189417
-0.02838769383934026
-0.03011828031873455
-0.024711089613226697
-0.023010937844502945
-0.026389799952706978
-0.025224908757175705
-0.024565849319694924
-0.020305993002459215
-0.019898599340877614
-0.023575436613027502
-0.024508276998498287
-0.02049038802192106
-0.023495428148704516
-0.026408255287713022
-0.022380714164594716
-0.023226553637073113
-1.0
-0.025479255280621355
-0.023478384215986563
-0.023279762835404914
-0.028360610207372225
-0.024290735254973654
-0.022738181293089185
-0.026754882933036076
-0.029375395067516
-0.030938284140105438
-0.027542371413851203
-0.028792163626384037
-0.028215107751916133
-0.03266497418668412
-0.030795382843874952
-0.02802572830065724
-0.02350047362454505
-0.023838034376789545
-0.025257268192098486
-0.026156153963975817
-1.0
-0.028318823201195206
-0.028250061629182824
-0.023698609884365302
-0.027570222908650393
-0.0275251584808186
-0.02405433668541493
-0.029490422918594914
-0.0279606604074618
-0.027416375103043834
-0.030195358013580184
-0.02140784410649215
-0.01768621973847759
-0.014448599932060194
-0.0021843456274825905
-1.0
0.028021754540111216
0.02426803985797051
0.02728900711399253
0.026772705659206253
0.028115601242354855
0.02468550433749473
0.0235003936373866
-1.0
0.03225529751803512
0.03299449665304442
0.02911074403330127
0.03314795040485643
0.032264263765482276
0.03301346971826371
0.028193206082746003
0.024873967882857784
0.028971895980839133
0.026223783528708244
0.030132750338527404
0.03037043547504115
0.0291801770570019
0.025813210280611138
0.023631919134792866
0.021360219609006914
0.02358207662001567
0.029430639583967657
0.024592756229380036
0.028560500245498756
0.028013913073027235
0.02732301743748979
0.027410611250132066
0.026201939895495806
0.02911351607696919
0.02934189732509025
0.025740558319371727
0.025529479043860194
0.026230365213114722
0.02568064978105131
0.024835524500739746
0.03011219917716207
0.023781988818305438
0.029078632447329583
0.02698258213164483
0.025692344980802393
0.02655466264809653
0.02389857277699769
0.024131620300727696
0.02416427830074441
0.023684742268060974
0.025476433911806137
0.026475474494390364
0.02842057399741345
0.027503082204822768
0.022692287917771337
0.02358968597560834
0.02571335660168251
0.02620579287013463
0.02819029269179401
0.025243262000835154
0.022853960592525716
0.021470153342787436
0.025183187307475197
0.023950669383851896
0.028521777076482714
0.029373795667067423
0.028397021953267782
0.025422357115704366
0.023966890265014376
0.02677115979501129
0.027507964947583965
0.027214742680648746
0.024821533168665602
0.029078105016586902
0.02793145406901587
0.02629094333895804
0.02530038673530157
0.0273587366895441
0.0254421949619902
0.022882558750258398
0.02705572318423974
0.028582657593227413
0.028745263143930957
0.03202625231026658
0.026537679644849183
0.02939811277921122
0.024780068557618436
0.026681693330304537
0.02427783616858026
0.027374862592655654
0.026313358136741596
0.024968863038287027
0.024258439806640122
0.026448294694131187
0.029257777509290244
0.025915721634965194
0.027173689812546475
0.022184991708606803
0.020636005003511284
0.019097577043912482
0.009660753767613633
0.010572613032805087
0.014234796661790526
0.013204874538906963
0.013557297999005858
0.018114641895461144
0.025441801875606487
0.028887324460983445
0.02449355443413707
0.021343017616295003
0.020804264557236628
0.016220371088526548
0.02051345434996276
0.014254851032656283
0.014635675162621944
0.024224692783109746
0.027939335347282112
0.027235436736983722
0.026051920479286086
0.028342700708453544
0.02207295630804477
0.025608532797631374
0.018683988907504306
0.022196171908002525
0.015004228296734102
0.015904856869024556
0.0199990884912341
0.020371965993187448
0.006818347179985958
-0.00022603118484483973
-0.0035874378526071942
-0.002046891865092134
0.003745382936273532
-0.002936847490682472
-0.0023042643385078835
0.003196793112687492
-0.002310385514189272
0.003099593704520053
0.0024180728282759845
0.001980625175315977
-0.006083640525137281
-0.008021701747822728
-0.006384756622332458
-0.010609729676563446
-0.006491006535667073
-0.00708653138253298
-0.0041795268040674275
-0.005778073391290177
-0.01237907153155183
-0.011853477793065339
-0.012464479285023523
-0.00810785879326983
-0.0031231659648322334
-0.005834466215284904
-0.005307362440441273
-0.004148176271856601
-0.005764070352952041
-0.00702467826923477
-0.006760678386986792
-0.0072811522211165105
-0.007445333398907481
-0.0048118361759950925
-0.009873804328544353
-0.008367066560902343
-0.0070976125520788155
-0.008756420842587292
-0.01030303141265116
-0.00967296787528811
-0.00625454186657411
-0.015547624922695373
-0.014818385434222214
-0.009428122196453215
-0.013804357395931074
-0.012445610115291246
-0.017407634970020684
-0.01292267166648954
-0.02049085495639641
-0.022146403668294547
-0.008973133181383807
-0.015887346981085293
-0.012423914181658986
-0.008326158749767262
-0.007607267240744468
-0.006265382887302168
-0.0023265445747863082
-0.0008139505326994292
0.0038813542365989085
0.002591680997453522
0.00565660289100208
0.02124253923264877
0.017003486777599913
0.011794514999476776
0.017044353688029076
0.012864776428098081
0.01138168802102367
0.012112299381965461
0.003950298450290571
0.012217564843858233
0.010069836830649827
0.019192747307197885
0.024771458178305013
0.025905143639261892
0.021415194823835432
0.024157235772718385
0.024838385960574326
0.023626447690648093
0.022836108804128185
0.020018954587687016
0.023727849237958943
0.019594320283848315
0.02408842581946117
0.02347810032110761
0.02618678434373709
0.026272803457542012
0.02517706337472285
0.021070237222875186
0.02316172164496256
0.02088444792666232
0.024086311784731057
0.024744979995635047
0.020260470175852207
0.01619193695608289
0.011360418166599938
0.018257627529310146
0.01777937080878663
-1.0
0.020490058696569793
0.014660702776572054
-1.0
0.015594118770672941
0.012586394593650432
0.007597946162085765
0.009399143749985028
0.006646753564881619
0.00718991271315035
0.011760224418432068
0.0036618610667966886
0.007188103638296416
0.0036537247420157064
-0.0035069845627277675
-0.009759039408253085
-0.006452762873560114
0.004481429503401427
0.003947518892800931
0.0028333808033293795
0.006080873095310795
0.00321260104474341
-0.003123223648047738
-0.0007872019565986538
-0.0016067752901361633
-0.007992398674176227
-0.012795939122213064
-0.016394559917824708
-0.01831407312416421
-0.024771293850245197
-0.016570396560615215
-0.013736896390570819
0.002697293586548227
0.021019447269203354
0.03226454899464383
0.034772871333015
0.03119158041497243
0.03530353947195952
0.03533441297760491
0.03564621004612456
0.03256788110714607
0.031560732980237524
0.03621315809963821
0.026876153798894905
-1.0
0.02992908216366492
0.026428356947518942
0.03140749219982346
0.029988559531866858
0.02816376575483655
0.02544653391711783
0.03148370637403388
0.02473890587300468
0.02994652184146116
0.02797378943124297
0.022047227653351775
0.02531197737002007
0.024756574806148367
0.02347960582833761
0.021927433505883494
0.028238755026887784
0.025671760521178966
0.026403912502879948
0.024699556992213753
0.025680504945979104
0.019893651669496408
0.024019643683668865
0.025712105626397155
0.025265917177672386
0.0243814884491801
0.024581906363375827
0.025101902424251702
0.02386683313656382
0.023150399406830887
0.027001736970207635
0.02450228960745074
0.020933349485960297
0.023569646660635924
0.024530304314673866
0.025439805896342826
0.020366389269101056
0.02017502080433099
0.01998405029940025
0.02264642085029083
0.022969992521469786
0.0217066657504378
0.02048599569499887
0.020532787600004942
0.021519974581371643
0.02229473360905393
0.021200865560416074
0.02393330354412123
0.025475526451271286
0.026266350021370784
0.02359777954140746
0.025598823783647612
0.025711964881712537
0.025086751858278404
0.022793753518421347
0.021379618230856105
0.022885116221250616
0.023737053758909114
0.023492682389061978
0.019905055987658824
0.026638775301723417
0.022870535163164174
0.03270156967723149
0.025532384872461008
0.025928045348542057
0.023424508165261745
0.025453496543396462
0.02767439684420955
0.030903111565874233
0.0312780307673419
0.0274535218945712
0.028182141558144885
0.025971861731604557
0.029033876737916183
0.033388750274939163
0.032771205805070536
0.0290982008586683
0.028539194826838282
0.021909290479222947
0.01355432387854785
0.01135746988267415
0.007272945201144349
0.007183292480539539
0.0035773990134504692
-0.002332704347993366
-0.0011896453678333528
0.00763229690720191
0.004846454516755227
0.007127071621552138
0.005492382471279894
0.004490461577138103
0.0062096801853039115
0.0086796257060278
0.013441808304079832
0.014097668860740436
0.009763516706386435
0.00573082443327649
0.009196523108288715
0.010186602095400872
0.008716585754722273
0.011137042626173448
0.007044459033390328
0.007867829436708815
0.005613188628849425
0.009126849954967067
0.01060566105923993
0.012146391029257663
0.006024328099889533
0.004464148377104099
0.008445361694849478
0.007372245283446118
0.006037788303086857
0.002931333848605019
0.006937713267958097
0.003349644769826913
-0.00046786008417747376
0.0020981936917958614
0.0006950326957455336
0.004675752676760164
0.003407743062045147
0.003434409546071451
0.007851813095250387
0.008109698104844631
0.005399418983657388
0.004978493410527265
-1.0
0.008775824823322955
0.015992266388811627
0.009496146005165948
0.015419021697445027
0.016486641768407997
0.0118767401629886
0.014799103156456349
0.012099292155956103
0.016369322059312783
-1.0
-0.006839879157984349
-0.00891515417633495
-0.011404493154975008
-0.01109309391641831
-0.01416036014015401
-0.012692233049216845
-0.007390585980350162
-0.006915641157284447
0.000605906356620769
0.007940623603030852
0.01365216696037422
0.015512942003092778
0.009118115363075786
0.0067938342427982384
-0.0036429391784866486
-0.0023183947369488783
-0.00033261685700435934
0.0024309778247073107
-0.0020412602232422208
-1.0
-1.0
-1.0
-0.0024433226162991015
-1.0
-0.009092777163524954
-0.010174046916243724
-0.008966563929092581
-0.007372662329432261
-0.011970698975547749
-0.009570956213489351
-0.0019303743979471482
-0.0042672564843617665
-0.0046308455703104
-0.0018561966789869715
-0.0031369754574126748
-0.00047316389718231365
-0.001196647328023397
0.0017810025243788234
-0.001977434047775897
0.0037376395408295062
0.005180944272281911
0.0012419179644642595
0.006780476105655349
0.004090429966399175
-0.00125285960605348
0.0024021433929593827
0.0013110545740137721
0.008398291405274708
0.011692543361295323
0.01098358241016584
0.013240363166565535
-1.0
0.009528120357243324
-1.0
0.0065206355469065135
0.005597836565601129
0.006557101496280814
0.01321421570672647
0.017514761034779808
-1.0
0.027376640199684634
-1.0
0.019331630647343504
0.02271649225976184
0.024873049091586535
0.02369174302114621
0.023432297799016465
0.024683750459773775
0.02332390092923301
0.024773835767929256
0.022866377675041884
-1.0
0.02687834287002056
0.02690110646263201
0.02835355650996556
0.025955373328494197
0.027031654981547394
0.02640923558040891
0.027308183226176067
0.021963181992135063
0.028858025737891705
0.02293802326237942
0.022176114124483014
-1.0
0.015834355935492653
0.02100497748759096
0.016279304094192
0.014209521889708301
0.0152408038269556
-1.0
0.006143649807293251
-0.0037737240049499315
-0.007701183912906762
-0.016020069348367937
-0.015888317507448464
-0.021185527148504593
-1.0
-0.011110899756204596
-0.016450792244759146
-0.018123297105858152
-0.014300155195850848
-0.012818493342256338
-0.009890088459275812
-0.00948014098198584
-0.01033837219619893
-0.004116965698114367
-0.009038550115418814
-0.004968932158006961
-0.007434288938428052
-0.00950809155027969
-0.004533687533436835
-0.009064849691072793
-0.006923996220108054
-0.008413033933688427
-0.0020303367481668507
-0.0037144699243178095
-0.004022549890401803
-1.0
-0.007436743370546135
-0.011885154739807828
-0.011595337243605001
-0.010930998170557902
-0.004418756611385352
-0.0027036384116436835
0.004599588370372913
0.00895694914976403
0.022042261806855888
0.02462091728881702
0.028572281559563716
0.027747080962774
0.030500060923171136
0.025628468698177267
0.02655411691162042
0.023712299628268728
0.02820904109132831
0.027718493031734407
0.027445028591788854
0.025396501845103597
0.02948486990229696
0.029477911353652273
0.03147648817441904
0.02710274861063308
0.021661553849103208
0.030483977948640658
0.02692500669433116
0.029881608966468128
0.028634336245009988
0.028405768682903128
0.02896741561626124
0.028151255952678575
0.02857572173282379
0.03127038212061674
0.025167076991162798
0.028572523984575493
0.027034708553198627
0.025783339368861548
0.030186026139629743
-1.0
-1.0
0.030375999747377192
0.02813000301155667
0.028031437613690417
0.027647062888349068
0.020159384783111772
0.023331151555377495
0.022081424914575803
0.024150724600456867
0.023391905387260235
0.022310118866803955
0.02711974410298789
0.026334529168257004
0.031444894234120266
0.024729839228874315
0.025550416895099536
0.027082868770120533
0.021310128285303633
0.02214153735201557
0.02225705000557156
0.022612467979874165
0.021369313458767147
0.02244594573355078
0.02155064453503875
0.024045748736379956
0.02262425764184759
0.022358268110866206
0.026408318029081813
0.02724090087881742
0.023848261232199772
0.02695321963902366
0.023937736747617296
0.025824276718404055
0.023265658699243703
0.02520241133775848
0.026364045080847533
0.019323666927618405
0.02160026262444636
0.01882994048342827
0.019406425403125288
0.015922449724605027
-1.0
0.010181046691392186
-1.0
0.0039918823894962326
0.004395453060003351
0.006123907389224727
0.003978166470905959
0.0020011759668854697
0.003458772664482741
0.007744543074498404
0.007601330733021506
0.011167152195564774
0.0051184160153890995
0.002072571436516959
-0.0019122687215625896
0.001418366858905528
0.00556253119856974
-1.0
-1.0
-1.0
0.0040558816313911545
-1.0
-1.0
0.006484334876012526
-1.0
0.0006356182907491455
-0.006837291112676353
-0.008220367250991546
-0.005722714769367602
-0.003785259553386771
-1.0
0.005210217177532396
0.0018550348060068147
0.002954613052910451
0.0025539942635732517
-0.0037126398292129507
-0.006579026754177178
-0.014418404929154294
-0.01651172104459937
-1.0
-1.0
-0.01022519454055438
-0.008611796069929862
-0.014533208449331213
-0.018604581097639697
-0.021587139974422742
-1.0
-0.021330568984862377
-0.02151559438117266
-1.0
