-1.0
-1.0
-1.0
-1.0
-1.0
-1.0
-1.0
-1.0
-1.0
-1.0
-1.0
-1.0
-1.0
-1.0
-1.0
-1.0
-1.0
-1.0
-1.0
-1.0
-1.0
-1.0
-1.0
-1.0
-1.0
-1.0
-1.0
-1.0
-1.0
-1.0
-1.0
-1.0
-1.0
-1.0
-1.0
-1.0
-1.0
-1.0
-1.0
-1.0
-1.0
-1.0
-1.0
-1.0
-1.0
-1.0
-1.0
-1.0
-1.0
-1.0
-1.0
-1.0
-1.0
-1.0
-1.0
-1.0
-1.0
-1.0
-1.0
-1.0
-1.0
-1.0
-1.0
-1.0
-1.0
-1.0
-1.0
-1.0
-1.0
-1.0
-1.0
-1.0
-1.0
-1.0
-1.0
-1.0
-1.0
-1.0
-1.0
-1.0
-1.0
-1.0
-1.0
-1.0
-1.0
-1.0
-1.0
-1.0
-1.0
-1.0
-1.0
-1.0
-1.0
-1.0
-1.0
-1.0
-1.0
-1.0
-1.0
-1.0
-1.0
-1.0
-1.0
-1.0
-1.0
-1.0
-1.0
-1.0
-1.0
-1.0
-1.0
-1.0
-1.0
-1.0
-1.0
-1.0
-1.0
-1.0
-1.0
-1.0
-1.0
-1.0
-1.0
-1.0
-1.0
-1.0
-1.0
-1.0
-1.0
-1.0
-1.0
-1.0
-1.0
-1.0
-1.0
-1.0
-1.0
-1.0
-1.0
-1.0
-1.0
-1.0
-1.0
-1.0
-1.0
-1.0
-1.0
-1.0
-1.0
-1.0
-1.0
-1.0
-1.0
-1.0
-1.0
-1.0
-1.0
-1.0
-1.0
-1.0
-1.0
-1.0
-1.0
-1.0
-1.0
-1.0
-1.0
-1.0
-1.0
-1.0
-1.0
-1.0
-1.0
-1.0
-1.0
-1.0
-1.0
-1.0
-1.0
-1.0
-1.0
-1.0
-1.0
-1.0
-1.0
-1.0
-1.0
-1.0
-1.0
-1.0
-1.0
-1.0
-1.0
-1.0
-1.0
-1.0
-1.0
-1.0
-1.0
-1.0
-1.0
-1.0
-1.0
-1.0
-1.0
-1.0
-1.0
-1.0
-1.0
-1.0
-1.0
-1.0
-1.0
-1.0
-1.0
-1.0
-1.0
-1.0
-1.0
-1.0
-1.0
-1.0
-1.0
-1.0
-1.0
-1.0
-1.0
-1.0
-1.0
-1.0
-1.0
-1.0
-1.0
-1.0
-1.0
-1.0
-1.0
-1.0
-1.0
-1.0
-1.0
-1.0
-1.0
-1.0
-1.0
-1.0
-1.0
-1.0
-1.0
-1.0
-1.0
-1.0
-1.0
-1.0
-1.0
-1.0
-1.0
-1.0
-1.0
-1.0
-1.0
-1.0
-1.0
-1.0
-1.0
-1.0
-1.0
-1.0
-1.0
-1.0
-1.0
-1.0
-1.0
-1.0
-1.0
-1.0
-1.0
-1.0
-1.0
-1.0
-1.0
-1.0
-1.0
-1.0
-1.0
-1.0
-1.0
-1.0
-1.0
-1.0
-1.0
-1.0
-1.0
-1.0
-1.0
-1.0
-1.0
-1.0
-1.0
-1.0
-1.0
-1.0
-1.0
-1.0
-1.0
-1.0
-1.0
-1.0
-1.0
-1.0
-1.0
-1.0
-1.0
-1.0
-1.0
-1.0
-1.0
-1.0
-1.0
-1.0
-1.0
-1.0
-1.0
-1.0
-1.0
-1.0
-1.0
-1.0
-1.0
-1.0
-1.0
-1.0
-1.0
-1.0
-1.0
-1.0
-1.0
-1.0
-1.0
-1.0
-1.0
-1.0
-1.0
-1.0
-1.0
-1.0
-1.0
-1.0
-1.0
-1.0
-1.0
-1.0
-1.0
-1.0
-1.0
-1.0
-1.0
-1.0
-1.0
-1.0
-1.0
-1.0
-1.0
-1.0
-1.0
-1.0
-1.0
-1.0
-1.0
-1.0
-1.0
-1.0
-1.0
-1.0
-1.0
-1.0
-1.0
-1.0
-1.0
-1.0
-1.0
-1.0
-1.0
-1.0
-1.0
-1.0
-1.0
-1.0
-1.0
-1.0
-1.0
-1.0
-1.0
-1.0
-1.0
-1.0
-1.0
-1.0
-1.0
-1.0
-1.0
-1.0
-1.0
-1.0
-1.0
-1.0
-1.0
-1.0
-1.0
-1.0
-1.0
-1.0
-1.0
-1.0
-1.0
-1.0
-1.0
-1.0
-1.0
-1.0
-1.0
-1.0
-1.0
-1.0
-1.0
-1.0
-1.0
-1.0
-1.0
-1.0
-1.0
-1.0
-1.0
-1.0
-1.0
-1.0
-1.0
-1.0
-1.0
-1.0
-1.0
-1.0
-1.0
-1.0
-1.0
-1.0
-1.0
-1.0
-1.0
-1.0
-1.0
-1.0
-1.0
-1.0
-1.0
-1.0
-1.0
-1.0
-1.0
-1.0
-1.0
-1.0
-1.0
-1.0
-1.0
-1.0
-1.0
-1.0
-1.0
-1.0
-1.0
-1.0
-1.0
-1.0
-1.0
-1.0
-1.0
-1.0
-1.0
-1.0
-1.0
-1.0
-1.0
-1.0
-1.0
-1.0
-1.0
-1.0
-1.0
-1.0
-1.0
-1.0
-1.0
-1.0
-1.0
-1.0
-1.0
-1.0
-1.0
-1.0
-1.0
-1.0
-1.0
-1.0
-1.0
-1.0
-1.0
-1.0
-1.0
-1.0
-1.0
-1.0
-1.0
-1.0
-1.0
-1.0
-1.0
-1.0
-1.0
-1.0
-1.0
-1.0
-1.0
-1.0
-1.0
-1.0
-1.0
-1.0
-1.0
-1.0
-1.0
-1.0
-1.0
-1.0
-1.0
-1.0
-1.0
-1.0
-1.0
-1.0
-1.0
-1.0
-1.0
-1.0
-1.0
-1.0
-1.0
-1.0
-1.0
-1.0
-1.0
-1.0
-1.0
-1.0
-1.0
-1.0
-1.0
-1.0
-1.0
-1.0
-1.0
-1.0
-1.0
-1.0
-1.0
-1.0
-1.0
-1.0
-1.0
-1.0
-1.0
-1.0
-1.0
-1.0
-1.0
-1.0
-1.0
-1.0
-1.0
-1.0
-1.0
-1.0
-1.0
-1.0
-1.0
-1.0
-1.0
-1.0
-1.0
-1.0
-1.0
-1.0
-1.0
-1.0
-1.0
-1.0
-1.0
-1.0
-1.0
-1.0
-1.0
-1.0
-1.0
-1.0
-1.0
-1.0
-1.0
-1.0
-1.0
-1.0
-1.0
-1.0
-1.0
-1.0
-1.0
-1.0
-1.0
-1.0
-1.0
-1.0
-1.0
-1.0
-1.0
-1.0
-1.0
-1.0
-1.0
-1.0
-1.0
-1.0
-1.0
-1.0
-1.0
-1.0
-1.0
-1.0
-1.0
-1.0
-1.0
-1.0
-1.0
-1.0
-1.0
-1.0
-1.0
-1.0
-1.0
-1.0
-1.0
-1.0
-1.0
-1.0
-1.0
-1.0
-1.0
-1.0
-1.0
-1.0
-1.0
-1.0
-1.0
-1.0
-1.0
-1.0
-1.0
-1.0
-1.0
-1.0
-1.0
-1.0
-1.0
-1.0
-1.0
-1.0
-1.0
-1.0
-1.0
-1.0
-1.0
-1.0
-1.0
-1.0
-1.0
-1.0
-1.0
-1.0
-1.0
-1.0
-1.0
-1.0
-1.0
-1.0
-1.0
-1.0
-1.0
-1.0
-1.0
-1.0
-1.0
-1.0
-1.0
-1.0
-1.0
-1.0
-1.0
-1.0
-1.0
-1.0
-1.0
-1.0
-1.0
-1.0
-1.0
-1.0
-1.0
-1.0
-1.0
-1.0
-1.0
-1.0
-1.0
-1.0
-1.0
-1.0
-1.0
-1.0
-1.0
-1.0
-1.0
-1.0
-1.0
-1.0
-1.0
-1.0
-1.0
-1.0
-1.0
-1.0
-1.0
-1.0
-1.0
-1.0
-1.0
-1.0
-1.0
-1.0
-1.0
-1.0
-1.0
-1.0
-1.0
-1.0
-1.0
-1.0
-1.0
-1.0
-1.0
-1.0
-1.0
-1.0
-1.0
-1.0
-1.0
-1.0
-1.0
-1.0
-1.0
-1.0
-1.0
-1.0
-1.0
-1.0
-1.0
-1.0
-1.0
-1.0
-1.0
-1.0
-1.0
-1.0
-0.022335177483350337
-1.0
-0.025875017638220893
-1.0
-1.0
-0.023602826231483465
-1.0
-0.023188219520980796
-0.026775089249565377
-1.0
-1.0
-0.02580982495524843
-1.0
-1.0
-0.02509461242122454
-1.0
-1.0
-1.0
-1.0
-1.0
-1.0
-1.0
-1.0
-1.0
-1.0
-0.0071585536861673935
0.0015885065768466908
0.008587667118020928
0.009476083115430833
0.014372602221074187
0.014350961361586177
0.012089821762594412
0.015823598356536663
0.012637636744430324
0.00700445056689461
0.011156918607441672
0.009056242714786366
-0.0006185035475623256
-0.003984730394605986
-0.00028142574475580853
0.01212764586816702
0.015799144982006293
0.01620858296462646
0.015865118801165517
0.017039377578664933
0.0171538177857448
0.016304524999152338
0.015508923647238092
0.019292536743994632
-1.0
0.0034440544024067535
0.0034843293785158424
-0.001131776649359106
0.0006675653824338167
0.002094381479908304
0.006037405804044457
0.008651103288090349
0.004554474788005768
0.012397548900658271
0.008124336005556678
0.009902220126208772
0.007689497030901765
0.01304567844965672
0.008330429750550322
0.012276270732967205
0.009970662232749132
0.012098918126132379
0.010276310848570275
0.011092615923477116
0.013005593285996802
0.014097925227790114
0.010156699241302105
0.010260664251345307
0.015391656130088333
0.017417965002727256
0.01532945962737198
0.01298672243445448
0.015174697259649818
0.016040732121389716
0.013580336275617626
0.01796070061860785
0.020559923374364117
0.024460287605389743
0.02246664416844489
0.02346351603135411
0.01956352809989317
0.016824869270509527
0.020274530306357494
0.017826306532877683
0.006231085635848156
0.0022158140234364502
0.001943459621522599
-1.0
0.0016382748168584302
0.0028023274565618537
0.00468541147542716
0.0022682207353258246
0.0071435725564870135
0.007969740984195008
0.007138807294008353
0.007895477526099103
0.005797731365524343
0.004582682403924583
0.0068658240291019626
0.006147960641934732
0.009000205818811054
0.0021890676235407167
-0.003358294634178122
0.002914529151598067
-0.002606794696035475
-0.008404876152562107
-0.003290858156180492
-0.005560979520080508
-0.01044001649184497
-0.009209910109525252
-0.001532749259583782
-0.004854327552425954
-0.0051549880301144275
-0.005148800491705534
-1.0
0.007772582887523727
0.0007563406237151993
-0.0006238315599933408
-0.004634312539164049
-0.003541525048825356
0.003254990627607803
-1.0
-0.004835596535369255
-0.00436407182532584
-0.006423149527911422
-0.009344179134050279
-0.011397682443391862
-0.01050105555714608
-0.012098243333243212
-0.013628268946586279
-0.01633045772117632
-0.017052682911724976
-0.016388117736169504
-0.01948960439539557
-0.016575263836337426
-0.02025890321381614
-0.01445256959743066
-0.018781850871774947
-0.016687408442173885
-0.018375177733546223
-0.015651193955879713
-0.019940973817305863
-0.01812859689806955
-0.017926938025069165
-0.018551962384324067
-0.01794950730870973
-0.016334234894029544
-0.01423206573328173
-0.013188982810716515
-0.009981567135788679
-0.012870947268394174
-0.012497181928575496
-1.0
-0.007963671134856135
-1.0
-1.0
-0.011437215336633564
-0.010704951007690854
-0.011697199226606088
-0.0045177972894250695
-0.008281940607439493
-0.00975409710634513
-0.01093281497519892
-0.00591279186846385
-0.009755996117713241
-0.0106704253434845
-0.010787039702079938
-0.01066674734369686
-0.006516536190367574
0.004967284831998844
-1.0
0.018825551520985733
0.016865022377161608
0.011357569954901352
-1.0
-1.0
0.019119257690953163
-1.0
0.01599679551638988
0.018235131369972207
0.019829529019524155
0.019864306258087053
0.021714880457090746
0.023871953306202034
0.022538729854147795
0.019724179878529726
0.019933299570359147
-1.0
0.02115118604701253
0.016669010078218673
0.015188628541521454
0.018439417135255338
0.017218367809372095
0.014574361327793599
0.012476170780236192
0.013906515174390234
-1.0
-1.0
-1.0
-1.0
-1.0
0.019635731878403024
-1.0
-1.0
0.018134357289006465
0.015227709159298893
0.01660078699557878
0.016898760537402732
0.009436579949012936
0.006846998863016615
-1.0
-0.0011126464136450131
4.590064615946471e-05
-1.0
-1.0
0.007360839075779614
0.010498240744791073
0.007302592396915735
-0.003599032808389668
-0.0034241684140951033
-1.0
-0.0058432113485577305
-0.006353580505587252
-0.005792465491984877
-0.0038713954735958883
-0.00663602076638575
-0.006264824001258686
-0.009604132589063322
-0.013521571718277052
-0.009943549197079661
-0.0076704317296218275
-0.005070251428662212
0.0011418548114180188
0.005610602075401142
-1.0
-1.0
-0.0033452321391596674
-1.0
-0.007563225438873007
-0.008735897694733047
-0.009874019835351036
-0.008899208718465676
-0.010872095960361339
-0.008571201088255468
-0.00661024542140145
-0.006460908695448922
-0.00015850060358144985
0.008222642425886993
-1.0
0.017991947860199753
0.00719982935437161
-0.00148609646653719
-0.007994666296943193
-0.013266841198399614
-0.014037202263301525
-0.011084755599271835
-0.01145282448760484
-0.013903265404373826
-0.012143303156112067
-0.011325197853604647
-0.010287929679312422
-0.015072063807372105
-0.010761222640833767
-0.014653469677627692
-0.014261139874722576
-0.013090898709417351
-0.012415427320160202
-0.013889262730433031
-0.015020238423610985
-0.01641576128529062
-0.01043143922974064
-0.011294918195750505
-0.008531132703140563
-0.01362478921225489
-0.013476747652572481
-0.012701295903995375
-0.01074518418157025
-0.00985834432459563
-0.007778963895221843
-0.0075290933527657105
-0.008935535232738963
-0.011382836717979678
-0.012937072938229103
-0.0095390803829428
-1.0
0.007246023195270997
0.0018301604994073908
0.006640330125953773
-0.002435805273530673
-0.0033398235210295784
-0.0018764367732828236
-0.003234694752082816
-0.0014433610384162847
-0.0011732829432334047
-1.0
-0.0028315229953897337
-1.0
0.0039013640152054533
-1.0
0.00827491003794303
0.009536782509143981
0.0073992766312897945
0.0027506285381311358
0.0010149352959928355
0.0029061060538417157
-0.005297911681659924
-0.010981651016196555
-0.010776389173104797
-0.010667721130867686
-0.012904086356399402
-0.013212951695356044
-0.008211219159078806
-0.01011812789900009
-0.008195465160675031
-1.0
-1.0
-1.0
-1.0
-1.0
0.017505471180653143
0.019288270623871093
0.017025644160507548
0.018433463776876255
0.01914236827822814
0.015581373999390392
0.010900257661190344
0.010690672187697526
-1.0
0.013386730330075366
0.008449879426136
-1.0
0.00744137871637363
-1.0
-1.0
0.01239805256820302
0.0010572446314087167
-0.003194654611849914
-0.0036512589635038823
-0.002918030523662959
-0.0018028833740522554
0.002641707466708621
0.00836393395106226
0.008248847619712903
-0.00269426303000945
-0.0062728541931441695
-0.006981791429407265
-0.009448391345698599
-0.012412678740593406
-0.005771089722545304
-0.006066853911732568
-0.0012112434252181269
-0.008345518236161462
-0.009922984307975394
-0.005174600954330636
-0.0033567402672677713
0.00044184177968489835
0.0010874514891328316
-0.0004247923630816963
0.0018240360339491792
-0.004510450825135614
-0.00405708045712486
-0.0005026109091963781
0.011053303940475287
0.00735301495329985
0.0045887267334285805
0.0026597519672189834
0.0008497713441458732
0.00440994527281986
0.004229936392153489
-1.0
-1.0
0.005379216244691994
0.00329738476540398
0.004226376249351631
0.0020403166997783368
0.005416431399034548
-1.0
0.009223628257348843
-1.0
-1.0
-1.0
0.009125455964642907
0.010599643239241618
0.009469346850309633
0.006157209183321701
0.00804683355231798
0.003067439698469271
-0.005319971991893015
-0.006963810956579945
-0.008666771923272957
-0.016094806137445537
-0.019377219152356354
-0.02314704669619981
-0.022067070828528223
-0.022742064247977384
-0.024363729700352835
-1.0
-0.025651075729179282
-0.02600269744281145
-0.027328321301355627
-0.024892303358737756
-0.024852096277543572
-0.02433712270923578
-0.025662322646939614
-0.021464973019823495
-0.024501505198043227
-0.023623379590416247
-0.021677388345210456
-0.01855456616016588
-0.023775864291992764
-0.017295884670944343
-0.01378984517702964
-0.011668316763788298
-0.0114329508345591
-0.00260461783937067
0.0007141716576172999
0.0063284095638639175
-1.0
0.010831994755406762
0.012249529064433736
-1.0
0.0031811899398465596
-0.0019570191212020223
0.000309905040339759
-0.0018272462446226765
-1.0
0.0006223835415934666
0.008649788378864594
0.007587818883447069
0.009591289308933427
0.011266754654937719
0.012157485755618067
0.013546508233079062
-1.0
0.012562662184640791
0.006283680749884345
-1.0
-1.0
-1.0
0.004721885199011069
-1.0
-1.0
-1.0
0.014694134089370493
0.012926059451628598
0.012097628525378745
0.015705423070770316
0.013604098790464762
0.01908081141610667
0.01895933988036246
-1.0
0.019731190187740996
-1.0
0.01836056270817311
0.020377740364864883
0.015529228207978316
0.011544629376121624
0.00878256073890108
0.010871357430638776
0.015498669590947861
0.01704828119924715
-1.0
0.01888689009479156
0.020812857147741202
-1.0
-1.0
-1.0
-1.0
-1.0
-1.0
-1.0
-1.0
0.025316115305548406
0.01947673888776649
-1.0
0.017888215450217376
-1.0
-1.0
-1.0
-1.0
-1.0
-1.0
0.016896793773305885
0.021095848887052532
0.007674319403666607
0.0023785230258256095
-0.0014389492601060163
-0.0061246890642922104
-0.005849687678812131
-0.007984039127728512
-0.009215163768211874
-0.009741488867960169
-0.01023763718858961
-0.006200475592561647
-0.005800272868209451
-0.011738650439005377
-0.009300636739709907
-0.01102308044357032
-0.01361900692210056
-0.00901594256029175
-0.012064583854101585
-0.011582491682449065
-0.008590095673856145
-0.010541011616701502
-0.012515558150054144
-0.006341061739040134
-0.0023994239343485342
0.0074167433661146845
-1.0
-0.003955526606627743
0.0005546235262849107
-1.0
0.003502202037787586
-1.0
0.01337505097339617
0.01721168562555646
0.013034391934773867
0.012182976127223567
-1.0
0.009341125623099506
0.011923867687062637
-1.0
0.013372103059502224
0.012670527372481729
0.014749483963059444
0.016589768981939795
0.01583341908993167
0.014794290974194641
-1.0
-1.0
0.015250542062418776
0.011923016772722665
-1.0
0.015841319731044287
0.015110862344500464
0.0108328033298098
0.013961646993267718
0.016841674083243784
0.015802873847834714
0.012752227169019066
0.014723608266495046
0.014533995010398648
0.014712075817545587
0.01261487378087623
0.011724003490129508
0.011082388519457968
0.01508497354160513
0.014130372030896036
0.010745402818962472
-1.0
0.013290023720540676
0.004969805538788866
-1.0
-1.0
0.006673566800066627
0.0072101888136610025
0.006201912619727379
0.007399736849240287
0.005964910665438137
-1.0
-1.0
-1.0
-1.0
0.022031976247451002
-1.0
-1.0
0.02159740727614869
-1.0
-1.0
-1.0
0.019545534204017775
0.01247673383150796
0.01285096161183554
0.010781902350331538
0.009976494951280253
0.00987966569584294
0.015574301644131925
0.01860618461564968
0.01566445025239535
0.0034441278734973057
0.0006402610699538872
0.0004983708974743778
-1.0
-0.0024496779398044707
0.0002917681611652867
-1.0
-0.00023923033281909658
-0.003932862242133687
-0.0016748800752005987
0.004594259643846412
0.0016963680984525855
-0.003092901381881301
-0.00860155527030076
-0.007524366182870673
-0.008949751163801936
-0.013212070539424444
-0.011029884045612703
-0.013210015229595166
-0.009446774450431737
-0.009973595208183096
-0.012150399120588571
-0.010014673442086723
-0.008966639716188357
-0.0010719767821048695
-0.005481262208045144
-0.01041795170961111
-0.012624543746215256
-0.013261762442015589
-0.012747221417551044
-0.011676872647382507
-0.00942776337421527
-0.004783323321534449
-0.009415180883177752
-0.011981503189752676
-0.010049993586321738
-0.012505032184620372
-1.0
-0.012809304335386391
-0.01559955201823808
-0.013227459403102007
-0.016521307872857376
-0.016092154775076025
-0.016100449387965694
-0.014275707137050467
-0.015478023685543836
-0.015722103254084414
-0.018685686584957863
-0.018804731113919733
-0.01602905721175667
-0.01631048966697792
-0.01700135805885382
-0.010590249664260563
-0.012768272470588891
-0.014174185222382596
-0.010311367370989491
-0.01582004669944233
-0.015532773888231505
-0.01770331513315369
-0.016074981919316417
-0.012398451916098587
-1.0
-0.012225203175021914
-0.01269840290592147
-0.007716136033281751
-0.009511306123425958
-0.010435397307396628
-0.01169381023978859
-0.013262158713797904
-0.012822274799828925
-0.015724324286640935
-0.013677898470735835
-0.013126021561003806
-0.014492229216360876
-1.0
-0.012598832436964885
-0.007878259322796424
-0.00763183877835742
-0.00856315129736393
-0.009797965015873204
-0.010094961391714194
-0.0074978630918600755
-0.004764036425937968
-0.0027695606849328586
-0.003870599241974411
-1.0
-1.0
-0.002504218745956118
0.003949862473613906
0.0006843964101383019
0.0010401858832954915
0.00041066226135808156
-0.0019565701714734166
0.001792150254387658
0.007532481387540153
0.003448348733208055
-0.0005402279224615297
-0.0069722205191923205
-0.010735040843903034
-0.013400314931247999
-0.01434884135306755
-0.013719748481828727
-0.013732343678586605
-0.012205334403789823
-0.012820108625851655
-0.011700973100793417
-0.014129708720782362
-0.01401388460245091
-0.009809683421888293
0.0019920353471970936
0.009074247093049846
0.013993705528011931
0.003447518010112068
-0.005707702134088316
-0.006714396213960853
-0.007635475351945538
-0.010710277434627128
-0.014000382263684316
-0.012326687097881166
-0.013566092169062401
-0.016411567570827863
-0.012469725312519832
-0.014217030649903265
-0.014709897744918135
-0.00940802567804023
-0.012802808292304728
-0.011353455485566214
-0.009022010135657222
-0.010215139853194749
-0.0040328993541385106
-1.0
0.009097766850750645
-1.0
0.01486005368199602
0.019971170074037283
0.013310668789476622
0.011352355969399245
0.015924792897330158
0.022697741481643604
0.022237775984415585
0.014687690817311375
0.006253281558021201
0.01178865350390617
0.013531712228704607
0.010892689509533387
0.012538018784898549
0.011200314015233366
0.008206650458210544
0.007387406945974169
0.009479177179234653
0.01374217161179842
0.014661528168470257
0.014785684977052668
-1.0
-1.0
0.019645428920923816
0.016540996116776358
0.01536146648486229
0.012949874908042643
0.015582480555537521
0.011994883883042682
0.012679177093744212
0.008934812814925084
0.005945816818993987
0.0080288965734852
0.010810979248386693
0.012182007374176757
0.0039794879390601025
0.0036558519638845905
-0.0028309475309975006
-0.007313031028736918
-0.006548960094437777
-0.0032131370309134892
-0.0050177537097530235
-0.009172370447124469
-0.009867277835446522
-0.011647689745138448
-0.011449591713025523
-0.012878701024643344
-0.012283236133290142
-0.01254027307362514
-0.018282570019877636
-0.015948376035158886
-0.014266290683921535
-0.015914218746351575
-0.017905839884387258
-0.01489167531763871
-0.018457349947615793
-0.015538010319634091
-0.011967977390338285
-0.013510532170296151
-0.0003897627865935262
0.0008349757301681625
-0.008585360567621672
-0.012468172309041379
-0.014324928548323918
-0.015951660470794885
-0.015380074267024098
-0.014589180115192377
-0.014940466528044406
-0.016072395709461774
-0.01283447071849019
-0.012678690497933699
-0.01227938180413797
-0.012882743266968751
-0.01488765761822083
-0.013594970467725885
-0.015576160753200272
-0.015487938021895766
-0.017269943343575723
-0.017956104883394487
-0.013954485827813341
-0.015670876274218547
-0.01627555917101996
-0.014179598279551401
-0.01561306731085559
-0.01626548531295337
-0.00905018164425838
0.00013727850485492675
0.0021846317837930515
-0.010233015813971591
-0.014681632137938716
-0.010357407708784062
-0.009596714736814418
-0.013559559789254721
-0.015181473005814086
-0.013167185272906909
-0.014230405997018046
-0.007120378350324221
-0.012110845486392303
-0.011437141147575143
-0.007868344305460311
-0.003837543937123198
-0.0018517703873125527
0.002485723447853877
0.0018625130447522853
0.000852341150892639
0.0030772393781051924
-1.0
0.013137650487520452
0.01539739830465755
0.008789545310601901
0.002570099447756519
-0.00684435005744456
-0.0016278808931108428
0.00732441097499899
0.00013172912853236642
-0.0005318227197593267
0.00027207323827561556
-0.0053051523680436455
-0.008800527698466436
-0.01419062568900456
-0.011759870880676513
-0.011043086151789101
-0.012568164625556424
-0.011297871751281498
-0.01147746887374917
-0.015070076269147269
-0.013201009042518318
-0.012260156617363842
-0.008929861319499703
-0.008332603769972314
-0.010524354591842394
-0.009167456992442239
-0.009713699588230911
-0.011909731577207518
-0.010592938995992493
-0.013300844231675879
-0.01309085138535145
-0.013463960727666341
-0.014464360539303842
-0.010910073567815363
-0.008144661560169532
-0.006488060381266396
-0.0033697846265016785
-0.010469662750967725
-0.013791100226646171
-0.009107478826189858
-0.013268626404089993
-0.01171412104053301
-0.014429103656906323
-0.011730573415268931
-0.008737700570679354
-0.009207539406751912
0.0017050152530363408
-0.004292121748594924
-0.003252541209980552
0.0004155338839847428
0.010393450377422262
-1.0
0.00879606678459242
-1.0
-1.0
0.007758601814585223
0.017669844495674193
0.017523796317416962
0.01885369462950532
0.021203177392919027
0.02283621758133182
0.02081222568376265
0.030544296633405577
0.022817470775449187
0.021480864521749868
0.027613546451036555
0.021082367448307344
0.022698072878845576
0.02264256310641566
-1.0
0.02206835056798386
0.022455515464189613
0.027159979147358383
0.021302961151899225
0.022019109001351168
-1.0
0.020963336975918317
-1.0
0.024790494138070412
-1.0
0.024860591841420605
0.022214868718286956
0.023822410141483258
0.023745430665928078
0.027625952249626613
0.026421713780291827
0.02185651909102597
0.019542524938966323
0.022321167743222292
0.017595304881359953
0.016249749907465246
0.016964233517069154
0.020612999366340312
0.019940693499246452
0.01756410924870698
0.017762501140892017
0.018648654401212005
0.018091783510368244
0.022512439862738334
0.020694994233657085
0.020622861103721107
0.01965859706489409
0.02442746339110316
0.01801519367911011
0.0212233281344456
0.019380058218301056
0.02165028428336011
0.018512246317828385
0.016481313921484258
0.018042086121392322
0.02132607802257106
0.01557845105988688
0.011547877892646762
0.005782525966311147
0.002843512383548758
-0.00035856073999168876
-0.001609581542990175
-0.0020469088799522053
-5.665691527174346e-06
0.00243509307883715
0.002255630110377164
-0.0005399037638260966
0.00412615106766801
-1.0
0.005334498347748837
0.003929335752090674
-1.0
0.012140466529072535
0.019049020532805758
0.019041203561062314
0.01901584060784826
0.01585152509179727
-1.0
0.014931026958106065
0.009926577925379047
0.0136328918768993
0.009074096256339769
0.009594442580435887
0.012621712444489529
0.019977505427193006
-1.0
0.0203228326587461
-1.0
0.014688616859251004
-1.0
-1.0
-1.0
-1.0
0.01035091227982827
-1.0
0.019485544896025695
-1.0
0.016759229363673273
0.012800611271159456
0.011096199784594037
0.010206987661841973
0.0075492114675409
-1.0
0.004052997667030506
0.005300773179723339
0.008877764503072424
0.0038535771719820843
0.004433239110765158
0.00517528482273229
0.003662531957726227
0.003018970060539088
0.006629421410299484
0.0043799372737976456
0.004769667983492756
0.007264124316819076
0.004833865170473973
0.008549282274323984
0.009561561265984479
0.01387857156828807
0.016417361155805176
0.0184130267628869
-1.0
0.011243618917694105
0.007557229873918493
0.012014894290694862
-1.0
0.009472220086670978
-1.0
0.015243508083455011
0.017239691006109604
-1.0
-1.0
-1.0
-1.0
-1.0
-1.0
-1.0
-1.0
0.019190964333331315
-1.0
-1.0
-1.0
-1.0
-1.0
0.01719776486810485
-1.0
0.02261295807214327
0.021063689238405993
0.017520450137384496
0.01828664206078309
0.020519954459552507
-1.0
0.019205747257766973
0.023566377993954175
0.023543152169368815
-1.0
0.019317338869991235
-1.0
-1.0
0.018858077640606683
-1.0
-1.0
0.020714657178270205
0.020407907235451887
0.02320233716835643
0.02157874863223677
0.022133183397906073
-1.0
0.02160066661396381
-1.0
0.023822873175565258
0.023129002130405002
0.026128259382068947
0.02348447334141492
0.02479708380332327
0.023226527927547026
0.024542759775871822
0.021794752310819336
0.029931079765105045
0.02567515659951803
0.01986733366160404
0.023283659634189394
0.020310925641045204
0.027571106798792988
0.024340436376311614
0.02467261274266906
-1.0
0.004470578887539144
-1.5447814404613923e-05
-0.0034415559006152766
-0.001497331449615208
-0.005690326262444617
-0.005932248475415724
-0.004432824892626166
-0.004838015605473289
-0.0032499414956990258
-1.0
-0.003954744177888058
-0.00537391877334519
-0.006477342900075721
-0.007591109608547395
-0.0035720646948388985
-0.00010940377006694063
0.004221895998501717
0.009610798283463822
0.007814292568122971
0.010665809756702959
0.004395997058422441
-0.006621081409452775
-0.007653837770838353
-0.006029819174633339
-0.007033924070420605
-0.006540916300552729
-0.006223162707610986
-0.009235554105239751
-0.011563650286234139
-0.007464813531825344
-0.009489498291254696
-0.007003879088279303
-0.005018023992962812
-0.008108155699993676
-1.0
-1.0
-1.0
-0.004071241651763399
-0.004188523094129153
0.004227091299844576
0.018839855192488836
-1.0
0.02093664249367349
0.017575736712644507
0.022202385385773384
-1.0
0.007582353585891971
0.007916701362726188
0.009742198590937558
0.016211836264657272
0.007832541166565225
-0.0003360475117326385
-0.004480900480185599
-1.0
-0.004214658470335307
-0.0046898677132203555
-0.0007152417617511097
0.0004608684254013612
6.457218223591285e-05
0.005473539786509771
0.0014842624746995033
-7.473030504193472e-05
0.004742305743140318
0.004049901619389093
0.004175033247226962
0.0022387982513621635
0.0034282644298847006
0.00036167908105068526
-0.0028014848761130614
-0.00420545891114279
-0.003511660438389406
-0.0029910375632831924
-0.005206161879669008
-0.0033755421899000207
0.003741890189609152
0.006553223382022879
0.008098166682467298
0.012988903504730963
0.004917208572820634
-0.004983627060295952
-0.005031298363844314
-0.0038538361492817755
-0.00791624474522701
-0.008619275886357792
-0.0010649958141573073
-0.005346020548489907
-0.0070949502466705755
-1.0
-0.008413235021018305
-0.007134345963407469
-0.008787158649157939
-0.005941090150328299
-0.007885939836273755
-0.0040925720976379
-0.002536275337047308
0.0017385940766352318
0.006329461181036186
0.007963770159405971
0.013031438962463018
0.015596504117613921
0.015679355139071528
0.01353163754384456
0.00632563717791882
-0.0014252248957616306
0.0006773614566726206
-5.1860822825106954e-05
0.005412506340423373
0.015408308549681005
0.012452133444185061
0.011550206826399489
0.014301322381692294
0.009471745530666252
0.010239122767734074
0.0157836922985213
0.01765799401265349
0.016492020925512624
0.011303980919527964
0.013138462924365397
0.017319503234020036
-1.0
0.01036776661624573
0.0085314129623011
0.0026278892818298438
0.0029276846525064406
0.0003494704899872047
-4.318076223267082e-05
0.00179128478785577
0.00849080777393726
-1.0
0.023011191423863334
-1.0
0.015646245522422764
0.01320314280117207
0.014592817849321708
0.012091492175556122
0.012911531030131243
-1.0
0.021685374417089186
0.02217488422543517
0.021429648891242586
0.01896389596618835
0.025880756923069185
0.024651500009899446
0.02204223934237868
0.01770005161693232
0.021215379247113104
0.02339080096189859
0.02080453646095743
0.023242153277547847
0.0228551905964143
-1.0
0.023261262996272132
0.026155938028091786
0.02204659297636063
0.024462384045543222
0.027481537480511277
0.026047365947090985
0.02846050099503508
0.02250108139691681
0.023559453043066593
0.02116328522517712
0.023052033014058785
0.020855969708077494
-1.0
-1.0
0.022862230514309845
0.020417959569830495
0.021202234404375506
0.020361965967730582
0.022644312969620696
0.02216398303791631
-1.0
0.019024393757757007
0.009643956700901084
0.017604560703987287
0.016627124884726736
0.013918756690957265
0.016642947597293626
0.021402349643843625
0.02357209626919369
0.02435162672516737
0.02063390444562991
0.01699460898487129
0.013579246501844769
0.007854215256559176
0.003578089046491616
0.00818565951457613
0.005853243656495266
0.0037917338351098093
0.001468302806052681
0.007514569924460669
0.007157723612677057
0.011229689630525532
0.012842000557457914
0.014666072077335756
0.010052663902131232
0.00502011998841697
0.00573315382182748
0.01081791232093703
0.012954501619086536
0.003857553736236048
0.006808309200247374
0.002527506840099762
-4.65381401906776e-05
-0.0026153404516661813
-0.002727975937559729
-0.002747836535503286
-0.0016137381306872034
9.552000337772375e-06
0.0031261914078835984
0.0011909758646931662
-0.0014383612281966952
-0.001181815329492373
0.0005383273570372411
0.0130408962713553
0.00817222361302786
0.0066765206002114864
0.003796303081866499
0.000617485416974947
0.0019301709361631049
0.006808120585549836
0.001630069069332371
-0.00015936675604873377
-0.0014078068873221237
0.0006916385707775865
-0.0009167461601813588
0.0030524362549000776
2.104958588267424e-05
0.004237974060787053
-1.0
0.0038746125544785607
0.00799127336811063
0.013614275634839492
0.014576687868741922
0.01969691794731936
0.018273714412665298
0.02062449654282973
0.019051047481391015
0.02046873503017948
0.019520519162959618
0.019243801884052364
0.026104412024388866
0.02740189477054814
0.027456382174714515
0.028419104112694424
0.02329753701674719
0.021745781401176174
-1.0
-1.0
-1.0
-1.0
0.009989319532572425
0.001362580215243221
0.0024486465707110167
0.0008384654755599118
0.0017539566129056998
-0.0007925522396557009
0.003617972519325556
0.009548485740507918
0.004601851262203719
-0.00032897017783297365
-0.0010389624919733805
0.003383453118906593
0.01105968164332153
0.016225831403342522
0.01480044910313172
-1.0
-1.0
-1.0
-1.0
-1.0
-1.0
0.01251140751177125
0.01393164749782054
0.01777718572025512
0.02333320956462179
0.021722884582642557
-1.0
-1.0
-1.0
-1.0
-1.0
0.011157405021112014
0.015939256689244962
0.016906105337793298
0.004657997929423506
-0.0035704856513987054
-0.007212974742173827
-0.01136475354783982
-0.014020296039274922
-0.010463169109007303
-0.009588608047893462
-0.011699592742967542
-0.016171805456352772
-0.0169293484647476
-0.0156034501333924
-0.01368951908675667
-0.017510993675792935
-0.01786827987323371
-0.0194720600832981
-0.02162416760468047
-0.01680105960791301
-0.01950679187577658
-0.013616730796736427
-0.021075008943746865
-0.020656425595946295
-0.022583281032667143
-0.026760923412645035
-0.023070165295187614
-0.027858656438556582
-0.026633973879873516
-0.027238275953755567
-0.029804536704068678
-0.02831403449060502
-0.02737048525548727
-0.026401854240537
-0.029380138402088477
-0.032711808617454395
-0.03260638668980443
-0.030445747591005337
-0.02816381734694122
-0.028341674015579115
-0.033585236163455705
-0.03271535348485741
-0.03011701174893522
-0.03371940415233698
-0.029906285083383482
-0.031125998008649063
-0.03033741784277599
-0.029510539774992985
-0.030727197558893197
-0.027825845338862107
-0.03151009652118115
-0.02749937467896251
-0.02684733153910966
-0.028794758138412372
-0.028883429632344963
-0.02932516113709548
-0.026206478719429955
-1.0
-1.0
-0.03037679798154625
-0.0283959704926535
-0.02867540002367054
-1.0
-0.02936037782349591
-0.02658437524399255
-0.03008885527453538
-1.0
-0.02915686139845024
-0.026413192664622227
-0.026735024563913443
-0.029167683684393368
-0.02926542552066265
-0.029460151816090727
-0.02727361138341368
-0.027989282791617578
-0.02970496506801345
-1.0
-0.026509851944491732
-0.030892197154733746
-0.02650749540329652
-0.027820508245669638
-0.030280256566159933
-0.030041549114462184
-0.028243518122196196
-0.02936906737295062
-0.02732671833340816
-0.027160649713578545
-1.0
-0.027151654492988966
-0.023686639874334794
-0.02882368097394664
-0.02972397887118491
-0.03141083301100422
-0.026585779691459005
-0.029096689414883144
-1.0
-1.0
-0.029805901909442066
-0.026164862648925223
-0.028134020057286366
-0.02649685317517035
-0.029711496369041936
-0.028464262845981938
-0.02762632678472033
-0.027955220390188835
-0.025420705514659633
-0.030051929014070444
-0.02827290261288138
-1.0
-0.029074089264569298
-1.0
-1.0
-0.028399613264576837
-0.027075295091661466
-0.02707350777612769
-0.026117369997878847
-0.02526132581705508
-0.026398247258754434
-0.02680917716683989
-1.0
-0.028997582791745895
-1.0
-1.0
-0.02761272355586253
-0.030042128900883418
-0.029044813854831403
-0.027165244457031636
-0.027684677313164777
-0.02747511854696549
-1.0
-0.031916853172189966
-0.027593215935709348
-1.0
-0.030029843083619435
-0.02730707580038095
-0.026855488682660814
-0.029049253372216068
-1.0
-1.0
-0.02813072077552873
-1.0
-0.026812699464073355
-0.03207161741640737
-0.028679285393239273
-0.029109685013723748
-0.029932581340294778
-0.02708769325275839
-0.028751837149508627
-0.02831857626917488
-0.03018352294435965
-0.030596560319013172
-0.02945506664784308
-0.03289545712839171
-0.028520138807027796
-0.0312419070166974
-0.030838442488101536
-0.030241527124603804
-0.029857375122278654
-0.028427035014403284
-0.030130314064528253
-0.030205402242386298
-0.026518671764499936
-1.0
-0.03048276782788956
-0.034038802476232276
-0.025875391346320446
-0.03022415414244743
-0.02947624331597045
-0.027028114210245542
-1.0
-0.029341070371154875
-0.02910072360227929
-0.029941738212825645
-0.0291065250959989
-0.030621109092436368
-1.0
-0.02942691257524026
-0.030234945679915283
-1.0
-1.0
-1.0
-1.0
-1.0
-1.0
-1.0
-0.02968648083765849
-0.030170228885622367
-1.0
-1.0
-0.02808238574734377
-1.0
-1.0
-0.03097828766369831
-0.03317619448065846
-0.03162956928627892
-1.0
-0.02928566651559089
-0.030853242903457662
-0.03520584830324767
-0.03220437483754583
-0.022053761587390003
-0.021889735549803203
-0.02671562958545622
-0.030817931582535294
-0.028465677358456697
-0.03220689894812665
-0.02901634466354002
-0.031779660091775366
-0.030726203322411473
-0.0336533572124042
-0.03137562879710202
-0.03097097550421163
-0.03172156618091103
-0.032821075948098334
-0.029229146744040885
-0.028257664259171717
-0.029112552137639244
-0.02821532063933435
-0.030646612176154546
-0.030635092699659517
-0.03057487515265173
-0.031552070876920725
-0.029362109148843487
-1.0
-0.02780412533965312
-0.029733846883505263
-0.02877534604803808
-0.029095612841542932
-0.028861447395663965
-0.02641251976899975
-0.028874322466597047
-0.03038130719393648
-0.029624454116697632
-0.0313284791339092
-0.029216339916206313
-0.029251255915417194
-1.0
-0.026140273875087407
-0.027745452865292904
-0.027183903950667394
-0.02584970564319395
-0.02286964611497613
-0.024648792408350283
-0.02548476824645563
-0.023897327789573534
-0.02469131541337803
-0.025781852650665158
-0.025219188901201634
-0.02165613892879407
-0.022143216917924202
-0.02149844069871241
-1.0
-0.020518720301199136
-0.017751918771568672
-0.017894673953517532
-0.01584551168636605
-0.015084501425582956
-0.01238175314416632
-0.009901277437365028
0.0015287841988420347
0.012073469966297025
-0.0066663516843251044
-0.012026991027630635
-0.01602145794864424
-0.01584820390708031
-0.016431723184706395
-0.015857403037016708
-0.014437296487201988
-0.016978368492747063
-0.019457904176095164
-0.016226099897993448
-0.007521124899325357
-1.0
-0.0004733385677327478
5.5525392559892485e-05
0.00018108239676730025
-0.010446934185813135
-0.009208587395584824
-0.012048376011757206
-0.014479912683168502
-0.01386510174653837
-0.01237393459349148
-0.004475451407090276
0.008772544682344218
0.006944383253275074
0.01159715463315198
-1.0
0.017100084993766262
0.0126843791796983
0.011294716439415084
0.012385295317548114
0.012384593665391304
0.012796289396243252
0.01293643107254475
0.01447206326277288
0.01614384171282821
0.018218990902662345
0.018116169126903277
0.020081511170891797
0.02197686065681016
0.02113824021587764
-1.0
0.01682376637313977
-0.005891409446968138
-0.011434757826209205
-0.01167217899125065
-0.012543350173032205
-0.017208501496689333
-0.014773916097703508
-0.008216167334843252
-0.012572543231800522
0.002422730413557108
-0.000958469549852808
-0.0057003866117721945
-0.011906433561252757
-0.011742611897966822
-0.010304261706492434
-0.009926854090870118
-0.00855666758039067
-0.011742951107172571
-0.019695303262320715
-0.018773000969750937
-0.026988951337352546
-0.026960957030511403
-0.027529199358417772
-0.02429769304923985
-0.02963406992514344
-0.030250114844024314
-0.029760609639131696
-0.02626516129359484
-0.03203651169939053
-0.029985276567501974
-0.031879321324751304
-0.031600237529097616
-0.02812682125090007
-0.027594308825398584
-0.029750296141679563
-0.027708619743290502
-0.026704604138995676
-0.024996490810491673
-0.02451176318967524
-0.027177533929971073
-0.03302988711884513
-0.02927515101640984
-1.0
-1.0
-0.029950603942522747
-0.03224781306051035
-0.031136060882496035
-1.0
-0.03489123120150253
-0.03371277095479603
-0.029229654929745313
-0.032250788788756674
-0.030008459705630722
-0.032823781234630714
-1.0
-0.032158552581829127
-0.03266353672312826
-0.03537108818561744
-0.03323031347950409
-0.035991571063215086
-0.03507251136775046
-0.03879253783084503
-0.03479160684352757
-0.034426712968420356
-0.0370501559738174
-1.0
-0.03311884598240599
-0.035046038016841356
-0.03395317644610454
-0.03182188730330558
-0.034199209583136235
-0.02852846856085993
-0.02663993077893443
-0.02520863752118351
-0.0245823936755254
-0.026769095134046187
-0.02398263230899031
-0.02306500919115674
-0.019703293802595796
-0.02262675120502951
-0.02353506192496491
-0.02395093284027884
-0.021876812057411713
-0.01769590912331629
-0.018073786394692353
-0.010793265226899657
-0.0031961191267701286
-0.006659029637875756
-0.004365044612026511
-4.61401783396875e-05
-0.0025146813006502048
-0.00498494855434735
-0.005475259711473299
-0.006017903051334122
-0.0019283115003655342
-0.0056254224479104125
-0.008968552995961327
-0.009105970990737587
-0.004179599152906962
-0.00846837576749098
-0.003273559718294708
0.0008274825180523518
-0.0038776964701539188
-0.0007716931630772142
-0.003159178987465524
0.002040708864766915
0.0019083138088696512
0.004994087725093475
0.006272374865169843
0.004703469520948991
0.002650756059537718
0.008460242340965436
0.00439038684947966
0.0024567397832577402
0.0033752037723089384
0.007135897741030268
0.005722348379937962
0.005706891544493352
0.005993321689434599
0.008210247884716089
0.005822711072538669
0.007946115943723705
0.0050780104050827096
0.0018510328083339517
0.0007949031878129547
0.002304894662111354
0.0020524823531175855
0.0014638825921007557
0.0031596344981547272
0.004594155099433948
0.010570240368272114
0.011959912060727995
0.009792777663540883
0.007906532876743045
0.007325797152001691
0.004874119617257057
0.0033047328934325596
0.006081741340268833
0.007890145013262625
0.009620358981354785
0.009705324830519833
0.012909477936223906
-1.0
0.007026550261207977
-1.0
-1.0
-1.0
-1.0
0.004534699068765494
0.0012588408037013132
-0.00034032129764149233
0.005811211050533477
0.0013244987828556368
-0.0008648046920849655
0.00039848200360367814
0.00035571346304113697
0.00017593004373233652
-0.002575613264374354
-0.0016238916657471266
3.653430440839114e-05
-0.0012497849498247574
0.0019412058937051343
0.0019740634682205295
0.006490030896349623
0.004300539812685083
0.005426131280686007
-0.0007724513048543969
-0.00020723697907197407
-0.001672392156756305
0.0015938595950345143
0.0009759797082377861
0.00036793689439330206
0.0015241310755639225
-0.001049523460984543
-0.0011758518150783367
0.0004201314891542423
-0.0013037904467005817
-0.0031078371528529374
-0.0009531884084246778
0.0024172079635464703
0.005884651488841354
0.009512637174657461
0.009503980183803981
0.0034004736702243866
-5.9300100737734714e-05
-0.0021321870683493078
-0.0016010914535525766
-0.0019487668531772346
-0.002124222600689695
0.0013139510878337388
0.006956920953305217
0.004935747174716381
-0.003801961518011129
-0.003326812990711392
-0.0020642059899759627
-0.0034423512073257574
-0.0019816193838957863
-0.002702316477788267
-0.0041151177281132
-0.005858395322559016
-0.00562141721138047
-0.008877434229461625
-0.008387606473089044
-0.008015789893204657
-0.00340132742197226
-0.0029384805188454647
-0.0055618216061044225
-4.4711793775165294e-05
-0.006711194485069227
-0.004299433921930817
-0.004137581211764124
-0.00023502806519215612
0.005586066562852466
0.0010443235884384518
0.0007835605055974979
-0.001904320610377467
-0.0028220627196766717
0.0045629858287242735
0.006165318857535403
0.003270086873769743
0.0024564823681409837
-0.0031510892319548144
-0.002924788705995873
-0.0022119562733103706
-0.0026819775099897413
0.0011104006346268896
-0.002060239541916146
-0.0006156108965636398
0.0008737775755263415
0.0004889370723861584
0.006021986990333404
-0.00015374417956317069
-0.00634325296165772
-0.0057519358585556585
-0.009936154404420567
-0.008639145780187584
-0.00896993434799354
-0.0007980098201898971
-0.004058262977245367
-0.0047725346867206015
-0.0037522837384276263
-0.0034078098119789254
0.0022779503589356914
-0.0034387912290516284
-0.005165624460938661
-0.008003131346976567
-0.001919191527448674
0.0022049998224641597
0.0054371002343860395
0.00644369315501875
0.01130178700645193
0.01162804141934575
0.008093678814044181
0.006744240695550511
0.010366650964611418
0.016798529651444565
0.009995613165559821
0.006271339570383593
0.009405822027653887
0.015245945492400798
0.019675028094145106
0.005847065600266488
0.00030213157857180713
-0.0013989784638493204
-0.005777945574440155
-0.004526443263345895
-0.0012473429832104033
-0.00258555696749432
0.0004422322030865937
0.0053546357449096756
0.004717864908428659
0.010820260690708822
0.009433810260010635
0.010048446105984231
0.00988758510761915
0.010294621206524187
0.012852624247714151
0.013218855936423128
0.01836016380529346
0.019888554356587658
0.014765337803100348
0.01208091844187652
0.010146004791048808
0.008131246068409531
0.0013305233760387174
0.002681296944094087
-0.0004636144588370362
-0.00031706863635230076
0.005286919188544039
0.0029825930444270544
-0.0035852180321263244
-0.01106321648543819
-0.012536925636824162
-0.012820723166670267
-0.00904423196344121
-0.00314280653267079
-0.0019325385335970207
-0.009964068323002494
-0.0027908831335632964
-0.010319641587199327
-0.016417681419663495
-0.01782764061691706
-0.021989932790649955
-0.021166942316622243
-0.0246761099973528
-0.02108535224634705
-0.02531248370505443
-0.025632759186409747
-0.02704260175083162
-0.02835887532934854
-1.0
-0.02757994070205611
-0.027076226881501103
-0.02687224272575177
-0.024258013240770898
-0.02621463125912044
-0.025912465495221502
-0.02524942724680167
-0.024018158897765592
-0.021740300739982378
-0.022462412682284705
-0.02365328394660556
-0.024131189118717707
-0.024495153075375947
-0.028780420261245134
-0.02799724267135388
-0.03165658705814234
-1.0
-0.02763712885058397
-0.029895149992560408
-0.03301604505990318
-0.03121020992164302
-0.03049672660720598
-0.030795642737892873
-0.031489521077707715
-0.03253410019457231
-0.03419303994261623
-0.03305126284167235
-0.03395814999955717
-1.0
-0.0317833054699265
-0.029527022464732655
-0.032468662659265776
-0.03399297888396335
-0.03622777613376418
-0.03327594795233739
-0.03310768810781198
-0.03457677714221127
-0.03235257147369216
-1.0
-0.03247365544238151
-0.035207642236019646
-0.03297976941074238
-0.03416393202657907
-0.03530136851462381
-0.03331535347943571
-0.03301403246196726
-0.03278951635593661
-0.03470351342533665
-0.0321764314948856
-0.03363372430003066
-0.0343649946069225
-0.03354761804107693
-0.03362360134745791
-0.030327060304048373
-0.03390578383072656
-0.03176473438937949
-0.0339738566539976
-0.03315518180244623
-0.03549316462905161
-0.03637567081450418
-0.03166015288625516
-0.03471166322930055
-0.03250731358291089
-0.034788544735091735
-0.03402067665296063
-0.0340385062743839
-0.033337790713976044
-0.038556605469953556
-0.03485686398434281
-0.031718116513439594
-1.0
-0.033720121866269055
-0.032794143790481185
-0.03261762974709556
-1.0
-0.03425072568819585
-0.03439658501663572
-0.03543224047127781
-0.03410556272460036
-0.0317955693398261
-0.033399381519226494
-0.034323887593001895
-0.036613193507645386
-0.0363991997910726
-0.0339889135563105
-0.03603430803884335
-0.03493020239487749
-1.0
-1.0
-0.03492679232691985
-0.030635152736680302
-1.0
-0.03687406093719844
-0.03310012385177848
-0.034929078678110154
-0.03862403420983298
-0.036488502885560124
-0.034000774755927624
-0.036014561472040275
-0.03379413629431241
-0.03691306520507899
-0.031869621468033835
-0.03222489581723059
-0.03483248550337163
-0.035378579752576925
-0.03445183348816718
-0.032805111447010836
-0.032587227616650435
-0.02918202022922
-0.030125648764337563
-0.028068913997699414
-0.02998952565334741
-0.0277025838906735
-0.02818126985363247
-0.024999678163244082
-0.023899309080630777
-0.026642736427410232
-0.026839375191851797
-0.02750700409020867
-0.02656029110758481
-0.024302994863892733
-0.023148625592192402
-0.025785583545080745
-0.025538547051730386
-0.028122741099195943
-0.02342140077501339
-0.026338654469590835
-0.026126891280535705
-0.024904838915124367
-0.0259637425802246
-0.024048690409133676
-0.025516560271213254
-0.01889350563358182
-0.018819496205276023
-0.01927074934778445
-0.015675070233193727
-0.016133171186563953
-0.014373313029356646
-0.015563655829265577
-0.01783836055694967
-0.015998616366316946
-0.010365744506727698
-0.009651481201900973
-0.0079623360499053
-0.009776733411704
-0.005871148632438083
-0.002977981657993382
0.007802188864717253
0.001469089989419808
-0.006384261904979401
-0.012102076956466288
-0.013190860858211128
-0.011097274362334202
-0.011770418871223513
-0.015296270122873637
-0.014028409642096593
-0.015062234904456042
-0.010605578236824485
-0.01776557518207134
-0.017647495230025748
-0.020564654380489527
-0.020818929562370823
-0.02791774653469191
-0.025149967970849934
-0.027723855675060673
-0.023931315241938735
-0.023807064112507003
-0.02372933426218863
-0.025917030346672223
-0.023704028261640003
-0.021540782288497356
-0.023512281331197826
-0.02160787534304755
-0.019815344978033632
-0.02322485954139153
-0.020019290868882957
-0.02194343611719939
-0.022959064579474896
-0.02219738231148423
-0.017788916909226078
-0.01869739394640524
-0.02030239353221141
-0.022346231050871388
-0.02284429409149198
-0.0184651148340008
-0.01829153459242796
-0.02134707667599709
-0.01872269555056108
-0.016363897937031194
-0.016630378819778194
-0.01459028242428593
0.007221309321916278
0.021680520855834662
0.021903395078846057
0.02309962538086536
0.011601328566136833
0.00854055397168762
0.005952182520101288
0.007356580045322064
0.006966967941214854
0.008771412317650166
0.009795159764798993
0.009048494100579374
0.009656874069596014
0.00915541204829435
0.018652396623276904
0.014885739216572238
0.01273502217619757
0.014986612210412167
0.012767318171413331
0.005919671361636726
0.0027656967092544813
0.0031898989163295787
0.009572904056675942
0.0036944496724257638
-2.2332821544289895e-05
-0.002355578876231525
-0.005551703967790341
-1.0
-0.00416048132696118
-0.0060307272203074
-0.005206087874668265
-0.010066129882646449
-0.009999127130353794
-0.008030795434559153
-0.00890745542275345
-0.0038399385531803377
-0.0057891553670197365
-0.006396563001871957
-0.0038118119428669933
0.0046743889026846655
0.005636957340363486
0.010887215549237675
0.014111570548906372
0.015619029411422665
0.020220506394022925
0.019261018357072373
0.020698457991131493
0.023002361030156113
0.019221579547308187
-1.0
0.020327338080696086
0.019874168529112123
0.01701144906287752
0.01773609052975793
0.021746718498310485
-1.0
-1.0
0.021467643557262054
-1.0
0.01735757179713455
-1.0
0.01687251678601512
-1.0
-1.0
0.0047911723154629385
-0.0021523069140507757
-0.00730602967589786
-0.007633186251761829
-0.008187995981807502
-0.00586243486942414
-0.008439954529499277
-0.008704136231285698
-0.011633390917813548
-0.007539512045292957
-0.009907011196021534
-0.010464978713585057
-0.011213297967183478
-0.010247795795690254
-0.009126422245957246
-0.008796308322237283
-0.00927507621864177
-0.010413569621545595
0.005456738851212788
0.0005501950225067763
-0.008303767545662408
-0.010480307736390377
-0.00909093788188777
-0.011765971818891215
-0.009890262039392582
-0.01408167368726717
-0.014142856972741105
-0.013122716220801484
-0.014249845704681213
-0.013040938778870382
-0.013032927509536359
-0.0114906812357783
-0.011383952074938026
-1.0
-0.007490343155178081
-0.0047711753316278735
-0.001450480367609846
-0.0003438955768155842
0.0024979338256308804
0.0008451501272155402
0.012221573326175053
0.01555725174701225
0.018617251744216794
0.01479842746549488
0.011609855799628286
0.012971592141305598
0.01242507022137283
-1.0
0.01679909684799368
0.02234454623167777
0.02677962048261867
0.02223394713106183
0.023254009202149643
0.029940167858387927
0.029162632363101754
0.027187359089107067
0.030670835931626755
0.02738881400805817
0.031378947733610885
0.03201543277429245
0.02718746000899673
0.023909671214009717
0.019756645371286432
-1.0
0.0017466216584061342
0.0006664948571294012
-0.001244025070372043
-0.0018441902441258809
0.008154337867867541
0.007868261704484823
-0.0007010204866720162
-0.0034112772963669396
-0.0032335596533348858
0.001519791752538849
-0.00031255824277379006
0.0015863104618318328
0.0025979726876877596
0.0025370985968984935
0.0005183959981051972
0.005135386347120495
0.004779849040816444
0.0035329066031208585
0.0013364052514748344
0.008758992879000078
0.003599367875592691
0.007475381075025333
-1.0
0.006638716094605043
0.005360740504294694
-0.0006261689840937281
-0.004656405399517009
-0.007153551962645504
-0.006468803738069076
-0.002174233280161316
6.035239754889671e-05
0.007148575384435088
0.015284747673087254
0.0056855183964057265
0.0015748524058118638
-0.001047129623953386
-0.0008257494718013585
0.0030253055142396745
0.0010742365794948266
0.010057580358271354
-1.0
0.007652388739117764
0.006845719908530651
-1.0
0.021671906968019385
0.017360847201583315
0.01348593612199973
0.008904204348474876
0.009363993898566313
0.008169799347588956
0.00964545236812421
0.008158912856252419
0.013097072835829802
0.00771736383974893
0.008934577986773209
0.010302927144239067
0.015911488797160697
0.002658667173269241
-0.012498354056327416
-0.012080495449815442
-0.013894603541122109
-0.013582856619508489
-0.012589397150250961
-0.009350720066427
-0.01608449873286888
-0.0163532168891867
-0.018082880121814467
-0.021512699246849155
-0.01918026323657265
-0.020676747857545835
-0.019437292373425633
-0.01280259677205353
-0.015289672357488255
-0.01516724105923908
-0.010846386509206187
-0.008370975984370711
-0.002983020442410006
0.0025578640255959563
0.015342289059896373
0.009868817518875967
-1.0
-0.007345378104559095
-0.009556243554891418
-0.008681152585373813
-0.00813792254634197
-0.009542354487896929
-0.013676008907332924
-0.01215065751201215
-0.010520424387587225
-0.008534656074265087
-0.0011791385271506926
-0.002804107829209566
-0.012083766147952344
-0.014230698237189594
-0.015830859978512666
-0.01639396920224791
-0.019412538385277196
-0.01687731829037133
-0.017470429348247076
-0.019382974253623494
-0.015011261522103369
-0.018893405302427738
-0.018904951022172413
-0.015492222685012302
-1.0
-0.014967173887644774
-0.015157372452502081
-0.00398764283293523
0.0020606836171181016
0.002960150580948903
0.003321220772297622
-0.013321939737273355
-0.01464006036543374
-0.01662109693986984
-0.0180975273894872
-0.02160288896703157
-0.02252481203807627
-0.022352362012481464
-0.022581424800195288
-0.026836046133574334
-0.026144024548972165
-0.023215162912478732
-0.021126003242863754
-0.017900473076120558
-0.028690333683673016
-0.023646406142010117
-0.030227556608665163
-0.025125179047041316
-0.024341544742725124
-0.026577653559911568
-0.026821947021704453
-0.02339525619066554
-0.025052904336922432
-0.021854604920204274
-0.01723259605338228
-0.010391017672912747
0.0022479077571610937
0.007855289788315572
0.012153298650431122
0.012179739174947544
0.013748207699944158
0.008792804913576074
0.013559338146638294
-1.0
0.009813609250547565
0.0043688140477671925
-0.012064154292817169
-0.018788368908793374
-0.021509503548508245
-0.020930821584265135
-1.0
-0.015271836315577226
-0.01611908378607715
-0.008287540299113745
-0.0015104421206975378
0.007611437942343613
0.003160540836914193
-0.00039209222801121166
0.0018967172220460953
0.003994594094324888
0.006867942221516914
0.012625240787732063
0.006082740543807888
0.00799936059282456
-1.0
-1.0
0.011358503384487333
0.01329192183726585
0.011068529519678625
0.010126673751986275
0.006647430469716533
0.003163499273383276
0.0028357385159842293
-0.001370053411617533
-0.004749177710157771
-0.005206901124611559
0.0015262965269933616
0.01300159953646815
-0.004638918945132361
-0.01763060224315315
-0.021234694345279023
-0.023336300968734888
-0.024446624842860972
-0.024935226269178833
-0.023036457921338307
-0.02327572844683094
-0.022428730746071723
-0.025226412655536604
-0.02445391030029914
-0.030296965693974876
-0.025631788542892532
-0.025711081407218582
-0.02937969335404068
-0.030126624347308634
-0.02829733332627148
-0.030021687833345884
-0.032018754442464555
-0.030876730510773776
-0.0319489086753071
-0.027764700706840017
-1.0
-0.03202820236963002
-1.0
-0.028936198706443962
-0.03256861376820298
-0.03579651483733751
-1.0
-0.03157809424442149
-0.03334462822853374
-0.03617182389919244
-0.03514506148992896
-0.0315274380606394
-0.032062881382894155
-0.03437329521016268
-0.03716849336155605
-0.03591855554855912
-0.03754534154906499
-0.03569776263342063
-0.032406180613190595
-0.0349145867073062
-0.033604152865191264
-0.03590606260108405
-1.0
-0.033944967196464136
-0.03543116123250187
-0.035996494039833966
-1.0
-0.034777451208165264
-0.032881144767450854
-0.03300445292685692
-0.03281993514627355
-0.03093819794532146
-0.03158181247168865
-1.0
-1.0
-0.03474502133066899
-1.0
-1.0
-1.0
-0.03519976174966652
-0.03155963742388712
-0.030077149556648603
-0.028930740160187807
-0.029735888883765462
-0.03129855819879858
-1.0
-0.031691357451714135
-0.032608577919149215
-0.028862418143868772
-0.02923144237387399
-0.03029905537127062
-0.029890649547771132
-0.03097419324839146
-1.0
-0.030284939088508513
-0.02862424297565395
-0.02659652985765838
-0.026407915672734244
-0.027012470546037184
-0.02543360922737439
-0.02401551305317521
-1.0
-0.021757660786618706
-0.023178193012207943
-0.02184565049851568
-0.01643720921387899
-0.017441298935035234
-0.01655137626700534
-0.009875831928371772
-0.000754347385327465
-0.0024894779471411194
-0.005000133490311305
-0.007131669008144147
-0.002620887513818475
-0.0066941333463311934
-0.01086339680796199
-0.016159914668666307
-0.014816794491437637
-0.014891152657621929
-0.0174529180925084
-0.012260691659626803
-0.009696110657375323
-0.008500161077323659
-0.012284995806729275
-0.0067586979204909
-0.003961518452335825
-0.0003021346742285722
0.0031096752870143412
-0.0018246212920029331
-0.0018198008174655097
0.002115951888555216
0.005607026655385081
0.012328281279985599
0.005458387288903039
0.002878802801193632
0.0017280989725087118
-0.0008530562571857706
-0.0028947850169543468
-0.0049266647133113335
-0.007235055086423607
-0.009309116956123
-0.009386847057847432
-0.013390102657582757
-0.01316268995953386
-0.014639610821889642
-0.016684653037555928
-0.016397136518168334
-0.017482919706561507
-0.018331731553732272
-0.021387454415382222
-0.021397245480131916
-0.021537700244700846
-0.01962570667630325
-0.016134895082741983
-0.01555861704828689
-0.014961256705890751
-0.018713874255848386
-0.02134368170185029
-0.021822242990083524
-0.021633245983242788
-0.02201029680822971
-0.022358165828978094
-1.0
-0.026727422345994054
-0.022725665638859718
-0.02645287350300273
-0.024649173750478343
-0.026098527030329943
-0.025485622906759937
-0.0266273957040657
-0.02612746411190332
-0.026031934670861314
-0.025752678591824264
-0.022267308792848776
-1.0
-0.017753103141389143
-0.021787139847836423
-0.019940521048948123
-0.01717917741173871
-0.012007811797435429
-0.009241530642513627
-0.01054999283183601
-0.01349928947729576
-0.016211509248917563
-0.022372771921690682
-0.022408587621189125
-0.021937115896388106
-0.022268492734925274
-0.01898916395514898
-0.019475531086832046
-0.014825116152402357
-0.02812711016649655
-0.024507457841963967
-0.027717130313235087
-0.02577782412051669
-0.029784616910067334
-0.02932375654011156
-0.028583918318717677
-0.024903725476753544
-0.022379986896981077
-0.010741338887681199
-0.014807017987619315
-0.01753164135094396
-0.016470350269413566
-0.01846923408743188
-0.01961361477767625
-0.01901538870328593
-0.021810858264751033
-0.016282494873041703
-0.016456231844488675
-0.01544000989173914
-0.013406250605506704
-0.006616288148418944
-0.0002496863691480232
-0.003907119615935249
-0.002719427157102467
-0.0030880288118984764
-0.006086017077775563
-0.0036656585374715725
-0.006474016393581544
-0.006766484597196939
-0.004813044440175216
-0.0027813465845076837
0.007078306078464885
0.012982345677356665
0.010321303394573966
0.0063629671867372
0.006802080040480174
0.008123363808418568
0.004728167875606293
0.004576296694381748
0.002788121089793766
0.007643211799667461
0.01139914612848529
-0.0017969079039458025
-2.445215793527351e-05
-0.011254994499875796
-0.019611505836898892
-0.023795492220155322
-0.02721108978794572
-1.0
-1.0
-0.02336614332607927
-0.022742496751758434
-0.02359166347905525
-0.022641973824308454
-0.023840312328551595
-0.0243464233201221
-0.02463516454768751
-0.02245603079557906
-0.02457166149810835
-1.0
-1.0
-1.0
-1.0
-1.0
-1.0
-1.0
-0.026398501546173538
-0.022794796280515135
-0.026198890054495088
-0.020280999495585386
-0.02091356260354168
-0.02113975356067498
-0.01824764935929335
-0.015277190812795534
-0.015272037126477582
-0.017401889313816206
-0.012420434724862293
-0.002612019394340345
-0.00454071697048216
-0.008815869851423186
-0.013550684573084525
-0.01841573574863726
-0.016462424841551533
-0.017565064499033178
-0.017356744280366126
-0.016163735134791045
-0.018316020318565693
-0.01646256009007593
-0.015492954918451294
-0.006858896721396823
-0.008073461501621143
-0.003103149467735427
-0.004003465832069302
-0.005821521064841031
0.00044080320647621414
-0.004913430120708128
-0.002736758059445527
0.0020586133831391783
0.005749013334058464
0.008253601597621636
0.011620171276094235
-0.0026122277450484127
-0.0007547625244840774
-0.008316021611562112
-0.009264293006702298
-0.008758974940641068
-0.01362660676420199
-0.02136087665135733
-0.02191177329426605
-0.021929222528247017
-0.02743487696103058
-0.024433557144747747
-0.026296234237733782
-0.027628391002500304
-0.028168792230020702
-0.029477417120341284
-0.030483927910276418
-0.024978790358606638
-0.026843322025207242
-0.025419065006934256
-0.02103649783941028
-0.018210471817549517
-0.015832352025879157
-1.0
-0.022970250547901302
-0.025557695967512704
-0.02633732901276205
-0.02477300866050922
-0.024384731788868293
-0.026577937881162503
-0.026769494162000848
-0.02697916464873197
-0.024869609801968312
-0.027606846951898096
-0.023458559165597075
-0.020749736209025347
-0.02619203745191838
-0.027245395328725493
-0.026104798860127867
-0.028216847781572654
-0.03151051544268503
-0.03331492887294775
-1.0
-0.028387679842822845
-0.02998028506269847
-0.03149275599669
-0.028319685565827
-1.0
-0.030290112209711624
-1.0
-0.0299887485571821
-0.031169857084460868
-0.029229325240282333
-0.032833770875520626
-0.029847967307803116
-1.0
-0.03171687626435407
-1.0
-0.028238873757826608
-1.0
-0.03162774242001313
-0.030027364496747762
-1.0
-0.028780145635993737
-0.030109573635614062
-0.03222324919167779
-0.02850450517617514
-0.03218501891789986
-1.0
-0.02537607293809768
-0.031024779157234048
-0.028310311074102243
-0.02828680725212078
-0.029595675614766136
-0.02708035981203168
-0.02961040650577879
-0.03001738644859034
-0.031206903254810205
-1.0
-0.027602384737871345
-0.028686523309385443
-0.02724948442032703
-1.0
-0.02588990173015429
-0.021198721214369585
-0.020458906081985875
-0.022035591285678863
-0.020602705862375746
-0.021294821400437505
-0.019364694624916013
-0.012335873201794498
-0.007839057857911646
-0.015537262618920312
-0.01925675843487509
-0.020612144869053023
-0.01688902197177797
-1.0
-0.021447818307211094
-0.02221785549355226
-0.022277426407913636
-0.024255071271467872
-0.025793311207991252
-0.020399640916357088
-0.020039590556212933
-0.021163221952132317
-0.01950109543014191
-0.019296786346892292
-0.018930103231673105
-0.017640082662274636
-0.019929824209758043
-0.02112343685985628
-0.018791180679721967
-0.015172293569490602
-0.01770011391699445
-1.0
-0.01771065326174561
-0.021460941912734822
-0.016652419576239794
-0.017941563837326594
-0.020768081133046127
-0.01731342906927868
-0.020682521156957
-0.0154673671358411
-0.017858530801324927
-0.01602997728074856
-0.016023068936681886
-0.015137710610912427
-0.01404848364970719
-0.008584830298718841
-0.008369125592173458
-0.0030357073698820142
-0.002782160654486855
0.003970197495082696
-0.003063289021021553
-0.00916667684424329
-0.011579690303920361
-0.012778804470497672
-0.016617641625573706
-0.01408435388274237
-0.013862512726621822
-0.01607752717381454
-0.013711882042223256
-0.014137593194551655
-0.0162051450775527
-0.020937970057740226
-0.01836366959623263
-0.01800231981735809
-0.022960601910239208
-0.020286183019427213
-0.018197630065992114
-0.02140245305777082
-0.022038489732949782
-0.02626832713950031
-0.025965765098437652
-0.02776038760006056
-0.027751827296475077
-0.028412680144984843
-0.02978763548353076
-0.022278204386666067
-0.02048570033410756
-0.019656388030514227
-0.022510544654075315
-0.021769153964754637
-0.022500538143566527
-0.02432603357832198
-0.01976979334673358
-0.0225982534042154
-0.013875452967116886
-0.003981617256770447
0.004522796163258578
-0.003918979579508525
-0.009434272369850021
-0.013613496763231786
-0.016467627624427814
-0.01832733655808415
-0.019451500272516388
-0.019307494103726994
-0.02029736992691552
-0.019751515979413346
-0.01703330756877908
-0.016281806709890292
-0.020236485533980306
-0.017089526258626316
-0.018396247545860517
-0.017518621822767193
-0.01675163055200863
-0.01667508610694452
-0.01843239961977438
-0.01829245243511786
-0.017947020513487306
-0.018146422471085763
-0.018292190541777657
-0.020231026906295763
-0.017172202751864353
-0.019043990515307793
-0.018967499497659673
-0.020255511026577657
-0.01894451836438552
-0.016907844763743497
-0.015835005329973395
-0.01360332917869972
-0.010781633869881544
-0.0060398356492234575
-0.011591933287915619
-0.01324116236314163
-0.013791977427238672
-0.011603359900660259
-0.01331451788246593
-0.01456183574778767
-0.013820263875450524
-0.011274454473194135
-0.012285523168357538
-0.013431250404646447
-1.0
-0.011150540322049454
-0.006446317389925134
-0.009183093351473326
-0.007006688444479927
-0.011215121320820148
-0.01065795385624971
-0.01027844707214843
-0.010430079250860848
-1.0
-0.00485743463823336
-0.006564220966677039
-0.004256993980343589
-0.004865290668300725
0.0001454272095623372
0.0059575155975109505
-0.003852167918608722
-0.003115473077241374
-0.0047196515444001596
-0.0056513437349091184
-0.001139720487816263
-0.000737250765775036
-0.0008600715117843085
-0.002244994060435824
0.001112617666633431
-0.0015284646356970818
0.0016568003898092532
0.002583621237874665
0.007098913596744469
0.007563399612367073
0.008271591518558169
-1.0
0.021622592920455666
0.018356876037792298
0.017522340791551703
0.013488674365757358
0.01351253245355267
0.015252447195514262
0.013792000477373542
0.013599592047231383
0.016993612797717585
0.015713004762783415
0.013820408672810671
0.011834846653383945
0.01073269893031576
0.009910739062713536
0.010597465014734143
0.010849977524776145
0.011359267446381258
0.010885871112905171
0.011892259660890282
0.016610479902070405
0.01560688068804945
0.015919528717829964
0.012344471862544787
0.016173398508761802
0.01785871907976239
0.015753947008494234
0.0169605667422687
0.01273228457803788
0.013269228729795315
0.012839984841257838
0.014247483387752398
0.012965483440837786
0.014906445018041349
-1.0
0.015576441899928909
0.010435520561191241
0.0104852276986295
0.008196472095967354
0.01337646742403071
-1.0
-1.0
0.012362425585905503
0.016666238763556083
-1.0
0.009274884668780977
0.002472071764165271
-0.0004023132560697534
-0.0032093151002724166
-0.006377222371530438
-0.005915393320607877
-0.005960431257229601
-0.0026960893499065296
-1.0
0.010825063870998103
0.014915166724905416
0.011301942206075773
0.007381417870292598
-0.0018143670624561677
0.003494111759171997
-0.00868785331122302
-0.011131343501584144
-0.009447419787677342
-0.010617826947861786
-0.011005867168165725
-0.008707069269637676
-0.012600902649798238
-0.00994858508663197
-0.009390619307723422
-0.0051041146304595195
-0.003612757905733572
0.0013061721899954683
0.010721668465743746
0.013692911326495484
0.013153405128753995
0.015286911988622708
-1.0
-1.0
0.01420819801748487
0.01678326790170561
0.020633914310580363
0.02649188801516329
0.02180980658986107
0.016404007814306003
0.009326222939407672
0.011462717763711895
0.012459397895226246
-1.0
0.0004297119739154428
0.0017285401675647203
0.0012165193827588722
-0.003968579179421429
0.0023511870408617166
0.004772430100394123
0.0088735419869093
-1.0
0.015739464610769704
0.013647550994549812
0.014350386340473567
0.012396734538233908
0.010546864465334685
0.010751877557381419
0.011903688586359594
0.005109340981533897
0.007294669381990686
0.007638963202682528
0.00457576968559099
0.004472206185012497
0.0038722394522179115
-0.0017085499295158922
-0.0004495050903511271
-0.0019143707965602079
-0.004237657001379101
-0.006938237101344173
-0.012682777777701729
-0.017665450121633678
-0.020157808829623043
-0.0236449285582549
-0.028532399201392007
-0.02710866971821926
-0.0288623743367485
-0.029641121494197602
-1.0
-0.02766977655005238
-0.026593511468138913
-0.0293296208682308
-0.029879987908340722
-0.030050163297642794
-0.03030207958138086
-0.027824616937131365
-0.031738599478474634
-0.029671328960116927
-0.03212574894190546
-0.02974720532435812
-0.03045595985312448
-0.02950119934576585
-1.0
-0.027189505197254313
-0.030452599126547786
-0.029351620348750464
-0.027441708607052032
-0.024691159208150914
-0.02605045155242214
-0.025062685090517324
-0.026531278115388638
-0.02540536366398153
-0.025410960652086756
-0.02270665136373314
-0.01879448329384262
-0.019983820838051915
-0.01422169355965097
-0.006179520880841862
-0.004847938042996017
-0.00743743806649132
-0.0034324879973544617
0.010044986127445244
-1.0
0.0073663534291592255
-1.0
-1.0
-1.0
0.025831230466663226
-1.0
-1.0
0.019891063727390572
-1.0
0.012460509400990829
0.007482092389219867
0.0139997080866569
-1.0
0.0034766670873089137
-1.0
-1.0
0.003016497948674336
-0.0028815045329251107
-0.000749150491317219
-0.0035593238227660477
-0.004506173891284771
-0.011498197066032934
-0.010751488264123026
-0.006762438093937294
-0.007083475260836242
-0.005520706142444602
-0.002148785763890867
0.0023786845559807166
0.01207882070347368
-1.0
0.012143830623450239
0.01297225044432218
0.016367923955710736
0.017386712126887194
0.019224419441419515
0.01715869048001243
0.012614490155807548
0.01987361474387769
0.018908584949437257
-1.0
-1.0
0.024742116197647376
-1.0
-1.0
-1.0
-1.0
0.022257097946113108
-1.0
-1.0
-1.0
-1.0
-1.0
-1.0
-1.0
-1.0
0.023594343434729412
-1.0
-1.0
0.010464244859233324
0.008396943897981578
-1.0
0.007487739528755065
0.0018128797376529813
-0.001511919189518853
0.002852872002089008
0.0026108323027687363
0.003972505677554768
-1.0
0.0018772348177687767
0.0020466589266655553
0.00021371153530389602
0.0015453115012676513
0.001305380707106432
0.0007998336124588933
-0.00132568683769371
0.005501770383026167
0.0041043165539395715
0.0019010721766233203
-0.001627583474343332
-0.0030818385948051807
-0.003224530294812177
0.0057491516069329
-1.0
0.008481938837979241
0.007738303022566906
0.012904383597978833
0.01572683965120703
0.014241765079878316
-1.0
0.0092485207888858
0.004279930035514703
0.006135557841972289
-1.0
0.0081429326909629
0.015114738879761905
0.005964666780279213
0.005837042455777399
0.0053229289575593836
0.003214751344421613
-0.004425448387169255
-0.00310070269625106
-0.009401049118093386
-0.011186352170816528
-0.011775386721247649
-0.015749489184535708
-0.012332570291211774
-0.01661715404200672
-0.013691996881267066
-0.01179871077898032
-0.009672062318784038
-0.00743769773387998
-0.005844057267250786
0.002117729098641495
0.0059126977096457855
-0.0017910469122560911
-0.0017545246179110669
-0.00048187958707307917
0.009478499817930124
0.011839064443438262
0.011905378062495102
0.010344799149238224
0.006490294767295668
0.011200540309653954
0.008061904608834406
0.005437581181266075
0.00946413257827221
0.008315894064071848
0.01002746394497035
0.014106455851225816
0.016569626194258308
0.012052501260286445
0.009732697441074818
0.00980572938733602
0.007061193056052385
0.004195749150098028
0.0027275402935443864
-0.00015947501347390403
0.00026704031035746354
0.0006334005950456312
0.004575008412104667
0.0025354042615100326
-0.0039443135146065966
-0.009399865250604258
-0.01146374058147664
-0.01326176995007574
-0.01629297463465511
-0.015678755034156625
-0.0185321138467453
-0.011548659159875772
-0.007492553946609284
-0.009739421067780085
-0.012702917156191578
-0.013560742912333426
-0.01184576159953381
-0.015418894482936178
-0.01353997207522331
-0.014234568088156475
-0.009760273502713582
-0.007403773536499047
-0.0031754438419272376
-0.0010424128542978156
-0.0006535869037442307
0.0017257530834607893
-0.0023254071583284565
0.003333906207914989
0.005893393696057712
0.005496211225240392
0.001001698372169323
0.0016530497639124528
0.006301213897460994
0.008937774174289422
0.012580969259367912
-1.0
0.00016513663708481613
-0.002599785559663112
-1.0
0.0017511714007576846
-0.0012459341973109106
-0.0018025570702798071
0.0027202221349617783
-0.000815146754199109
-0.003486399226426765
-0.003383508079340747
-0.0037840380138687174
-0.009269034356534242
-0.01610057191875741
-0.015243806412687124
-0.01746616766558047
-0.016477058295427116
-0.02053038961126859
-0.014776054205277011
-0.016436113976625907
-0.018266862041496197
-0.019040420521055996
-0.02139793690757991
-0.021038509624222473
-0.0206883561636902
-0.015256073545136589
-0.019357946858598808
-0.011558415586009105
-0.01163417060197154
-0.010491013425138527
-0.01259914076546933
-0.01074036870543208
-0.00866014650474677
-0.00044701044826279414
-0.009366136407997609
-0.012089145835928765
-0.013640765368711451
-0.0060852715053942375
-0.008885406721194606
-0.013687217296080577
-0.012736841895285919
-0.013895901727342428
-0.01914478506977088
-0.0154080506717426
-0.012406417692114783
-1.0
0.011566425185020915
0.009451851763381728
0.00802420729727977
0.003185653265655116
-1.0
-0.007295214555128926
-0.0014601094496579357
0.009115524077477422
0.011801778084709719
0.011736883637258711
0.0009633385961535732
-0.011350047899601805
-0.015778275796728664
-0.01973950068859742
-0.020512451723116863
-0.02430952173445562
-0.027089022675976272
-0.028330202264883527
-0.02597148194168676
-0.027013307551629246
-0.022609766044359363
-0.029728536083741822
-0.028278933845369666
-0.025135302858264996
-0.027612477599552918
-0.02790322022914241
-0.02535419010848234
-0.02633392322010651
-0.02488207119407096
-0.024852044923524247
-0.027110327499030692
-0.028519838829851082
-0.027520082264955573
-0.028230069999469434
-0.02845052197625406
-0.028059364196641946
-1.0
-0.03042568888136056
-0.027517799238378684
-1.0
-0.028647047566205553
-0.028255683854330676
-0.02668689804536298
-0.02345051785513063
-0.026451794878234496
-0.022968232488306106
-0.029433212236203963
-0.02562121342849109
-0.022693249905317764
-0.02045435407990116
-0.014133262805928436
-0.011507208662950066
-0.01302650919023325
-0.014035169029990495
-0.012835697250101887
-0.011493854117821223
-0.007003770243604007
-0.012419411249030246
-0.014840377491633777
-0.010226662216687837
-0.015870081781840514
-0.012842358452474795
-0.013127464972767847
-0.016456718164848585
-0.016855546713729075
-0.014704320309963648
-0.014589892496473097
-0.013730978871503194
-0.005215510695817364
-0.010422514489326675
-0.014242286990625972
-0.014384409612057605
-0.013087971870963127
-0.014174994347779253
-0.01620342836481196
-0.016743251873292248
-0.013850326742636098
-0.014363634439033462
-0.009556576089065325
-0.0067099842518047155
-0.013062040666439232
-0.011997998850772764
-0.01473880206217762
-0.014677694452047996
-0.015164278441322954
-0.013693174136576015
-0.012406706825153966
-0.009284235091960106
-0.014774665560109436
-0.016885389980655884
-0.014700322013514578
-0.015320787074194986
-0.015824054293585358
-0.01236604184389067
-0.012875197230203765
-0.013640486083631219
-0.013289813639832379
-0.01770962333034765
-0.009033535459436907
-0.011602253827108328
-0.012464911383675649
-0.008059402565052174
-0.004441421140325699
-0.00705636761539118
-0.002518356764706516
-0.0025627593907099344
-0.00581188407306701
-0.006919575676142609
-0.0016060999964947523
-1.0
-0.0025522033552166446
-0.003478940236849452
-0.006126604690293659
0.003978186455303869
0.0003855159470030734
-0.008166218064484554
-0.009491169167598977
-0.010752086959405036
-0.011827283657752721
-0.01102521294051528
-0.00918667656176883
-0.012130709198483133
-0.010330311084566285
-0.011866020617862284
-0.012093007780007985
-0.008718921839747863
-0.009959691926488228
-0.012671212460481623
-0.010108019822409742
-0.009928368081348315
-0.011064692602130655
-0.008321072739830524
-1.0
-0.0009121793679823382
-0.0008733995162634796
-0.00017645916165105199
-1.9892127876601772e-05
-0.0004758571038544581
0.0001473789645581893
0.004910397651115156
0.01164432325710232
-1.0
0.01350102844495608
0.009220757482073473
0.004385876302700036
0.0024807624453404477
-0.003041639401961882
-0.0034687797892215878
-0.0004127984865533431
-1.0
0.00511266714113445
-1.0
-0.0006452963920731292
-0.0009891694206762914
0.0035117039462189427
0.003161640633467667
-1.0
0.001963274916625383
0.005303475003143893
-0.001721133503688608
-1.0
-0.012092307906348597
-0.016763751403841287
-0.018412160103313518
-0.017814932732731603
-0.01893788283397123
-0.018363802317448795
-0.01582398147063146
-0.017212087093651244
-0.017510438909572185
-0.018220036262591034
-0.01294668363764277
-0.008497325009203964
-0.00854997054152291
-0.011297044203019824
-0.00978103895384314
-0.003584257078403553
0.004118176861277018
-0.0037555271936298797
-1.0
-1.0
-0.006374600587271251
-0.004729613491972992
-7.723854302768869e-05
0.0053009137506445855
0.006940506891796559
0.008171896896098827
0.009678298992104976
0.007916484768377127
0.006947141060506216
-1.0
-1.0
0.0010956939925979826
0.005055545215410085
0.006465480836176059
0.0005339598679587782
0.0023457247063335875
8.623509131721112e-05
0.0025576016291119744
0.004084404240096792
0.0023638003424830347
0.002700330698888322
0.0017480492394281735
0.0006899336346393299
0.0019175308638427523
0.007669618484084445
0.007997178414913006
0.005639895510498966
0.007491105219080678
0.009429322931099516
0.009565062073902189
-0.0013437854967992084
-0.007235349083919496
-0.014405919459800022
-0.014633160594794064
-0.01748158357422249
-0.017581630250743073
-0.017268233210765805
-0.01712858500911706
-0.012637265146008223
-0.014121722968530539
-0.01254051809461828
-0.011995223215670689
-0.008796464084275481
0.0016737482168558333
-0.0017644023101876449
-0.006907856261357315
-0.006365324019506555
-0.012888332769598169
-0.013730313224127823
-0.016278914562111772
-0.01715337504650436
-0.015577378088911187
-0.01629814807965468
-0.011661410337486855
-0.014379426211346162
-0.01572083844763652
-0.01953773646396474
-0.018544199917471034
-0.015669401024092065
-0.017665585725944673
-0.017384059814904138
-0.015848895499714123
-0.021321895229819036
-0.016930032625264074
-0.014419890442922823
-0.013202647019047805
-0.011435501006739138
-0.011991744604311917
-0.007699741039219163
-0.00708416260063314
-0.005300874363716533
0.0022241873575612695
0.0031710771530706243
0.01049618598046769
0.003781878972839795
-0.0006039217008164098
-0.009366409848192888
-0.00615801849104757
-0.005016090124301285
-1.0
-5.509725533119655e-05
0.013564628068418919
0.008738792852215675
0.0059583446408337775
0.01152258054038719
0.010022750816414442
0.007912682887725795
0.0073567945649326335
0.010135914490050723
-1.0
0.0068239643085282065
0.0021513891966720446
-0.0018905073649138654
-1.0
-0.0016910840772139924
-0.004440018156758395
-0.003112038260408881
-0.004912515390274364
-0.005552212682708054
-0.00734970238504428
-0.004177624191305568
-0.004233665023212286
-0.00436247099292206
-0.00443954729041537
-1.0
0.006708419058696535
0.00975946425621519
0.0044207826527202
0.008237381270565378
-1.0
0.005247252240016881
-1.0
0.006908316880670691
-1.0
0.010100129254374453
-1.0
0.011038998396776483
0.009006965161500005
0.008420429622198342
-1.0
0.017733606396508485
-1.0
-1.0
0.022501558038505284
0.02274858579380242
0.022951691026735502
-1.0
-1.0
-1.0
-1.0
0.022973601503538964
-1.0
0.022185906649564806
0.018301767275930823
0.021430711977616895
-1.0
-1.0
-1.0
0.017424931692501363
0.01919520373526255
0.018452087729991677
0.019119852522163968
0.017430255340168045
0.019744468592479497
0.014448609485754858
0.014938145443607385
0.010732573496517142
0.01532544916337211
0.014284420526939215
0.016194205356392037
0.02077349221816214
0.018477690471989758
0.012423937304849456
0.015925502982547614
0.010421209920609333
0.010513597701549408
0.00846938180467464
0.0069529392247085695
0.0033105873989972955
0.006983869939215895
0.010046112922624771
0.015117644800928157
0.018139561511426743
0.018008794322739042
-1.0
0.01256793783539027
-1.0
0.007250344676599244
0.002966783254404585
-0.005572084486782201
-0.006775223534908524
-0.007710982776406595
-0.0075454314258038575
-0.008027120404640964
-0.008762021623252592
-0.014582773563601152
-0.014452566210583174
-0.016362917922652407
-0.016238388189442402
-0.014721140061259292
-0.01875983500581678
-0.015314508355761683
-0.012398150315463785
-1.0
-1.0
-1.0
-1.0
-1.0
-1.0
-1.0
-0.017630840659849153
-0.017587824261824588
-0.017918744653740715
-0.01558428428830996
-0.017017453409533912
-0.01938967050184022
-0.015339526549237521
-0.010226478591855583
-0.014003972507799773
-0.013370609777300453
-0.015817486024146465
-0.01551887898613284
-0.014984333198105278
-0.014941765781381454
-0.017035703748613087
-0.016357763593881584
-1.0
-1.0
-0.012432396038836469
-0.016839269103932013
-0.01615706093005863
-0.013054340993198084
-0.008613092471637754
-0.005884306453814842
-0.0016781496421403655
0.006044940259174694
0.010149618559964949
0.012156476585810276
0.012153474807464995
0.007826668294656674
0.010118856233981231
0.007812316631049701
0.013586554842390979
0.018158550359271056
0.019685639439194203
0.01674510653561097
0.013469732094829249
0.012734536093655857
0.011316138766255632
-1.0
0.013262102317218487
0.013927352688793922
0.01585883873308211
0.012713158798622353
0.010458431417892261
0.013701125179721158
0.013580997132785377
-1.0
-1.0
0.017464109959155018
0.017268647053803866
0.020384842195200578
0.026768656866232664
0.023186250069808106
0.019471518124733488
0.019963570140892475
0.022036163000110593
0.020475225020798106
0.015111885775184736
0.016320980800899994
0.016427231109536238
0.022874649782213985
0.016250779690516304
0.018385604208576583
0.02440169324759806
0.019102981437349804
0.017725280751620495
0.017307108320757592
0.019075558412034354
0.016831755213115543
0.01547513750446088
0.015376156018073002
-1.0
-1.0
-1.0
-1.0
0.013892593266481212
0.014315581150531576
0.01283127886758953
0.014253389181189057
0.017147494164887173
0.017137519533012607
0.018953325550469406
0.016576282811884172
0.017973447034090376
-1.0
-1.0
-1.0
-1.0
0.017218789436613445
0.015055568898115977
0.017325327073306956
0.017853043124900117
0.016777781233200027
0.019947253002811745
0.015664123683186645
0.016195403624290696
0.01581591186817849
0.01602627198097669
0.02071416745734826
0.02106465892474311
0.021259068988561867
0.015288633985003434
-1.0
