-1.0
-1.0
-1.0
-1.0
-1.0
-1.0
-1.0
-1.0
-1.0
-1.0
-1.0
-1.0
-1.0
-1.0
-1.0
-1.0
-1.0
-1.0
-1.0
-1.0
-1.0
-1.0
-1.0
-1.0
-1.0
-1.0
-1.0
-1.0
-1.0
-1.0
-1.0
-1.0
-1.0
-1.0
-1.0
-1.0
-1.0
-1.0
-1.0
-1.0
-1.0
-1.0
-1.0
-1.0
-1.0
-1.0
-1.0
-1.0
-1.0
-1.0
-1.0
-1.0
-1.0
-1.0
-1.0
-1.0
-1.0
-1.0
-1.0
-1.0
-1.0
-1.0
-1.0
-1.0
-1.0
-1.0
-1.0
-1.0
-1.0
-1.0
-1.0
-1.0
-1.0
-1.0
-1.0
-1.0
-1.0
-1.0
-1.0
-1.0
-1.0
-1.0
-1.0
-1.0
-1.0
-1.0
-1.0
-1.0
-1.0
-1.0
-1.0
-1.0
-1.0
-1.0
-1.0
-1.0
-1.0
-1.0
-1.0
-1.0
-1.0
-1.0
-1.0
-1.0
-1.0
-1.0
-1.0
-1.0
-1.0
-1.0
-1.0
-1.0
-1.0
-1.0
-1.0
-1.0
-1.0
-1.0
-1.0
-1.0
-1.0
-1.0
-1.0
-1.0
-1.0
-1.0
-1.0
-1.0
-1.0
-1.0
-1.0
-1.0
-1.0
-1.0
-1.0
-1.0
-1.0
-1.0
-1.0
-1.0
-1.0
-1.0
-1.0
-1.0
-1.0
-1.0
-1.0
-1.0
-1.0
-1.0
-1.0
-1.0
-1.0
-1.0
-1.0
-1.0
-1.0
-1.0
-1.0
-1.0
-1.0
-1.0
-1.0
-1.0
-1.0
-1.0
-1.0
-1.0
-1.0
-1.0
-1.0
-1.0
-1.0
-1.0
-1.0
-1.0
-1.0
-1.0
-1.0
-1.0
-1.0
-1.0
-1.0
-1.0
-1.0
-1.0
-1.0
-1.0
-1.0
-1.0
-1.0
-1.0
-1.0
-1.0
-1.0
-1.0
-1.0
-1.0
-1.0
-1.0
-1.0
-1.0
-1.0
-1.0
-1.0
-1.0
-1.0
-1.0
-1.0
-1.0
-1.0
-1.0
-1.0
-1.0
-1.0
-1.0
-1.0
-1.0
-1.0
-1.0
-1.0
-1.0
-1.0
-1.0
-1.0
-1.0
-1.0
-1.0
-1.0
-1.0
-1.0
-1.0
-1.0
-1.0
-1.0
-1.0
-1.0
-1.0
-1.0
-1.0
-1.0
-1.0
-1.0
-1.0
-1.0
-1.0
-1.0
-1.0
-1.0
-1.0
-1.0
-1.0
-1.0
-1.0
-1.0
-1.0
-1.0
-1.0
-1.0
-1.0
-1.0
-1.0
-1.0
-1.0
-1.0
-1.0
-1.0
-1.0
-1.0
-1.0
-1.0
-1.0
-1.0
-1.0
-1.0
-1.0
-1.0
-1.0
-1.0
-1.0
-1.0
-1.0
-1.0
-1.0
-1.0
-1.0
-1.0
-1.0
-1.0
-1.0
-1.0
-1.0
-1.0
-1.0
-1.0
-1.0
-1.0
-1.0
-1.0
-1.0
-1.0
-1.0
-1.0
-1.0
-1.0
-1.0
-1.0
-1.0
-1.0
-1.0
-1.0
-1.0
-1.0
-1.0
-1.0
-1.0
-1.0
-1.0
-1.0
-1.0
-1.0
-1.0
-1.0
-1.0
-1.0
-1.0
-1.0
-1.0
-1.0
-1.0
-1.0
-1.0
-1.0
-1.0
-1.0
-1.0
-1.0
-1.0
-1.0
-1.0
-1.0
-1.0
-1.0
-1.0
-1.0
-1.0
-1.0
-1.0
-1.0
-1.0
-1.0
-1.0
-1.0
-1.0
-1.0
-1.0
-1.0
-1.0
-1.0
-1.0
-1.0
-1.0
-1.0
-1.0
-1.0
-1.0
-1.0
-1.0
-1.0
-1.0
-1.0
-1.0
-1.0
-1.0
-1.0
-1.0
-1.0
-1.0
-1.0
-1.0
-1.0
-1.0
-1.0
-1.0
-1.0
-1.0
-1.0
-1.0
-1.0
-1.0
-1.0
-1.0
-1.0
-1.0
-1.0
-1.0
-1.0
-1.0
-1.0
-1.0
-1.0
-1.0
-1.0
-1.0
-1.0
-1.0
-1.0
-1.0
-1.0
-1.0
-1.0
-1.0
-1.0
-1.0
-1.0
-1.0
-1.0
-1.0
-1.0
-1.0
-1.0
-1.0
-1.0
-1.0
-1.0
-1.0
-1.0
-1.0
-1.0
-1.0
-1.0
-1.0
-1.0
-1.0
-1.0
-1.0
-1.0
-1.0
-1.0
-1.0
-1.0
-1.0
-1.0
-1.0
-1.0
-1.0
-1.0
-1.0
-1.0
-1.0
-1.0
-1.0
-1.0
-1.0
-1.0
-1.0
-1.0
-1.0
-1.0
-1.0
-1.0
-1.0
-1.0
-1.0
-1.0
-1.0
-1.0
-1.0
-1.0
-1.0
-1.0
-1.0
-1.0
-1.0
-1.0
-1.0
-1.0
-1.0
-1.0
-1.0
-1.0
-1.0
-1.0
-1.0
-1.0
-1.0
-1.0
-1.0
-1.0
-1.0
-1.0
-1.0
-1.0
-1.0
-1.0
-1.0
-1.0
-1.0
-1.0
-1.0
-1.0
-1.0
-1.0
-1.0
-1.0
-1.0
-1.0
-1.0
-1.0
-1.0
-1.0
-1.0
-1.0
-1.0
-1.0
-1.0
-1.0
-1.0
-1.0
-1.0
-1.0
-1.0
-1.0
-1.0
-1.0
-1.0
-1.0
-1.0
-1.0
-1.0
-1.0
-1.0
-1.0
-1.0
-1.0
-1.0
-1.0
-1.0
-1.0
-1.0
-1.0
-1.0
-1.0
-1.0
-1.0
-1.0
-1.0
-1.0
-1.0
-1.0
-1.0
-1.0
-1.0
-1.0
-1.0
-1.0
-1.0
-1.0
-1.0
-1.0
-1.0
-1.0
-1.0
-1.0
-1.0
-1.0
-1.0
-1.0
-1.0
-1.0
-1.0
-1.0
-1.0
-1.0
-1.0
-1.0
-1.0
-1.0
-1.0
-1.0
-1.0
-1.0
-1.0
-1.0
-1.0
-1.0
-1.0
-1.0
-1.0
-1.0
-1.0
-1.0
-1.0
-1.0
-1.0
-1.0
-1.0
-1.0
-1.0
-1.0
-1.0
-1.0
-1.0
-1.0
-1.0
-1.0
-1.0
-1.0
-1.0
-1.0
-1.0
-1.0
-1.0
-1.0
-1.0
-1.0
-1.0
-1.0
-1.0
-1.0
-1.0
-1.0
-1.0
-1.0
-1.0
-1.0
-1.0
-1.0
-1.0
-1.0
-1.0
-1.0
-1.0
-1.0
-1.0
-1.0
-1.0
-1.0
-1.0
-1.0
-1.0
-1.0
-1.0
-1.0
-1.0
-1.0
-1.0
-1.0
-1.0
-1.0
-1.0
-1.0
-1.0
-1.0
-1.0
-1.0
-1.0
-1.0
-1.0
-1.0
-1.0
-1.0
-1.0
-1.0
-1.0
-1.0
-1.0
-1.0
-1.0
-1.0
-1.0
-1.0
-1.0
-1.0
-1.0
-1.0
-1.0
-1.0
-1.0
-1.0
-1.0
-1.0
-1.0
-1.0
-1.0
-1.0
-1.0
-1.0
-1.0
-1.0
-1.0
-1.0
-1.0
-1.0
-1.0
-1.0
-1.0
-1.0
-1.0
-1.0
-1.0
-1.0
-1.0
-1.0
-1.0
-1.0
-1.0
-1.0
-1.0
-1.0
-1.0
-1.0
-1.0
-1.0
-1.0
-1.0
-1.0
-1.0
-1.0
-1.0
-1.0
-1.0
-1.0
-1.0
-1.0
-1.0
-1.0
-1.0
-1.0
-1.0
-1.0
-1.0
-1.0
-1.0
-1.0
-1.0
-1.0
-1.0
-1.0
-1.0
-1.0
-1.0
-1.0
-1.0
-1.0
-1.0
-1.0
-1.0
-1.0
-1.0
-1.0
-1.0
-1.0
-1.0
-1.0
-1.0
-1.0
-1.0
-1.0
-1.0
-1.0
-1.0
-1.0
-1.0
-1.0
-1.0
-1.0
-1.0
-1.0
-1.0
-1.0
-1.0
-1.0
-1.0
-1.0
-1.0
-1.0
-1.0
-1.0
-1.0
-1.0
-1.0
-1.0
-1.0
-1.0
-1.0
-1.0
-1.0
-0.026080679588950148
-1.0
-1.0
-1.0
-1.0
-1.0
-1.0
-1.0
-1.0
-1.0
-1.0
-1.0
-1.0
-1.0
-1.0
-1.0
-1.0
-1.0
-1.0
-1.0
-1.0
0.009145378882891747
-1.0
-1.0
-1.0
-1.0
-1.0
-1.0
-1.0
-1.0
-1.0
0.008863309106148947
-1.0
0.017366209043585393
0.017881205882828894
0.01837622395465515
0.01803354603888829
0.021412146536697402
0.020817939442050445
0.016811320953933385
-1.0
0.018519209625837783
0.021695352514461034
0.017215201721151045
0.015433192774504155
0.014510877143696074
0.01696630685327541
0.017334358725700175
0.01963350204914355
0.017482099840583427
0.01992279029750406
0.01518547195643624
0.01438572426216996
0.011747361248920988
0.013291902928850937
0.013238274165762443
0.012363651177251382
0.009344159092482502
0.013254102831473191
0.01598913579938947
0.012938962128738553
0.012997318695784967
0.014455526433132216
0.010616199446981925
0.010152501899406934
0.014313405092257824
0.021598841433502766
0.016081886180928477
0.014571189739321748
0.0101520231879475
0.01265562680471377
0.010490811120624732
0.01093132995476583
0.011286337962540555
0.014796330092083481
0.013803080870278995
0.016989276036994638
0.012788962408199806
0.01144763336429686
-1.0
0.007195176663776836
-1.0
0.0006692650107527164
0.005897745721869263
-1.0
0.005418736908785685
-1.0
0.0021966452475270315
0.0024222355545390948
0.0037815927518054307
-1.0
0.005043355498999292
0.008505282951504975
0.004438029519175791
-0.0009638677319493636
0.00018232722580873708
-0.001397938572826295
-0.004195571252609293
-0.005686235016460257
-0.007630699150724064
-0.0012554406690751363
-0.0077165317375163635
-0.005197640452617173
-0.01181443595127019
-0.012600821899187032
-0.015736580329257843
-0.019254551902293932
-0.02019694351156022
-0.01597690180487765
-0.02146115730288392
-0.019732973335980303
-0.020671223296252827
-0.020049924693370556
-0.023207596861160088
-0.019559810530643845
-0.020778061272285948
-0.023991726988825422
-0.022521419055604647
-0.024710203744856992
-0.02354955448605287
-0.021984380530546677
-0.023826138425610183
-0.024581195176659555
-0.02164211598554641
-0.018102764514401348
-0.021616393196514965
-0.020837398692481197
-0.020334416096165254
-0.02404322078428752
-0.02508263207241057
-0.0213938828427973
-0.02141984236019029
-0.026538720947996572
-0.022189089340723504
-0.02505963956400454
-0.024437300111111348
-0.022259096917525468
-1.0
-0.026386541000278763
-0.024809737239404814
-0.023246252895161648
-0.023196243068908176
-0.023461431864036236
-0.018518411968884117
-0.020820554922240345
-0.01504016202937239
-0.023028008374685938
-0.02117069153209299
-0.020838090610848292
-1.0
-1.0
-1.0
-1.0
-0.02320005542593368
-0.017937772915361576
-0.01646270726714688
-0.02136444679601806
-0.024954291671532354
-0.022589978792373146
-0.024242280497241406
-0.023675156849734404
-0.022815351222366442
-0.019173310257191902
-0.02154140112872168
-0.016611155749022038
-0.00867140970080703
-0.00801877764643117
0.0004093651263358702
0.005765858744644372
0.00907726010201965
-1.0
0.008322296543597337
0.008978604366081389
0.010717301449507078
0.011254510146280842
0.010119803288898601
0.014735857254400823
0.015882973627425807
0.011793519221191921
0.013742883565637314
0.01692213897925791
0.014789870110734538
0.010264881538099234
0.014442604085441482
0.01619609813983753
-1.0
0.01452487305658456
0.009478966374742026
0.016205618624744313
-1.0
0.012677093381093466
-1.0
0.00936145495611204
0.014427163767645627
0.012418129053378045
0.017797608175569295
0.012422051071954559
0.010270454708674449
0.014168784847738562
0.014730906179063136
0.013841409547818671
0.015464881224617828
0.009851271395794555
0.01282885290259043
0.02014305116531985
0.015162967088934385
-1.0
-1.0
-1.0
-1.0
-1.0
-1.0
-1.0
-1.0
-1.0
0.017699200849395358
-1.0
-1.0
0.01904664763032278
0.021544170599169025
0.021936624820217913
0.019283579501845675
0.016094642957170113
0.018385716396782985
0.015484197342360135
0.017084712694020485
-1.0
0.02048948012673566
0.019075651051654527
0.01858662658794539
0.021598593107829703
-1.0
-1.0
-1.0
-1.0
-1.0
0.013428050533078858
0.010776490747617095
0.011287914889720007
0.007810143056623562
0.011404859187269372
0.017197720265071534
0.013311753130493605
0.01723838784820697
0.020272915629599514
0.02195836922589165
0.024889812021730847
0.01718029826616975
0.011983725659459656
0.009011045233338484
0.006711301003724795
0.012806528337438351
0.013553526157870631
0.0077067268059676855
0.005561626828309727
0.006592364894102493
0.004424556368650113
0.005182395807089783
0.0017030864507570128
0.0030887371486841664
0.007127267220484002
0.004708716242668027
0.005075427744284521
0.013070567869122522
0.012988874378086575
0.009129854618159875
0.008852885425626917
0.013548978161917915
0.014585202667563857
-1.0
0.014545259741260055
0.013635920791657109
0.011397078389936283
0.008757183542189656
0.015463605088166034
0.010850472736820783
0.007816648188897388
0.0032828698018332308
0.0007942961849299511
0.005285719317903248
0.007269333179420931
0.011371214843923479
0.010219071991435466
0.010672974828775845
0.014459594468684429
0.011460747267204719
0.010822039567783647
0.014483881756707447
0.004811532986390216
0.012396598412019282
0.006718745420812114
0.010391904954377444
0.009340714574117632
0.007576675610912166
0.008343168644280013
0.008389025702243797
0.010271795421161566
0.010625736871423517
0.014922308245538786
0.007175507102950408
0.012871215700819116
0.006476007300638073
0.0053882899953718345
0.0022421986387540353
0.003758767278476428
0.0047745446587096185
0.0023997856275539743
0.0021224955028168687
-0.0017956633190724278
0.005153033025173221
0.0016580732827039958
0.01180727851028292
0.011478820028353525
0.009064574089699998
0.01857996793373331
0.018011929307201677
0.020598036208031863
0.01832445532975153
0.018964434576924715
0.01937699140484353
0.01781244775795186
0.01851844852269208
0.016923493552254046
0.012758983897886624
0.018302166370809402
0.01192447588172072
0.011207381129798086
0.011931072471542079
0.007869753727529207
0.011418556127628376
0.011440539560794345
0.01489553944909909
0.008654756838315002
0.010857213805346527
0.005656729756780617
0.013626033140805236
0.020868909976955657
0.016180204872742555
0.021894136297039766
0.02309393716688694
0.016518330172621942
0.003787994793251868
0.002621403532186348
0.005969508750515599
0.00727446816150204
0.008103137966302618
0.008608404239132929
0.005259942020926696
-0.0004524416282525633
0.0012542650883576923
-0.0002742914250232924
0.005022506033668623
0.005335519292741558
0.002777286457479674
0.0014709643322696492
-8.395335600019342e-05
-0.0026627372487652875
-0.004489874823429153
0.0010327816425790032
0.0072319229187247066
0.006409207477133114
0.005966416173998504
0.0064965758062568045
0.003700429935795898
0.002331557490037747
0.0011127607942220852
-0.009089718912894914
-0.00919370368759311
-0.013990894083057554
-0.017597618826829288
-0.014828722716535124
-0.014410022361429397
-0.014743637102828137
-0.011222789713779945
-0.013210441923652949
-0.008015348517612163
-0.014191719612694756
-0.01222036894415604
-0.008231845831299496
-0.008315057988332196
-0.001670184152176263
-0.002730321396290808
0.0004602224775527476
-0.004035536984330647
-0.014907157010785632
-0.012626735097397679
-0.019915170805654914
-0.02447298945284506
-0.029175882806082215
-0.032838414978389456
-1.0
-0.02917715323264853
-0.029144200041285595
-1.0
-0.028622982668021425
-0.02845410004802845
-0.03058698945797148
-0.029336741357881797
-0.029018103967079496
-0.029445439120490666
-0.02421519983824047
-0.02672342056500846
-0.024913936167358597
-0.028685829427119478
-0.027890653084878238
-0.02635941803268201
-0.02860417773575269
-1.0
-0.013234680141441213
-0.015290156376864117
-0.008332432847885258
0.0004974599523248676
-0.0036684140742737083
0.0032073216652481725
0.008794675217974442
0.009448251607355166
0.009882829448816821
0.015019457721148308
0.009129215429388117
-1.0
0.009325375221425168
0.01104915269795879
0.013150322867700903
0.01140966072368853
0.011609928856453849
0.00997817172405969
0.014710306613283255
0.016455913026127058
0.014907017788772268
0.014218016923620867
0.019557194307527954
0.016732875033991616
0.015907768007062825
0.01599919777079289
0.014695133792185936
0.014380004325232247
0.017352848273413105
0.014457280893932948
0.014111779752376194
0.016419479299822962
0.01763687836217591
0.020193480006465526
0.017689073804659786
0.01947020096638538
-1.0
0.01859647267455631
0.018096552743793237
0.02364526482073851
0.0206893890106819
0.02149485685417704
0.020755173244410015
0.021494044780287835
-1.0
0.01556552845032855
0.01954537241135889
0.018656570259889944
0.018488088718606053
0.018954241801648217
0.02259858985004572
0.01976909922477624
0.021130312525758074
0.022805450541306685
0.023586292298201694
0.021627127355377643
0.022544072813235113
0.018231272272469394
0.019439365986118593
0.02357362915757827
0.021295560384918272
0.019470970240596828
0.021675592753259032
0.01740151950104588
0.01938325621504951
0.01964036155876228
0.022063780484749572
0.021027741929697644
0.0225302722057467
0.01855704816392628
0.023060918061484588
0.016533561981033673
0.01733250355795793
0.010272274096976942
0.003762348913038896
-0.0016915503833358893
-0.0014896598546454305
-0.008527786400887107
-0.00377448815623522
-1.0
-0.0015509132647067824
-0.002299507912950052
-0.004227280719405558
-0.006333544951742384
-0.006162825403149969
-0.008437873063921063
-0.011197247713261008
-0.005998832594748541
-0.009418045255797562
-0.010580469090490876
-0.011281915891432405
-1.0
-0.01044541881460444
-0.013206759570433343
-0.0024798036307514724
-0.003721751222117341
0.003967199697592057
0.0011316348008353209
-0.002552111552751156
0.000660124428803684
-7.97015902375243e-05
0.0015457487151304692
0.0006607015666755298
0.00881196295148616
0.007990578075647145
0.004754130211930426
0.0032150705189479935
-1.7871615178636492e-05
0.0017142745727193305
-0.005226256449017436
-0.007028637193519697
0.0015628246654125308
0.0009701886647980881
-0.0008973926348445558
0.003848978189863435
-0.0010298251783933685
0.006737878433279727
0.008455679469444838
0.009349200412463432
0.014084148405234214
0.012533054799769733
0.011698977820222863
0.01009702275272491
0.01001887847371478
0.014493808200537726
0.018292682804028813
0.014854358701631066
0.018199244893549557
0.014011857918697454
0.013389104849987205
0.014070859110205515
0.012714902524551583
-1.0
0.013824936339720137
-1.0
0.016742806703391126
0.011193284492739526
0.015450087223446225
0.013086304443707425
0.014922204906111024
0.010876443265645602
0.017447307395100285
0.009163064293528166
0.010995048525706062
0.010467799607418091
0.00709927813939516
0.006277955476097088
0.012026297317824447
0.011269952440988044
0.012142105898736247
0.01304509103219434
0.010505759282138162
0.014777387417380777
0.01493527615811871
0.020612865602812804
0.01661884038117711
0.02059844842894868
0.018209665334964268
0.013560062987153731
0.013735957112716591
0.012400112347038795
0.01346979848856289
0.01199045986182981
0.01510172596738113
0.010737479820862263
0.011711758180122676
0.011869529661154942
0.011182542745401106
0.006861707564947204
0.009560761566622696
0.006128035882419363
0.013136880246821808
0.010911175684232416
0.012474931580381252
0.013801904880553145
0.010551213836917752
0.0060992314050796375
0.007325269527948134
0.006754896697751771
0.011372682173974955
0.011321602674322724
0.005129982647565119
0.009703076759007272
0.009333780686710152
0.0032291654929598812
0.003226964084816481
0.008563029075619875
0.009190429037993438
0.009754923976938938
0.008110166579884035
0.005092621259485201
0.0027919065571594417
0.005871661385163629
0.006044071216664491
0.006555761679309769
0.005210412628203047
0.0033007314350057696
0.004980396566310319
0.008091729239699053
0.010180181896537268
0.00547827734938468
0.006379700295967462
0.003059378464422893
0.004008109585114738
-0.00012687240760638147
-1.0
0.001490547182911211
0.0009873591983913521
-0.002222851456698191
-0.006631394079258817
-0.0032552318036157277
-0.00623584309086836
-0.005139321517994388
-0.008994356654228645
-0.0045758464288730765
-0.006594227678683518
-0.00800102827916776
-0.01007655235063307
-0.004206036315655173
-0.012638812961599527
-0.005752936357964599
-0.012350586238975938
-0.010478781495734047
-0.011111393687117097
-0.013112119517846188
-0.013935669132913405
-0.012637464314365555
-0.010652265129193879
-0.010236712262309553
-1.0
-0.013695350665424582
-0.008002616011427289
-0.001792200110924963
-0.0073263497870064845
-0.010630120154338599
-0.008850978617877092
-0.011146419179995667
-0.00898454057408937
-0.010713773405950054
-0.0138198820576759
-0.016871528853445093
-0.013525452524748205
-1.0
-0.013102513398029102
-0.009691461509827123
-0.014485198307186375
-0.007482960024803854
-0.006229211618179686
-0.005414926485004365
-0.005989063201964078
-0.004924643071356568
-0.010201471897487404
-0.015724035642121506
-0.013206680212415518
-0.007578833587573541
-0.015799559837021165
-0.01327397370016824
-0.012836693815870779
-0.015205596190539284
-0.013195164065934035
-0.01299414151500167
-0.009871215682203624
-0.012496788209665991
-0.010493391649674985
-0.012592996903376145
-0.014425506946314412
-0.010891694716712901
-0.01737003517429081
-0.020036009309058595
-0.019038874926802427
-0.0171691074063174
-0.018070862881179105
-0.017273873121932584
-0.010015795373895641
-0.019598742571702972
-0.010208014809095502
-0.008829867442157692
-0.0011681345315826869
-1.0
0.0063168485316622
0.0010922050146173954
0.0015718458013133394
-0.0015104048477728746
-0.0042579876917942005
-0.007698899501642758
-0.011625175503299485
-0.012296907138725888
-0.01013082138947465
-0.010694725304459154
-0.016081755914299844
-0.01701670020566273
-0.020416776799745923
-0.018836519193447487
-0.017929044774259197
-0.014231115013482808
-0.011882383973700117
-0.005759697759947684
-0.004364333394176273
0.001813038590975777
-0.00010273722653266996
0.0013567532013491431
-0.006047929338535058
-0.0008517977522922053
6.723089315446665e-05
0.00389257776660585
0.006922024227295173
0.017997698000927997
0.01668217356816873
0.01224188535209682
0.01072073764890528
0.01341803063680426
0.006281826549051739
0.012075262027478682
0.012676222735412484
0.01204167896884234
0.014141438380529647
0.008839939764241038
0.009602303594361422
0.015574240520589009
0.01420459057549107
0.01657438268766626
0.013939788125412212
0.016019612021169822
0.017402455699749266
0.014937442474014807
0.01993438169855406
-1.0
0.016585264617396445
0.0129152910679904
0.011688252665448418
0.00762157137526019
0.016655652624118385
0.006572483885348916
0.003283964118715288
0.006178888103887132
0.00794979818279149
0.006446988424753749
-0.00040438913728750077
0.0026807655170443968
0.0004355559312477582
0.0026920614104567722
0.0030402406630520916
-0.0009304000126042903
0.009905256260453691
0.002243070012904403
0.0005033224988097182
0.0004964021088195772
0.0020524876892815836
-0.00318830224410228
-0.001738862206105317
0.0025823236538513442
0.003805945572900012
0.004771985414072794
0.005519136627764517
0.0037597967831927656
0.003576260036666604
0.0043090902582124824
-1.0
0.006185749286450753
0.0091979781532331
0.013487443352571798
0.011691620576020455
0.013321746073845743
0.008295893144908901
7.23752669228059e-05
0.006254855356543635
0.004439031984774714
0.002052742260930605
0.004885792479487716
0.0030254829064437798
0.004127707497515925
0.011389350011912327
0.014770479347856313
0.010913352213985322
0.00850987506164243
0.009812071010640393
0.01081715412054984
0.01207533810622813
0.017258823039388325
0.013719783737260008
0.014524367045699144
0.015733200627893684
0.012631323211892106
0.01728009901574694
0.01614061769826071
0.009664726977793591
0.01541832988840553
0.017840452939059316
0.01186679320789725
0.013193040997986238
0.014955906926486141
0.012231727187398036
0.011581007582743406
0.011335673678611564
0.011994825020572097
0.013135340991772094
0.013516358134458029
0.01354139001558288
0.01624205791169781
0.01542093178453044
0.01318603798096519
0.016994109774205457
0.017044668675467847
0.012317177933619507
0.008869752403660126
0.010239368877658738
0.018334852052483176
0.018421351294456302
0.020639452816392057
0.012444826182690058
0.018796834880408404
0.014723308571350256
0.015286792572241957
0.019096124776529645
0.019109472392570843
0.016646408548276422
0.01867419987116452
0.014183528762596778
0.021164355279415948
0.01852343853918364
0.018403049241368555
0.016780873358457696
0.01486600800861667
0.01840631898870805
0.02041097260165952
0.018230076327229307
0.018087838492503686
0.015871299056999133
0.018280958759894526
0.02073949622916195
0.024579268210052074
0.016587905979507583
0.0183953579711383
0.02010610134265007
0.022594809421154025
0.023190888613255415
0.02282367839730517
0.01693312535847182
0.022614314231477944
0.022948587758692622
-1.0
0.020951803241235373
0.020346013375073944
0.020167719623668222
0.01877099017938513
0.01687294649968252
0.018227011857874415
0.019142417048191713
0.020607460608147332
0.01682304021376321
0.01948862765624847
0.02463583289422398
0.024053474457293677
0.019399691328338065
-1.0
-1.0
0.018079487372868967
0.01546627747131849
0.01826160974680447
-1.0
-1.0
-1.0
-1.0
0.019368779249885452
0.020839515940075663
0.02189072292868815
0.024760836175865504
0.018822510377943753
0.02521385796806771
0.02020374574038065
0.024497468703813717
0.024054338963169955
0.01836109979682621
0.01939472849801969
0.02110052404992832
0.01933585730178883
0.022929209773720167
0.023029756023484213
0.02281514991302963
0.022875840705390508
0.024163360735860784
0.017478184196872033
0.021558829094723262
-1.0
0.021746034467249008
0.017989502446644406
0.02473212289295406
0.018618341938446876
0.020106243097393145
0.02124160664961868
0.024089141742579097
0.01702773463463011
0.02240779374832501
0.02176350964937546
0.0211564211477003
0.020347089276067622
0.02510620153967958
0.021976531489281442
0.019639019942242555
0.01827851836347869
0.020015181729896442
0.023751646635099825
0.018444899552485315
0.020905032553048826
0.020078807462348223
0.021462365406251828
0.02250453525743891
0.02057949662641494
0.024202809837341032
0.018772968937227307
0.01718758174107019
0.02381308249960907
0.018794085242276815
0.022254376621439503
0.022923697953918163
0.019961662589089397
0.022413766615961436
0.016104857877465992
0.015785729187055317
0.01813308850856567
0.012534949720157822
0.015133202237618154
0.0177191544910421
0.00414067079058683
0.013748827558755535
0.020145653091743092
0.012791848863362754
0.01999407186311987
0.01194586787652131
0.01394008170944122
0.017828997722800267
0.01525841848577392
0.0182673808829307
0.019293157626090553
0.01985072782165665
0.020663512218851637
0.021678349779189005
0.01929399667904738
0.017826979342171482
0.018081274772743024
-1.0
0.01393937301499429
0.01664655926168949
0.017464737380416467
0.013051688913054658
0.016675594323591635
0.02103297721650467
0.020277628588044005
0.01910506382087386
0.016874147632604638
0.020015841956590612
0.016830169989320756
0.018238478461042706
0.018590386736508393
0.016311575419088814
0.017356945497246503
0.01801482903140572
0.015109189214639445
0.014613765880227203
0.015925380428914535
0.018481634914108504
0.016642733153811387
0.014347505011453507
0.011565657882774224
0.012405542954767531
0.017391127534599017
0.008984324132175446
0.01349835369335624
0.01117484608887749
0.013228997717816748
0.011911671013026422
0.013705372793023975
0.016178983636125167
0.014273589154834877
0.015374714126856629
0.017344395482892003
0.015443744599255483
0.016139106993651463
0.017193114525772196
-1.0
0.019630441781735185
0.02290378785190483
0.017323287994294907
0.017015331513861493
-1.0
0.020789974640896314
0.019622424990763367
0.018350252612374968
0.01847110035236286
0.021421868841384643
0.021052434736600633
0.020244075133599656
0.018952847962692494
0.02657869099870647
0.01956826644004046
0.022203604229120138
0.02338297918977728
0.022745646086365232
0.0214412051309745
0.018145566811047408
0.02150840549859593
0.019247415219377242
0.02168802827833125
0.018950357099699364
0.019457718159158293
0.01369521046643447
0.01909476548441826
0.01852331007321651
0.017121567374775944
0.020028330743699734
0.01917918663077618
0.016170788306275143
0.02008722837290326
0.01670813510610404
0.020466212615588297
0.025191952939915822
0.02067203772552281
0.018002271258199455
0.022829610438780908
0.02421974518784847
0.016393432068869708
0.021141640091031914
0.020526559501880832
0.01918221225629364
0.022431474216053366
0.01781884106692491
0.023573651836294427
0.020506773883266136
0.023058758504439503
0.021294380302161835
0.022962786596115788
0.02182864547929737
0.02054405973640552
0.022400021796203793
0.026358872299066825
-1.0
-1.0
0.019677921126539055
-1.0
-1.0
-1.0
-1.0
-1.0
-1.0
0.023786182859457043
-1.0
0.02347806638233044
0.019623934409411733
0.017687800654847503
0.013715218317374798
0.015021340128315571
-1.0
-1.0
0.011148080788201353
0.012816685546150059
0.01654033644748114
0.01800287014365784
0.016189025494018034
0.016928771818933697
0.014776055038007377
0.01650488118336071
0.014270899164963465
0.009307560818344919
0.016491724334397946
0.014939463390170873
0.020786243271746448
0.021110088683084473
0.020081499200425908
0.0208102381405704
0.018756742666368304
0.021549086784310813
0.016227117093084616
0.016151721256615213
0.022350841536594248
0.016696139457587515
0.0159134296768808
0.01780850460940823
0.017959944076505186
0.019151440456012078
0.017759420505074515
0.019503512855936076
0.014533623165963993
-1.0
-1.0
-1.0
0.013751452798175476
0.017952817181865827
0.01682253244652586
0.0178478244350861
0.023202055816383696
0.01513297977591575
0.018319520838634147
0.02218406057203353
0.02250034820285841
0.020047163875516007
0.02162682879394125
0.01255584720140094
0.018548909882577385
0.013923563814901589
0.010311928140053363
0.009157430818009316
0.004746853145823641
0.008126862611712228
0.011063735082519713
0.009523316496746615
0.00578429821043255
0.004091898200716851
0.0005776964214063576
0.0047114897520066715
0.0011148971485055066
0.004719587971936011
0.008647190004993628
0.0011034286325355468
0.003533461724865045
0.006809953307711659
0.008680476184798065
0.0003498821199921905
0.009709050735353828
0.00046824734272767163
-0.006619802859734505
-0.001666829145329134
0.0014696152312947556
0.0011896347933067516
0.0023797998315459915
0.006354497695985571
0.005213916653239655
0.001107661766913202
0.001509964722703309
0.004851954065761377
-0.0016973258249220497
0.00041987098243219856
0.00551932729945906
0.0005753395175236246
-0.001644152792738245
0.0009319665221533714
-1.0
0.0013266213458051714
-0.0029308345696750617
0.006978289346388194
0.009174101701197273
0.003085157413509728
0.008144866012070666
0.006936307185080237
0.012402733714167655
0.012189036136106057
0.013719167333176257
0.013829624757065919
0.020300954236835696
0.020719495788099108
0.018010646773966535
0.017487758920452075
0.019414781689670438
0.02075855132132285
0.018194277009423082
0.018156927906175558
0.02005656607154504
0.015845280720022566
0.018170590599847627
0.018816086077863572
-1.0
0.018650284671253885
0.02087055992047748
0.020225483511188438
0.01601513579630263
-1.0
0.017557887372907532
0.019810894701704686
0.023810716137985598
0.020487080735075543
0.01812547398513045
0.015235089902180716
0.01300125900776696
0.011270420237449936
0.010320138747308902
0.016296929881852933
0.01320714097159375
0.01797248689694431
0.015831121604422807
0.020725125976679644
0.015666933190409023
0.016254792224848446
0.022556151321250446
0.01614892595687852
0.01262577503901488
0.01598490478261477
0.02128531774869058
-1.0
0.0216068872304721
0.025985537126171885
0.026333500009491487
0.022884247807210465
0.02151708603224133
-1.0
0.01483042000250418
0.02193657388749692
0.023930924559917088
0.023664436545789595
0.023035086061285362
0.02325586625655677
0.024244970602928385
0.02371956037365758
-1.0
0.023596356458549166
0.026442327515316763
0.0240652371183566
0.023129706670212052
0.025225866136174658
0.01965506729636963
0.02231140797814258
0.028723565643796196
0.022456786062514496
0.026885942368333655
0.024821256162520018
0.024453487942601722
0.02139395367860102
0.02594091203731199
0.020427244845080076
0.02269279761173565
0.02197092177132788
0.02331983439951951
0.020275824234197267
-1.0
0.02290381664442803
0.021279832671927578
0.019035490630423608
0.02345085003865309
0.02199528492038461
0.026693731902798636
0.022477661714794844
0.026576874454811727
0.025082771114407973
0.020380380525225086
0.02100439762267743
0.021509197949653055
0.026167073196549522
0.021324521771140532
0.018508588255274863
0.018799260533732043
0.023162064473328806
0.023402783926973873
0.023177114254693224
0.019935660449691403
0.021886161286091256
0.026450676436126995
0.019655889033572023
0.02128417833897096
0.022847488622132216
0.021726508331387537
0.017313593272700097
0.022471968511697294
0.022634859432957618
0.027630508113732258
0.02164207653557877
0.02847980273612204
0.023829010522524872
0.024470139478911343
-1.0
0.021587945251867496
0.02245170591617982
0.013939570046179062
0.018078601782694808
0.017563313715929202
0.01921795598144023
0.021944113188285676
0.018540048920827588
-1.0
0.022468603636366432
0.02295520101626369
0.020695379875039686
0.021118553899074105
0.02154970795906785
0.020802032609534615
0.017175393510109653
0.015426671486220378
0.020612839405426003
0.01854237437077662
0.018967189889325678
0.016126659087172597
0.0189169827622225
0.020556082755843048
0.0249588452781178
0.028189111583482224
0.025056889000543675
0.020373778926119746
0.025323440706886927
0.0259109042769678
0.023001208804659428
-1.0
-1.0
0.027333417611927063
0.023332256478926935
0.023885639126470307
0.024231828050378667
0.01572909009637775
0.02286753993794999
0.02096047917879611
0.01903566922755341
0.02249057939666832
0.020623384874887008
0.017852416058941615
0.0204762803240869
0.01536155408440234
0.019329658269535727
0.017751991122132944
0.01832483234568252
0.014826853049944175
0.02456875031400295
0.01580532366746987
-1.0
0.017259719671710402
0.019982636066402177
0.019256557706410125
0.019519719510212908
-1.0
-1.0
-1.0
-1.0
-1.0
-1.0
-1.0
-1.0
0.018781569662302825
-1.0
0.02365071199707045
0.01683260730512928
-1.0
-1.0
-1.0
-1.0
-1.0
-1.0
-1.0
0.008302991528828005
0.003064065959468006
-0.0029901189136303883
-0.00525139986564168
-0.009892903483490745
-0.008550000527430993
-0.010364078313921238
-0.006569465893216635
-0.009883857722014486
-0.008884319773371972
-0.0011422076517608496
-0.007654453927340499
-0.00748760538126547
-0.011831208945651496
-0.01790936878511723
-0.017588185854788378
-0.020906224477995984
-0.01911191060020311
-0.01675938139813912
-0.013194780822803807
-0.017690527204104807
-0.01241603956168186
-0.02024206539720079
-0.02441400426565615
-0.024250270971931803
-0.024453379003661107
-0.028868545929819207
-0.029928436881693013
-0.030533416669396
-0.03130042008627554
-0.031059379821438336
-0.029670246725642738
-0.027521692963041786
-0.029309879884911474
-0.031564847899247614
-0.029581275744844815
-0.026225568449739587
-0.021460763089405973
-0.028961689912637013
-0.03326068151466919
-0.027312969234390375
-0.028944675025815467
-0.023640020753849855
-0.026691703023413466
-0.024057860581528975
-0.023280826910378957
-0.022099781924205673
-0.02593572240655665
-0.02493917041738908
-0.026108844383845153
-0.022800705116219056
-0.02781790299480403
-0.023712996172035573
-0.020740411295811192
-0.023583850639355454
-1.0
-0.020332270306119064
-0.024977646212049575
-0.020626238141003696
-0.02115971819341035
-0.013788804017843154
-0.01129888558180925
-0.003433400776662206
-0.01301967637853738
-1.0
-0.018379589237429234
-0.019864795273583633
-0.014401380235592167
-0.015873506525760507
-0.023759499546405258
-0.020506761809935627
-0.018694791247065135
-0.020845294931504617
-0.023807519688491815
-0.019299816214514265
-0.019741418258581177
-0.02056580881010063
-0.023442949170348344
-0.02208417644619995
-0.024744897058474553
-0.022702452663690163
-0.02196475769258118
-0.018356903812358234
-0.016471226589123315
-0.01832355982960936
-0.01568432221076438
-0.023488873582335132
-0.01650694534704491
-0.0190627596578581
-0.013948012630418423
-0.017044517156653498
-0.008423924417962504
-0.015491268616517668
-0.017864251594158713
-0.01823699236166832
-0.017424172304831984
-0.013992437161809599
-0.018725986645810294
-0.02353964282328486
-0.02146520445618116
-0.020058271267967633
-0.02162045179788045
-0.01808671388024574
-0.018818208563949387
-0.016899024495551557
-0.022194534174552333
-0.01438387325787234
-0.016812214093542513
-0.018424518767551707
-0.018682193175070777
-0.01303305898915271
-0.018184985168433015
-0.02061713132673397
-0.023630534125178737
-0.01793148517487093
-0.018606027357802132
-0.017308850025777648
-0.014498114556774598
-0.024318968276762516
-0.021906257296833175
-0.018494625079883566
-0.02204272654609264
-0.023378144265561413
-0.02497014225062164
-0.01913317464000959
-0.020455364636576667
-0.024016330321749345
-0.02101687778909099
-0.029693863073071806
-0.023133516618307173
-0.01816558212081046
-0.023183271756047542
-0.02199830863050129
-0.01886809818141151
-0.027006922942153688
-0.020311463702650218
-0.02311558211996904
-0.020966002780481358
-1.0
-0.021537877585725732
-0.021919219240132185
-0.01814626914878033
-0.02209514135904581
-0.021644381184507244
-0.017402344576292576
-0.016089823160743224
-0.013882805779753002
-0.008205859112614408
-0.007995880666182512
-0.007451121094716641
-0.0061890870820761595
-0.006213630459836224
-0.006898855083804104
-0.005089027141982504
0.00048367765575178887
-0.0026580437364324624
-0.006476621107881574
-0.009087015390310706
-0.013714771331981068
-0.01208630885893898
-0.009532273370756813
-0.008326649956140617
-0.008953798424912023
-0.007736327174074226
-0.015401422834204974
-0.01483590488547
-0.016001512520040173
-0.021312682441166554
-0.01225681415734606
-0.0213498458390393
-0.011823425889304675
-0.01643487750976329
-0.018637850057725655
-0.017717783443389257
-0.01880306168575185
-0.02182223412304988
-0.015736794328853002
-0.018705098123413595
-0.020550485528660716
-1.0
-1.0
-0.01648676510045264
-0.021472480345763434
-0.024766333123257853
-0.019692582841281076
-0.0186340642219769
-0.021602619938108737
-0.020586045913814487
-0.018355371100927484
-0.02640554564222096
-0.018953522124813337
-0.020651865236243207
-0.01995834917466747
-0.021736473969175153
-0.02288841105785832
-0.025875789359905886
-0.028451897525507412
-0.02538241169336596
-0.0228308676429743
-0.02183369221720348
-0.025005102012799537
-0.02783838725688641
-0.01918803830518773
-0.022506544250890808
-0.026193420544456822
-0.02580392578836669
-0.025535325700219914
-0.02879545692013582
-0.0229796853588573
-0.023970723054826063
-0.019499365593142807
-0.022935066670755407
-0.023559684844782
-0.020354591166997484
-0.017788903470519698
-0.024072455307528683
-0.02036824867365812
-0.026778136567123155
-0.018525143857718803
-0.025372274793696505
-0.022034198644800315
-0.01938501489035446
-0.020028485972102845
-0.02719031526562321
-0.017064686518291215
-0.020917732958887273
-0.02249061148844324
-0.020742322326721886
-0.01951215336034058
-0.021790464394814583
-0.02280626351586243
-0.02204190964027714
-0.021705055848043008
-0.023256782107563698
-0.018006967657034877
-0.020687758860770396
-0.020177648336471704
-0.024755042262096554
-0.02174391527769415
-0.018494080088152204
-0.021601088108575646
-0.02048717913112908
-0.01731643161625324
-0.02638179762920133
-0.023939332980608373
-0.024661266597957324
-0.02185799582017844
-0.018312254796208908
-0.022058630054044407
-0.01706713569655989
-0.024009347551083658
-0.012363347903710655
-0.018870362511827388
-0.005862748778113049
-0.005899100328344443
-0.008124260229217625
-0.013921456946163329
-0.015615694393102581
-0.01457269956650219
-0.018954425620467657
-0.023142798307139875
-0.020571982971840836
-0.017270754832627366
-0.02145505953746853
-0.02159204364689533
-0.019727765857351382
-0.01940340013591532
-0.020402985671127832
-0.017374035341092085
-0.01227940735800692
-0.01471958776351931
-0.016631127225291715
-0.01985063878399495
-0.016393569963289344
-0.01170903162940374
-0.009512130975744262
-0.014087103861795127
-0.010784491755357114
-0.012899207036596683
-0.011622704385555974
-0.009554449729729445
-0.004200358968532681
0.002831554446404049
0.006905954795633943
0.007124403006651664
0.010675240362483261
0.011633267451766955
0.009658828025195009
0.010218594202580391
0.008606908133584118
0.01108643581955608
0.01030026637097926
0.009556673678727685
0.01187367139459597
0.013298016874646728
0.011847754552298868
0.007371111180833142
0.009852691446877731
0.006019640241478962
0.011344788385684756
0.004913878315885618
-0.00404360668425967
-0.0077168014245236225
-0.009685773471250634
-0.013051343029309962
-0.011105248368326796
-0.00935564316223955
-0.00775572681655843
-0.008045456305659802
0.0028678897340288787
0.0035206703100909872
-0.003241880474603234
-0.0029020444434692916
-0.006263837242953356
-1.8222231714596183e-05
-0.000833528404590791
0.005174411838643112
0.0019113567810605402
-0.0028597618987553633
-0.007701321088576367
-0.014193294005090153
-0.004711669445998975
-0.011905623841001687
-0.005672775284989837
0.005156938686465544
0.008890765260326087
0.0034525304623265218
0.006036420830123925
-0.0022163801196738208
0.002511391917193079
0.0049975557666612925
0.01140775877351706
0.00018049466762339083
-0.0032621497733548005
-0.008456339641207457
-0.007573426531125808
-0.011068465939578389
-0.012303721064150158
-0.011752227606550012
-0.012440292322264124
-0.01659395720671982
-0.02076842799370318
-1.0
-0.014868556094756845
-0.0188940112210869
-0.020744436132774713
-0.02361628766216143
-0.019795228118354876
-0.02038810800140334
-0.022070487281442473
-0.022032026819752935
-0.01831625708134798
-0.02117772128077874
-0.022128557644179984
-0.018346383853196445
-0.01675165503922046
-0.022709008838475573
-0.02166227582524469
-0.01942898179563586
-0.01807662591272513
-0.02650963094111138
-0.023766554272086734
-0.022864390825907858
-0.02294015935975633
-0.028605922643492515
-0.024069722666725486
-0.02264265443153353
-0.0308728551499884
-0.030126114052147848
-0.030669387939733516
-0.02895245979127441
-0.02747102804252802
-0.028174372886683084
-0.031196305361153476
-0.029395867253931878
-0.028686867599738184
-0.03393263923481388
-0.030601594033768748
-0.03033838133136779
-0.02878805837701454
-0.03157076351166374
-0.026236885462442953
-0.02441137286461359
-0.027027172624644547
-0.025710150987657304
-0.02469510608210572
-0.026210135789035683
-0.025506225032118635
-0.020847428991447137
-0.029591360792500077
-0.026177809852120634
-0.025455865225828572
-0.028958949182020362
-0.03148479382489141
-0.02823348032859339
-0.024672200654356588
-0.02552823908684061
-0.029755791653767055
-0.020466170791884404
-0.025902597444040096
-0.03032165761348777
-0.02443811531502906
-0.02415048815566449
-0.020571190278008317
-0.021964913190102547
-0.024898806826715386
-0.023589021361860852
-0.025420289591353822
-0.02387533142589996
-0.02532514714277757
-0.022020647953119678
-0.024348426568190612
-0.023040990765182914
-0.023916222964623386
-0.021792138198200982
-0.022046883365683185
-0.023288867504484875
-0.022883857734127957
-0.022061579821266226
-0.021209865711902174
-0.016391384948614227
-0.015304712826880396
-0.017689775139076314
-0.0233921692926113
-0.025092003086138622
-0.024311487743251273
-0.019452239026241346
-0.022051434506077452
-0.019523867307161186
-0.014413200738992963
-0.01968954030973503
-0.016432757271679553
-0.018748288462027907
-0.018161266514660906
-0.019608544679203838
-0.025010853739024966
-0.018845521586495745
-0.02010735579885198
-0.018556287645466494
-0.02122944187690704
-0.015510862098691935
-0.019216834779557674
-1.0
-1.0
-1.0
-1.0
-1.0
-1.0
-0.022621468599902887
-0.02331739253376601
-0.022396444938193708
-0.019632052602286724
-0.02453128354605359
-0.028614918609312714
-0.020411249648515695
-0.026818066118403972
-0.02130682216635661
-0.02856361884897854
-0.01933233096463103
-0.024115273648428612
-0.021917403338688433
-0.024276139040525987
-0.02090316730757165
-0.023636480804411077
-0.023348863383498772
-0.025745258350150513
-0.020886753679299336
-0.01735750313049857
-0.02443941424806528
-0.019648180503923605
-0.019157909794912702
-0.015155194274812296
-0.01668018372079014
-0.02046373011084597
-0.011660513063881169
-0.011146470959431862
-0.005707312723216191
-0.007488613309838419
-0.005023840489341369
-0.007687498787572955
-0.0056780779982132995
0.0028744548400709688
0.003024713261106249
-0.005331342997941765
-0.012545312607042563
-0.007445331112567877
-0.01677117803420032
-0.013736485745648577
-0.018905014942992876
-0.017209245414932205
-0.014889194569199798
-0.01452006042020786
-0.017894210521557534
-0.02068324286721781
-0.020946424652795916
-0.017688331136014587
-0.02142023917630361
-0.024248379409064862
-0.01924895240637634
-0.02130473404811679
-0.020000597942779152
-0.02138299208660548
-0.018012619245150917
-0.015219747119040908
-0.0170931073660378
-0.016125908365399247
-0.023625761154253105
-0.023996999359797443
-0.0208763473239465
-0.018444449484529668
-0.022436540534039453
-0.025780647400500536
-0.0180016005755915
-0.02601786065700178
-0.01995209789066946
-0.02802974636788753
-0.02005940223158839
-0.020855498888257308
-0.01995088705265511
-0.023010475529117433
-0.02385840701922592
-0.019653438978031262
-0.019247596922182603
-0.019905185372700137
-0.018857404191278366
-0.017041211256367213
-0.01863982091617317
-0.018323902968880885
-0.011532019229200566
-0.009556824658272097
-0.004604122895804111
-0.007345462410306465
-0.0028143491290861635
-0.015401575124072002
-0.016101187020147067
-0.015251456695402964
-0.01502646483498284
-0.013195548889315907
-0.018829175451742033
-0.021946587162405422
-0.020878080738776537
-0.021879261071301198
-0.021186684596162183
-0.019162606590489475
-0.016632013672534703
-0.019986313705908722
-0.01787471449049381
-0.020922177209856636
-0.019237433027986327
-0.014312124693487116
-0.013794552913304226
-0.014906952923949945
-0.017267058764742237
-0.015670258985527857
-0.014937636338284512
-0.01631323473377246
-0.01676739727683923
-0.018794789549734903
-0.01285285838943751
-0.014911910537797073
-0.008130021974358921
-0.015280733814888751
-0.018542540390237755
-0.014677616328707555
-0.018877662143281543
-0.008321910772133961
-1.0
-0.006382459635607624
-0.004794588114081116
-0.008271282055118725
-0.006468279082877305
-0.0074708124320630774
-0.008244106707469098
-0.010619234842854331
-0.010427541821116753
-0.013788266742454426
-0.01472922030512229
-0.01411517015725692
-0.012478757774084664
-0.01365355490454529
-0.014097333093699317
-0.020011872170233563
-0.017306510066836485
-0.020928179563587602
-0.024553114537921826
-0.024713124743979152
-0.021200350776841886
-0.022573898326203483
-0.024007543236118097
-0.024298925088300713
-0.03016595092148517
-0.0223294512807685
-0.0179319444889358
-0.02533073328518297
-0.027914556818094283
-0.02315056687036665
-0.023505585438179922
-0.017628458199562363
-0.0184194752197042
-0.021706997072436705
-0.020575129095519815
-0.02390720146026041
-0.021915529512315516
-0.020503378419936064
-0.023156729176429303
-0.021144642104630677
-0.026548902789841712
-0.01703733384016726
-0.01965866103582567
-0.01906955742468753
-1.0
-0.018226179852513635
-0.01437861590173977
-0.011472402069135586
-0.009611894762903512
0.00017260318721409572
-0.000385201383907474
-0.00012359128379911224
-0.0013242021298844713
0.0010483845828881807
0.0025397263480267844
0.0009324799385943311
-0.012315810684987933
-0.013008320598726943
-0.012774481539571734
-0.016604011871722984
-0.018122462722800953
-0.022616593411821526
-0.018128716642456036
-0.022818760693014754
-0.023554127477465867
-0.020346166634339885
-0.021981332619181743
-0.020845526638319845
-0.024488108509237955
-0.022094834778546006
-0.026258846845930144
-0.02535734006334103
-0.02054402966415273
-0.020187396471409474
-0.02380726993550352
-1.0
-0.028138800833273064
-0.02160996888991652
-0.02830246734334035
-0.024420711656121315
-0.024672181827890036
-0.030359453187257527
-0.02520553795838485
-0.02137436049075243
-0.01964567605519058
-0.021329677040832502
-0.021917445325419005
-0.024135957096347013
-0.025789691421287016
-0.029302650989048436
-0.02481588024078045
-0.018551993607370722
-0.024786117393251275
-0.01897500133324239
-0.026848590972558664
-0.025405408439050866
-0.02240547369256486
-0.02465998914961562
-0.024864745218378583
-0.026362543024837818
-0.025409051633428194
-0.02745294260497532
-0.0280975262067937
-0.028418339732793483
-0.03044288845298705
-0.02987669833296852
-0.022652890594294456
-0.025214059107471654
-0.027316121958245503
-0.026016114683918793
-0.024296098733562026
-0.022663072680905248
-0.034617204565537116
-0.028658953368928285
-0.025853020359533685
-0.02512449210982774
-0.027553521206725985
-0.029008723091807805
-0.024321082409444184
-1.0
-0.024419787285880068
-0.028819833627015727
-0.023755932905551815
-0.027451790580435516
-0.030334578498586735
-0.025702988180805117
-0.02510762258619529
-0.026703240633671285
-0.029723958150213215
-0.023703398587079347
-0.027015643223038528
-0.02656258011717003
-0.0224803197967928
-0.0250955415966123
-0.02583585668815457
-0.022124071780394116
-0.027884953222170536
-0.029224846664891224
-0.03122665605098916
-0.027832732901704314
-0.030604837038167874
-0.028902887643835598
-0.028054769654261243
-0.024673010109093476
-0.030735967308340967
-0.030732982974154676
-0.02760217001190662
-0.02841169575930426
-0.02614329870228119
-0.02903102226178314
-0.027718049781521002
-0.024651629357675044
-0.020800104841928697
-0.026187623667409447
-0.027711905252978005
-0.026494949977829245
-0.028693131267594436
-0.029403379089788056
-0.027266558458126304
-0.03175864040352195
-0.021886527783284024
-0.0275162058414961
-0.029723961120198046
-0.029038015787191715
-0.026538193064826885
-0.024294154570649942
-0.02245528252626562
-0.020900592352962228
-0.0226433069617199
-0.023387553980487676
-0.0254661945788841
-0.02767062207922721
-0.0351954579901784
-0.02362879196808715
-0.02957287327502398
-0.025493012679780307
-0.023079070800575557
-0.019266539824191183
-0.01825406699860428
-0.017956846875798026
-0.016670779709639785
-0.019725134418405402
-0.0183994113906068
-0.01802894040329234
-0.018238924512349767
-0.021374449118651433
-0.022652461340515278
-0.01559681810831605
-0.01876347867982909
-0.020051202846102453
-0.021069589822749996
-0.01975859872285312
-0.018335638834622157
-0.021641126101655663
-0.01616419189949979
-0.01979934938344027
-0.022114664594797655
-0.017796099676598873
-0.016511966841106382
-0.02103105909817805
-0.015398709690028139
-0.016781113152026645
-0.014039562771384156
-0.01291936383841603
-0.006462501624139895
-0.0077933356169628985
-0.01015117207450433
-0.010932694931136955
-0.014215901200168825
-0.010338686542049282
-0.005746939740753274
-0.0014867557144021878
0.0029025212861099083
0.005959616527281984
0.009573484927666312
-0.0023507391498076837
0.005949392946336027
0.0008308840573392645
-0.0005739590553914487
0.0009826753490329255
-0.0031084081267682903
-0.006211239162043153
-0.004039252686273759
0.004056584721135137
0.001209054122678672
0.0015186964680705816
-0.0039701211879601865
0.0001316105597109052
0.0034204386634027178
0.0018657298215326924
-0.0031219305719494923
-0.004294019339790164
-0.0019526857804204876
-0.0001906515648402072
-0.0036148087340364407
-0.006105928778199991
-0.0008427307348522719
0.007319356437838431
0.01722587603434254
0.022294784543071204
0.02443150009261854
0.020969080802360787
0.017914264737520412
0.020576093132216897
0.01653072552826653
0.01767037463249521
0.021461243237422104
0.019498158594630867
0.019392364697580863
0.025348838981368204
0.023014615666877087
0.02537746290673773
0.024740139468421074
0.026489783063233432
0.02512615149482645
0.024912470866124876
0.02704321517673092
0.027854475584423725
0.022366741508972852
0.02631976979078013
0.029921084557219306
0.028686244807359703
0.028171911075567088
0.028664188395334793
0.028771746541678377
0.025362676787595965
0.022238222892841025
0.027329985657256407
0.026184680637209034
0.024719974780967026
0.027587793583432614
0.025313129783622906
0.02398875614932996
-1.0
0.022478255262708673
0.02151351509018835
0.025158764137665053
0.01708933395755916
0.016171110457582853
0.01890871979067151
0.019898522245809652
0.01673504168346482
0.015339083758652209
0.015053845837685062
0.018442351167001172
0.020109891303492246
0.022480517230351025
0.019781289933843985
0.01865742517061843
0.019292344294311405
0.018683597868243952
0.017075816802092577
0.02104237714510003
0.017082149463027357
0.019633167546926667
0.01974805563073894
0.021813128359761323
0.020887615615489116
0.021058974676161007
0.015039327167103935
0.014873694148087417
0.019357441938909373
0.015514127727442756
0.009920247976457233
0.01765934010996747
0.014342505175029519
0.018536340255822892
0.00933061096479475
0.013963940130788294
-1.0
0.017539591260542883
0.016368434929889576
0.01765345402559034
0.013919021512184417
0.01894814768868794
0.013577214074611326
0.010951005785001518
0.01361731520889533
0.01563717153789759
0.014350769092339845
0.017726951472659676
0.014241210631071201
0.01517883481198274
0.016705805689463983
0.013195273303464452
0.011956306533802757
0.007231616101648591
0.01060786016810708
0.012482504427110313
0.008268397180698866
0.0034740407899594115
0.00948183679994129
0.012381937939479401
0.013484503942531749
0.013251384950191722
0.010363536447287406
0.01641896465161557
0.014695427158373364
0.016063906036558585
0.018791509966761436
0.018228837234139823
0.02321318414349517
0.02370071231318365
0.026541554701091565
0.02347303821573713
0.023376909631417413
0.022308897583629125
0.022335009502559507
0.024343704615593043
0.022765573583550414
0.019810263781976267
0.015221955817206131
0.016584856435992987
0.017416040388746452
0.013110712475194856
0.014497072254639573
0.015697239094863695
0.012889301117178769
0.016539517217670923
0.012909239294664136
0.010631339936674176
0.007653784458609652
-0.0029436995821224047
-0.0071891984687860394
-0.007744129631651768
-0.01195721765093081
-0.010316991657574156
-0.009369868032948718
-0.009601361025395118
-0.005743069981687418
-0.010166801407339648
-0.01282518576366629
-0.01625636547757607
-0.01329299710384243
-0.010812804626693382
-0.018162163340888896
-0.013657540972207111
-0.012806412808791514
-0.01235138233502942
-0.007300398871261609
-0.005819264568733348
-1.0
-0.006832370677642467
-0.0061114674012222965
-0.0056466181734090275
-0.006610735597521505
-0.005545778079730473
-0.007316555825619436
-0.00964818866384925
-0.0076094047728199445
-0.010020896313143986
-0.007017342006861845
-1.0
-0.007255551481909859
0.0010409714523959542
-0.001395922453400259
0.002034231547356925
0.0008212107618649674
-0.0009157061484666264
-0.002459569197098309
0.008557280571066398
0.007993101139297671
0.016990855126367593
0.01053893298319325
0.013612055010605126
0.017501421618621855
0.012857195744045603
0.015100044075022957
0.016220435001384564
0.010452656037827326
0.017096392240844634
0.016085356438428313
0.01863147729706567
0.0225112226243053
0.01882327731316709
0.014696101937139897
0.01447904552236518
0.011836241741042485
0.010840366973509588
0.010471767588353146
0.005534725886684655
-0.0017349450276789194
-0.0052083382464485194
-0.00715912020108284
-0.00862234467158186
-0.0014220132079635348
-0.007820874473461704
0.0005327242978126889
0.010230249217685268
0.011653036268401596
0.0015465583090222138
-0.009785133341335553
-0.017150643981675245
-0.019985833845337676
-0.01867444612457467
-0.017156302328380613
-0.014563466785509223
-0.022010121654701325
-0.02092332469321182
-0.02080661403509643
-0.019490148420371042
-0.019111833208853006
-0.014083558545497659
-0.02001663726898293
-0.021727615008663954
-0.019988283798405188
-1.0
-0.015674993909948753
-0.01803710863912496
-0.013370201741734585
-0.01723482771045975
-0.013806685437544895
-0.014643818692686406
-0.008623102581644138
-0.007445689126358649
-0.008913238650223986
-0.010904252298884714
-0.012414062498746404
-0.017228070706832545
-0.020216299124608463
-0.01637380257626077
-0.01796676050991388
-0.0185425600024625
-0.02362879175880677
-0.026866270020133965
-0.024591589769045102
-0.024115574830085078
-0.022921015319175477
-0.022440327733086837
-0.020423771833320163
-0.02441398600423366
-0.01991168161861057
-0.013077760130870957
-0.0122859426958134
-0.012807911811057181
-0.013738871894034032
-0.013970253034431522
-0.021071254723264373
-0.021811300012079805
-0.02179922244296309
-0.020734625210096058
-0.022043123178636662
-0.02552787870929741
-0.026165110384636925
-0.020534455453326293
-0.02078376136796112
-0.02142912088860205
-0.02065569860484109
-0.016903696424973105
-0.014725587560112706
-0.009435095275351291
-0.009344596478059028
-0.00790933010692694
-0.013279613702506127
-0.014728885805910977
-0.013945418018991202
-0.016190352326632
-0.009305856687446368
-0.014892797931373483
-0.0090270289117468
0.002710151331301243
0.005472544726541548
0.008487140923062492
0.008539470014557397
0.014137795276892847
0.019998340621384003
0.01777894968589631
0.02418629049521567
0.018219860770491897
0.017583518638447884
0.012148665346264641
0.015287384117705
0.012541215797931292
0.010029475767242384
0.012453356395905406
0.0055716516494646795
0.010271989725454256
0.003885065072021695
0.009365928081810063
0.0053266308621781455
0.004488134716655627
0.005325043214797784
0.008485487139708772
0.008947261002590565
0.012901795916513518
0.005003711857389602
0.00969340428826411
0.006176499552189328
0.014591324397536867
0.016393559378009605
0.012605902004902672
0.013625739627990277
0.008610215710277657
0.0076825657107404514
0.012037456673668324
0.004741763093253619
0.008843533461471745
0.007362773768722286
0.005258102006001532
0.008472440082197885
0.005567587661050301
0.0029816532692075303
-0.0016057818814843702
-0.0005723007528291964
-0.009673314572771097
-0.0092761162756838
-0.004020307907088528
-0.00993129546055768
-0.010662218502998777
-0.012289917464839359
-0.015162089758706582
-0.016187095867648375
-0.01446071689417265
-0.017126124296546114
-0.013494623842676483
-0.013922812488827936
-0.017852923826771568
-0.015290141613697607
-0.015160019833710849
-0.013192658141356214
-0.014580023609969996
-0.01467373618800336
-0.01416197721777842
-0.009854110196507643
-0.010654386595550463
-0.010185199272764265
-0.009391269386605233
-0.012563165152930237
-0.010631439870603615
-0.010705402501724358
-0.013366055090247153
-0.017913024783646616
-0.010099930246372284
-0.011423217632172631
-0.015772373963226404
-0.022387943145279025
-0.019621524003428665
-0.01795817589702696
-0.020840803498693165
-0.019240608589243046
-0.026435308351306402
-0.017271368301335698
-0.016803912958846628
-0.015239752430457797
-0.019122642882992424
-0.013521595449415153
-0.012949987121098499
-0.015369198221646004
-0.02050649535229017
-0.01776813089187064
-1.0
-0.02467211131158047
-0.024788070505306622
-0.019352892188169414
-0.017125669315998605
-0.01788057403550183
-0.014880428404696937
-0.011929752831570025
-0.014806200931344198
-0.018017488007955693
-0.01835320335404211
-0.023447075282411224
-0.01368857749208766
-0.02312404900498835
-0.020299584109975212
-0.023431944685459102
-0.024143411783573484
-0.023514038055220798
-0.03133430589902894
-0.021155962106805277
-0.026857849897401434
-0.028362206977953535
-0.02363042195804917
-0.027638655468307193
-0.02503975153001299
-0.025929326980799517
-0.02723881287347344
-0.020153961966657835
-0.026461645632682624
-0.02598356316404053
-0.023704902895466864
-0.013720771930393724
-0.018726157686334878
-0.01641062195124816
-0.017138404127460292
-0.023912380466045147
-0.015648993377532294
-0.018569068250511588
-0.013735586338660769
-0.011405750669203516
-0.012750736300630058
-0.0083686918670675
-0.0025842760791106147
-0.001095066069259014
0.00017433272409814938
-0.0004091465178983891
0.002677113346265504
-0.0032724300904034276
-0.006698391459972179
-0.011572148375197782
-0.0028173601912041013
-0.005151072007140573
-0.008460405137448114
-0.0008548786641335675
-0.004840220569326798
-0.0010552819645984737
-0.007101554529136639
-0.0048050085206136515
-0.005814128761550692
-0.005915707233040412
-0.001518610550535009
4.897225986827107e-06
0.0011731277773091595
0.00032256371830636355
0.0023872723941187218
0.003286331697178456
0.0066416256147361135
0.006619676944921406
0.0041020761453408015
0.006413115204804456
0.005613733662039354
0.0026894020418241995
0.007452159323489368
0.00480125154607088
0.009512056577187053
0.009716550722508675
0.0058710807947042875
0.005070416196782394
0.009260684847084633
0.002995049109216719
0.003934508506403377
0.00119434477055422
0.007276441744577741
0.006060885745227718
0.00838765934152415
-0.0009986609451301445
0.00803460445629289
0.0031277286076134858
0.002678492488322339
0.005220108790942686
0.0026784964419715247
0.0021959026330556513
0.0076268199932113786
0.011443672573349009
0.009698179139901007
0.007011870114289038
0.009191310069020034
0.007347655280958098
0.00903020763387782
0.008784929149563072
0.004409874417934497
0.009350741466388889
0.0062785112889263035
0.005383892309616064
0.007533922677390993
0.006430586688790849
0.006648011173892036
0.007926252530107316
0.0025867672154552585
0.008601794045364432
0.005941273056462005
0.004499309778264973
0.004711116823665986
0.011428401267289117
0.008596750524065997
0.0174346863935974
0.010149966055484568
0.008181164999393297
0.00678021846663879
0.0052620098637601665
0.00598707352261618
0.002993786564132805
0.0064051332807831185
0.0024085833425878758
-0.00027376814554094635
-0.0071524872256393856
-0.005757942048298753
-0.014072387672940168
-0.0144597645837102
-0.01767847935709972
-0.020745536196266942
-0.013510411260668825
-0.006628461581390455
-0.00524903640167355
-0.0010428614942098124
0.00023518318816727254
0.004227170449883227
0.0014188532711715532
0.0026098774427275096
0.003647424226107768
0.008160107055508427
0.002761601911967293
0.008725064541074624
0.008720580800642778
0.0021913405192028695
0.002460294245817055
0.007880239144987783
0.010171414648447572
0.007281832979075422
0.005188673511480151
0.0056172379349906775
0.0077075453056175665
0.007984579217189439
0.008421126632277443
0.013018736684662186
0.01052678433058102
0.011928055847233866
0.010355936928172023
0.013404465536178594
0.012379464976848132
0.010796714842304074
0.011880142607272933
0.015266104723355756
0.009972978172660038
0.008193196156091289
0.011662914872767589
0.012288954232309236
0.012048965923991115
0.007675160338674143
0.008136744742754139
0.0011461818785575386
-0.002118891185358551
-0.00875608080615359
-0.009931430944596512
-1.0
-0.010050652271834243
-0.011300161244799057
-0.004732192765414087
-0.008168870260510101
-0.013318649544818846
-0.01319593061597981
-0.017055208778077962
-0.025175808062633153
-0.028841841281973233
-0.020119905257412748
-1.0
-1.0
-1.0
-1.0
-1.0
-1.0
-1.0
-0.018679366489322682
-0.026157129892299753
-0.02455130019030938
-0.029492403059505432
-0.02549651272851162
-0.024215252068768477
-0.024176597027349655
-0.02077314319503812
-0.023025489299407335
-0.022072593838715057
-0.028045782197446228
-0.025659515259954996
-0.019712259566266117
-0.02783095784599386
-0.030391762338258164
-0.02793310443515822
-0.021443058645630318
-0.028033168848727925
-0.022645512112048877
-0.02174079834749751
-0.02195344591922167
-0.02163191832575583
-0.025950628350007575
-0.02025388742010054
-0.01743478830497765
-0.01793817878551177
-0.02261791573715219
-0.02005103754604204
-0.014577897900248996
-0.02127067659801025
-0.02250608501278847
-0.019500404757438798
-0.016640410381781937
-0.00972879625562263
-0.008993886093214562
-0.01774621988316284
-0.018191995460632042
-0.01833280364568207
-0.012354966604589852
-0.015759791280134206
-0.014630391802999314
-0.015944379039162883
-0.010159733676426292
-0.015240031040161715
-0.017485707375574488
-0.021168464432704613
-0.016709386418979122
-0.02498337364835574
-0.01809133764421431
-0.017851106169999003
-0.014222883815612954
-0.017522384323137356
-0.021325439452079452
-0.017713710116329332
-0.01820173535064436
-0.018962677254998464
-0.011889687483538329
-0.018351488174695667
-0.01941445634419864
-0.02210323652874349
-0.02038275133516534
-0.017618177008155166
-0.01954310251811938
-0.022906096336945566
-0.02192939668803672
-0.017338524378499396
-0.011335978999581378
-0.013524454354463216
-0.008578008329901507
-0.0024948922878615816
-0.009454903092595357
-0.010761054233192562
-0.015486979599896662
-0.015382388549376904
-0.01986633605252737
-0.019699961107090578
-0.0164432981472232
-0.02145888539161994
-0.015872579781156648
-0.02103534046042429
-0.018395881440085565
-0.01607400483714551
-0.01688306912404329
-0.017947846203595342
-0.010097680571770632
-0.015973292180193905
-0.016693721670167246
-0.01680175814715744
-0.015178481915782072
-1.0
-0.01670948068841901
-0.016506396861642184
-0.011337959788673926
-0.006000589437159152
-0.010766680702901538
-0.007440944688145188
-0.014391732694895137
-0.012280605219431195
-0.014559918029949602
-0.014547743504117104
-0.014297624074474522
-0.01022342157695194
-0.01595275005533448
-0.012726088502620641
-0.013011223510371152
-0.01002028103111254
-0.010771380375533404
-0.01377884974948787
-0.017272586271001422
-0.013325581638264116
-0.014090793267917031
-0.010620685153065015
-0.004063350032466822
0.0014742926213489405
-0.0008301219354205507
0.0021649899137215875
0.0021872188761799375
0.00310605062433134
0.0030379599328979796
0.008467393894924862
0.004112382556876647
0.005799553444276797
0.006905186834311447
0.0070652278484239755
0.00975702339811992
0.011926069379931376
0.006863669121584384
0.009930289915204128
0.013247388056888642
0.008269897937492906
0.008169077939577616
0.006589855289710855
0.00935513209340077
0.004245019172639806
0.0019925799405348652
0.0009044360722678386
0.0021910379320171846
-0.003633975721727043
0.0018393249148020532
0.002128657579903589
-0.004941340786755888
0.00021275703610042367
0.003938325597572553
-0.0019299680141737442
-0.0005391511786875729
-0.0024505445760687286
-0.0027289342033117803
-0.002333779802728483
0.0012143421086318333
-0.002920818464350176
-0.0054201858471679375
-0.002313700590233699
0.003549777959006368
0.004164784992390801
0.003142397807603201
0.004379475492632387
0.008241386566704161
0.003534089404320479
0.006593868955696696
0.0008831052592749613
0.009900038938609853
0.006418971982862902
0.007023011187880576
0.002394679949308857
0.006255417878840733
0.0071446006103163566
0.008756086228063143
0.00942845956662718
0.004701321689073259
0.007417151383516671
0.006844078863161424
0.002375618762999309
0.00944145131947507
0.00857659054187915
0.007756297495663696
-1.0
0.007161350515408331
0.008812378333491399
0.008071516016424236
0.0025808615072744857
0.005462447314547504
0.004330501829282493
0.0039385614204486726
-0.003173414220893871
-0.009200329607782156
-0.015002360293439324
-0.02021029202073616
-0.019665589143854283
-0.024328456133793214
-0.020221025802242328
-0.023901921789857714
-0.02671095955008964
-0.02666491038304898
-0.026933285796520733
-0.031983798930662465
-0.029812388925564627
-0.030316703022758882
-0.034009901487239265
-0.02921417347751227
-0.026267528648347898
-0.03276228165530146
-0.030009824534973327
-0.017841042574872693
-0.012460675315306839
-0.018006429162739666
-0.01955168576315955
-0.021827911945188558
-0.02255721826977867
-0.022184124396206498
-0.02696080221755579
-0.03026382762680272
-0.02940505585404226
-0.026803519594487176
-0.022039518371045824
-0.024642302729624522
-0.02863444908733903
-0.025528132918587645
-0.028592870303277427
-0.025872516565677305
-0.029685207560558424
-0.030141001467197063
-0.026910966743408135
-0.031264791293084085
-0.03168829490101578
-0.029055562874339875
-0.02791763552874024
-0.03054162296132995
-0.02633550905395869
-0.02996217708389107
-0.03039373806046294
-0.03031132918330694
-0.026736675000714142
-0.026018108586598802
-0.02525912431889873
-0.026545226985005478
-0.021094451908082342
-0.01927659359841442
-0.020012116121690952
-0.023758076107817497
-0.019834574651144143
-1.0
-0.024121223814275818
-0.029116435864653335
-0.024280168613805244
-0.02446559204028093
-0.023075402014446626
-0.020148842170667303
-1.0
-0.011216640381800062
-0.007453848506994469
-0.007033394109797363
-0.0076000528570735635
-0.01467528177506518
-0.015496619917039087
-0.019105827979789575
-0.023936303992581006
-1.0
-0.019191886728677148
-0.019986699005026233
-1.0
-0.015781868845275306
-0.018611782314125906
-0.01748918563664366
-0.0174408223984347
-0.015650369670331662
-0.01419416053326678
-0.017417130633214494
-0.007545202558910919
-0.014124712188044142
-0.013933177366058295
-0.011071817844105667
-0.010076268681491625
-0.00588235026100498
-0.007129192177071012
-0.00460347284382433
0.0009575973718529331
-0.006069865805691061
-0.00787169962732961
-0.0009954121226294643
-0.0030890229125297005
-0.001603655071789601
-0.006385769821429616
-0.010792337089064494
-0.008184003057368303
-0.008147473916714163
-0.012976452624672936
-0.00927764165570998
-0.0113184572911565
-0.0033037400544146866
-0.008381643186947514
-0.006677795501907074
-0.0021968276708789047
-0.006633790102304107
-0.00996063082285361
-0.013963902136404301
-0.01673457823306154
-0.016260509154745393
-0.011669738259975268
-0.012548211275212075
-0.014345129760247103
-0.022517906952676633
-0.01669390019889783
-0.017432772448740686
-0.015893952340538094
-0.0197844769898667
-0.02031394116021777
-0.016662313701674612
-0.019494499552847704
-0.019113943678128496
-0.019915448772163218
-0.01672257077743397
-0.017394468773316765
-0.022822328311477725
-0.014865401174547724
-0.01310002247260172
-0.014099249157426478
-0.007983355547528725
-0.0009434777664020211
-3.281064252509492e-05
0.0009376173112854606
0.0016706193354881565
0.002559529871451928
-0.004589055205579278
-0.010341620363138357
-0.016281549589950966
-0.015342483384461737
-0.013416328925922075
-0.016180614367497997
-0.019552638802548594
-0.01692329702004017
-0.008985285400822954
0.0002607350151857128
0.0033041986466209317
0.002416046725349514
0.007939095275630349
0.0011335443459052526
-0.0035469957506484447
-0.004684859050429272
-0.01046317185091222
-0.008340194808865165
-0.011990057930368671
-0.013063479408382997
-0.01643693801265956
-0.017196627468230564
-0.015736387553341103
-0.015902539320500248
-0.01588054400461955
-0.011999374865233949
-0.00996578179131166
-0.004720371602923637
-0.005338671174335491
-0.004434188881717027
0.004476340872957912
0.007162953565240946
0.008627378641283752
0.00379107141637814
0.005659728921667391
0.008698302192786988
0.010375102965780264
0.014071119660274143
0.011793416727846862
0.011458520783774984
0.008360268343554628
0.00606435156659477
0.008910688452878578
0.006111304289692362
0.0037759664745726333
0.008682950642719404
0.012603301823007357
0.018279834914428472
0.015166371443961704
0.012218397915832423
0.013230051077186887
0.01614454747430756
0.009496571658563786
0.01350061362816093
0.013940522015314323
0.018634955839133813
-1.0
0.012376755514503728
0.010687460596870904
0.008382539743921679
0.0044214429848745095
0.003984559173955529
0.003249745287873742
-1.0
0.0024788162770268064
-0.0026395012514165298
-0.00014721959056913868
-0.005455126654333719
-0.0063546741554346906
-0.0004657007683540951
-0.007254050102316487
-0.015177943684222414
-0.01574957767164984
-0.012801281047818604
-0.015984545140728213
-0.01218049278904511
-0.018524590654573528
-0.019939583933657443
-0.019664008502397134
-0.018795279364927593
-0.020700136467854045
-0.01996377966710009
-0.02022632896564063
-0.019234978833413567
-0.015944871875037948
-0.015246891903935543
-0.012263998204190022
-0.020041635713302152
-0.012416005350527193
-0.012360002904375528
-0.008622954392032194
-0.009269556118055862
-0.005285152149251783
-0.0026972972964210357
-0.009191242716555371
-0.010158549343840405
-0.007079544682751492
-0.009457440990614106
-0.008202358722242509
-0.010099025302050054
-0.016536510314342674
-0.024146669654759912
-0.022917705651920847
-0.02505828274955509
-0.01695830860255391
-0.010557284666550117
-0.009896678590243643
-0.0012216856860098372
-0.003798735412864601
-0.0025697862313609023
-0.00680472091966266
0.00290660444730373
0.006037149578597791
0.007601826095385961
0.009426043260675086
0.010553521417842566
0.01599405067239057
0.015322908629729959
0.02104335082793807
0.01657901891932476
0.00955500672127707
0.003072912905271272
0.005605426201662509
-0.0014336186608631006
0.003683100843011624
-0.004475064048084535
-0.006328153685526544
-0.008934342249927448
-0.002514551728750377
-0.004963548838642716
-0.006601061692775878
-1.0
-0.008895358456188537
-0.004025135278033668
-0.014325291768426049
-0.007869656054617395
-1.0
-0.009111737160093959
-0.011852844481380163
-0.008753060991508833
-0.0020999983452111913
-0.0012882960183815413
-0.0024534372455593187
-0.0034185958439271304
0.0008520271473912721
0.006017578593342228
0.006436719767949479
0.009193146415612037
0.006169056324965736
0.003053888811513718
5.659547054897688e-05
-0.0003117100727458618
-0.0014491533790872244
-0.005725643275865978
-0.00542981176786207
-0.006172832659065946
-0.0025738618256203366
-0.002766954548324821
-0.005684640228845552
-0.006750526278004978
-0.006950083013965879
-0.0033115693511181553
-0.0006086492211548828
0.0031327578094486074
0.012337431916250207
0.01640211402914978
0.01873741126039895
0.024736537856766137
0.024979763387357218
0.020184117543228883
0.020260533800397586
0.02133222715312322
0.017184929961170308
0.021183752432185014
0.01769652172555384
0.019039993132789014
0.016919814289588723
0.0163348185351284
0.020065324413140576
0.02400302448836551
0.024752803236194
0.026859887523652863
0.023720213153517272
0.02732664425284642
0.026537236783818866
0.026475781286321914
0.02547840110174724
0.027069162576303697
0.0232890108117985
0.028859102833980646
0.023016461913011613
-1.0
0.026096066912108747
0.023230306195938747
0.019985657957945737
0.025099349523286435
0.026040147624544995
0.023866026558764856
0.02273446486297401
0.021606606743241344
0.01873572696310836
0.02096733354350703
0.025880335635574306
0.01805961860885329
0.02074111853130482
0.02190813686201792
0.02524030380942469
0.021873543413875773
0.023114808400234235
0.017560492741398166
0.016117547489787387
0.015712486873111022
0.015305997180295005
0.011445317854576439
0.0055156037391038545
0.00786834115542084
0.007888737387001837
0.007831020640697179
-1.0
0.005976245850639377
0.003714233871959134
0.008284492085033597
0.005541715126682132
0.007549288824999586
0.015173014397037698
0.010851549639331163
0.01759994684424275
0.017014940703840197
-1.0
0.01577289532576491
-1.0
0.01872577795776394
0.019885351686461657
0.0157051349320793
0.01449196847373894
0.017257608168312042
0.015967937037961642
0.01835870797973316
0.015674331788405774
0.012520526057438681
0.013749662588504137
0.015894913318772127
0.011385262094829651
0.010046889826922189
0.014805303146607881
0.01100253186652672
0.009693965912543198
0.01366570568246341
0.008734172004059237
0.01168402900362064
0.013536278460962722
0.012520910854259595
0.006281863032910399
0.0049669291328191915
-0.00046662269479632245
-1.0
0.0022060956315170296
0.0014390174578029396
-0.0015830104518417558
0.002173975072962693
-0.0037066226954380575
0.000935091222022508
-0.004544181451894242
-0.006417013010097008
-0.003933434378839371
-0.0014173936910382885
-0.004560972180670631
-0.0004586715226459598
0.0023355751684484413
0.001768373002745241
-0.00018494356818791097
0.005767945618508768
0.004017927807954433
0.005930182300725084
0.005627930702640114
0.0058981491737838095
0.011455345610236985
0.013942534355002603
0.012690004625659163
0.009044846318419349
0.005859548765804967
0.009200980889650491
0.0051980396104339115
0.011692138239244736
0.008931410334511669
0.012773176985154525
0.0074377360155430915
0.006655251698205208
-1.0
0.0050459264934864375
-0.0003642395483400466
-0.00022427146002441722
0.00536593389212194
0.008030965248388346
0.0036622884978314762
0.006459056860738314
-0.0012728473557833274
0.0012607219626153542
-0.004112331540665912
-0.005051113041196473
-0.005625523382174553
-0.010279183253777309
-0.007522572202117467
-0.009503622952472824
-0.0004767056562136648
-0.0029279339366033302
-0.0073384110401795355
-0.007024175843046931
-0.0051789035661612805
-0.006723289174830022
-0.0024210111370955066
0.005136104078623721
0.002658294482749602
0.00013006722326510298
0.007203000792826558
0.0062035115618337
-0.0035142029961140377
0.0013245158877193265
0.007578035376108288
0.003998075435138314
-0.0011133575753374469
0.00032547009436873766
0.0016987171548159365
-0.0024224583218981927
0.0018379043540495009
-0.002413881298323854
0.0013286943848733316
-0.002680058820001122
-0.0018216740028171381
-0.0025749164367034716
0.009547871573918891
0.01492851166199941
0.013460167953748908
0.01465904221952512
0.015028452492217983
0.01481951281809111
0.012182829046877912
0.012822541468819497
0.009364740498095029
0.01509135071638776
0.010643389157939123
0.012005099322039638
0.0008221269811773174
0.0018120611811418177
0.004892063246506088
0.001538598296080464
0.004390616408299517
0.007184140805858813
0.007014805071284175
0.004854781663566527
0.005191068230809371
0.004813486028917125
0.0025490174582035847
0.001767040889126384
-0.0037744358061297927
-0.0021570941744243613
-0.0011159280137256547
-0.0005873566374407966
0.0009760051382414215
-0.0016694926103799812
-0.005673761674780205
-0.010152494322819961
-0.015123847087262788
-0.010651613020682606
-0.013649640933822812
-0.013176709339300922
-0.015031640455679772
-0.01201774875742717
-0.016008094430077436
-0.016473863540794793
-0.016682552349263146
-0.016430615459275065
-0.01274306913584764
-0.013249501394201666
-0.015111262702193706
-0.009610869599502275
-0.01690472314044313
-0.014504131200427761
-0.01854206394978332
-0.01832882115266526
-0.016991857699530533
-0.01265416392537268
-0.008325320744890098
-0.00747761267797734
-0.01770962197882803
-0.010761286262790486
-0.016709420762401648
-0.006127669493129588
-0.012792217831288163
-0.009125098561077525
-0.012123447318716202
-0.016258737647752958
-0.016795495359932706
-0.015255653209028138
-0.014872763532682564
-0.01470565944616381
-0.016199695993741856
-0.00871738174922963
-0.010581556068006337
-0.009492702006855659
-0.0036887847616456915
-0.008489265649637652
-0.004376263538175163
-0.009383724212433666
-0.00879445382376481
-0.007740832194225927
-0.013000179647650944
-0.014732597323710834
-0.015107355521160569
-0.012104048628080939
-0.0037618703498583403
-0.008340334054285933
-0.014003431634810694
-0.01328968402898316
-0.0173585866608358
-0.01986937013485487
-0.01516519760367503
-0.00506047765506495
-0.011022082720054827
-0.014261933319101323
-0.014537422236144248
-0.012627927655177028
-0.015930279705248986
-0.0143018875766085
-0.014293431637186632
-0.016063966670519302
-0.01620151114104603
-0.018126125422563356
-0.015127534534867608
-0.019452135198955087
-0.013533713946577992
-0.019817400753572068
-0.016650003757538948
-0.011609037279318906
-0.006056786445309889
-0.006262009920488513
-0.002233488561109189
-0.005072892785009475
-0.006008815740344242
-0.0021704584041940334
-0.0013047941574364393
-0.002475409395325759
0.00015715346164269422
0.0023104359196625727
0.004051910636160739
0.005641187199229519
0.005387659897918904
0.0036091348083702223
0.0026770085975659965
0.006131603185657921
0.005252484647229496
0.004852538896003724
0.005126262983155496
0.006879237587170153
0.0047295521265689495
0.003746694697652683
0.00019254465988262378
0.004184299632253625
0.0072238425879043
0.009577120300790146
0.009726780896779332
0.005701656882747136
0.004553673822880047
0.009515655257451955
0.011958104616942664
0.010034875955014042
0.011613733727194132
0.005126767277132217
0.009957186918706264
0.010101670447731243
0.010272983275960592
0.013017432059746481
0.015045851914109008
0.012477761742851567
0.0144153877548749
-1.0
0.009355672318738734
0.012694602413475278
0.01006745670568285
0.016995412919974837
0.01667412343989258
0.016337195407232604
0.016683357303999776
0.014264781867751547
0.014469218165651271
0.014791812872948252
0.008163538791446776
0.0075578016822028795
0.0004097507434885162
-0.0003267136586223339
-0.0016024148747004758
-0.005511732898696901
-0.013668765071623382
-0.0196527200124385
-0.020117449883686883
-0.022420775111060484
-0.0231335716710683
-0.023254630204714043
-0.02094958719097028
-0.02298092520331615
-0.02657798779536391
-0.020433012650199874
-0.01895493476384423
-0.015151240398575651
-0.018482130579651354
-0.021744454554447314
-0.024788856237402134
-0.02016833278847259
-0.023524213299105756
-0.02391590724035885
-0.02437666883234699
-0.022277329176989893
-0.02483504898811337
-0.021333903351713458
-0.02607166406542482
-0.018863357596557866
-0.017319365190635445
-0.011269311586767165
-0.010061261071503175
-0.017767928286264723
-0.020043865378464944
-0.01842751518747037
-0.02131238224447943
-0.025115203454778877
-0.026986705880907888
-0.025011114769485993
-0.024250423473535617
-0.02357627144578737
-0.024046354380244807
-0.020293333731156212
-0.02599336672668266
-0.02586244122651666
-0.023482255452134677
-0.022667302080836116
-0.022121656462793002
-0.025696608772750436
-0.024177754029629184
-0.02594931147495698
-0.027253002902111825
-0.021414368500172087
-0.021798562336959214
-0.01736182884779624
-0.01819922239823829
-0.022906857031423814
-1.0
-0.018506670058872115
-0.02373250714826668
-0.01761140982016347
-0.018880867981201806
-0.017161368053747687
-0.012189369461140544
-0.01260514285137346
-0.016508115122203938
-0.015984338300144816
-0.007875670462097743
-0.003942564972909081
-0.007167324886157535
-0.014370335114106536
-0.013789352271480732
-0.020011559979514166
-0.019842128828903734
-0.01988461310816701
-0.023883025527596365
-0.023852220808592936
-0.018047152929213415
-0.013357926391298925
-0.017919951916518483
-0.024221978752298763
-0.02693443367223647
-0.025457917285651215
-0.023636862260067146
-0.023086044142623448
-0.029459184826385404
-0.02576459397699994
-0.02299538916627154
-0.02313551992061492
-0.023495102431552395
-0.028053473123688635
-0.029845225632180877
-0.020707771864632456
-0.018817002421293395
-0.017401788828763174
-0.016276393769537656
-0.00020235821900516858
0.007938855112284446
0.0072512071543671605
0.007763168926924473
0.0026133329799422392
0.006756952895058646
0.0027176625121973445
0.007235798415338115
0.005059329775410298
0.008518990442320509
0.013590415209199352
0.010666139649537866
0.01356696776875734
0.01897031561874668
0.01497591551063473
0.014426979419359057
0.009772965686985973
0.01066678848588825
0.018296793451189924
0.015497982287265627
0.011009222007496098
0.014551199213202753
0.013610249712379625
0.01440327456978677
0.010213721258684479
0.013488266284547638
0.0072743666616886145
0.010245171822381874
0.01798893395174679
0.014974118223862382
0.017364893132140728
0.016036717606325922
0.01658639334356462
0.015420764097397854
0.01382356080228942
0.013327011371995438
0.014040966201947173
0.01695478425011826
0.014820689559017981
0.014680339818877028
0.013855623148864222
0.017386625719112373
0.01987644015348294
0.01771505296486187
0.020038869401007877
0.014225429676907394
0.016984997191367136
0.015209706498893336
0.011810348213333275
0.015743536415017547
0.019593779712618147
0.019784744398968716
0.019783518175991017
0.017774191979802297
0.021560874738616995
0.022415757817905686
0.02389751366025066
0.022458153626954785
0.021672430169694595
0.01665366753556065
0.018957392931229777
0.020714624783434835
0.018980871595710668
0.021262092377079614
0.02170627681915991
0.01970778766603766
0.015367087102622225
0.015008118592723645
0.0174282058286248
0.015869853419910714
-1.0
-1.0
0.014528020938952503
0.007211662131419241
0.00496554239866286
0.008309182784071986
0.01053393359519846
0.0055808727881048485
0.01258864264892343
0.015922152309039813
0.0102554583494733
0.00759307610604482
0.0026610748452962547
-0.00043084958568463563
-0.000878404397559128
2.988605132723202e-06
3.980039693109075e-05
0.0012709777175850825
-0.003695527735500994
0.004272597870491602
0.004736039048402141
0.008503048863928777
0.007315253903406019
0.0034530995938079627
0.00016143862101438802
-0.00712570358244969
-0.004999661918030322
-0.021490025315087504
-0.022964488727352652
-0.02108937697382627
-0.02480183293079796
-0.021026429475433386
-0.02420655399933638
-0.019085925300856125
-0.022551540577739417
-0.02363559917622465
-0.025748738443947188
-0.022895071797485646
-0.018019587034952503
-0.018775533032150262
-0.026327498917310326
-0.019523465879182522
-1.0
-1.0
-1.0
-1.0
-1.0
-1.0
-1.0
-0.024106894356522208
-0.023543701936101547
-0.016313440271431456
-0.024809156822471545
-0.022666870006584783
-0.023655120707857174
-0.022922351582024512
-0.015522935062141982
-0.016117595454150913
-0.020295285961311648
-0.02079834601387692
-0.01707835195337166
-0.020828224617550444
-0.021126568591526586
-0.022555968157058612
-0.019284551167102055
-1.0
-1.0
-0.024201173671170435
-0.026240929559670036
-0.021552944206015553
-0.022931351509354752
-0.018174347022588775
-0.013586629128259054
-1.0
-0.0008948576031448206
0.0015712642173404947
0.0024261166280255845
0.006614067168190284
0.004186365255555734
0.0073843875260475225
0.013933587430813322
0.01581770483455367
0.016176420833775223
0.012108245589317891
0.012112144715204698
-1.0
0.009999568870019569
0.007303064394070459
0.010413317407729264
0.015083022901980178
0.016492293392269475
0.01377377372248649
0.01427860381728155
-1.0
0.012861240870683813
-1.0
-1.0
-1.0
-1.0
0.017406456731288544
-1.0
0.023504534689969922
0.020604899192547137
0.027345815990746297
0.026385427959333487
0.02566206379859054
-1.0
-1.0
-1.0
-1.0
-1.0
-1.0
-1.0
0.024320629645510485
-1.0
-1.0
-1.0
-1.0
-1.0
-1.0
-1.0
-1.0
-1.0
-1.0
-1.0
-1.0
-1.0
-1.0
-1.0
-1.0
-1.0
-1.0
-1.0
-1.0
-1.0
-1.0
-1.0
-1.0
-1.0
-1.0
-1.0
-1.0
-1.0
-1.0
-1.0
-1.0
0.018367996335287
-1.0
-1.0
-1.0
-1.0
-1.0
-1.0
-1.0
-1.0
-1.0
-1.0
