-0.008037167787697877
-3.350977324182602e-05
-0.0006242550491193217
-0.001468877072502848
-0.0062206657434680426
-0.0059509500185954845
-0.004675970465924105
0.0009796675082646002
0.0007581224839665779
-0.003148401610184363
0.011976646633474348
-1.0
-1.0
-1.0
-1.0
0.0024025496867671014
0.0007774191278043582
0.0050180425711953075
-0.0024494786088839035
0.0002519842624190678
-0.007971953533856928
0.004837987436108656
0.013514308248515657
0.007897968793774078
0.013007253845808461
0.008211847865055959
0.01704661001739038
0.015201307489614032
0.01563256278328347
0.018794715491081245
0.012807839218676436
0.012765758454250375
0.009988872834776176
0.016787092914264747
0.012659101185211264
0.013317942570497392
0.011999297133943335
0.015662041359920775
0.012169330331890212
0.018356787226890058
0.021616566261619948
0.009851193001783097
0.016754931702761704
0.02568931652984117
0.02251478463464245
0.020070547905864915
0.02175902689156627
0.01886788233226996
0.02115620041679667
0.02723225557513712
0.026145751209147347
0.02635766374064411
0.03436534866173709
0.028822645884001186
0.035314751813124226
0.03113247667502787
0.02941883360061141
0.016390452779797796
0.028433936307609577
0.02486453758227505
0.027677608445112634
0.028136539128650977
0.02163092886657824
0.03453464193441915
0.024237856146585596
0.02724030122260575
0.020799483454087
0.02633562030045947
0.0267739425143364
0.021058759431919663
0.025564000732226647
0.024717697040193273
0.016249175724472285
0.024558635327305223
0.022800072902562172
0.03031872680670915
0.029634603705368107
0.02937154032146188
0.026059583682608377
0.03560049495052144
0.022740290914654255
0.018827182192107442
0.031035843408541288
0.02865250492743277
0.033261405553533324
0.018671161921224155
0.03061059770421151
0.034866774599557275
0.03417649601573954
0.03134066603618778
0.030428401556828036
0.02879400502223565
0.024227262564430335
0.023473962435712394
0.027798315796116836
0.024022294645613642
0.015046468036221169
0.020498689098181793
0.017949488891942724
0.013417996408313749
0.03072203080002503
0.021496560414631802
0.016436907906296698
0.019397244305342662
0.019870966400051364
0.003804973034483271
0.014624334932023694
0.009429137412641295
0.00303611141781075
-0.00019928402734660936
0.012558303648346333
0.015939923157875915
0.014212618169939076
0.009739431645264439
0.013232602710508481
0.009983549123396487
0.006243177985147087
-1.0
-0.027519002093978652
-0.016556118395999686
-0.02264986364487163
-0.028211857451592964
-0.02485607833518608
-0.020806410641786784
-1.0
-0.022355062213079667
-0.02057415461922337
-0.024007890126144783
-0.02704646829630275
-0.031538767958935635
-0.022367596702662185
-0.029677070193945772
-0.01977346309232362
-0.020532626210909694
-0.017268412709748337
-0.013963707409860929
-0.011417111279272531
-0.004671952629311126
0.012749572953570517
0.002166723271504655
0.012681221794933023
0.01336542768348113
0.0273945708177039
0.017699978025337394
0.015947207332701704
0.022664012229563196
0.021124378648384377
0.0179228055904859
0.023556608096188886
0.02315108690527999
0.022563360059419873
0.027100918135763097
0.03039953397208371
0.025323680624913504
0.02552171660050977
0.024819465821489962
0.022137983637379097
0.03099059083369493
0.036666199480359526
0.030530458016281403
0.03357867450375225
0.03094414731629379
0.03141185416525725
0.029679640700211986
0.023895044301505904
0.03238613416363291
0.024414123468871486
0.03689411521456028
0.03244211123825523
0.02849846602410648
0.021848863972956635
0.02796269656655128
0.040550216841578134
0.026257423443049387
0.031427411963635694
0.030898003033148116
0.03672624856953439
0.03675879105446681
0.03263989488330681
0.02831766879002101
0.030082825864314912
0.031031792076926346
0.030701704868051374
0.03399947419075481
0.0381021043084424
0.03249930761067417
0.028333525281763305
0.028076904625919687
0.027416439536098302
0.030869011387306914
0.04110253953255404
0.03126389689696982
0.03233294763944083
0.0413181451752413
0.03899753764828757
0.03423313088630274
0.03061362271286623
0.030901839142447575
0.02202535482631774
0.018723189025684484
0.02057468655439043
0.01417450170368579
0.027969275143883462
0.01152922963236927
0.015141041737628418
0.025872077919030793
0.020224958281500578
0.020237899919638914
0.028547285329851783
0.019355360089525278
0.018637940946634953
0.02690903090752737
0.026250670775167486
0.023712978386535532
0.01649034365520539
0.02050019421102654
0.006929615770884887
0.0037078212266792344
0.007764660809080543
-0.006684061111539154
-0.022283545104764758
-0.025930358195523976
-0.03252702960380016
-0.009668027906332739
-0.01001252028254922
-0.02566149903725069
-0.011446306682495596
-0.012814353346493248
0.0022601245076590173
-0.017802827481772393
-0.02592251866398026
-0.02717098009426576
-0.008700740401273766
-0.027576563040699508
-0.026235435664495415
-0.01897229710576294
-0.030861318317488874
-0.025839669038871103
-0.02014558375482057
-0.019703540796761787
-0.02277779038403336
-0.01853163901297287
-0.025249493134059716
-0.018565312706538023
-0.002780660120419644
-0.025763316515650454
-0.025717879005370693
-0.017372092647146464
-0.024013030959911915
-0.013036818935736189
-0.008971304056119645
-0.00853835143282631
0.012484834031237027
0.009046526203850528
0.021287641888185688
0.018239194852797354
0.028638377019847245
0.022563221673937657
0.025906759263152196
0.025314342014890044
0.028920812415736637
0.02675052769373702
0.01910621256088191
0.01772954475088076
0.02080088284104811
0.01931609370536971
0.00876962164757633
0.018920233832589065
0.02579512503637244
0.015311900499131767
0.01079829291401345
0.016843040985434682
0.022637727100493457
0.018883964696748818
0.019722806821520722
0.023313685914696982
0.02514182172652167
0.019733583385829413
0.02046476123326355
0.014155270417183183
0.013335141679319158
0.015306029485416397
0.020532676952999884
0.02185642647267064
0.03221893050117184
0.031043932283251644
0.03398146701844118
0.03915419883458899
0.0375890437914565
0.04029368984159443
0.018529785445476746
0.027627604466041834
0.02812896189834451
0.03532665538051192
0.02785826345318086
0.0270157231582386
0.03229894977028833
0.02982818609301616
0.035276038496883926
0.032840384618481454
0.0366470125172816
0.03701014313459591
0.026692109035175573
0.031720729206405965
0.02732625419638864
0.031260973743491065
0.023496489424476148
0.033332267248070035
0.03525154915484229
0.02324032547145523
0.03411485974665314
0.01996315342540339
0.02729052658866432
0.027328101133703805
0.02966650547422307
0.03153840107754643
0.03252032607682869
0.03336640759374048
0.02854695592951938
0.0295308323664095
0.03545252635505242
0.030001792973277645
0.028812858427862343
0.033532877178096776
0.02690062869518969
0.022682580663919552
0.021250783704761814
0.03211701809521831
0.022610594479941966
0.011616480870613498
0.026763675945835473
0.02064312852564257
0.02148988459774512
0.014744652216848505
0.013536050633258412
0.009234404630300227
0.006168595632643639
0.00616600289894208
0.005287900497038032
-0.00043626282554248586
5.8815247032471354e-05
-0.0014033566556341547
-0.00664609317771917
0.0030101323754258957
0.00916311518091527
0.0008267048207880639
0.008402734672320712
0.008558636509326707
0.002268069278138455
0.004268674941817827
-0.0036729890636463215
0.0011815162804055851
-0.004997330887351399
-0.013416840191655817
-0.018652126429135912
-0.009062914953021122
-0.008187011625189124
-0.029788849576047823
-0.024827844026343412
-0.03153172379827523
-0.0298739952211701
-0.023457086799115
-0.025995284594565148
-0.01075845494772188
-0.025297010373733803
-0.016976984341826314
-0.012276736966303542
-0.008117692255800113
-0.010463851149105453
-0.004178451330442713
-0.007181375062267864
-0.009017620804198273
-0.004875479701047934
-0.012033314006611324
-0.00996705115995503
-0.022061243848817014
0.0019874619781735624
-0.0035178411177796457
-0.02277354545538932
-0.02070638615168435
-0.019524510658290573
-0.01331656696517502
-0.010098920276661753
-0.025170020683372065
-0.02474593631307715
-0.025503302063188436
-0.03563401092265927
-0.04829503768711288
-0.04095182744937048
-0.05025445452884361
-0.050564201289590695
-0.05107229655085654
-0.04784701698600082
-0.06186839834250311
-0.059464333099363255
-0.05118607357389801
-0.06001097882169278
-0.045942358719265435
-0.05129927121990517
-0.04192891912728841
-0.03614963649057879
-0.037172277253729485
-0.04794430185899968
-0.05558648401834601
-0.05267744139299904
-0.05851589404480576
-0.052518085484137826
-0.05218795645528583
-0.05653395314148769
-0.05921335721011508
-0.07056128816104734
-0.059261724845239186
-0.06319573132277231
-0.06272426557488368
-0.05030715490646855
-0.06264151909218342
-0.056488281905606
-0.05699212466007503
-0.053069901563427536
-0.04872853737839328
-0.037953375539874316
-0.03923422293241382
-0.04124325097156318
-0.04434284432541347
-0.04522075099094334
-0.05501831420798445
-0.04073905156628418
-0.04909863174602667
-0.053165664763369314
-0.07349933081679447
-0.057905399751885606
-0.06344377084115772
-0.0675977509490154
-0.0742008375555999
-0.0708903131224561
-0.06847656510364088
-0.05731460599101035
-0.05635454034196908
-0.06327464280438148
-0.06137907863275676
-0.06362756535659134
-0.06697105655840468
-0.06577313441105184
-0.07033708866712339
-0.06464267520522564
-0.06321714720167565
-0.06543939989825265
-0.05981449971741713
-0.07587991680378463
-0.06090002451791153
-0.06455947643324192
-0.07342412422121133
-0.06029844402002321
-0.062355511541230785
-0.05839548719574992
-0.058561506787828795
-0.06261731449404537
-0.059309177659765046
-0.05469787899255768
-0.06319713911216797
-0.05919555061390612
-0.05868004729225226
-0.06723530055165847
-0.0686688056131683
-0.06483194163855482
-0.06034563271469407
-0.06520165794051519
-0.06540351463830499
-0.06916284222113354
-0.05735586229323969
-0.05338600429238599
-0.061479254584550315
-0.05414712481954919
-0.046595751325551625
-0.03899210661830893
-0.0416713586047412
-0.03276670778740447
-0.029485742734947248
-0.03493658826231311
-0.035223104590535986
-0.05925518264030611
-0.07128856097314745
-0.0776009873302591
-0.07575088489226552
-0.07286987253161799
-0.05542868740529442
-0.06970640926283383
-0.06192249511836833
-0.059031884398221775
-0.05488392988539993
-0.05142717557405251
-0.04545118837552455
-0.04519623777265896
-0.04961122557189549
-0.04110339346527047
-0.03651710273845915
-0.03613131115382936
-0.03097408641578518
-0.0345482475851828
-0.038810162798541444
-0.024060365073872523
-0.04396412777629288
-0.05528125405745157
-0.055848779860618245
-0.0549887740208158
-0.05818726286717442
-0.05326236739366206
-0.06478374192214333
-0.06377426900743478
-0.06580177157656643
-0.06159193917208641
-0.06838452492812085
-0.05661157148431768
-0.07257294585899474
-0.06039021938724139
-0.0586058702189339
-0.07377544649528103
-0.07323900356977675
-0.07320892394433931
-0.06670399876090458
-0.07509912734362371
-0.06933831788956817
-0.06780849961853672
-0.06862382534676367
-0.06849052255764909
-0.07017911068992112
-0.07199784184071345
-0.07031262559557697
-0.06787749845327512
-0.052441831986227094
-0.052810927080484474
-0.060575090336830284
-0.06309337306024393
-0.06731876366038057
-0.06390845197873808
-0.05695119330910373
-0.05968484024909106
-0.06841682669713811
-0.055913827158282754
-0.05172652338980137
-0.05153340428346693
-0.051983649684306785
-0.04530448366097825
-0.044392688243721536
-0.03248449914815813
-0.05322823942651366
-0.04392699118269541
-0.042380116711399754
-0.06080231000802581
-0.05216173986095844
-0.058607023146435136
-0.05667451054062496
-0.05916085455458187
-0.05808526218983883
-0.0563976734493109
-0.044969920632465736
-0.042408268771027435
-0.04831995012820542
-0.032767595514354105
-0.04003829932536652
-0.03876550828199126
-0.034721349041417035
-1.0
-0.04892249761667143
-0.04825550393620785
-0.05894471366460451
-0.0578170303186675
-0.05828506026482394
-0.05459112223648262
-0.06688793013181236
-0.05374002611284567
-0.06219725858201424
-0.06024981915984255
-0.0516384118088358
-0.051694305592450585
-0.05759907135549406
-0.054318864031974494
-0.05620438398916798
-0.05235620932088183
-0.04258178583639441
-0.05850588398225091
-0.041849392673327344
-0.038547207662831456
-0.049641771139282614
-0.03423702663561869
-0.039671883108921745
-0.03638845914720916
-0.04814810353629833
-0.032747465537436876
-0.045328137612649456
-0.031328858368191
-0.05207998517839637
-0.05467662268340221
-0.0536505988519914
-0.06223977767739577
-0.05135441451564594
-0.05431308052242971
-0.056053002033269635
-0.05638054641146211
-0.06100736828128534
-0.056024775427412424
-0.05570343230263381
-0.06885506092059361
-0.05301005139296262
-0.05226795035783773
-0.035974988758629
-0.03566364071568658
-0.042244168919297685
-0.028006381026762475
-0.022778230680624276
-0.03343539522138688
-0.031228602317392256
-0.03723147490718543
-0.03838934086388835
-0.042814585445335784
-0.04191751096685791
-1.0
-1.0
-1.0
-1.0
-1.0
-0.0016669405890049314
-1.0
-1.0
-1.0
-1.0
-1.0
-1.0
-1.0
-1.0
-0.0063704355697240655
-0.0026840914645985406
-0.0005769077950087444
0.009105648591736086
0.007237379671966648
0.005757448996081493
0.015022907707060463
0.0204607722081785
0.02283869303017222
0.02039136326139415
0.018727683572065598
0.019349634632021884
0.010688004967181065
0.019237432778260153
0.02127488926677577
0.016615201152636302
0.01988796828042371
0.026395918963083936
0.015952635450141823
0.018728639789506812
0.021674156543709033
0.01816991847388555
0.024510750441119764
0.01961829899923133
0.01592739105283266
0.012441401542743638
0.015070526242002124
0.004450146790822104
0.012914753734771302
0.0032182727710488262
0.010731373663469998
0.008870555198278793
-1.0
-1.0
-1.0
-1.0
-1.0
-1.0
-1.0
-1.0
0.005034058922805183
0.011487037877205748
0.009361967808791978
0.0049654645891836794
0.006366349433671272
0.01436772045499537
0.020563206025850683
0.011971357000367057
0.018493384950142962
0.008175980770017294
0.005864075546157327
0.01576034405250593
0.008502040626498087
0.013179016076167546
0.013655458106558585
0.012654740629975878
0.021860440338428495
0.01567529882405822
0.009771151599114257
0.017790734193807157
0.015808812966188426
0.011731061967361843
0.011469369040696774
0.019965412677739273
0.013392040853169862
0.012879533767958232
0.013811937656670898
0.014892617364720579
0.01775809995017625
0.013457929564873976
0.01354166285222951
0.012920041185314377
0.017435955145826566
0.017735398373284476
0.020948466322894675
0.01311296076898833
0.013055949026940575
0.010497283500341544
0.011403414407510953
0.02502054194052818
0.022935068993989737
0.018922058661698257
0.02152240347622079
0.027165226691023205
0.02737987351278225
0.024512556333673514
0.02298014655243386
0.026914737268767648
0.029248738175324494
0.03022360135789105
0.03724551040888842
0.0343599512750482
0.036529808253086944
0.034739636924835844
0.03178672855053177
0.027871240307711403
0.02947021846535608
0.024124367471528612
0.02548780693861745
0.030650027192752023
-1.0
-1.0
-1.0
-1.0
-1.0
-1.0
-1.0
-1.0
-1.0
-1.0
-1.0
-1.0
-1.0
-1.0
-1.0
-1.0
-1.0
-1.0
-1.0
0.021753842600247434
0.0208419799969916
0.02223944233394375
0.017674764870698
0.030387575800348555
0.024237128431684064
0.025909390416015962
-1.0
-1.0
-1.0
-1.0
-1.0
-1.0
-1.0
-1.0
-1.0
0.014384635421284797
0.02011653723217059
0.01643844510389848
0.018301197985973617
0.01939327543894476
0.022981487430361394
0.018168708862619034
0.015561400421684557
0.017979388580551956
0.01017791868173574
0.018348372324052845
0.00738255861637324
0.013565852701927176
0.017554667907123234
0.014138920495883642
0.013182268657756261
0.019477005059556404
0.017724437007025605
0.015129381967809975
0.025067056693050087
0.01576404439920549
0.013596176854107278
0.011967149487906673
0.020553549976353478
0.014592624406392045
0.012491960898746757
0.021878642318010882
0.011181673096186735
0.005162735695989941
0.007448068221536065
0.005004071012425575
0.0073873214559863785
0.0104726105026928
0.005201051066368216
0.008883810081207564
0.01424582826457402
0.008810194702308092
0.01712003621570656
0.0161696879654391
0.0075006969841971746
0.006168198842180798
0.006381927775672797
-0.0012874777030140528
-1.0
-1.0
-1.0
-1.0
-1.0
-1.0
-1.0
-1.0
-1.0
-1.0
-1.0
-1.0
-1.0
-1.0
-1.0
-0.005931857218099814
-0.011173101955099855
-0.014385198599511394
-0.010272513805518626
-0.007619222674397585
-1.0
-0.0099086543688388
-0.008039348446646671
-0.01082077666203642
-0.0034728405746584532
0.008348993750839194
-0.008309080976425885
0.0017558404479255804
0.004986238248591268
-0.009422718309620855
-0.006530504256335709
-0.013099786390305521
-0.01753337559694867
-0.014144822747674054
-0.01683371997467733
-0.005902103814156974
-0.017579915563532545
-0.006119548900504351
-0.0192308719746173
-0.04727698986159365
-0.05492889355157505
-0.025282548696524562
-0.020399182826785413
-0.051358487844403916
-0.03862749410528595
-0.03378419085170247
-0.032022757989179605
-0.03206444251132789
-0.03473958670025897
-0.03938506598153339
-1.0
-0.05101536797588677
-1.0
-1.0
-1.0
-1.0
-1.0
-1.0
-1.0
-0.04341710019325469
-0.046383160128111826
-1.0
-0.04539813516081526
-1.0
-0.048163918686746604
-1.0
-1.0
-0.03737564425364537
-0.030262926209268813
-0.0412702889346519
-0.04473524605763226
-0.051261138177822685
-1.0
-1.0
-0.04368466406177086
-0.04570069791882011
-0.040316614236929504
-0.045653030227383685
-1.0
-0.04111134572830143
-1.0
-1.0
-1.0
-1.0
-1.0
-1.0
-1.0
-1.0
-1.0
-1.0
-1.0
-1.0
-1.0
-1.0
-1.0
-1.0
-1.0
-1.0
-1.0
-1.0
-1.0
-1.0
-1.0
-1.0
-1.0
-1.0
-1.0
-1.0
-1.0
-1.0
-1.0
-1.0
-1.0
-1.0
-1.0
-1.0
-1.0
-1.0
-1.0
-1.0
-1.0
-1.0
-1.0
-1.0
-1.0
-1.0
-1.0
-1.0
-1.0
-1.0
-1.0
-1.0
-1.0
-1.0
-1.0
-1.0
-1.0
-1.0
-1.0
-1.0
-1.0
-1.0
-1.0
-1.0
-1.0
-1.0
-1.0
-1.0
-1.0
-1.0
-1.0
-1.0
-1.0
-1.0
-1.0
-1.0
-1.0
-1.0
-1.0
-1.0
-1.0
-1.0
-1.0
-1.0
-1.0
-1.0
-1.0
-1.0
-1.0
-1.0
-1.0
-1.0
-1.0
-1.0
-1.0
-1.0
-1.0
-1.0
-1.0
-1.0
-1.0
-1.0
-1.0
-1.0
-1.0
-1.0
-1.0
-1.0
-1.0
-1.0
-1.0
-1.0
-1.0
-1.0
-1.0
-1.0
-1.0
-1.0
-1.0
-1.0
-1.0
-1.0
-1.0
-1.0
-1.0
-1.0
-1.0
-1.0
-1.0
-1.0
-1.0
-1.0
-1.0
-1.0
-1.0
-1.0
-1.0
-1.0
-1.0
-1.0
-1.0
-1.0
-1.0
-1.0
-0.017235504440843027
-0.020257190380181655
-0.019246441231906514
-0.021083132789347227
-0.018034651201431034
-0.021347585276135332
-0.02039077961581609
-0.02724179863614464
-0.028383632819715336
-0.023528228147201423
-0.01688893005051099
-0.020084985726437667
-0.00848845587374949
-0.013946276798226754
-0.01903339431341239
-0.009828359936665948
-0.016930961246042472
-0.017489982758663022
-0.013245781912579293
-0.008805993302634197
-0.010073439287041429
-0.010148181177488606
-0.006515975301661427
-0.0037615949703755885
-0.009328209614840828
-0.002987578207644785
0.0007501434785166346
0.0008544055844613545
-0.0082217824078195
-0.0014046393125748608
0.0037001695822774564
0.0061943227650681915
0.0014061505968246397
0.005886295797319689
0.00013205010419688965
0.014457272735119847
0.003878254457799947
0.007074661410970145
0.008371819554739555
0.013161135882284356
0.010294756663733256
0.013922425619641634
0.014842249613830799
0.01896523682065719
0.018580769150114904
0.024000541526623866
0.022121834596925585
0.027412092356576802
0.024233075718793098
0.027780678239757602
0.023537467231467855
0.019479911304920588
0.02171619240531557
0.022584862925126653
0.02495094711966337
0.020937108052954304
0.025805021376726647
0.025544718123435707
0.028166549936977543
0.027897875251718992
0.02469373236976488
0.02542075813989379
0.025946262279567676
0.022586207435855623
0.020913102200258445
0.02939792526374336
0.023205811180927516
0.023360021775245203
0.02233305663227532
0.017108432170480706
0.024566412159827015
0.027413847655290785
0.02068368173895027
0.02176572965434001
0.01818241300118644
0.021668915275014453
0.023475006150989124
0.02323865301649455
0.02530672040735803
0.025775378735873822
0.024878439409265162
0.023512878429822425
0.020150948897379024
0.02012894268130191
0.019160441512750995
0.020616507176062275
0.014201227825511321
0.01738886909974347
0.013122253152052924
0.016536831621397262
0.012700401232789985
0.014863912896218915
0.021895229265264205
0.011906942852461015
0.011881759183784795
0.014959489117389257
0.017796385592959887
0.016387449048542745
0.011315720777408243
0.009347881283791963
0.01155273367868089
0.017982507708361423
0.012832546021768821
0.01250532460174213
0.01413133229231565
0.01798316871065417
0.013318938087093028
0.02124555839671597
0.01829969253048232
0.014152562201190034
0.014207471835337705
0.018824218301947054
0.01845654810080396
0.020553799267466425
0.019274312177536
0.016792079298999243
0.01889245586486097
0.010324148615709775
0.018362802946777484
0.02325228024466219
0.015880910458196645
0.013812119748966473
0.016639625980501668
-1.0
-1.0
-1.0
-1.0
-1.0
-1.0
-1.0
-1.0
0.01802050222598895
0.023644234669386782
0.01790006344326959
0.019229771222829407
0.01995475425379948
0.01709215882484643
0.014414443498438664
0.017754987825313845
0.015915897895370814
0.013710884069708816
-1.0
0.01841815168602131
0.015203905934332821
0.01772522155750177
0.015305415858671904
0.018413812685886273
0.018773457117558637
0.01731528038172339
0.019331757497210642
0.013398386148935215
0.019561486767867668
0.026584105242881486
0.012369748885821423
0.02117879090887518
0.02000654934135973
0.01627947016553551
0.012897896160266353
0.017015832528373676
0.015882114701299216
0.013832601013508401
0.010536004445843562
0.010306446384736968
0.012131511548223147
0.015777569962493652
0.011942905385034392
0.011705320305952522
0.017057543790640457
0.013029454191840215
0.018283550002636567
0.010866878976515696
0.009484270806036258
0.012540306190866502
0.01162229568071202
0.013105944067375289
0.012588218896059591
0.01606028092045017
-1.0
-1.0
-1.0
0.012064127967167743
-1.0
-1.0
-1.0
0.010426219374779411
0.014604039338512443
0.006891490273890351
0.003314690863321333
0.009969249208719683
0.008544426017530074
0.008302018307987713
0.003542169315740679
0.0035559155472644995
0.009697704587586894
0.00821989707081332
0.0021250642556110083
-0.004834596468685269
-0.0019812882742153404
-0.0015673986754379263
-0.009500656631168577
-0.010017867836459428
-0.006433632085999886
-0.009472163514958182
-0.009556453813624416
-0.013875538095533817
-0.016990162086831167
-0.016706271179380654
-0.017244159554393682
-0.010264939933521528
-0.013798175247954195
-0.011734098978728184
-0.011219807309314968
-0.008548717075392795
-0.012575222302393134
-0.009693657277450411
-0.01141169108021633
-0.011903929012032832
-0.017549164664235062
-0.019375382308250432
-0.02222909215544435
-0.028377701953862224
-0.02434744231155423
-0.0234694002742105
-0.024899931766499732
-0.018165867543799452
-0.018461616296194718
-0.01805723128459807
-0.02725802072266658
-0.018228067891331207
-0.01783748911834238
-0.02437535566268408
-0.018633604732266516
-0.019527946254990988
-0.031175422759302216
-0.02794159624486032
-0.03570305744626912
-0.03225299891987122
-0.029713164912677316
-0.031307589771282014
-0.02431258927370084
-0.029275068916008375
-0.027834048114122375
-0.0343090114464534
-0.027709269414334544
-0.03201182992646818
-0.026103129932776536
-0.031042136611635213
-0.030489825681268942
-0.03503058225482946
-0.029302448860102845
-0.027644092122818535
-0.025672515899872194
-0.031723599161172365
-0.030472872647137293
-0.030186470351901366
-0.026965679609209474
-0.03145256496801444
-0.032350278341074165
-0.02986085339344756
-0.030658524589553208
-0.034199456214301836
-0.0231042075552273
-0.032585631686968784
-0.02104878153260366
-0.029929014435563246
-0.03417894555056473
-0.028309830523988763
-0.023938666605075085
-0.01679874477554742
-0.02924042536166268
-0.02999662418514495
-0.02624683629516661
-0.02440227119328134
-0.02587950852707284
-0.034455803151006784
-0.021750463111604446
-0.022014079485497242
-0.027178924139813
-0.02959411672665947
-0.021389817329630904
-0.026784961963488747
-0.02037137522851434
-0.024681620915166028
-0.021664278838368897
-0.019922122057774088
-0.024704515815959636
-0.030379252392314624
-0.025884121046186315
-0.03112339448000988
-0.031158945567745896
-0.022331953830998976
-0.02491234975976421
-0.017738984158660227
-0.03082220070882238
-0.030153363518327245
-0.030458550853675406
-0.025276375248902642
-0.025249271534130292
-0.02513461520811495
-0.01730495636620022
-0.013562912081779316
-0.009646177684191955
-0.010936085392669749
-0.005882630929183265
-0.0095663106565455
-0.009544244940448145
-0.009783688180288663
-0.013247117490362831
-0.009829768154572734
-0.013141397332898326
-0.010965578941589125
-0.007190859156597106
-0.013794187191241966
-0.017242767741727692
-0.01781428316261019
-0.018557202337650448
-0.015458599051852151
-0.025326474978474834
-0.019246022440382267
-0.02091063504903266
-0.015404162867557504
-0.012716316045503825
-0.009066909696030858
0.00020777686906618665
0.005673567098119446
0.0038537266646532027
0.0074239716642202185
0.00793559451716848
-0.006688741241944958
-0.007306782876931143
0.0016146124609262757
-0.0018813741991807744
-0.001105279316767294
0.0012206689669191546
0.0011841580808532024
-0.0022419617075224896
-0.003107267360599875
-0.007650282818975103
-0.010769690933504775
-0.013983191702658479
-0.012290562010702144
-0.005050037109007411
-0.004086204123324709
-0.007835891367667124
-0.015771952992228687
-0.014400969597966691
-1.0
-1.0
-1.0
-1.0
-1.0
-1.0
-1.0
-1.0
-1.0
-1.0
-1.0
-1.0
-1.0
-1.0
0.005372804821156703
0.00691268249564882
0.005274150008898209
0.015593506234946621
0.021638202721620176
0.013346408453406745
0.010362023408328614
0.010923186766714735
0.01203453701073011
0.010006964845354191
0.01076982889225547
0.008583031591467215
0.008538422321431711
0.010183241051743315
0.009238788578080144
0.01378316378163688
0.012594909999312651
0.012296026038661765
0.01290637946509157
0.009629332683904953
0.011878415086238603
0.013379916123712303
0.00959795378492356
0.014989592338166723
0.009351677073836015
0.012426083239979274
0.011934846484360625
0.014345872481711453
0.020546906267757875
0.020367628373583357
0.01996564930340882
0.022325014817362474
0.024315835266823845
0.024938955509177022
0.018865020691389445
0.016986889250990667
0.017468541548612028
0.021086322119161175
0.019403277738592743
0.020664232502693364
0.02220474144382713
0.022643257219621734
0.02103265017382017
0.022863200076663908
0.01577504086463872
0.024107211580535207
0.014758408349542005
0.01753349641453218
0.014707308278420012
0.015212634684513605
0.01717745673989755
0.012949864863296839
0.0141095470177946
0.01446521040420932
0.012525418602750462
0.015407692471262804
-1.0
-1.0
-1.0
-1.0
-1.0
-1.0
-1.0
-1.0
-1.0
-1.0
0.016789644079642636
0.01887057164116794
0.020078580188621364
0.025174438588712475
0.016194095285902172
0.021658149804415976
-1.0
-1.0
-1.0
0.027056308366043044
0.02523129592152565
0.019301542915694254
0.017051588980756982
0.022516269885076427
0.027490787390372577
0.024293378517603
0.02342772969312298
0.02959860458845399
0.028180594640491916
0.02516426621660912
0.02664114158829748
0.02875280615535925
0.023287184003302663
0.026777885232201835
0.020562092316517015
0.022738973670639148
0.019241095808809963
0.023157416547783038
0.023478773213688266
0.02261221245127456
0.022267657763624205
0.02196628054077226
0.022120091715425293
0.02003707007314045
0.02296436563873508
0.02102144978190632
0.018987318426279338
0.023256527253723507
0.017663115051484667
0.01845675537890369
0.021942457924929087
0.02069767709910731
0.020694145910109246
0.02270964902853684
0.026053956944882672
0.02161440608912359
0.02267284927292916
0.028177329726163904
0.026030017762113923
0.021048905547502595
0.02465858767086594
0.02259271655488506
0.02416697519417152
0.024005283109195415
0.03095962537869228
0.024634060095088558
0.024067685141270428
0.02716277782214802
0.030198208522780316
0.02080865330426743
0.02551129921595944
0.022743542910961766
0.0231061900548268
0.020604727924550967
0.027967577653820144
0.02571224144626735
0.029236912189991228
0.028040420868841547
0.02642584680268609
0.027747863374325013
0.026562865539502125
0.025464061895793304
0.02950736380540961
0.02433837070918647
0.026177600362878712
0.021986203616906407
0.01997987322508028
0.020045734839091556
0.025630911180738236
0.02694751731973015
0.02592068657299079
0.020421657953046027
0.021167816104033437
0.021898488839335355
0.022518604592126134
0.020073779721668298
0.019850229680310135
0.019770904210069516
0.02119473085721484
0.01676143917429516
0.02140107762435057
0.02151877377902601
0.025056418182172257
0.020864679875475783
0.021888898858277852
0.01859752684057395
0.016918602329527535
0.01804988084799512
0.021338169923679283
0.019631753043869635
0.021969187887453133
0.022673453232486176
0.0230800714253793
0.01981783986393064
0.024751112748159936
0.022646566479134787
0.02002963345249229
0.023541038629603266
0.019547852178196806
0.018691562767329622
0.017434580279347536
0.018463940723153535
0.018628405657123804
0.01845063093479706
0.018281884929008126
0.011809446917319201
0.012839225907025542
0.006169228164322953
0.014276620894458256
0.0201032027309799
0.020106045832578783
0.02102477498973075
0.021469512930372928
0.019436251790755626
0.02030677700492782
0.021965518377246387
0.013291198325766375
0.023155828560330233
0.024363062757157293
0.020596159104911676
0.025066320472464116
0.02048130334177571
0.026935632535018742
0.018906960230812914
0.023403771474888032
0.02676771754096546
0.01914913346078583
0.02109373480969725
0.01511901416344645
0.019364021559659474
0.023749805051614094
0.025807288871283442
0.025807548815531167
0.02581278253551619
0.025188882226181746
0.028758248040819053
0.027165143905945138
0.028305267216888242
0.02292411590879772
0.022415792113379015
0.02299769675384962
0.025266235833379707
0.022060415799692538
0.019766701169365686
0.022595411235005327
0.01953207859305365
0.02146815201622422
0.023263877874990173
0.02330198795040245
0.021164638139126186
0.024804721288813
0.02250845686216732
0.022652398817904307
0.025514298271240993
0.023129069705873737
0.025564652878325
0.023495958282339073
0.019936731787698028
0.023356800808935423
0.021609010535419
0.02423923174660341
0.02384142522243233
0.02288020919913387
0.026713376242358387
0.024392062060200195
0.024577649202389397
0.02068688701444688
0.016937559915306016
0.025491711580146376
0.021608446848678662
0.018951153468165373
0.021860620963589754
0.02310423995411312
0.025989310905526867
0.02112411822155038
0.024250315156955037
0.024381541052822808
0.02300095482026258
0.022560094431115514
0.021260134474293087
0.015139126288821927
0.02060143821659157
0.019970686378873052
0.01865574224574541
0.01974800776417308
0.023073302971017243
0.020319033793991303
0.020906706860302576
0.017553474599098246
0.01315172582218125
0.0188582116831593
0.016972654281317275
0.02151433633127376
0.026061241353230548
0.018788245060203466
0.022996291127287887
0.015045049999828775
0.019189447498603324
0.012623053067103337
0.015640809205141507
0.019127898065770647
0.019201825177017965
0.024917115622035992
0.021092378957545493
0.01917960571702515
0.021382810788048694
0.02374671277797205
0.022495651177928348
0.022289314311473074
0.02355537991401548
0.022244317351300454
0.02271696518565454
0.02630065753581259
0.018648540537740756
0.023558190220516223
0.021489802407753784
0.020865012011710343
0.0199054478127538
0.02343057113310863
0.023018545885423736
0.022377378304085795
0.02392486415124696
0.02234540282209125
0.029846079382994575
0.023954927460087806
0.021245575850441685
0.02175520646943227
0.021925879862397277
0.021652385356555587
0.016970177897605854
0.02554553216196649
0.022226395289840963
0.02205740019880098
0.021460075142635007
0.022337654854838254
0.01993240110061218
0.024087479592073927
0.018542724087876477
0.02262188787586016
0.02065923046409328
0.02048105043273082
0.02379320016056621
0.016445391067671816
0.02449099718387434
0.024690295771184676
0.02223004003726102
0.022891685343110913
0.02722939764532156
0.023461173846530875
0.019969943904272095
0.022553289706319646
0.021654518394276984
0.01749217615850511
0.022394842382190496
0.020272584938220085
0.022402074796293796
0.02521639294351354
0.02019932391809533
0.01914828897851642
0.015136798076172662
0.017184035756473124
0.018358222015979423
0.016247776186504685
0.017165264796715457
0.02197307876830023
0.01553337594350049
0.02544435731528008
0.01917071481124836
0.018859239520006316
0.019866271194060998
0.018658495358416773
-1.0
-1.0
-1.0
-1.0
-1.0
-1.0
0.014106806659191335
-1.0
0.007758921070460832
0.011806147890102366
0.007009550601456577
0.0075056930947680605
0.01106138802779616
0.0034281872214013648
0.002438972312215884
0.0045829965303067766
0.005440356662445288
0.004921214736564658
0.010545069342877626
0.010400355143609616
0.009399618510328828
0.009526112669784932
0.008451749072758667
0.015001358830529015
0.016311155400051697
0.017939188979921444
0.015750055356837926
0.015666312084214873
0.02235405163247215
0.016887721700588394
0.017049336704805424
-1.0
-1.0
-1.0
-1.0
-1.0
-1.0
-1.0
-1.0
-1.0
-1.0
-1.0
-1.0
-1.0
-1.0
-1.0
-1.0
-1.0
-1.0
-1.0
-1.0
-1.0
0.01997882285587992
0.02147106496444329
0.02072737309895841
0.01170591317705831
0.011750616702947093
0.011225434502010355
0.015099479031817487
0.007797582072342971
0.01762104613328896
0.00948384615437342
0.006074771187203767
-1.0
-1.0
-1.0
0.01495425476765899
0.010241713872033757
0.013877043232077245
0.02155304784332929
0.014689830298573313
0.013119543107187097
0.015455427001037683
0.016879362112620394
0.013108422864714128
0.015560843333880534
0.010809203084122422
0.013317154435438277
0.011226842556412878
0.012204826758875456
0.01586656648986684
-1.0
-1.0
-1.0
-1.0
-1.0
-1.0
0.019583764336138287
0.02717119963548054
0.02214187734377204
0.02296249962498948
0.02150169611632494
0.021253117637303136
0.018312395181437523
0.018501241868201006
0.015109247630342439
0.02205510726647425
0.020366442229491303
0.02214785618508249
0.022680188060502763
0.02287814418457787
0.021940501163118766
0.017183365927428664
0.026662278987625174
0.018379707862579763
0.020076321295632204
0.01812093213005936
0.023409651016526162
0.016671933591518962
0.01364650486297703
0.016035028653442095
0.017834608905798646
0.019060090156990513
0.01474282325904485
0.01644909646366771
0.01561695580009187
0.01719064125953657
0.015736688287750825
0.013630957554535044
0.013928695110929028
0.014984075850057288
0.018116831956612713
0.01840710068738016
0.015186115191069341
0.020453741914875378
0.018635385583703663
0.012363038182137976
0.01925727161751807
0.011897491330626068
0.013968119199819093
0.019826616577873938
0.008429739924261765
0.011371707291615355
0.014581820786160165
0.01615237178040393
0.01601255549401504
0.022806274976991663
0.01725044304784687
0.01912165157053888
0.018917794135301452
0.021114982999208134
0.019061956860896748
0.018239045898537625
0.022665688866391625
0.016356836990187716
0.02004113356099407
0.01705579511082983
0.02065795391653508
0.02221834937961671
0.018903150696932738
0.017223790104213047
0.02071080407541009
0.02183585556423698
0.01547675952049217
0.017424889519205948
0.018793839048918726
0.021862440581809552
0.018920724605257986
0.022514864273823855
0.0195936456432429
0.022217522308312275
0.02949694282740192
0.024812240650617146
0.0216807700709919
0.019289884812237743
0.0239896615693285
0.02689101238922039
0.027265295062306426
0.028016462162958094
0.019922584158041642
0.02361260428039303
0.024279895658404146
0.023938150879899502
0.02657851565447032
0.027186373747031204
0.025582344078869976
0.02497511225103679
0.019082639214710637
0.026537999338898912
0.02561947148125441
0.023861752208456544
0.02227909925120188
0.026755475191844166
0.02541160430933139
0.029274848881337093
0.03105340403815185
0.028920612334977648
0.021387693826975147
0.0263095617300017
0.027442921684676862
0.026036973133910964
0.026026358014549136
0.023892391842262103
0.020679601222327596
0.025593663684579212
0.02559352491334707
0.027532214631694404
0.022691474204380023
0.03014081522560987
0.025086906353947367
0.024671045156306068
0.024374737206289188
0.018683110756455505
0.022625406257461678
0.02314928789026408
0.021266494143919255
0.01890363428136934
0.018380629490994255
0.0159805458755959
0.019003480156968136
0.018943788804896788
0.022288293874398662
0.017908300515733996
0.01603073885368927
0.012872264549806956
0.01582881802643451
0.01440082102309966
0.015709615704262683
0.014336861454069153
0.012252421430828771
0.016653422073167282
0.01371887358842906
0.01320999171840325
0.011198677887912494
0.0026042651641427802
0.008845761433279637
0.0011487226570735351
0.002495031602358162
0.002970551398474666
0.0024462829845538193
-0.01074830991525092
-0.010993072539544565
-0.014868773927390697
-0.020751152054722867
-0.027494085727143125
-0.040927965353180294
-0.04846610171505483
-0.052022830392808556
-0.05332726152328664
-0.050987179287761135
-0.0516798183890509
-0.054908865447503695
-0.05070661854787186
-0.05427242713310575
-0.047117550999608744
-0.05238355133256969
-0.05137886412064886
-0.05050016897052334
-0.04674433996052812
-0.04627110507800693
-0.04733770459994134
-0.04877693798271412
-0.04568210860241572
-0.046145505927775374
-0.04581304873966424
-0.04701488697290131
-0.03890656677598184
-0.04157685884410209
-0.0447249949360048
-0.04819418670303888
-0.042578982264307765
-0.04266736024634277
-0.040290557033082895
-0.04840073280919492
-0.04249879216615874
-0.03821181726890209
-0.04376148514753129
-0.035753613016242615
-0.04036332315061927
-0.04426110385760563
-0.04971491762000372
-0.04799282074351679
-0.05477967438046179
-0.04528854723195547
-0.04088959411026915
-0.052523331247452815
-0.055687299757400444
-0.05066035194390882
-0.060270940965931594
-0.052273594231893775
-0.05537203305352494
-0.05167937301829328
-0.05913783921163167
-0.060111942948489885
-0.051723975907501794
-0.05417003206462681
-0.056326003019076025
-0.05224679502305138
-0.05512506017309505
-0.050336716941574454
-0.05531181795903177
-0.050552885278955254
-0.04925154003133053
-0.05038016417397562
-0.050674230375876005
-0.05691250823070043
-0.048825098909894754
-0.050639277503250875
-0.05180500400643917
-0.05383908016413438
-0.05623323366546074
-0.059233651577584305
-0.06013580430717246
-0.06020002648865147
-0.061298604130140745
-0.0485495084497403
-0.0495563206371608
-0.052323424394848855
-0.05152505140734864
-0.04846693188464099
-0.05168020213770644
-0.047921928856548064
-0.048437750555183616
-0.046410585022980975
-0.04357042950190401
-0.04542142275106304
-0.03397285725997612
-0.041283976713952036
-0.04300015970901822
-0.04024691761490311
-0.042287209802786836
-0.04094888785261738
-0.03995846059193421
-0.0369858884207587
-0.03663328074273425
-0.03431500169187279
-0.032544659262106354
-0.03750921811772291
-0.0331827872082511
-0.0347074907456156
-0.03779256270301184
-0.035045775608332524
-0.03909039984426557
-0.03636750967867603
-0.035684907138571635
-0.044307044330796366
-0.04044738931797612
-0.04246240137274703
-0.047224811627352176
-0.04202992520533964
-0.038726742688653816
-0.0403741885755209
-0.040198690569912016
-0.039283676112517374
-0.039162548640877835
-0.037451345592172385
-0.04359369249479174
-0.04347593211568626
-0.04018491626210626
-0.0491662847550686
-0.04397867815909555
-0.042404189963864344
-0.03936620174319676
-0.03691460087429684
-0.03290437304030086
-0.033230955433039305
-0.035702209112158996
-0.035560082674481124
-0.045172294082994044
-0.04340954695307286
-0.04688938420020911
-0.047375440024194554
-0.05589173615884122
-0.05174849821497869
-0.04720733451659559
-0.0555229218069566
-0.052561303390138515
-0.05565831330988402
-0.05082595116018756
-0.055770467374102586
-0.048355278124181014
-0.052898288473891414
-0.05984026978951432
-0.0579336909822254
-0.06305855783242675
-0.057453687245092415
-0.060064175047214605
-0.0627908209712119
-0.06463325523670348
-0.05702185569183166
-0.04676079191311038
-0.03765870715252734
-0.04292415102204336
-0.038975774464829215
-0.033401066672737054
-0.035107875514676146
-0.02918161484829545
-0.027672220828690343
-0.029252120682008262
-0.030377025519188458
-0.03935754671355537
-0.02829570490099097
-0.03224726223733226
-0.03082352510996401
-0.03285263838443614
-0.030902347843834683
-0.033440714700263614
-0.03538904260738555
-0.035836965995921
-0.0317594997818021
-0.02969760621324778
-0.027967579757492447
-0.030644064305123685
-0.03684728565399605
-0.04082269421402365
-0.036435783092696974
-0.03967049248461314
-0.033581965986137184
-0.040749353873918696
-0.03387466210921333
-0.02899871557284939
-0.03627902886409461
-0.03044677402756524
-0.03785656053874067
-0.042727523857094205
-0.050024907378359636
-0.04646448875212432
-0.03915226049931924
-0.0416909553486241
-0.0458465905324768
-0.03793286639217077
-0.03859237923985871
-0.042767350028612705
-0.036694102631908976
-0.046273647455665666
-0.04177433433367514
-0.035480495951351554
-0.04795922290786523
-0.03830135712163356
-0.043868311335253526
-0.038285187068765665
-0.04449676678400514
-0.04243168801482524
-0.04800863374339218
-0.04077686912871558
-0.03943657537075028
-0.038201488922700734
-0.03717477572592805
-0.039391238072819953
-0.03814884840577483
-0.04541738815069304
-0.041019554396295045
-0.03878533614098879
-0.03880668961111318
-0.043783419467036344
-0.046011298868630736
-0.029367652950279217
-0.03367779950470798
-0.032033824419003286
-0.03721777064125496
-0.02907029934776293
-0.03692813198047454
-0.03271188508365507
-0.03561430006611704
-0.031238243707380164
-0.023169656351430624
-0.01935665120599662
-0.01998733419163328
-0.010482765886225038
-0.010600180665393465
-0.014246189987903774
-0.018061784725258625
-0.013311371890926208
-0.009388356765703857
-0.009281803990413843
-0.007817253195550948
-0.014560264219530165
-0.013621859638353795
-0.010084120287784774
-0.009454807181581534
-0.011704050979010184
-0.006526091468333289
-0.012188497137368713
-0.01040119789039732
-0.007314490226988369
-0.0046613555460234875
-0.00861623075018038
-0.0038154749439113815
-0.0060960273977225385
-0.011535881192613652
-0.007722692992551531
-0.009340915945598544
-0.01421929732338628
-0.018913482296732502
-0.021016103438442832
-0.016945751204584653
-0.01772967748128118
-0.026253934201799882
-0.017289056779653804
-0.0222960287001401
-0.018553870203210237
-0.023314060107435464
-0.024060223670878355
-0.015736677801717922
-0.014168495130410677
-0.01634185995183362
-0.012797027854143897
-0.0004041178005727253
0.007171724224910454
0.0005215051463098849
0.009011518662627501
0.004640337884830837
0.0019445574092924738
0.00041302654110742155
-0.0003760766034921402
-0.0005085603995783043
0.0029010092112686163
-0.0014009793379091318
-0.006328910458007409
-0.008832006318832462
-0.011028808109059192
-0.0079600482124745
-0.005000633366382728
0.0046970313633090165
0.003889693803651694
0.003060349778617414
0.002706816149622082
0.006907649592466454
0.008144808793692488
0.005882012616160065
0.0011571389931977003
-0.0005727229103314845
-0.00018766060060459034
-0.00038171822369881806
0.007136321744041426
0.0036773416335382607
0.007207981474158339
0.011489437002073524
0.0156352613951783
0.0054239741161527
0.003749517365098712
0.0039722012788472715
0.0019624327531400096
-0.00439846398275722
-0.005567231613510943
-0.008558832845571481
-0.00873072603781351
-0.008181037256273931
-0.004436088601683066
-0.010020371935267865
-0.006876367217088993
0.0005949591132102494
-0.004869115335478872
0.01035837715653552
0.010506691314660649
0.012126427880494768
0.013576532981017724
0.01594237879687567
0.014399728851421848
0.01440343052691854
0.010596096667531857
0.013895403109391965
0.011980591777921485
0.008994278723688428
0.014193319162617225
0.011707749502681875
0.011611599674492752
0.011275351028485692
0.01279779881463448
0.007523889640176325
0.017729262853403368
0.01250664282761592
0.007108447706257597
0.013238479627904209
0.010731236707864602
0.012282913745634626
-1.0
0.01583877155500858
0.02057496211439843
0.02311127005179747
0.02497605324568968
0.0207472835739898
0.02259705325829572
0.025554033248153883
0.023544467232935382
0.022168155385101564
0.02693584425687392
0.023581510244339896
0.020581612457119244
0.02167034283321475
-1.0
0.017841631279806588
-1.0
-1.0
-1.0
0.013286918037396485
0.01288388650330269
-1.0
0.01759008211804261
0.01657119293097615
0.008756633303717622
-1.0
0.012404289399599231
0.015978203567784115
0.01259855449003338
0.012514295040867969
0.01039803433601733
0.008598138340445236
0.007710576390408755
0.01390249283448424
0.015311713395020054
0.00787140614585096
0.01037513783819994
0.01042686497031782
0.007237529813444439
0.007213541482046755
0.009454842781974825
0.0058012246324125995
0.0064827918560280955
0.0035120433964461345
-0.00428763821829938
-0.009187441687973176
-0.005361490824867483
0.0010562071545996848
-0.007564785546366868
-0.0032014796785940383
-0.007799946652195239
-0.008097416712180002
-0.010383990991267935
-0.0038182751944202393
-0.003938811648005264
-0.0017374641154685744
-0.005454326738475431
-0.0071441737801413285
-0.011919080724429385
-0.012129913501121074
-0.010258048670305352
-0.010045823915924892
-0.01570270174452882
-0.013426116328317712
-0.007330533920235854
-0.015719352578499393
-0.010150752204048964
-0.009065412920239555
-0.00955615504727837
-0.012811985002877451
-0.004597437021761515
-0.00998677317870377
-0.009046444326862104
-0.008351230916745535
-0.0031575976187586618
-0.008352415015274227
-0.00415557898779055
-0.008570813814105484
-0.01449759349386845
-0.0031732026792146203
-0.011313829232473063
-0.005921387635524477
-0.006193602347769307
-0.0048029081575991315
-0.006170936544974735
-0.010646951789065218
0.0013090507937637212
-0.003327670239366097
0.004690207108321588
-0.004079847059141606
-0.004288535688401575
-0.001172803380130762
0.005410577003725528
0.00350566888106832
0.010398969032896006
0.011251318433358286
0.009292557241654361
0.0067268404356727205
0.009383055661861896
0.006056416534770644
0.004339322265935307
0.003366488901279643
-0.0021114035480784463
0.005513627469434109
-0.0009169587463542672
-0.005483449957289244
-1.0
-1.0
-1.0
-0.007434498206148917
-0.012111249990571237
-0.003554203824133147
-0.002915489660990924
0.0012318428685745748
-1.0
-1.0
-1.0
-1.0
-1.0
0.010648668958701264
0.010240046811343965
0.014956625256220527
0.009573648603523742
0.012885743839429396
0.00460116231035437
0.009670202564832791
0.007930262175940664
0.010477708684494883
0.005742634159617493
0.010346940702101985
0.011846933763371672
0.006876500021942059
0.0079217426116357
0.006594990730006296
0.00912992974483511
0.008307384133567918
0.006806684242813808
0.009820176354532894
0.01129744615160622
0.004644016131900722
0.007925374741028071
0.00819674832264499
0.0026633480210647904
-0.003627188870091827
-0.007387394211544227
-0.004374272852758169
-0.00831989704370428
-0.0023913888440190083
-0.006461291186272882
-0.00026453144415070507
-6.208804142661525e-05
-0.0064596886559940715
0.002897474978115896
0.003603092448665324
0.00881817099686339
0.004840269344524184
0.007997931154890107
0.014081533607350413
0.013499023169430899
0.016669206179195015
0.013191802345469556
0.01182830052902485
0.019482444784004998
0.016812508800437807
0.021186513408724145
0.02140881702219062
0.023395761065098292
0.02323069833486509
0.02528788177206413
0.0305357478662614
0.02588127417912715
0.020020343681210327
-1.0
-1.0
0.01717978220078286
0.012507373588144756
0.021496725432438708
0.0189393185203686
0.019643935497299276
0.023987595757059086
0.02450845682404064
0.022939667773131365
0.023608130923898237
0.01941950377188607
0.02452848655430265
0.021979453783111575
0.02229976022857424
0.022109351087258377
0.015924390776525858
0.0162593389471674
-1.0
-1.0
-1.0
0.027415040567911365
0.026428370958992514
0.023648091333881332
0.01994183971969668
0.024992672711299634
0.027237772757992405
0.025207410797580904
0.023305119745696837
0.028205269231641884
0.02374015426517403
0.0206337923735382
0.014750758542014923
-1.0
-1.0
-1.0
-1.0
-1.0
-1.0
0.009796133956553937
0.008082956979687998
0.010235453026800727
0.018218700937522803
0.011333149107237067
0.006425310576941734
0.010239828410401379
0.01093140101487223
0.009840448668197362
0.005566356703402602
0.01196982425384448
0.0023675579479922985
-0.0054578361501133885
-0.0051999485836531365
-0.0030790102156757868
-0.006842984070380562
-0.005134852380570448
-0.00852262144610344
-0.00870908038385308
-0.005508269357844648
-0.004508319476840248
-0.0036299747834473077
-0.010354789732878355
-0.004990554946608522
-0.00614899157063146
-0.0053076174198256896
-0.005920194537637356
-0.0016923893304845656
-0.005349012857535358
-0.005948117611553994
-0.006256315972231095
-0.011470206654774568
-0.004665725042902344
0.0016286610441732755
-0.002240793701604345
0.002951929896977942
-0.0013229968649742733
-0.0054974252670204815
-0.003712901467064468
-0.0023984041556340124
-0.0004965041188687413
-0.00031999946443765496
-0.002513002562303477
-0.0023152118169807155
-0.006617516867931428
-0.008534698646569666
-0.004269602948172077
-0.006158700690819413
-0.0013557748768380014
-0.006772203459725203
-0.003299662430319063
-0.004124336292903681
-0.0012945881677943402
0.0010878765147873152
-0.0025817482549263184
-0.002771541923091874
0.00461389503241184
0.0043162973704452875
0.0007562601858016504
0.0026004030816903136
0.010112014251016524
0.012591028446144771
0.012562749250792532
0.003330902012367823
0.0032455191934950838
0.004104956667886257
-0.0019712819334274513
0.0031015514217016273
0.001318428382396254
0.004091051993890339
-0.0009800115918096198
-0.0071543830589476266
0.00033498101804365705
-0.002100942317288763
-0.005229571708552537
-0.0037635844410853565
-0.0056370405127269116
-0.008131412306765775
-0.0014809079901156796
0.0021328033434264743
0.005671214698233616
0.010087179093198076
0.004848851546340878
0.0034407625255975854
-0.0004855516536687473
0.004405906313663574
0.010157771043840769
0.01320889802622256
0.012576390034027751
0.011354289558098725
0.018744087649644168
0.016359709609402823
0.017174850937445283
0.01795238967043561
0.01402688297350408
0.008760698675353779
0.01444396371909293
0.010917629485079383
0.01131965163663901
0.01682182067627719
0.010422878549750283
0.004695373086280576
0.008957997985748116
0.008011696214786854
0.008875075431903042
0.006315361111861057
0.004096973012714725
0.0033949615987237934
0.010162149179972362
0.008577343448378525
0.005232016936327446
0.00904409489386866
0.009476162608215493
0.012729662702691685
0.001333341443583838
0.004931514904573676
0.0065295896307292255
0.003936769630540805
0.016904499454055984
0.004258623572535342
0.007845085874774975
0.008255425754582211
0.004596171913945465
0.005402180729940326
0.004041627960823204
-0.002561742212885792
-0.006984255670638804
0.0020897709270516376
-0.00747137647804885
-0.0016376436735769885
-0.006248845210492845
-0.005402704292662202
-0.0023916084011825645
-0.008779836098360269
-0.009678684520764173
-0.017535272550049334
-0.013955156309337411
-0.016052086406985945
-0.0055624829518717105
-0.007909628100802774
0.0022233567171124928
-0.004028172992123453
0.00020177619361110268
0.00020927770622613701
-0.01319189233308593
-0.011292654741855656
-0.015142928638346013
-0.013639293781181108
-0.017133642483707877
-0.01441073517562783
-0.01700482466692098
-0.011190908714945484
-0.01720735911072503
-0.018349931836965712
-0.01936740010063808
-0.017100726827352752
-0.02021624081052647
-0.026228414189169505
-0.01635520038550677
-0.016839006122097377
-0.019497828305842374
-0.020309614508551732
-0.0174182364315269
-0.025583484568671093
-0.01305369013258533
-0.02099873760553293
-0.018631466320530168
-0.01534160463148969
-0.018378601816917153
-0.012418657786416052
-0.014455265350684598
-0.01687828314432632
-0.015526332964029055
-0.008668758536711669
-0.01056824557224691
-0.009422853369788169
-0.015008655269746034
-0.01425520072713149
-0.014146253740867195
-0.01257531972520837
-0.017569714508129764
-0.02045428923565666
-0.016444478197579562
-0.020685602147825215
-0.02397445318382411
-0.023858606109425442
-0.01989614357533761
-0.015183780184468367
-0.018056534756840163
-0.017686916284968438
-0.022532427738232313
-0.015125020726430488
-0.01747905284991191
-0.007577674123325632
-0.01097394274470169
-0.014880932326347445
-0.024879397998076428
-0.01755524657238076
-0.01577931140864865
-0.008985221084251172
-0.0204123071648327
-0.015668844054206214
-0.024269952024197572
-0.02272136537580029
-0.023251404445946387
-0.016744071105339403
-0.017723526897197566
-0.020800903637934524
-0.012985990518452466
-0.01638092438612602
-0.014607993859455782
-0.027973502570503593
-0.016578158993173414
-0.022117301461470642
-0.024052677078562137
-0.02021300887200574
-0.020984583153545695
-0.024585813033747073
-0.02084313986795696
-0.023530918136015565
-0.02451743828925409
-0.029573154903071917
-0.026019941279888364
-0.025918533600565858
-0.01657262023318748
-0.02384799086101224
-0.020226415289596057
-0.029884374532693297
-0.021706718711573154
-0.028858057690967973
-0.028742918633748147
-0.03016648991455399
-0.02647394906445566
-0.016236396590839555
-0.018683942517000226
-0.018841955173760923
-0.018893240893405574
-0.02494782266046479
-0.02481056638497136
-0.021142751710738896
-0.025058251857101473
-0.0295088593525605
-0.026413292359866773
-0.029116413902780077
-0.01833811143385694
-0.023506098578192035
-0.016857352990644413
-0.02119319268607325
-0.009800856468345477
-0.012150637553747805
-0.01009236517236692
-0.009570371272706088
-0.010435266382244311
-0.008056463701358279
-0.008064461097689454
-0.010284844046758316
-0.003696772097412711
-0.013106572177550358
-0.002677710278967356
-0.00018445487596918227
-0.004309876244354556
-0.008063376131485318
-0.008362207999086959
-0.011255286561074844
-0.003798421217579087
-0.006884099407584
-0.0035339635755313307
-0.0077754661481900115
-0.00581571082872963
-0.0037269395687405016
-0.006693707564573772
-0.011346714273776181
-0.007665422516771813
-0.006131848205506365
-0.01187396508192518
-0.007845001821088214
-0.008868119501289955
-0.011821297277357977
-0.006705528577822247
-0.008355683223146924
-0.012123269181305305
-0.006684192178316345
-0.012710942566904792
-0.01046362180080627
-0.015320225973083143
-0.00807913634472317
-0.015778170098182963
-0.014914399603361607
-0.012509884427619626
-0.011427198229481296
-0.013233615594408946
-0.011838967196493383
-0.0175766197035165
-0.010079192075638828
-0.0095169027452693
-0.010807400717343716
-0.014266480222212463
-0.01396156607957523
-0.01151447749550001
-0.01554482457706348
-0.016597819434498853
-0.012192709254731158
-0.00873220535181308
-0.013655458690176384
-0.016137485479795755
-0.006094516232121772
-0.0004485438194512244
-0.002314869691791821
-0.0050114665349798105
-0.0028920979798459793
-0.0009712210504901292
-0.004292930440758256
-0.010429940074046727
-0.009699069735976054
-0.012496805524202265
-0.006892684641804031
-0.003962744257124907
-0.008395390265954145
-0.008854801427739954
-0.01057619809758603
-0.007164751197025451
-0.009198144142715062
0.000663503559789359
-0.0062580381564738665
-0.0012091353476865563
-0.010097540913972974
-0.004939877551631996
-0.005417196641363521
-0.007906249576289767
-0.011200854045125974
-0.007914548506858939
-0.004307248834007495
-0.006480084140838485
-0.0023686562470248782
-0.0015041395743609395
0.0022461660339662386
0.0033974153074755524
-0.0009299504931500219
-0.002029344328638342
-0.007601148821667582
-0.006652380217567962
-0.010960860596413229
-0.009224713956609882
-0.011582933260225583
-0.015452699902056907
-0.003565924051313163
-0.003322827845104314
-0.0025525692848639135
-0.005840919287826605
-0.011217815800393214
-0.007282940184953829
-0.005209923512590061
-0.010631590179565832
-0.012362431864507934
-0.007921084141222674
-0.008837269264023343
-0.017079317113618576
-0.016433887753353648
-0.020464554213597035
-0.0188760085277976
-0.018150836827910473
-0.016715227238587996
-0.014241641578611365
-0.0158307560684443
-0.014819093511060843
-0.013823627937358824
-0.015265094509831219
-0.02257664946131951
-0.01095949044899042
-0.0098259264481994
-0.0012693026630279404
0.005295676743103339
0.0009623274449542207
0.000497517436930858
0.00891832129661105
0.007181263730853994
-0.0011041487169353248
0.0037855592869801714
0.004663272659429254
0.0031171038833649367
0.011287212883889836
0.00229282269173018
0.004139317768588271
0.007259223593103855
0.007821437747797776
0.006939525939798345
0.003969944574716822
0.007622539220306274
0.006238756881595065
0.0022416934488893683
0.0061332358929573096
0.005907563564373228
0.011667419975850734
0.013664390740618211
0.009722578872476533
0.011591132161799765
0.014111147210738752
0.01702006347448835
0.013201254569024838
0.01553632073603891
0.018199880109553958
0.017221639408099468
0.017220832263440428
0.0227848255728303
0.021008864789079092
0.025023350724499023
0.022914885169923616
0.01950738943470786
0.025822443916022588
0.022926312417309476
0.025347948040747054
0.023334145643410253
0.028163055483117993
0.024860028330549202
0.026918856554454945
0.021954830924671973
0.021998008257549665
0.024934509929543217
0.026297239528677144
0.025090094719024826
0.02865493096442891
0.021467345294078722
0.0276096773580074
0.025903392365053853
0.030349370042843285
0.027760839256010035
0.027436395081943458
0.023123820583488695
0.02459365618908491
0.026360079397586434
0.026875123934567806
0.022324954123345543
0.021823947696952235
0.023878927264123186
0.020415225402096886
0.0257586278959904
0.02134080959549982
0.02069117971053925
0.02142273653106659
0.026926348013222988
0.026819835178279877
0.02367534156799071
0.024087224933597273
0.021346672426741868
0.024035230578207216
0.028111649182961794
0.023219683593345742
0.01971326792801217
0.026244332434792336
0.02947321407330272
0.02378430042407016
0.02437611517777682
0.0214818364478003
0.021712370432653245
0.022967314032992216
0.021699608503598467
0.023235107871012513
0.028315975393578132
0.02629724989210734
0.0244923439098181
0.02686464394553209
0.022025027842736758
0.02880397131581378
0.021141339618352493
0.024937760528291813
0.0271497348891839
0.027782271527654345
0.02058870530753934
0.020830227030481242
0.022901695226134364
0.02547239991919884
0.022829330695130018
0.025386091001217855
0.017466684333204002
0.017965384370212417
0.012612458089878108
0.019894512394753452
0.01160337513325453
0.010577830913417827
0.014670420008461159
0.017661992035153572
0.015717266373234222
0.011116823488304235
0.01406891925572039
0.010654797770799822
0.016223736943723862
0.014874659875687441
0.01754548847478246
0.015695352156821715
0.017971182544538084
0.011986485048516458
0.01761674781991186
0.019240596127154893
0.014237234926515942
0.017289286518763887
0.020756467395270126
0.01814869059067665
0.016989785027787353
0.00719759403723764
0.008603970710636084
0.01786186947999259
0.011073540082616023
0.01204983748459658
-0.0011587472027311952
0.002074579632964217
0.000976922649017326
0.005210392770196837
0.005258403866947937
-0.00345327081696271
0.001463270987119926
0.0022461910396243557
0.001633479962979669
0.0012860065810415475
0.0005363341864309135
0.0011029402243769447
0.0037497551630940136
-0.0025263264089867015
0.004207510574548493
0.0037894834094982306
-0.0033776267249231084
-0.002332452428288514
0.001331754794988079
0.00457277982643768
0.005665872092038819
0.006899919905796127
0.005587580075541436
0.01176322363327205
0.013712734365210005
0.017821765594958957
0.007473237510054402
0.019785125177275553
0.015021892965453528
0.015564637203687285
0.019543804915040295
0.015273440865111954
0.01783693228776562
0.016219114683764618
0.019139058248875875
0.02032934686790084
0.01989893944941595
0.011545159838775352
0.011102457529201689
0.011626408241824055
0.012267518907652031
0.017964943410313516
0.017708156616311768
0.019927218265875932
0.01562544515913072
0.01052787097009912
0.01075988825160166
0.01426380928435478
0.012431319354443523
0.02012687448244038
0.01329786136573724
0.023620943117605115
0.014854613142512432
0.015478355837663887
0.010139293595848064
0.010598508883847002
0.013478550220866288
0.00754573313398808
0.008283080980647877
0.010265206937636875
0.00733936214735135
0.010072747833205688
0.008745848541107144
0.003100760314974736
0.001949666392753916
0.0013216911719440693
-0.0021763382591427584
-0.002175183068632498
-0.0009833550701233127
0.0015487266175205025
-0.00035972971128363945
0.0019681079167117037
-0.00020939692832977754
0.00029912750613472517
-0.0011670763425548976
-0.0013655110541182618
0.0020241318941734534
-0.004811851269050813
-1.0
-1.0
-1.0
-1.0
-1.0
-1.0
-1.0
-1.0
-0.004621130314554303
0.0028731781525280263
0.007592684914546989
0.010331947771508122
0.008089612205784906
0.010742333938943128
0.002346259211984067
0.011355617562602345
0.011174893264424182
0.002726715607018322
0.01498788875914777
0.006676596183612842
0.008605455899726343
0.015282397873765254
0.017121003556277294
0.006179352906030249
0.014343898371255409
0.015308725766918017
0.013480805983513344
0.008756970268906466
0.016420758071039043
0.012284896851023883
0.013710154261972978
0.017606293789777728
0.019453855409856308
0.014602596130739755
0.01893135865931173
0.019835146198218006
0.01757147243563743
0.01284469715829346
0.018366483131921046
0.016726506107794817
0.014907881726729187
0.021351482022650296
0.02374288439181851
0.017556865917103117
0.016098373214242026
0.01075835644821508
0.017583953001360064
0.013675266243660658
0.012332625023403295
0.010544929853282278
0.019408695132318222
0.017201007218343497
0.01887698959496346
0.01970230427168513
0.024171294682565302
0.018573954910132764
0.011184243424451039
0.012210462530297322
0.01707479329669355
0.019346114514752016
0.019042363421207055
0.01539945957271914
0.021861847954412397
0.025979379529523273
0.018376803947745473
0.016415032453900937
-1.0
0.01639215346477434
0.015567357037394564
0.01429523652096262
0.020365942730172934
0.018740934395153192
0.01855894528276272
0.017657965185101154
0.021624507526548067
0.025940906025131175
0.019889940080731153
-1.0
-1.0
0.020675984357081463
-1.0
0.021214415853069588
0.020715007762525352
0.021712316479077686
0.02600418482093245
0.026031729633151948
0.019118946305665407
0.026698417287326665
0.023355423507605944
0.025113355832357583
-1.0
-1.0
-1.0
0.020768626187553367
0.025919167802893463
0.015979420095591848
0.021121595976839207
0.020881169375926517
0.024783497852231873
0.024531223878888037
-1.0
0.021692895400648185
-1.0
-1.0
0.019781857756299006
0.020216077508057893
0.01946536676129684
0.020909576844276866
0.026616680936641376
-1.0
0.02558545013285039
0.025341568833968292
0.019078585650002696
-1.0
0.016506157900447436
0.015682915453205
0.01579356079829784
-1.0
0.02716617494772155
0.02081710744319867
0.021382259801982755
0.020974330809265647
0.016894981306939682
0.019167856825595693
0.017238705299456432
0.018870112104779558
0.01662457397561403
0.01670848401263199
-1.0
0.016057245505113275
0.016739993969033123
0.01419163796581441
0.012516095529006835
0.01615636378476609
0.014567330097889577
0.015934427837001823
0.016951481267449213
0.010998601215410695
0.012615591856327343
0.009092800958078028
0.011805708232943787
0.015094539465505324
0.015475816400053691
0.006612978443884428
0.017063520651541406
0.012057390445739481
-1.0
-1.0
-1.0
-1.0
-1.0
-1.0
