-1.0
-1.0
-1.0
-1.0
-1.0
-1.0
-1.0
-1.0
-1.0
-1.0
-1.0
-1.0
-1.0
-1.0
-1.0
-1.0
-1.0
-1.0
-1.0
-1.0
-1.0
-1.0
-1.0
-1.0
-1.0
-1.0
-1.0
-1.0
-1.0
-1.0
-1.0
-1.0
-1.0
-1.0
-1.0
-1.0
-1.0
-1.0
-1.0
-1.0
-1.0
-1.0
-1.0
-1.0
-1.0
-1.0
-1.0
-1.0
-1.0
-1.0
-1.0
-1.0
-1.0
-1.0
-1.0
-1.0
-1.0
-1.0
-1.0
-1.0
-1.0
-1.0
-1.0
-1.0
-1.0
-1.0
-1.0
-1.0
-1.0
-1.0
-1.0
-1.0
-1.0
-1.0
-1.0
-1.0
-1.0
-1.0
-1.0
-1.0
-1.0
-1.0
-1.0
-1.0
-1.0
-1.0
-1.0
-1.0
-1.0
-1.0
-1.0
-1.0
-1.0
-1.0
-1.0
-1.0
-1.0
-1.0
-1.0
-1.0
-1.0
-1.0
-1.0
-1.0
-1.0
-1.0
-1.0
-1.0
-1.0
-1.0
-1.0
-1.0
-1.0
-1.0
-1.0
-1.0
-1.0
-1.0
-1.0
-1.0
-1.0
-1.0
-1.0
-1.0
-1.0
-1.0
-1.0
-1.0
-1.0
-1.0
-1.0
-1.0
-1.0
-1.0
-1.0
-1.0
-1.0
-1.0
-1.0
-1.0
-1.0
-1.0
-1.0
-1.0
-1.0
-1.0
-1.0
-1.0
-1.0
-1.0
-1.0
-1.0
-1.0
-1.0
-1.0
-1.0
-1.0
-1.0
-1.0
-1.0
-1.0
-1.0
-1.0
-1.0
-1.0
-1.0
-1.0
-1.0
-1.0
-1.0
-1.0
-1.0
-1.0
-1.0
-1.0
-1.0
-1.0
-1.0
-1.0
-1.0
-1.0
-1.0
-1.0
-1.0
-1.0
-1.0
-1.0
-1.0
-1.0
-1.0
-1.0
-1.0
-1.0
-1.0
-1.0
-1.0
-1.0
-1.0
-1.0
-1.0
-1.0
-1.0
-1.0
-1.0
-1.0
-1.0
-1.0
-1.0
-1.0
-1.0
-1.0
-1.0
-1.0
-1.0
-1.0
-1.0
-1.0
-1.0
-1.0
-1.0
-1.0
-1.0
-1.0
-1.0
-1.0
-1.0
-1.0
-1.0
-1.0
-1.0
-1.0
-1.0
-1.0
-1.0
-1.0
-1.0
-1.0
-1.0
-1.0
-1.0
-1.0
-1.0
-1.0
-1.0
-1.0
-1.0
-1.0
-1.0
-1.0
-1.0
-1.0
-1.0
-1.0
-1.0
-1.0
-1.0
-1.0
-1.0
-1.0
-1.0
-1.0
-1.0
-1.0
-1.0
-1.0
-1.0
-1.0
-1.0
-1.0
-1.0
-1.0
-1.0
-1.0
-1.0
-1.0
-1.0
-1.0
-1.0
-1.0
-1.0
-1.0
-1.0
-1.0
-1.0
-1.0
-1.0
-1.0
-1.0
-1.0
-1.0
-1.0
-1.0
-1.0
-1.0
-1.0
-1.0
-1.0
-1.0
-1.0
-1.0
-1.0
-1.0
-1.0
-1.0
-1.0
-1.0
-1.0
-1.0
-1.0
-1.0
-1.0
-1.0
-1.0
-1.0
-1.0
-1.0
-1.0
-1.0
-1.0
-1.0
-1.0
-1.0
-1.0
-1.0
-1.0
-1.0
-1.0
-1.0
-1.0
-1.0
-1.0
-1.0
-1.0
-1.0
-1.0
-1.0
-1.0
-1.0
-1.0
-1.0
-1.0
-1.0
-1.0
-1.0
-1.0
-1.0
-1.0
-1.0
-1.0
-1.0
-1.0
-1.0
-1.0
-1.0
-1.0
-1.0
-1.0
-1.0
-1.0
-1.0
-1.0
-1.0
-1.0
-1.0
-1.0
-1.0
-1.0
-1.0
-1.0
-1.0
-1.0
-1.0
-1.0
-1.0
-1.0
-1.0
-1.0
-1.0
-1.0
-1.0
-1.0
-1.0
-1.0
-1.0
-1.0
-1.0
-1.0
-1.0
-1.0
-1.0
-1.0
-1.0
-1.0
-1.0
-1.0
-1.0
-1.0
-1.0
-1.0
-1.0
-1.0
-1.0
-1.0
-1.0
-1.0
-1.0
-1.0
-1.0
-1.0
-1.0
-1.0
-1.0
-1.0
-1.0
-1.0
-1.0
-1.0
-1.0
-1.0
-1.0
-1.0
-1.0
-1.0
-1.0
-1.0
-1.0
-1.0
-1.0
-1.0
-1.0
-1.0
-1.0
-1.0
-1.0
-1.0
-1.0
-1.0
-1.0
-1.0
-1.0
-1.0
-1.0
-1.0
-1.0
-1.0
-1.0
-1.0
-1.0
-1.0
-1.0
-1.0
-1.0
-1.0
-1.0
-1.0
-1.0
-1.0
-1.0
-1.0
-1.0
-1.0
-1.0
-1.0
-1.0
-1.0
-1.0
-1.0
-1.0
-1.0
-1.0
-1.0
-1.0
-1.0
-1.0
-1.0
-1.0
-1.0
-1.0
-1.0
-1.0
-1.0
-1.0
-1.0
-1.0
-1.0
-1.0
-1.0
-1.0
-1.0
-1.0
-1.0
-1.0
-1.0
-1.0
-1.0
-1.0
-1.0
-1.0
-1.0
-1.0
-1.0
-1.0
-1.0
-1.0
-1.0
-1.0
-1.0
-1.0
-1.0
-1.0
-1.0
-1.0
-1.0
-1.0
-1.0
-1.0
-1.0
-1.0
-1.0
-1.0
-1.0
-1.0
-1.0
-1.0
-1.0
-1.0
-1.0
-1.0
-1.0
-1.0
-1.0
-1.0
-1.0
-1.0
-1.0
-1.0
-1.0
-1.0
-1.0
-1.0
-1.0
-1.0
-1.0
-1.0
-1.0
-1.0
-1.0
-1.0
-1.0
-1.0
-1.0
-1.0
-1.0
-1.0
-1.0
-1.0
-1.0
-1.0
-1.0
-1.0
-1.0
-1.0
-1.0
-1.0
-1.0
-1.0
-1.0
-1.0
-1.0
-1.0
-1.0
-1.0
-1.0
-1.0
-1.0
-1.0
-1.0
-1.0
-1.0
-1.0
-1.0
-1.0
-1.0
-1.0
-1.0
-1.0
-1.0
-1.0
-1.0
-1.0
-1.0
-1.0
-1.0
-1.0
-1.0
-1.0
-1.0
-1.0
-1.0
-1.0
-1.0
-1.0
-1.0
-1.0
-1.0
-1.0
-1.0
-1.0
-1.0
-1.0
-1.0
-1.0
-1.0
-1.0
-1.0
-1.0
-1.0
-1.0
-1.0
-1.0
-1.0
-1.0
-1.0
-1.0
-1.0
-1.0
-1.0
-1.0
-1.0
-1.0
-1.0
-1.0
-1.0
-1.0
-1.0
-1.0
-1.0
-1.0
-1.0
-1.0
-1.0
-1.0
-1.0
-1.0
-1.0
-1.0
-1.0
-1.0
-1.0
-1.0
-1.0
-1.0
-1.0
-1.0
-1.0
-1.0
-1.0
-1.0
-1.0
-1.0
-1.0
-1.0
-1.0
-1.0
-1.0
-1.0
-1.0
-1.0
-1.0
-1.0
-1.0
-1.0
-1.0
-1.0
-1.0
-1.0
-1.0
-1.0
-1.0
-1.0
-1.0
-1.0
-1.0
-1.0
-1.0
-1.0
-1.0
-1.0
-1.0
-1.0
-1.0
-1.0
-1.0
-1.0
-1.0
-1.0
-1.0
-1.0
-1.0
-1.0
-1.0
-1.0
-1.0
-1.0
-1.0
-1.0
-1.0
-1.0
-1.0
-1.0
-1.0
-1.0
-1.0
-1.0
-1.0
-1.0
-1.0
-1.0
-1.0
-1.0
-1.0
-1.0
-1.0
-1.0
-1.0
-1.0
-1.0
-1.0
-1.0
-1.0
-1.0
-1.0
-1.0
-1.0
-1.0
-1.0
-1.0
-1.0
-1.0
-1.0
-1.0
-1.0
-1.0
-1.0
-1.0
-1.0
-1.0
-1.0
-1.0
-1.0
-1.0
-1.0
-1.0
-1.0
-1.0
-1.0
-1.0
-1.0
-1.0
-1.0
-1.0
-1.0
-1.0
-1.0
-1.0
-1.0
-1.0
-1.0
-1.0
-1.0
-1.0
-1.0
-1.0
-1.0
-1.0
-1.0
-1.0
-1.0
-1.0
-1.0
-1.0
-1.0
-1.0
-1.0
-1.0
-1.0
-1.0
-1.0
-1.0
-1.0
-1.0
-1.0
-1.0
-1.0
-1.0
-1.0
-1.0
-1.0
-1.0
-1.0
-1.0
-1.0
-1.0
-1.0
-1.0
-1.0
-1.0
-1.0
-1.0
-1.0
-1.0
-1.0
-1.0
-1.0
-1.0
-1.0
-1.0
-1.0
-1.0
-1.0
-1.0
-1.0
-1.0
-1.0
-1.0
-1.0
-1.0
-1.0
-1.0
-1.0
-1.0
-1.0
-1.0
-0.029582138355583355
-1.0
-1.0
-1.0
-1.0
-1.0
-1.0
-1.0
-1.0
-1.0
-1.0
-1.0
-1.0
-1.0
-1.0
-1.0
-1.0
-1.0
-1.0
-1.0
-1.0
-1.0
-1.0
-1.0
-1.0
-1.0
-1.0
-1.0
-1.0
-1.0
-1.0
-1.0
-1.0
-1.0
-1.0
-1.0
-1.0
-1.0
-1.0
-1.0
-1.0
-1.0
-0.027226882820373992
-0.026046093702037875
-1.0
-1.0
-1.0
-1.0
-1.0
-1.0
-1.0
-1.0
-1.0
-1.0
-1.0
-1.0
-1.0
-1.0
-1.0
-0.02852568890544306
-1.0
-1.0
-1.0
-0.029684933395005504
-0.028850195529031966
-0.029118370342290013
-0.025918749331793542
-0.0226161540057067
-1.0
-1.0
-1.0
-1.0
-1.0
-1.0
-1.0
-1.0
-0.029151475828125804
-0.03192877456630305
-0.02951440054103407
-1.0
-0.009469418254009019
-0.006832066115553229
-0.002002042656262067
-0.004495108407239256
-0.0015951692074363316
-0.0016167997755619557
-0.004170809606635961
-0.008711964687139702
-0.014849294463518386
-1.0
-1.0
-1.0
-1.0
-1.0
-1.0
-1.0
-1.0
-1.0
-1.0
-1.0
-1.0
-1.0
-1.0
-1.0
-1.0
-1.0
-1.0
-1.0
-1.0
-1.0
-1.0
-0.030652401863196198
-1.0
-1.0
-0.032384964291462454
-0.03508476338692919
-0.03592784705000834
-0.037108630478521615
-0.03746555042500202
-0.03829282137996331
-0.03859219536268263
-0.03457588094215232
-0.031430324525765524
-0.03197674685941858
-0.03172270908799406
-0.03058713543151153
-0.02953010030960091
-0.032301966772629045
-0.033143045217677386
-0.030656886104900243
-0.03047450229092588
-0.03385722887082974
-0.03168779517442649
-0.031199947337168882
-0.025358477166575993
-0.026890814109129493
-0.03377731284046289
-0.025292127067644273
-0.03019325505843821
-0.02757487822013195
-1.0
-1.0
-1.0
-1.0
-0.023750140768104624
-1.0
-1.0
-1.0
-1.0
-1.0
-1.0
-1.0
-1.0
-1.0
-1.0
-1.0
-1.0
-1.0
-0.024588026976449465
-0.027373574305825703
-0.027153960754588723
-0.02472524069033069
-0.03205728785835088
-0.022515694004247643
-0.02639609678764776
-0.0284714583358
-0.024491837544908628
-0.029406923772133227
-0.02963419764109037
-0.028348873839888683
-0.023311028256047257
-0.021718273291423864
-0.03099882751086495
-0.020762167455356795
-0.019907972459465
-0.020054040806072534
-0.02398855934359468
-0.01592035277726638
-0.017251336936430193
-0.018078149217444613
-0.020735767499791412
-0.024254711958119308
-0.03001466623337431
-0.029684001607793914
-0.032845154577012946
-0.02695350601100024
-0.03079744627715648
-0.024450265800682304
-0.016001499163062077
-0.012818030718176903
-0.010754252383473948
-0.006886053248227578
-0.01484241973367715
-0.01440529454458113
-0.024640153723678802
-0.02852733542874133
-0.029798335798283043
-0.02943866079171519
-0.033429980012460926
-0.028641101440399486
-0.02936941964403357
-0.03312468327366806
-0.029196902259131113
-0.033288784225446906
-0.02995693831022319
-0.029395075492495117
-0.028796857694549902
-0.028345448558166644
-0.032567907609269246
-0.027117745761874566
-0.028086184976655434
-0.030397348864276835
-0.031048919831001116
-0.031129668306155964
-0.025986151836105836
-0.030037961758707894
-0.027039179953256245
-0.025045864637484642
-0.02799457517312237
-0.027254104335125564
-0.029223395075165533
-0.026465752300857626
-0.03117891916324298
-0.030688682466710093
-0.03237816762386478
-0.027871099265211318
-0.0340066809418585
-0.028672156017770036
-0.028076838652640684
-0.03336038517916725
-0.02978043940835962
-0.03358411780060786
-0.02838908347785449
-0.03251997409580447
-0.026724892617923837
-0.034596995297162925
-0.02571640912279771
-0.032621644787113394
-0.035868935809685455
-0.03064783656535605
-0.02756285228743156
-0.04070949929034666
-0.029768845123014708
-0.030252607814485567
-0.032522874799909694
-0.03142886759256179
-0.03251593592361875
-0.03203959960857336
-0.034931868423919245
-0.04136753591288724
-0.03496376993775571
-0.02939841477198473
-0.027353434196568847
-0.03185781843230355
-0.036912708822447945
-0.030456725119120422
-0.02854123735317502
-0.028237829941580944
-0.03168341081135397
-0.030016862478917043
-0.036887902724158754
-0.03760989582785396
-0.02255656842760249
-0.021718644431485107
-0.032687650613375266
-0.029796060761293736
-0.03177554454198781
-0.029767159980494333
-0.027620058795567348
-0.021720333490308382
-0.020984199615659872
-0.021622628749514868
-0.02401723095104429
-0.018264972023376885
-0.016628076493988137
-0.01410589031070276
-0.015795538777119037
-0.020870758650489218
-0.02546184947126618
-0.020859176924096254
-0.019856826875941827
-0.026130226617196106
-0.03058611962125468
-0.026809764356249287
-0.028186280268610742
-0.02789671044803267
-0.031113350785600586
-0.03451320628696544
-0.02130601164900695
-0.027590872565417774
-0.025895219232330347
-0.023940999890189354
-0.030098858015265212
-0.02795613539659228
-0.033636321674844843
-0.02937779449110791
-0.03265318492258119
-0.029185609006707625
-0.02920045143099159
-0.02825306457576756
-0.01716349608176931
-0.01457957280475161
-0.011598608107094755
-0.010348931227430412
-1.0
-1.0
-0.0035185971306209694
-1.0
-1.0
-1.0
-1.0
-1.0
-1.0
-1.0
-1.0
-1.0
-1.0
-1.0
-1.0
-1.0
-1.0
-1.0
-1.0
-1.0
-1.0
-1.0
-1.0
-1.0
-1.0
-1.0
-0.0221665385363923
-0.022323965616285725
-1.0
-1.0
-1.0
-0.020249254206897317
-0.02231340350488747
-0.026814896888428884
-0.01944229709213204
-0.028528577702105797
-0.024806986529769152
-0.02404328975676833
-0.02109860802868732
-0.027638946485181684
-0.028316654571601242
-0.027813918993494398
-0.02434739366082825
-0.02696864938367891
-0.01999772535248722
-0.026567716734278952
-0.027370265018601198
-0.030243778896703235
-0.029010499366698302
-0.02748505838311143
-0.024950681283977188
-0.02532281702885238
-0.027102865569536123
-0.029072620977046496
-0.026328936712454686
-0.03342185050926809
-0.028330424642890418
-0.02754674591657016
-0.023602733851392936
-0.02608167316520736
-0.004392673387868784
-0.0005086723883240133
0.0005079217322863963
0.005229952760745794
0.0034892683758576547
0.0023724666891957683
0.004625315497927701
0.006838710337881052
0.0002799867293304218
0.004263655960537025
0.0014413604532335991
0.0036947529708782185
-0.004355168062097901
-0.009121843968787005
-0.011924557298050965
-0.011544230264191832
-0.00990501982716578
-1.0
-1.0
-1.0
-1.0
-1.0
-1.0
-1.0
-1.0
-1.0
-1.0
-1.0
-1.0
-1.0
-1.0
-1.0
-1.0
-1.0
-1.0
-1.0
-1.0
-1.0
-1.0
-1.0
-1.0
-1.0
-1.0
-1.0
-1.0
-1.0
-1.0
-0.0035021933735916643
-0.003795097872425397
-0.0023287975131172076
0.002914574318341844
0.0051120713837009705
0.006785555256875528
0.0056787974472029
0.007662464414621535
0.0026862414590975714
0.004124543778166603
0.004491970885539541
-0.00044826226481283545
-0.0003507603729084681
-0.001691581193807184
-0.0012712303264610196
0.0002668967653821262
-0.0022598158806833857
-0.00317896672309995
0.001132880864442683
-0.0010387167336038006
0.004095740350979354
0.0037327628091979484
0.0027542585660057096
0.0026606282703468716
0.002638986986583461
-0.002457074381141786
-0.0067189865113546415
-0.014725515845681991
-0.019455139548249945
-0.019275341704729936
-0.021008961996883384
-1.0
-1.0
-1.0
-1.0
-1.0
-0.039270666871817544
-0.036159889643517344
-0.03890262822447648
-0.03847502225015644
-0.030232719630352685
-0.028773418770807115
-0.0354619636622249
-0.03419448051419319
-0.03192244624136387
-0.03221438881455593
-0.031164672007467278
-0.03815185681712858
-0.036043877885376364
-0.03575848796813557
-0.0427783848575302
-0.04246388852457583
-0.03286382479889735
-1.0
-1.0
-1.0
-1.0
-1.0
-1.0
-1.0
-1.0
-1.0
-1.0
-1.0
-1.0
-1.0
-1.0
-1.0
-1.0
-1.0
-1.0
-1.0
0.00719170787093013
0.011079528675938886
0.010042461266912384
0.0037267055698946053
0.002142649979359155
0.0046070564464369195
0.005088218518459902
0.005899428059909538
0.007183903827965751
0.006017913262422342
0.00918565711305918
0.008556840089090918
0.0025195901843631957
0.010807650250877222
0.0059832378653042455
0.007294050294762198
0.005473917159500856
0.004297327344232927
0.010307664729691229
0.00795411708194287
0.00813583011213247
0.009102024715902822
0.01027969291418867
0.007992877517691042
0.009687544095402774
0.005323638128017258
0.004520767718846231
0.004079709335395546
0.00601073771233933
0.00285384066632358
0.004250344787317938
0.010174301930088826
0.008530164242692746
0.006592443270215541
-0.0029963178405197867
0.005967181956835879
0.00103700609202989
0.00389813370242735
0.002102381183619086
0.002534472377758173
0.0004595741754172854
0.006282181767489995
0.005058671545551962
0.006773581867456051
0.0059530127905358336
0.00447802648597604
0.0027409221740360146
0.004207461951409935
0.006830921712612722
0.003952131916295353
0.0045484243252622795
0.007645995335110806
0.003529020135272898
0.012789746584781698
0.015343627596388512
0.011602033103757304
0.012090451195833078
0.014749567429102136
0.013178040794257833
0.01428394370944208
0.01406609804357373
0.012587499063053191
0.01138132688178481
0.01316880802823734
0.011514570126544077
0.018820505860448547
0.013618786150486908
0.012535044701227314
0.014836597018054018
0.010775877090650825
-1.0
-1.0
0.01014120498499782
0.008104723627064896
-1.0
-1.0
-1.0
-1.0
0.008730150708166214
0.010498177917668702
0.004590329704811385
0.017885193342008724
0.015051093407390727
0.012060203575297915
0.009808097774056179
0.00934923927836257
0.014470043242955777
0.00942397892208228
0.009370410127896233
0.01527249923173374
0.015039737630834165
0.013482345102819968
0.011885852959372478
0.01145285263634887
0.012082575945300662
0.00886647916056839
0.005337552111454316
0.0024861116368366082
0.0010076506564482691
-0.0033827279225298055
-0.002138497753992797
-0.0019448175811256068
-0.006226857757425885
-0.005183342351110597
-0.003246797907880804
-0.004940826577467722
0.0023852821643192924
-0.004534453455933026
-0.002644985122592207
-0.0010128162041990706
-0.0028282467831871813
-0.0010713567513306107
-0.0002983179243898334
0.0030553217302007303
-0.0002149050007040234
-0.00659125068925792
-0.002559097384452573
-0.0011943906118904888
-0.008521066450483575
-0.0027910641211844017
-0.001704858023205672
-0.0006525048390793814
0.0010767721061974403
-0.0004943263526213828
-0.0011783840954700958
-0.004601863626789093
-0.010221562564568689
-0.007149442914581709
-0.0053625505332064675
-0.0014403357239635998
-0.0009321393433150367
-0.004828390801780821
-0.006704715776693291
-0.0038990177530943463
-0.010010312713011406
-0.006906209967317166
-0.0016191868504395817
-0.005706296166150183
-0.005602513578348557
-0.002875474152990233
-0.008017241341042867
-0.0077637222510962625
-0.008780242870169057
-0.00628058672178118
-0.005381398158822378
-0.004277169454318544
-0.0061581489941744255
-0.0061512584298084715
-0.003175145626385813
-0.002054149758322878
-0.005090523031260852
0.0004643992933586478
-0.002967264920260874
-0.006261705204245939
-0.005177027704433583
-0.0076499005996185174
-0.0040131241144535125
0.0018896904889887007
0.0006164822860687388
0.0058707582127318055
-0.0029274320888273485
-0.004249649646821071
-0.0004735127374694674
-0.002284303065624341
-0.004517224122482231
-0.0018083802758690462
-0.0074628778810099826
-0.012177918551243056
-0.008335003042279215
-0.01260082058361801
-0.007095995099894227
-0.00973475536938216
-0.007017829555260004
-0.008348455959020304
-0.007963075058337748
-0.002100708204982666
-0.0017928394044340165
-0.0016862434174461905
-0.000805334960359484
-0.011380519528470695
-0.013407333172389886
-0.019908971767565405
-0.024904081210773227
-0.027899771131253633
-0.03053866491243127
-0.031606577411664775
-0.02753417914209395
-0.02729676645016456
-0.0308579921112293
-0.027185204189347417
-0.02966980876012486
-0.031562225313305624
-0.0323417380746817
-0.029623524724303563
-0.02802446682214157
-0.032231747535500836
-0.030668063491055247
-0.023992007010113798
-0.034136562870239466
-0.034385960486395487
-0.028753751929044908
-0.027039382728404074
-0.028974532839921848
-0.03161649970714632
-0.024733917832634324
-0.02048965564931568
-0.021686738424882838
-0.02370401809762555
-0.03143312428352142
-0.01921382436804339
-0.016113165570364248
-0.009592236178414305
0.0010279064963874343
-0.0007129787367189129
0.007659018214948245
0.006425527912747164
0.012644923021991786
0.010014804939533979
0.005876011051975629
0.0016932678217605134
0.004815664523682113
0.0036010866944648982
0.00791976884125936
0.00672248863378919
0.01149030936600751
0.0065473489510181155
0.011017110470652404
0.0032602129976555994
0.001668502463274909
0.007276969907701199
0.00712244639445438
0.005238872090475225
0.007023547652279862
0.007372128857629816
0.009823785309430951
0.011966299318221123
0.007960902982648572
0.00753766074216451
0.006966405120696411
0.012021975849863576
0.007083685865296743
0.010707427420973142
0.01223125976970208
0.0043344023467709256
0.005518441746961882
0.010395670124551733
0.009746977833745521
0.010124453451469383
0.00747893446983327
0.010023028173739413
0.005932233925214857
0.0094954393470879
0.0074572525651396765
0.0074073394590650635
0.008762772928005914
0.008541571302353211
0.008446635475625493
0.007126294316313441
0.011672529182361495
0.010120635259479692
0.013491472592230463
0.01532869400068138
0.01649916179548123
0.014271180348196641
0.014468010584332539
0.012349766587008522
0.017681809764951546
0.01731789006391433
0.012716231427927726
0.01412923406814918
0.016710765114887453
0.012165513948901837
0.013651373840375442
0.015488093170496547
0.012150329443970685
0.016358194212433664
0.011290606071118807
0.010227693803234223
0.01201466958411126
0.014861069193173567
0.015248722350514105
0.015669285688702916
0.015724631469470108
0.018657943499272207
0.01687242015400337
0.018273776905930295
0.015807470610156537
0.019309104000205777
0.012664002168339048
0.018628212448070867
0.018336740630377078
0.01810357257668524
0.02283511730165855
0.01945119930423126
0.015032200132200958
0.020178153001759343
0.020900518846984503
0.021390583069144493
0.02196287861826512
0.022020403360990867
0.017676804160569826
0.021279100305950375
0.02440644510369115
0.016675380275687907
0.021248455700500324
0.01682210730159433
0.01989218875619972
0.020991563962762586
0.02428037852833053
0.023473612896923762
0.02187649505192209
0.02086745726910885
0.02384866524007008
0.02195281354796037
0.02510153443102587
0.018639874676338188
0.022926798410198766
0.02304243208345283
0.020634884291045468
0.020154196432356962
0.019904497157058283
0.018002217766090532
0.02022671167300808
0.018460964724489902
0.019703980628630352
0.01876121582044724
0.025454798886971376
0.020303603198023608
0.02079350061394774
0.017700181485011183
0.020141263645622225
0.02157072680238674
0.025152610378749364
0.020783472413804335
0.02355181258662077
0.018141150658953786
0.020003003281095194
0.018886012840274347
0.023935720341152246
0.019598056934675548
0.018123686332877788
0.01697345813407043
0.016275132620054193
0.018385547511148966
0.020424310539520058
0.019068440883289118
0.01953447104622235
0.022005366531225323
0.022169685073807423
0.017817135122798877
0.018991106630878173
0.02323475407065259
0.01828737781055884
0.01860692226101887
0.01968594699732664
0.020563661170855948
0.017285637387301742
0.015602320024029243
0.017429913955267134
0.021502234123377744
0.022814558671428904
0.01937139894988667
0.01785734881923846
0.017277884787184086
0.01940230045889264
0.022703861935626343
0.021085927548434826
0.015492974523025381
0.02259613918650677
0.021807714406370457
0.017877451783882534
0.02276947000589976
0.02047665572037894
0.020539474168337814
0.025615349132300805
0.023748793443530196
0.022269715611453886
0.02075038709613454
0.022539231527534558
0.022802379565656842
0.021724978091151738
0.024494884109621227
0.018097040247904487
0.02102604065339295
0.019429160109708358
0.022225463919742793
0.018818298932462584
0.019471524562594985
0.020807546106170964
0.019318671979818406
0.016590580376732007
0.023316188005622844
0.02139438076583115
0.015369424085581711
0.01768709143039534
0.018850986003288737
0.024560485479510143
0.021540929489510124
0.02139345077319844
0.018792120716198527
0.023760561389633988
0.018797529838270533
0.022368974569045498
0.02486912201421949
0.0191116487768853
0.017307328325933014
0.02334535595259328
0.019410428373647728
0.019650597716940298
0.02032812537525264
0.016145074371859195
0.023211017940976287
0.023326573464760605
0.024624657966756995
0.02075217225682195
0.022212833570787373
0.02344653413654225
0.021458696104440542
0.022412014141928834
0.024806491462416567
0.02412694246411789
0.022899776676521405
0.02329286268517827
0.021668417487493867
0.024195547111313963
0.02325224830800808
0.02221137624645161
0.025638363694920684
0.021419642337936994
0.024288265084754162
0.025076401602483585
0.022500767021753038
0.021835626134184504
0.024113307051220275
0.023849605362394933
0.02526193325313187
0.017424709234893275
-1.0
-1.0
-1.0
-1.0
-1.0
-1.0
-1.0
-1.0
0.027838168323666413
0.022544690277457678
0.022440458298683998
0.01611024702195518
0.023130143440454377
0.019839933104088808
0.01637786443382555
0.01707561350772899
0.016667668854918206
0.016190597177052072
0.019000188510544982
0.017196233665156015
0.020017021983970915
0.019184956748538644
0.021896060585202614
0.017235137058863162
0.018371892769421787
0.022585707067412388
0.021376618047782715
0.016360215914316304
0.018505908737705138
0.0186205462613497
0.019384407525033235
0.02244791647756202
0.018155958868099058
0.018524822511155725
0.014889294540124819
0.022215669344006005
0.023503256803074805
0.018677045641848446
0.022484740364344318
0.02087906837468943
0.023511522632203047
0.02349349963005336
0.02454160902787016
0.02178337139188292
0.016068393915616475
0.02106441150646793
0.023095209179684755
0.016928763193155203
0.016660362092919486
0.018945438652951858
-1.0
-1.0
0.011479029922913712
0.012605495741394001
0.008591119554677297
0.007658010592662132
-1.0
0.0074949857109083496
0.013671650087751541
-1.0
-1.0
0.016250961467979722
0.01668181384231552
0.018119394264051295
0.015509947353375984
0.014273250977019248
0.011399903076713567
0.008814719393565209
0.011463153318594344
0.006961734521692356
0.004780454824442979
0.006527814429808871
0.009340328423258392
0.015179963222307776
0.009702649641741697
0.010432713824422618
0.006305289775645461
0.004342574289041461
0.006197149292345228
0.006695940687771277
0.0020341267563666427
0.00468712811621492
0.006684810620358442
0.003208108384014635
-0.0014428102645358228
-0.014382916706681344
-0.016289716547196645
-0.02103171822585052
-0.022565371667168103
-0.022173956127027664
-0.023780897440326302
-0.02537508934352191
-0.020276116662586944
-0.020780135040565355
-0.02255617883901274
-0.020924993876268214
-0.02597637748957693
-0.03357153868243304
-0.027893583900554957
-0.027736369232586485
-0.03346460237029235
-0.023097170765528835
-0.02204598150539149
-0.02761564825194798
-0.03368915472197644
-0.032491696901325674
-0.03496362691062912
-0.03090384922498538
-0.03341795634762544
-0.030764152100447775
-0.02594104833923684
-0.025898327294966616
-0.03033049488841992
-0.03342454202352628
-0.022212083787869284
-0.02797483061403978
-0.032718153733634237
-0.02793642264595923
-0.028642277915185803
-0.028116879949729476
-0.035440796124511176
-0.03106585064887707
-0.0347397763647031
-0.02933447243009256
-0.03366747604531091
-0.029100645714487193
-0.03607924767453847
-0.03270709506035174
-0.037044209959833915
-0.03583684283453154
-0.03363384208254776
-0.034665970007908574
-0.033604604216419566
-0.03328021186014842
-0.030920932268526838
-0.03644931343587919
-0.036082045319618755
-0.028428181426725086
-0.032153620792200285
-0.02809871234548734
-0.02711537666101791
-0.018279732137360956
-0.02853279025871834
-0.0289297384553358
-0.021177233950149445
-0.019481422776781127
-0.020284782373017
-0.025044686258080272
-0.019285235616045053
-0.022252826866098085
-0.017825033363977113
-0.01937195527170211
-0.014990159745630048
-0.007640216451633635
-0.006974110645133702
-0.0028635653388783965
-0.007381850737448736
-0.005342793671901613
-0.005762387966695664
-0.00966146609939952
-0.01263044626798228
-0.015075997762150895
-0.011089527966891074
-0.009349617977703669
-0.007187035359810722
0.0004544472715139168
-0.005123500971445856
-0.0011175141159142515
-0.000484786208339356
-0.005910836960160151
-0.0014602090756574298
-0.0058021521956098335
-0.010051882298068623
-0.007495115702892991
-0.010712995811424741
-0.010362867654142315
-0.011208525278085498
-0.020566950640234394
-0.007177762260923105
-0.009109770736342533
-0.01440403867409802
-0.009838600795500477
-0.011185598405449738
-0.007699013763443907
-0.013930402687297274
-0.017163007204424267
-0.01687715784972427
-0.014595969176781954
-0.016197781456021045
-0.012710889577653971
-0.009510547357567402
-0.003962744813241086
-0.0024602877160666095
0.002803253399450198
0.0017379300240373862
0.0026452207392669114
0.003129813381531848
0.007047309030593656
-0.0013729426801072746
0.0035592774333157965
0.0011775127648462813
0.0053963312799659895
0.005022614429601716
0.005074291496329077
0.005132837334927493
0.005388025945906108
0.0059521187749949096
0.004391347057404503
0.0013232786942418695
0.00319971685823343
0.004540180840004388
-0.0009481035457260104
0.005939863884904741
0.006186762662465491
0.004225229889299283
0.01088292410887227
0.004941850924562425
0.00584324607936164
0.00465582194117561
0.00351820157928068
0.0015959654972527043
0.0047667610959154045
0.0006754506632888501
0.009848041704063611
0.005486248147493
0.001793049375821252
-0.0055878354368842234
-0.003334716708709564
-0.0035033253803608056
-0.00388741691772417
-0.007452685780872399
-0.0038561619179302716
-0.008320217176900216
-0.011565514331105293
-0.004907797722846652
-0.004263371607092198
-0.00880015799698924
-0.007409184257021115
-0.011115419428635176
-0.012729837948612575
-0.009790550988426398
-0.009854021048323634
-0.005801875728822115
-0.008939277828920875
-0.007966865218824903
-0.007212762645160931
-0.01411662620249553
-0.009462999968809952
-0.018464758448725273
-0.014601322234268613
-0.016100856159991052
-0.009805275128231672
-0.009219898904090175
-0.010028488460306692
-0.012911214782261296
-0.014076937083051739
-0.016483666964336008
-0.01093386133572389
-0.007928454567108917
-0.0021331250364925074
-0.010375127522503823
-0.011437173502892856
-0.0066097270741305005
0.0013234739700844695
0.0020994524885552283
0.0020211510913296393
0.008845441207634355
0.0018665271665258161
0.003038817457971264
0.003535787280382855
0.00026716358318975403
0.012110074053302153
0.013531952015881097
0.01051740990583497
0.01928038014551636
0.01547213209478226
0.018655110016904754
0.02012694948297134
0.020848196149034836
0.01903559206484585
0.020419961404714228
0.015974690290515778
0.01932022415577964
0.02200758320442015
0.018670469357186265
0.020594686034454572
0.019831696359109176
0.022139491918154106
0.022341657619014067
0.017560970850537937
0.019736698359318936
0.014145573983721696
0.015791347451608994
0.015250363215960227
0.014592282772213028
0.017890945004865228
0.01722124816469025
0.016669165751989252
0.01587597315434574
0.017553255313974402
0.019961321370225528
0.018068272541769
0.01852507147439226
0.016217559866232904
0.014565397010125188
0.015673524369071764
0.015352412400461387
0.011476296721682577
0.011222110875104198
0.00938805447964518
0.0126573337172251
0.016214416610456417
0.007295078889756709
0.012799174887996872
0.011574572110932114
0.0185211969177631
0.016567282241849834
0.015609356298987163
0.01012849900952327
0.012605898428665479
0.010506576432342058
0.010650627947577452
0.017278627878084436
0.01247221686258042
0.01466223999056049
0.013301988398952354
0.013206814723156225
0.016006914477693222
0.012877924231266573
0.012165490689354703
0.016889038310700783
0.018712541437749957
0.015737974199580892
0.01811469362315871
0.016105199912940456
0.012203926660043931
0.009785165760523911
0.014593654442742857
0.01052643858871524
0.010450186281197647
0.015497642141726529
0.014879018209821645
0.007877708747150367
0.0059878596194474455
0.006802013680421948
0.0025077849403291456
0.006255660905950311
0.0002555299944663764
-0.0017518720217168853
0.0011775633514709847
-0.004006419072064975
-0.00020273576355336076
-0.000334374465082937
0.0003548656078916743
0.00334240962520925
-0.0037336304384740075
0.0013787793852733526
0.0013152423412318176
0.00137190753797117
-0.0006404683657719057
-0.0010047880981430082
-0.007690785345317434
-0.005587076689507457
-0.007765745319440689
-0.007824278970686802
-0.008597906743190047
-0.013627783401879687
-0.020821795870020827
-0.034651940139445246
-0.03367647300768615
-0.03352982061135825
-0.041114491867124445
-0.03868451015235628
-0.039748755312572506
-0.04362763788337988
-0.04002204114848601
-0.043475254200653145
-0.04757537383862875
-0.045765763218525296
-0.04382781894581606
-0.040853566274822437
-0.037809723071456795
-0.04170286475964986
-0.0380790331114214
-0.04346166791858663
-0.032390400532197765
-0.03640661730566417
-0.04683898331754775
-0.03579818410324432
-0.03765862628137562
-0.04647323264779907
-0.03944684166223274
-0.03803490739615199
-0.041889429519817584
-0.038848533527164754
-0.04088201289546571
-0.03913083803808008
-0.03861746662554915
-0.03328994705296791
-0.03284647209090422
-0.029752350213938506
-0.035342799616436375
-0.03785186255547771
-0.035392606846130006
-0.03237791939365451
-0.03524783804637006
-0.03770674979204262
-0.03438456522809081
-0.03867534498110681
-0.036367823158025656
-0.03512666726238109
-0.035632614444375835
-0.036286753313330866
-0.030991276026725967
-0.023106336171116414
-0.035699983860501355
-0.03606565069037768
-0.03208884129081173
-0.038401216559351053
-0.036650737727977604
-0.03567673993123409
-0.039963385386219394
-0.043055913247710464
-0.0388209969413962
-0.03838018504407209
-0.040448191331721894
-0.0392424741194522
-0.03844351726735906
-0.03935195882573715
-0.03770254234168951
-0.0395847927660293
-0.0376410639857643
-0.04201506486749264
-0.033388735581906644
-0.04105888053342479
-0.03392743679556072
-0.03645321815297758
-0.03809711370229745
-0.03893873324061407
-0.039446120716817405
-0.03448368927089389
-0.04022034963821639
-0.03981992055193761
-0.04164289111167961
-0.04315945462603987
-0.039661370713388926
-0.04298999358209704
-0.03655124287705275
-0.04056005577833013
-0.03906208438844759
-0.04180473167612833
-0.04235130259323625
-0.038852983868609456
-0.038793402156937974
-0.04058283508805732
-0.0402194283541119
-0.03893353331494427
-0.04088566270741981
-0.0453935095594313
-0.04259853982011626
-0.03603095670635189
-0.03949496252695777
-0.038544566806817206
-0.0347335268763133
-0.0360299343293605
-0.022580687728795467
-0.01782669802454132
-0.022792924016318036
-0.01771683496952411
-0.016148435374788342
-0.011128739424988751
-0.013259687691137945
-0.013404159905127899
-0.010252253046397496
-0.013877560381406952
-0.015553732763320817
-0.012953271719712183
-0.009415537762154277
-0.01454061502277195
-0.011874624774846727
-0.01592328276271956
-0.016986517549696465
-0.01136943692470983
-0.011472580245546541
-0.01042480356812178
-0.015126179665058628
-0.012461488738479853
-0.014649330588239246
-0.012048621040436793
-0.01856487381999214
-0.00801576060784953
-0.0003701017430452242
-0.00019260799918781693
-0.0008799617459340991
0.003053113814497321
-0.0011632834624828964
-0.0005868499592850018
0.009375224976290385
0.0043334324052660194
0.008399890828243096
0.0004349760217569176
-0.0007380517710259845
0.0018759806996811231
-0.005813995482796516
0.004076033373467959
0.006643738628213521
0.009646385518724038
0.006273991958753672
0.00408387257094096
0.008312459976975418
0.008752073651466226
0.006328218760918602
0.008082330819070388
0.00401431563308343
0.009298964790754621
0.006196825085712102
0.007875885844861343
0.004946195665759714
0.0032751024465535626
0.0027815884947256122
0.0020789866772108145
0.006538896868184147
0.007907322176201896
0.009006994215705291
0.013365044258262643
0.009147638218458622
0.013187047656660265
0.011063968712381994
0.011808193995951562
0.015132963538101573
0.013538856523914023
0.01148161630428425
0.01796286707886736
0.013572429746789601
0.012984973188099295
0.012369140472379902
0.016414433149350455
0.015334996745899495
0.016289374208895264
0.020594847986800613
0.019848962025996328
0.016531877260587278
0.022315852143809104
0.015297411131703534
0.015933295929311798
0.013450983229053182
0.016645256839976977
0.016043065672110633
0.012907471978134157
0.01457822423441006
0.011562873498959495
0.009470901548782757
0.009742826872365096
0.016649420449670008
0.01339594681429659
0.018022959382656956
0.013840063619124795
0.014859969800135505
0.017315286633118876
0.014950745500467497
0.021070121673857276
0.020211029608783036
0.015886436406707657
0.020630563102740865
0.020270301700009652
0.014018976880701651
0.018496329578565524
0.017804858253060732
0.016847184160964188
0.018080652866069868
0.012477163003372352
0.013329780406301825
0.015318057588002768
0.01574844010693779
0.016869105531340738
0.014922047212373888
0.01602079949326276
0.01762877203622239
0.014443152067584135
0.01776579136686283
0.016732588790656505
0.018382290104278495
0.01780322276454364
0.019541844126211235
0.0193439543028447
0.018866128871711907
0.02120047603086088
0.02175928411031111
0.018647208312338473
0.01705219810261693
0.0194299635487244
0.02092780506560267
0.01350452503161265
0.018850751346608265
0.01945434055835583
0.01767510546662832
0.01936233822934442
0.02136516159438055
0.01848292650968786
0.019529492955131202
0.016320863108351114
0.020012318227794562
0.01951808559614119
0.017903156237875577
0.01740158314833159
0.019186781163550454
0.016541424085234215
0.021914583759064236
0.021968698129918102
0.01916773847389451
0.021103116530594174
0.020679821992341467
0.02577571396876573
0.02182341980554785
0.01657474982562245
0.019824624526529437
0.0203438905803541
0.017131655281656055
0.015483410554244544
0.0178896307030754
0.01722220618767519
0.019725460556575387
0.00808844929828844
0.01592203027511691
0.010978024100247969
0.022923141260763075
0.01402038525864636
0.014514086171688024
0.013110753159787584
0.016346603711263993
0.01388069021037005
0.01536739821786054
0.015948426185965987
0.012170454876284067
0.010780672950763069
0.014784145820447377
0.016120113887995575
0.008599490109617866
0.01669766022546706
0.01778025030936823
0.016097229878569694
0.022688434288408537
0.020231711101339478
0.022231207534152777
0.020913140204232846
0.023638295830501276
0.019041712431897215
0.018591092970162575
0.018946387441923698
0.017422933817926017
0.017995069595361367
0.01797011901232652
0.015568353071721209
0.015624151905508145
0.011218712111987486
0.01388533294452973
0.012661074937597838
0.01907703039968016
0.020447946522461166
0.016853165950657615
0.017052766066211773
0.016403038695985177
0.016615922474347015
0.015849101661885585
0.012154170895989429
0.013819337987681014
0.016547847308145954
0.018091004180729838
0.0184411477559303
0.016895289806676005
0.017601763524411815
0.020574633345212957
0.01719365731127683
0.020852881025918934
0.024079034685675654
0.019571346776621208
0.018008040258983695
0.014906199894502184
0.011379728084348896
0.009298644493208235
0.010883108952843333
0.010791502977971405
0.007373610365134928
0.009591983111462131
0.008630851069298957
0.005262993242200583
0.0033598884878441593
0.011228134831205923
0.008086770220103871
0.008391429615377321
0.00634585582446978
0.008559166355651796
0.007977902698404116
0.006215983583380182
0.005060198664598219
0.0045334894702769276
0.0075257673475990945
0.001245754681743477
0.008460254561524126
0.006109481421583262
0.002012603086557948
-0.0007631295182276301
0.0001055680217358314
-0.003220906966383296
0.0007989861436601415
-0.00044415491220868575
0.0013955419161690418
-0.0049816655885094535
-0.0023490111090392475
-0.005860102134194951
-0.006773754284521831
-0.007684181545416036
-0.005567541577637926
-0.0076723783285548176
-0.006852683158182582
-0.0012419530661137972
-0.007264093445261084
-0.005609579790157823
0.0013203054149148598
-0.0005227163083139809
-0.0066182149624715875
-0.0034012139511388193
-0.00044313286959323525
-0.00013795403607421333
-0.00179490318756317
0.002081901755493591
-0.00021958519963943254
0.004940996698245111
0.003941620585308377
0.0045472632596644455
0.0014629809179318271
0.0064447307735964205
0.01172375771818413
0.015032744595350672
0.01482017110058973
0.014477216172781074
0.02074659941892279
0.017480653335480007
0.01709767189870115
0.013733616297368087
0.02029263141636835
0.013626012325113688
0.02065345863806422
0.014779718527338231
0.015144470071086599
0.013809506975246941
0.012397722020707791
0.01222642196743824
0.005822951227903473
0.01494290806223044
0.01425452199404193
0.013899702990081949
0.014948372356174576
0.0223257619317031
0.014217314155467384
0.018305516117509506
0.015417313613895603
0.01669028649577847
0.012071529691053363
0.014700513588664718
0.013956348245748627
0.016776600218950475
0.01722220988755917
0.014440310102739135
0.0163635170973313
0.01524785496375439
0.01496556013781385
0.02205363057422102
0.02247675728225461
0.01710083757163331
0.02080649608969194
0.01991450482563309
0.02231838393237761
0.02178542585437552
0.022525117251086982
0.016856932287284326
0.020671334463987456
0.02415731703615583
0.02325673697635385
0.02028691551922609
0.02352096029943576
0.020717259862574215
0.024692649390281103
0.02556059317834104
0.025121456633237154
0.023991615707600496
0.02027132797692249
0.023624999492037516
0.022078975934738714
0.023721972194672435
0.02165763272760076
0.020188607984998084
0.02491242012017457
0.021649755132517656
0.023590609757937597
0.020072989755849206
0.021669084471233717
0.02710128257257264
0.029380865821895176
0.027586806867749194
0.02198976983642252
0.022433527800959797
0.017943548037814464
0.024180745128055355
0.02807755293833982
0.022013733089569762
0.02610477527443618
0.0229880310015754
0.019436238744593808
0.023742488991660288
0.02148012541046144
0.026567178639830373
0.019766304638347425
0.02202143014882943
0.02271297015083747
0.02075371674321106
0.02278235155722117
0.021433134307049125
0.024409407197454755
0.019970919499603185
0.022099509003217003
0.025362509548407398
0.026936985620047014
0.02730936139856905
0.026290206328483202
0.01870647996844244
0.025083840787198948
0.027872647859634097
0.022979840249871934
0.02100623858393031
-1.0
0.02410738196109532
0.024590114287981288
0.02217024624669143
0.019298010107814536
0.019517114820989008
0.0189840710794088
0.023956736481736993
0.027024873537422257
0.023985944933093906
0.02199334091230531
0.02181633516166708
0.02418144252727495
0.019174984349287688
0.022933606495048855
0.020500932947797677
0.01720609830121151
0.02042268399046098
0.016383638851994328
0.020039705577523492
0.017851988398525517
0.02225885867263461
0.02293951603602253
0.027598605089514602
0.020161535089821513
0.016153912132984543
0.02226497905666561
0.021169412674326468
0.019449519577207336
0.025856480490556236
0.01699028548843398
0.01802192777723648
0.01768771165179307
0.02033612252965764
0.019807577793820454
0.021630737230598787
0.01640389991755627
0.0243656274008283
0.024696990702192587
0.01923565408699181
0.020504943448314356
0.019502783929543577
0.021078431037514667
0.018531327189559257
0.022942852349114924
0.024754918445728667
0.024504516595312158
0.019048174923390723
0.02375310628018239
0.019907301937492065
0.019960917685144967
0.018435827234310385
0.016077274696868687
0.01998619391910024
0.02176714626771695
0.02269497834246421
0.01941290399857328
0.02161036481245174
0.02394062393649655
0.02147705044352783
0.021068140755921824
0.020922651851158484
0.021427180148972606
0.016892566998300048
0.01946568258579281
0.01900157323025398
0.019883912915934745
0.015664575544443882
0.018936514002665022
0.01913826183161174
0.020274392828668688
0.017514095475542796
0.016065467023310628
0.012669517362743842
0.01775648051179003
0.015392120454319128
0.013962290041212551
0.014763205672876324
0.014978298529866943
0.016978614384934365
0.019756189856817742
0.02260114920427787
0.025216125151840515
0.021541788300174076
0.023808072657898045
0.020162868686866908
0.020338593950564567
0.021608350922718844
0.019994529355281423
0.01753408086207597
0.020227738318009628
0.014510427282899158
0.017149392121787854
0.01592663374519653
0.021075638308827586
0.025644914634262533
0.020241134667938976
0.020456190888067584
0.0207097769476848
0.019176124911068636
0.021400213517869738
0.018963990907138628
0.01788678683204007
0.017322480420261896
0.018212836164641786
0.019825305143103905
0.018031046292019147
0.016117357106966875
0.01978361234888608
0.01782115990134698
0.01437223328195333
0.01165935177452027
0.01603896247556529
0.013863548932325335
0.012793738324968464
0.012527742928165575
0.017430169802438146
0.0192290946356285
0.02003271920792599
0.015383599434873656
0.018826721011417677
0.014542325787217892
0.01816032295741339
0.017012398896349343
0.014310005353047366
0.011447494126876786
0.013079557984505557
0.017697980429815383
0.012939039461694047
0.01824699238288466
0.017557223541811315
0.010750063050656152
0.01618854285373518
0.012915438283454466
0.01207255436329615
0.013258992335594822
0.012015906638841695
0.015645808325779765
0.019570058206332848
0.015259214822913541
0.012172350625874115
0.014085715073864207
0.019451523677352523
0.013848759323747475
0.021141404227897294
0.02089789316002933
0.013543880034615208
0.020595044640699854
0.02745244105979569
0.0212785101895453
0.0184521887363855
0.025276547252832553
0.02152845204573895
0.020690808164878127
0.02212759762582371
0.02037466365617806
0.019723271890991687
0.02135047120851314
0.01974733054508009
0.019507223508117833
0.015355481382980773
0.01932975788464338
0.015752377305505424
0.01550632561871155
0.017737766728159268
0.017731952780239306
0.014851683990388984
0.011387513636265884
0.012469283731849157
0.016272445381687047
0.014345763372086194
0.01663489388739992
0.015174110444657496
0.019664583413598023
0.01675618919680315
0.018225918561259283
0.012668450261637466
0.012612133535182566
0.010335016344881187
0.014614884356475582
0.01633340457957906
0.014321375180892498
0.015096260144029481
0.014745310021983083
0.017147744156381903
0.012919793615334291
0.010126975659482302
0.01822052676436009
0.014582938773024356
0.01624583703886055
0.012612568854854452
0.018579822756035983
0.01939244851971647
0.015416575586667487
0.01583641891810411
0.015023024382301787
0.014131600383460253
0.014417478877156567
0.010062037913398316
0.017308822643785006
0.012435510617056889
0.017658078917203106
0.01530352264671
0.01905749695644156
0.021354306374736322
0.019544406665555417
0.01722901969459779
0.012030204754716764
0.011582948756664366
0.011687694407959283
0.013005678534099495
0.010478797769632285
0.005878496265673314
0.004364692088424847
0.0021374260413425657
0.007919424021354206
0.006938347363602958
0.007992508097115597
0.003725041556515148
0.012732219531217242
0.006554756970253207
0.006538862066577577
0.003602342120756346
0.005542457528337877
0.00612027913531286
0.005019375876839758
0.011974525275262927
0.007099955799364527
0.009002156274010797
0.013942054940453533
0.012442617908259578
0.014657019102808557
0.013189112550558033
0.014751456926100706
0.012918171641316957
0.018303316335540488
0.01350037640518679
0.019141782646181604
0.008907155394336942
0.01571234801279503
0.0137022119370771
0.01675627520637684
0.015466202729088264
0.016385495052524904
0.015687883786205364
0.013773412191077137
0.013854812266401598
0.01325602680298472
0.010290899655215997
0.01735314774811407
0.0138627329010806
0.01186789088843777
0.010839818157284116
0.007147320293394423
0.010791825478297021
0.014252490064056657
0.013509409810698305
0.013986269523447878
0.017933949521177717
0.017383816330715875
0.011726298622352634
0.011261135345595504
0.01565399248113963
0.007475836091124531
0.016010451309630132
0.009655226076010591
0.008686478158472373
0.0059438712052765005
0.007294763491348622
0.01469939426115464
0.012730457889186104
0.013244072996413246
0.005676373105330242
0.009552127452907545
0.0002935151430157223
-0.002630843360983055
0.00028920975562484586
0.0026354943070248495
0.006702557665263008
-0.0002710497525746418
0.004031917967521273
0.003664871536624005
0.0062518827220586345
0.0016951259508147627
0.0008352662521688321
0.003830262406096755
0.003980936546618293
0.006700827847599272
0.009466083376934662
0.006903091270546364
0.004711571756136755
0.007914040249171682
0.007309264724418581
0.006850145510481321
0.0032995542738130683
0.004203708454142098
0.008544270586483065
0.007040778627960667
0.01032760785053717
0.010271911737383638
0.01058568420152695
0.017928192552909523
0.01525213402132903
0.019296536152890474
0.01651085672142313
0.019579063130560594
0.016094030051719475
0.014747392303656319
0.019921439149971534
0.01732812766071036
0.016434505335159413
0.012479562475892799
0.014142837504426653
0.01815255213725144
0.01840903447060925
0.018538254864588943
0.02422524357104284
0.020405641921822464
0.025952615251650525
0.01815108176224849
0.023208361853273518
0.020401356791008993
0.019483611944169373
0.013875121676836726
0.016402064355394902
0.01970049944214015
0.020641466094805102
0.021147591503273954
0.02178231502111257
0.022869267658647288
0.016917940092644045
0.016984662060240272
0.019106931224858036
-1.0
-1.0
0.015603679863199955
0.013453005478467688
0.017985657445691684
0.012042871295494296
0.010116711225365367
0.0012121668188200645
0.0029445498640739112
0.003851964517639291
0.012622782983219734
0.004553383337800306
0.0062370353352292195
0.00807955262537096
0.014252201578647388
0.012869519672094189
0.01198516383121726
0.014024658574612546
0.01128952948895787
0.014221234884398956
0.00563970488015897
0.007434779918204858
0.00729890519455539
0.009420492825493192
0.016065745317926823
0.010516985237750598
0.013607434987960033
0.005403965224211909
0.008858864475512356
0.009288722688362304
0.007527291525357802
0.004339558162447147
0.003876593073221207
0.011429792883408474
0.01301452539073172
0.006248269258813871
0.01496200767221499
0.018662297711129514
0.023250678262038454
0.023232148940887112
0.01895261490223276
0.013073876703474164
0.018949426928857115
0.01195682268060144
0.013467144133145932
0.019239901378570488
0.018062149849823985
0.015968575727495753
0.013974016413806719
0.009822065239927789
0.015047291465380874
0.017177046883336898
0.023322892820431092
0.025015917417156593
0.025531086835944905
0.02482870957062454
0.02158551891792985
-1.0
-1.0
0.0171366025569288
0.014264251211982031
0.015993600529661287
0.02270914171619608
0.02237900503439492
0.01732485625701509
0.021248469591360543
0.014680595914198364
0.01961747078281035
0.020777078862152867
0.020125572122119108
0.024667155300377965
0.026225843143799957
0.025707016051643
0.023502285124669654
0.02164659510139812
0.024259525809163466
0.01967790071147355
0.025550035258924006
0.02624965073960445
0.022808040964183564
0.025601651253351638
0.01859987128921601
0.025125664132982166
0.020554452427698374
0.02442140362741682
0.02238411020486302
0.021602502904639876
0.02775121525561053
0.027447530381134025
0.02060610278324153
0.022089603927567328
0.01927715811366275
0.021208979050435138
0.02702663399343101
0.024706533154454025
0.018958389100008608
0.020337290585626226
0.02252609008980044
0.01976205043360506
0.02408573481197142
0.024826276087259343
0.020206856256573567
0.02523598811698742
0.02179127011392658
0.019401478135998896
-1.0
-1.0
0.025158884452366668
0.024133333881168582
0.033491080533892915
0.02555147743169237
0.028269285974020238
0.024088412500209485
0.024991413679763434
0.023353233357591187
0.024052709771089427
0.02432203761897279
0.018816832839175856
0.020688871570448845
0.02128889567287088
0.024651933786056093
0.026959622890976632
0.018777675821619638
0.017375213090646723
0.020399605090013772
0.016999503606007122
0.019860290904297046
0.02170771340749316
0.02608721531983981
0.02541454937787603
0.024137625133787092
0.018760075813026012
0.02316345020978161
0.015694141056718295
0.02142920348015231
0.019782805985292383
0.014300922318062374
0.02148941006350026
0.019462028074891377
0.016282526775548017
0.02029943126820562
0.01817442090759851
0.017999632171062704
0.015487309285413432
0.01633698662813891
0.01778754607800432
0.022238779852471687
0.00893456612622494
0.010029275289819124
0.013850478242866483
0.005934304539867169
0.010949800915255154
0.009975824460771193
0.006347766443236479
0.008790141160750366
0.007427223764959092
0.00685200891245239
0.00921133840949496
0.006301759035547146
0.0097028780850323
0.009929955782183301
0.012791127303175168
0.01338439966205512
0.012578742018952909
0.011049879366577113
0.00823768194962331
0.010311439949104374
0.015818594666051292
0.01482844760577721
0.012158889403512632
0.00859041413106823
0.016721579165392745
0.016567241915793056
0.014889046683095687
0.015791120344934833
0.01715586996581534
0.01862564993884328
0.01336638347858261
0.01722778087903817
0.01186522195412341
0.006083251390657266
0.014117916276147715
0.01421227037935698
0.014700520274544668
0.01027372041963475
0.007775595172049167
0.007136438195337157
0.014313700948439987
0.00823529364579495
0.01409418918110212
0.013229655164609866
0.013015969652117284
0.017074462707272833
0.016004437752791166
0.015775917223675055
0.008905991941526357
0.008881211956355892
0.01353512748178249
0.010038253180887144
0.008658742756608277
0.0085576253255748
0.006590214264486862
0.0067263830405653304
0.008749070951595115
0.006483751631934155
0.00436007700112334
0.009418649793333591
0.008195282940710827
0.010992525554534732
0.014455750265514426
-1.0
-1.0
-1.0
0.009314778535283078
0.015122439863476528
0.018710083175104395
0.01917187832523484
0.021554876352216236
0.01345442847244876
0.017751720696464593
0.022934789612869908
0.015635335947045467
0.013172575220164197
0.018880124684751427
0.014889558950566453
0.019205606053673305
0.017877887041833306
0.021638716268864693
0.01604716855523293
0.015228961262134022
0.01543103736963908
0.02107601343557293
0.02227291676889498
0.021973548987339435
0.024844019973728627
0.01979842618044604
0.02227462512085036
0.018489068578203607
0.020178995748980282
0.014662886050004884
0.015923396694707166
0.01669945370288703
0.011338149081375488
0.00893235631702449
-1.0
-1.0
0.019606710769249774
0.012590842122130007
0.018601140116916468
0.021930896407364193
0.017684941541220037
0.0133981342268832
0.016659326405899524
0.01378496950529576
0.016339332585209188
0.010175486392505909
0.004980541548082672
0.006026353388568838
0.0056911810383758815
0.0023711894420981156
0.0033539778583670157
0.00573806392796875
0.005386309668605826
0.0004215838915329587
-0.005280123328293062
0.0005816034347556332
-0.0009534858985891316
0.006125358227745
0.001561498437670395
-0.0013860492000402648
-0.0009830796738952707
-0.003727980641981397
-0.00590278943373675
-0.00064221971487872
-0.006692062914539644
-0.009369274866793929
-0.006540395245772402
-0.003428741050805965
-0.000977869446044852
-0.00435511553448236
0.0011592284739415648
0.003536208840879097
-0.002202137156245995
2.8718886326816003e-05
-0.004282518409999162
0.0018599735802032151
-0.002792092244792258
0.0032260411596456203
0.002846852238768717
0.008560726387460272
0.011554581303923707
0.013017928305149537
0.008389040392462457
0.006850953277842278
0.0050781034281792556
0.009978846043657336
0.016156720716630265
0.01226690445528232
0.014725988133361578
0.01280332550402792
0.012471529889509614
0.011774261983029203
0.010798364420625789
0.005974028970015616
0.0006442618809497732
4.431613352947451e-05
0.002604753537529111
0.0015565474883751944
-0.002340633897516478
-0.002688619723539481
0.0006679867531032974
0.0049907496965838636
0.0056608192532462765
0.000781250374332426
0.003788091757093631
0.004023871901039143
0.011881630863461905
0.009632785768778362
0.013674550000250694
0.011249244983630455
0.011472337766640677
0.013020517510398495
0.009820577861436326
0.011920733460053456
0.011023058856700256
0.009130978518168754
0.01164732065077134
0.009601149955779164
0.013059330238267958
0.008774755853734138
0.008473192688386193
0.0048388681202986466
0.009236520601355838
0.005688266017711742
0.007700359823101503
0.005377729472914238
0.008817675137981604
0.0034198850828449268
-0.0035629036016860665
0.002466680082432404
-0.0016031617586690409
0.004511108908133552
-0.002687634853980242
-0.004408427855002267
-0.0035487818625690986
0.006033955638026004
0.0035633571232308336
0.0057833934533227
-0.0014567658616289447
0.0020732029239961727
0.0003165794581748592
0.0007523303108874571
-0.006375260050353191
-0.005149990175620531
-0.0005747121234326399
-0.00442533858061796
-0.0030896363550630035
-0.014974255896284346
-0.01058251668807283
-0.007933195571862854
-0.01193602725369213
-0.007440583677522971
-0.011475154700514138
-0.012337811487930362
-0.014114825145786934
-0.010959788186350888
-0.01357463708674119
-0.012490430631304995
-0.012042791822856945
-0.008574724031478785
-0.010242995904309299
-0.008920167798092784
-0.008648624334157709
-0.0103539237136611
-0.007384471971349785
-0.00978904579644727
-0.0047297850022250355
-0.005499871229443621
0.005332400999171834
0.006504601228766704
0.0043326268400462374
0.0072215981048028705
0.004690701917542185
-1.0
0.009141569784467974
0.006472225069229541
-1.0
-1.0
-1.0
-1.0
-1.0
-1.0
-1.0
-1.0
-1.0
-1.0
-1.0
-1.0
-1.0
-1.0
-1.0
-1.0
-1.0
-1.0
-1.0
-1.0
-1.0
-1.0
-1.0
-1.0
-1.0
-1.0
0.01385582689472425
0.016915592900442304
0.010966155502634814
0.011879845475507871
0.009620573251459201
0.007946520367341763
0.01094582802948411
0.016300729928635654
0.01755252976460785
0.012348133348229623
0.015238592182047171
0.018788188648644198
0.021087037841996992
0.01434507484281211
0.01678382119750356
0.017620136172055025
0.017865896035476485
0.016355161819794843
0.01690442684447666
0.017446701829162414
0.015534791324086996
0.018950879129252574
0.02028245320416617
0.018268175574969577
0.018034323559417996
0.02018078423016494
0.017153248396157974
0.01863753102018786
0.018910633033244355
0.023631971512685725
0.017093562750283713
0.01828323564216273
0.021054679181178808
0.014926210590496852
0.019218195127302762
0.016598133651098808
0.013160550983093046
0.016088511326246877
0.010061440714190547
0.014842608053243115
0.013381184006340646
0.012313644012309
0.011327807540936954
0.017429020405292317
0.008160348282912904
0.011697736391281095
0.008979072591037827
0.00792212730610903
0.010892443329872738
0.009136514309771445
0.011429903876192794
0.017175530550983725
0.012064845377410949
0.012684378237346425
0.013980432044130684
0.01153559548439309
0.014688297663371722
0.013375309135680325
0.013610215331270725
0.012191127581340408
0.015461557638519589
0.018455299306172065
0.013372940015571044
-1.0
-1.0
-1.0
-1.0
-1.0
-1.0
-1.0
-1.0
-1.0
-1.0
-1.0
-1.0
-1.0
0.02127864079258133
0.023237240683240765
0.025782830327194726
0.022473538820406418
0.02452317509400737
0.02270482480115179
0.023774147067916942
0.023754361651614483
0.01748531437482453
0.022252409966610494
0.016428503370511365
0.015521349742624918
0.01865647140170984
0.02303956410949618
0.019899116505734435
0.02318678297917865
0.01818143633310793
0.022081956099034083
0.014269257021295932
0.02206743758887382
0.015438937661952366
0.02439887309087825
0.01597265041328947
0.02228823301707649
-1.0
-1.0
-1.0
-1.0
0.011509881478131123
0.014852779103540588
0.014243409978415264
0.017248005105976214
0.015626730860389976
0.01429242928382732
0.013133974526235938
0.020110086631093118
0.01257013149478713
0.016427969363885
0.013433331113833605
0.01512142012441149
0.01613071180606341
0.01403949508190992
0.00937003888933197
0.010496879548524718
0.014460093439153597
0.008874387884631194
0.004626799805646565
0.006820616805797176
0.002354384765561292
-0.0016980911814847021
-0.012111779319281356
-0.020881318293280365
-0.022039430545788125
-0.029414274158411313
-0.025756460375038436
-0.026847849884450634
-0.03219595984577516
-0.023284988739408766
-0.025931472530728656
-0.02429560771320392
-0.027358123875789207
-0.02964189792587607
-0.019985298421875027
-0.023884190972283496
-0.026640139191236818
-0.02363202022907789
-0.016229898956754415
-0.0102822340757875
-0.008826332105109825
-0.007623468880851796
-0.0027344509227890342
-0.00606052690513247
-0.01599976799822862
-0.020549077037525447
-0.014778419151765813
-0.017305681138428515
-0.010928641937262238
-0.016499477786558265
-0.014183514729646227
-0.01454092256934684
-0.012828542733164021
-0.018148211076123116
-0.019614734071158952
-0.02204015868435178
-0.01843314866589384
-0.01894223736296687
-0.014330182376680352
-0.015441232465348384
-0.018802142732653137
-0.020072948883619077
-0.018457644447085288
-0.016006962882205673
-0.013383543202176036
-0.01629914621317343
-0.012935241128276972
-0.01565504370492163
-0.013835273298480973
-0.02016056954059366
-0.00981368613054101
-0.012015621560995721
-0.005530520886640823
-0.004707144003342831
-0.008468072842804793
-0.005624333751948109
-0.004575338649312556
-0.0023189924315083284
-0.005896745929852801
-0.005341231854677463
0.0005398351108661253
-0.005746852097416597
-0.005973138200855212
-0.0024981795872355784
-0.003124225663980094
-0.008453584472175243
-0.009749389623471405
-0.011110619269657595
-0.010199018576521057
-0.0073348644349420815
-0.008867881320525033
-0.005959175864428238
-0.008986944729217688
-0.00937157490386336
-0.009616827945381459
-0.01159467253736253
-0.01797852576818864
-0.01698181398885194
-0.017650042560093913
-0.01796631757921878
-0.018837551669824152
-0.02033857248741696
-0.017672966808744438
-0.020733332719751366
-0.022706817331832076
-0.024558756908729072
-0.024024534742624015
-0.02455456912477622
-0.024128833454104912
-0.02435598344260391
-0.022232376224945838
-0.02564960703164998
-0.026225339229383422
-0.02664099495715773
-0.022608210881080032
-0.024801816064797002
-0.028261775086747005
-0.025392421982272723
-0.02029160664334596
-0.023568739567366118
-0.021693973159086232
-0.02670251421904555
-0.023973628947387624
-0.02392534393058616
-0.01949814602974178
-0.023095946058913117
-0.018447173322889684
-0.011370957030206616
-0.0035279587025392337
-0.004718805122845728
-0.0038106949813094646
-0.008763775171051194
-0.003167969232203259
0.0010873758577839895
0.003271762950692954
-0.0025501069400395275
0.00167263682434019
0.004484983766168722
-0.0028954438573200857
-0.0018889710846375822
-0.0008619577603168437
0.0015006577391010341
0.005607576959722347
0.0019735957506342152
0.012410929707217603
0.012548787088065068
0.0050965424678133045
0.006887814686271256
0.011687334299911213
0.01036534878397327
0.010767482916636012
0.01586227221749305
0.019509098240022244
0.02039700976169054
0.013336584544746925
0.018302752338415974
0.01640048654563452
0.0169024258891196
0.01793314821207903
0.020553051229328313
0.015362510351518054
0.016949583047104356
0.016027979001698868
0.019787289759630042
0.024439626603817228
0.018539464469683832
0.01915122560840563
0.018159059533801224
0.021472180759820044
0.024091231217443717
0.023321664994668367
0.02302647748684808
0.022309583812801497
0.025137319078108053
0.01809228893365179
0.0263192327950322
0.02756284177904232
0.02490446699564843
0.02131332262551573
0.024142932107169703
0.02353298351533101
0.024173444396619854
0.024823326994632314
0.02114074572427384
0.026896937376674396
0.022572274733203616
0.02314564319611012
0.024943444832473384
0.017944449891642053
0.023206453750841786
0.024616056876592463
0.020188181653041454
0.02195920977146786
0.02177701353719969
0.02304635117632763
0.01850900275938898
0.023447963983750965
0.022606300596495505
0.019400207180546202
0.023567114267764925
0.021907072807464678
0.020447013570476468
0.022309316266277062
0.027011590235802827
0.021176574714787753
0.020138680464312258
0.02422420391112644
0.022677373582654207
0.023241714867888078
0.02453931275472957
0.018839835791383028
0.022612038763189513
0.01832801729097588
0.019436059031024258
0.018786767173596883
0.018886640339082467
0.017336730696142076
0.02088465195157478
0.018574351036651105
0.021068470943688817
0.017088201392531473
0.018874087877114774
0.018998062294855046
0.02313679267402116
0.018685551714029386
0.018597108454543678
0.020889716171778146
0.014604045407391453
0.016362343499584524
0.014887437448991412
0.004425763368617155
0.0013846501221868599
-0.0006179190786103198
-0.000774667786058428
0.0011206583041113273
-0.002689117086310936
-0.0012406334871385334
-0.0009290765220907207
0.004716077813869122
0.0036163635212192696
0.0018945525368413013
-0.0007975772697598769
0.0028633772698909575
-0.00023219990951791483
0.005516532454867276
0.00950320449686139
0.008328720003699969
0.003581417109964477
6.0751630686357395e-05
0.008283537421197676
0.0026743576890329683
0.004037057507563417
0.00037180025504767806
-0.00140049330748322
0.005338073761450244
-0.005561692865983268
-0.003657696728884271
0.0013327383045324676
-0.0014447916368598359
-0.00038833415197719184
-0.001234401941191367
0.0016447637237941486
0.0006695699363544103
0.010718552583344997
0.00890729562982123
0.00529277498377558
0.012386286237498394
0.009481107629596763
0.008129696979229568
0.005381423505118419
0.004284627281838322
0.0018315217083059007
-0.010717594499123883
-0.0017228221782308666
-0.006877013594051948
-0.0035100899734409343
-0.003241757968512948
-0.010712577948511796
-0.0014764708663049782
-0.00457759239419359
-0.0024194958136253063
-0.007833116364164746
-0.005055648340547198
0.0031666019482554384
-0.0011504325100968448
-0.000988820941098004
-0.0031048530250772804
-0.0025282113273911873
-0.006581133582752943
-0.00011441173280461503
-0.005516382321554195
-0.011801861056805446
-0.0065995983342137625
-0.010487412391617039
-0.004119179443847402
-0.0038367145078217367
-0.002424954763730192
-0.0009801335555282755
-0.001549949844262188
0.0007387265398938242
0.012401654105156045
0.01431514879432863
0.013140695116039212
0.014395563055086243
0.014502520833441848
0.01256874225021995
0.015999275628831012
0.015797570792389914
0.017069509090511345
0.011156411279166467
0.003519361879267477
0.0007824528131173686
-0.0032539850099819545
-0.010297509342444866
-0.003496183020556541
-0.006659876764763797
-0.005560603001780838
-0.0037879730707008155
-0.006806736134449991
-0.0033488931214195874
-0.007487942312380409
-0.003469972536110308
-0.005517370802843244
-0.008489922763578293
4.812841665846011e-05
-0.003965657152219359
0.006415737440531003
-0.0019400039937207405
0.004146100342092672
-0.0011857936166994269
-0.00015555868596352551
0.0023855632373541943
-0.004657537966340119
-0.003857704794195438
0.0004736629510618431
0.0008929958910576609
0.00032228645216540703
1.875430839301655e-05
-0.005205240629758165
-0.002417187334170047
0.004908502804237911
0.0002408398316257497
0.0023512332019354552
0.0031946561392404084
-0.001956603840324361
-0.004758320062808526
-0.003269188507090272
0.002917674520155501
0.0012742045291268965
0.004239043578070238
0.004031621584157329
0.005343677401636279
0.001247739187547578
0.0035248595824082522
-0.0009157034152970415
-0.0031887135246754894
0.0026084952578814087
0.003257716534754033
0.00852808895898397
0.0006272029894147728
0.0035138116324008673
0.0022345984883368926
0.003074160168593811
-0.0029038187378188224
-0.0010877436128949548
-0.009131335044074098
-0.006995868245268466
-0.006290604001383455
-0.010366179831710145
-0.014600604124391112
-0.017396349951487942
-0.018252448209964765
-0.01933502418452238
-0.02104262311956783
-0.015005018328976816
-0.015542737194592178
-0.010877803389117735
-0.011787004963674089
-0.00476360895264221
-0.0075006967638778215
-0.00969037050336273
-0.011221513701024938
-0.009011758317576352
-0.013035659500438381
-0.01135224789865314
-0.005241318191409449
-0.012447560615933356
-0.010933442141208255
-0.014579261953997235
-0.01587569429067699
-0.012836282200832447
-0.010068500721213966
-0.008332493596389958
-0.009434567282154235
-0.005249670489680916
-0.004201121106900679
-0.009320073487313204
-0.008621284125988218
-0.010067354724210323
-0.012494745265875755
-0.014198849943289755
-0.0135639600595565
-0.009111039846889529
-0.011329629937962203
-0.017840398073509376
-0.012113086126152438
-0.007699878119370198
-0.009639860270791318
-0.010002340575949837
-0.00963035181939257
-0.006291377746420061
-0.008868401683804874
-0.006655780886621944
-0.009721787184005052
-0.010288815648362648
-0.006504877376487251
-0.006303412732605321
-0.00891470884045289
-0.0008681492794801309
-0.009000679422836015
-0.004060258110995646
-0.003573252002260992
-0.011798513561103261
-0.010574258810436218
-0.009067153134337423
-0.010051065420362774
-0.010703843745301775
-0.00962332436909405
-0.011967485261007884
-0.0077739781503453126
-0.011712311766599327
-0.009573445989845115
-0.0051492859616003766
-0.004151531549405422
-0.002757960567499639
-0.004741826636115474
-0.008344274190668017
-0.008690969883195749
-0.0017775105217297442
-0.005717354093467755
-0.007806779024058945
-0.01122687189350835
-0.012431767465482826
-0.021001358678266264
-0.01955403216287272
-0.023054946870872027
-0.02071904697734377
-0.025140919650899877
-0.024447886855730495
-0.020818648245906127
-0.015400256748114401
-0.018894009749011214
-0.030421041176949312
-0.017804830530950402
-0.024503569920360565
-0.02488880648555347
-0.021853608061935426
-0.028050503177031165
-0.02807086826937354
-0.019413552593158585
-0.022564630587276497
-0.02329363069540376
-0.027319735648381308
-0.025571525101526906
-0.019554137587969662
-0.025495665803229706
-0.02766902355861226
-0.02947464726031601
-0.030672628090469087
-0.031136055266288074
-0.02851155225491141
-0.0334323203425247
-0.026305407372757935
-0.02914088498695924
-0.026897944393225792
-0.030007672004042696
-0.033349108086283226
-0.01965451865533975
-0.023136423127571786
-0.02250184124436157
-0.026798991153367542
-0.03356083011355899
-0.030168746669954588
-0.030203674540229777
-0.024242546991543715
-0.025044185648005906
-0.02795180107335689
-0.030412994759842955
-0.028187203464175505
-0.02907503419659302
-0.03288870322171242
-0.03136172875028728
-0.030748263368245633
-0.026246625850896335
-0.029096560437959145
-0.029492551414941687
-0.023887130376794772
-0.029139568051029106
-0.022639884775053194
-0.02834767341430117
-0.01994597638867162
-0.018453397842594508
-0.02067578481289684
-0.022350757533320775
-0.012986033306870919
-0.008973490258170763
-0.013417006187929058
-0.002071401118828032
8.136203931834692e-05
-0.006193130946889376
-0.009016505831683938
-0.004816758321215363
-0.006671213379442368
-0.00718888628222467
-0.007987846291379355
-0.009137409980695649
-0.017915854857907188
-0.014909435753221872
-0.013479945471099866
-0.016096526218312493
-0.020974808068033115
-0.013316789943559695
-0.014875672483590858
-0.012687066926817212
-0.016646696569781533
-0.015604682082488799
-0.008019837538577821
-0.004873656863550121
-0.0029925616895799907
-0.000789071119621038
0.005934394763481327
0.008727159306826323
0.006510287900175891
0.0066201324632533835
0.007170789962004449
0.006906912350602874
0.005977448601703478
0.00981278591725495
0.005889157695817545
0.005072394848173493
0.008150826329934085
0.006457189804109545
0.00848172488317457
0.008387219697625316
0.006338235396122525
0.011987642371504964
0.005053973443439414
0.0076315930708831334
0.00982464315628951
0.006687172581592075
0.0041793590943735625
0.0037798377582689622
0.008214101481646537
0.0098555085971939
0.0004285530589994228
0.008452273752858242
0.010984568221782289
0.008342316215256251
0.013672596666034082
0.008357497764001923
0.016089807293707205
0.018071394949893817
0.017967555902397486
0.016705968967219847
0.01518316799676504
0.014499387628812066
0.015062907388589397
0.012606040404004011
0.014600936960109367
0.009634728690089687
0.01546963868127455
0.016966592358260306
0.01200055783582339
0.013697659900481223
0.015454327459644566
0.01587702389489317
0.012623949296294894
0.014440044753975947
0.00749534173712033
0.009442881338907888
-1.0
0.002392122231833925
0.0014236610960730776
-0.00023909297909834528
0.0023450153239348427
0.008845235423578686
0.0036801445095059745
0.00630655200508837
0.007267783050880735
0.005629514362160476
0.009331685490013321
0.008494122003948746
0.003819309029648893
0.001320910897709459
0.0004381371543499263
0.0018648627233339207
-0.005093296939676655
-0.00012049317358576847
0.0025547675603040617
-0.003984109294757272
0.004388806153780092
-0.003237849664650298
0.00548765932122552
0.004327478107764981
0.004624283034939595
0.0034924355446507797
0.005631943834372929
0.003891094439878301
0.010928094575589648
0.009144469124068026
0.007433415297609371
0.007591866299235614
0.015403895541144326
0.015982895189214256
0.01884400942647121
0.010766099520500854
0.015962230770768984
0.01461311969446607
0.01367598090394292
0.012148565293952236
0.013933593100706186
0.017888229492552685
0.014261863115036877
0.01216147606126145
0.016697484421104084
0.011718833421278468
0.01449651644094471
0.009602433210228578
0.012636255681864973
0.015994313120833478
0.013571526746714505
0.012464429540708416
0.009519870053314132
0.01628383168132127
0.015897043004757132
0.019323636086682684
0.023107455705759426
0.018474151052095548
0.019672518400045063
0.013302072278228655
0.014368132474564352
0.008952811209173808
0.013032508231682042
0.013714025523834054
0.009847733079949994
0.010236981872301742
0.007912283571698153
0.008801120408897281
0.008581556782551814
0.008249916194507356
0.005308712749880896
0.010122573524343011
0.01081998158284629
0.012875252070027527
0.010114052994527561
0.016383454253849097
0.012005257401561963
0.0056510410513517005
-1.0
-1.0
0.0052792296645083675
0.003115529581794235
0.00036553585893912995
-1.0
-1.0
-1.0
-1.0
-1.0
-1.0
-1.0
-1.0
