-1.0
-1.0
-1.0
-1.0
-1.0
-1.0
-1.0
0.0032192513526186285
-1.0
0.009255915242068877
-1.0
-1.0
0.011923572645701193
-1.0
-1.0
0.032407297993027405
-1.0
0.023749636048805655
0.022147968058441582
0.005636126101750909
0.0114268457903878
0.021924641210783892
0.012988047427566513
0.013681143616018047
0.021060966372482472
0.00377489127667801
0.01084014319096564
0.015500838669136333
0.009465390912394884
-1.0
0.0070769214119674375
0.01803995127028151
0.014620829109458607
0.0053137581060048724
-0.005567998983137683
0.007654169335494677
0.0036359777681106756
0.008630533152696289
-0.002737596224609825
0.0001932695276731834
-0.013554016017167773
-0.010304561635493183
0.0026939323267693937
0.020241673554305614
-0.00044338765953268606
0.017779745894502787
0.01568388011452861
0.018714686754572597
-1.0
0.033279576426741286
0.017570875535641767
0.026778644251521145
0.03328525875417479
0.024767120819257093
0.02347087140360636
0.02857156375564216
0.021525942802949016
0.0257068583292038
0.030150265538580204
0.026963119104611393
0.020404334134300237
-1.0
-1.0
0.01231134013740488
0.020529965167995195
0.019919412566011107
0.022872956616639618
0.013090603312010805
0.035612917539735174
0.02773600771810897
0.0320669433351888
0.026087787244806305
0.03363656762858687
0.02382235701521358
0.030050948993357467
0.029155184062020258
0.034126853120842425
0.019755495154410642
0.012960982808460962
0.02381878268378099
0.010222114937200773
0.022220434483674712
0.021659900301915128
0.014285032348381384
0.018035027504469243
0.029694225402739204
0.03904143098365077
0.009079268757231633
0.024726907251059176
0.016976675186686094
0.02341736451790193
0.02226952857668794
0.021904018888384953
0.0229366910129469
0.02266808192952354
0.014819704548237876
0.019682566021926966
0.009852253115387295
-1.0
0.014565859292901731
0.007131282556574754
0.005286964310231369
0.025530814349716106
0.009976661625934883
0.02333787534352092
0.02051755782321119
0.014497294749020593
0.010795322396310219
0.011799338497336031
0.012002880067066775
0.014721006937159624
-1.0
-1.0
0.023934920933507593
0.011205992941558478
-1.0
-1.0
0.02604519264640029
0.02029354312046175
0.009049335649994552
-1.0
-1.0
-1.0
-1.0
-1.0
-1.0
-1.0
-1.0
-1.0
-1.0
-1.0
-1.0
0.01795192367025708
0.02073166652655256
0.025073130639162337
-1.0
0.02161104037420472
0.020116465529791596
-1.0
-1.0
0.02656008395321238
0.021359974180830556
0.01003049666930359
0.016888572878391347
0.019017647884705127
-1.0
0.007051210717392623
-1.0
-1.0
-1.0
-1.0
-1.0
-1.0
-1.0
-1.0
0.028231396069621568
0.0137634316588582
-1.0
0.019150400899259477
0.014260473369327481
0.014712100567532199
0.019417725563726725
0.025746899660678512
0.029468092667185218
0.02330881116320054
0.03161775424326528
0.022138334084215366
0.017215070412045282
0.02037734329555367
-1.0
0.022031508423697777
0.027803784120162853
0.025426579334879882
0.023457826109830274
0.024699201413925002
0.01984357603131703
0.029933029563133273
0.023484518647001004
0.025238424537423938
0.028835726382451726
0.02439897035918929
0.02238612345627927
0.028062553673662935
0.0189714706133308
0.027222015353123356
0.025088004448735796
0.02561463236642716
0.02969185526334193
0.024393133012432355
0.030905947675253818
0.01601381274465427
0.008945150842458977
0.014526167471086891
0.010517507078702658
0.013941410102051518
0.03523564496496189
0.014144869150815031
-1.0
-1.0
-1.0
0.03408306978952335
0.026818501231040806
0.03156432476218047
0.021352015189789297
0.017501655083761072
0.020850589340140262
0.015345471429752486
0.004494367612147325
-0.0013225398944166646
-1.0
-0.0037586530590477045
-0.0018185923006585815
-0.0058083540556224
-0.006784744540430087
-0.006374293554741612
0.0035416598624198356
0.008618100458951897
0.007813954661508688
-1.0
0.01786900700988519
0.03472175509269196
0.02115418495150763
0.007739225208384101
-1.0
0.020401993335117413
0.026889259127479814
0.023493949192947707
0.013851923776242496
0.03287535062691646
0.01528232401819451
0.013912860626294866
0.012347956292808082
0.02091926129821277
0.0131319969776576
0.030040498045625114
0.02188876369667252
0.017837185048151905
0.023813351814450483
0.02704831380821253
0.020122276818493864
0.017239704375529553
0.0183718888732777
0.0038606557197595976
0.003661902766894353
-0.017645422983625196
-0.009960616363740293
-0.011261203480224583
-0.016165060863885024
-0.013756145206453829
-0.01120798128633237
-0.004309905140653129
-0.008861658286616579
-0.019738717824547915
-0.01635993746467224
-0.011391121410669927
-0.022398175081394155
-0.01836802393189006
-0.00448780472639471
-0.0017675564928186695
-0.0035384291670364876
-0.0006721947046382855
-0.004292637312857935
0.011203373977541573
0.00624770004823345
0.01763847017588262
0.009464273611406048
0.003616072045297009
0.015961809863173883
0.012394867356691264
0.009838302905819107
-0.004321555865412274
-0.0020047450526829436
0.0005482927097261497
0.0032614124218384184
-0.0005158858425873453
0.004525350459552198
0.008377445078544876
0.0065490331965397134
0.012529768303999744
0.00762346120235204
0.00014075867556002258
-0.004621154338020787
-0.0003757954298467267
0.006168770405985663
-0.00044076114985389255
0.0057961801354145
-0.00721309643625005
-0.0035849030558740198
0.0011750085955527798
0.013615874784969105
0.01717643724435881
0.006557042088900629
0.010039806264987973
-0.0006927413660543248
0.00027644104060926963
-0.0030103921712683235
-0.014291387620284734
-0.003662469789435803
0.011449322579593569
-0.005495965798237481
-0.004294098883916718
-0.007788763276300331
-0.0051438482121183154
-0.006448697636322159
-0.00572757732413317
-0.00012040461860286977
-0.005121027653384804
-0.0009801017775585043
0.009406918064931897
0.0026470755486366075
-0.005192602225538216
0.024129144829744972
0.0077902815890828325
0.0012293174722141657
-0.005457405920382069
-0.00863635833366112
-0.018535496612647608
-0.01974230966255271
-0.026013853850793914
-0.03915016625805343
-0.0443285551943742
-0.04644714353054432
-0.04294981028360777
-0.05094367439456577
-0.04510430410817106
-0.048121021569855045
-0.05492444731446094
-0.051068191142967304
-0.036370853794570314
-0.058203912139872326
-0.053885322943259005
-0.04232074169486263
-0.06226392986455593
-0.04218648851759953
-0.048925044039963554
-0.04301879717795427
-0.04317205130640468
-0.051137059637116726
-0.04531432309556746
-0.04349258922642907
-0.03319534198378262
-0.04461407657331398
-1.0
-0.0222446113909613
-0.019535407775769894
-0.02918383882058653
-0.028688166657777178
-0.026250096698846644
-0.03249557286657119
-0.04667774512311469
-0.05463688483221775
-0.054029993474919116
-0.03900146360212595
-0.05226910261359209
-0.042246171824150996
-0.07446237934938585
-0.05413194696890142
-0.060807372319042687
-0.04900259129250758
-0.03709384854016792
-0.006396761657779486
-0.03272401644131014
-0.03166187544006007
-0.035681786366576915
-0.04842347034550742
-0.051275822580017824
-0.054873017203458614
-0.05047472115798187
-0.05099402596967886
-0.05647869419494154
-0.03440481988042893
-0.05241814348755486
-0.05791166426097237
-0.04478322334318413
-0.049057017877220645
-0.058807069339781984
-0.054430385698240186
-0.04687964246331433
-0.0679812773717171
-0.0690692447653703
-0.06605135316788263
-0.05022371520770442
-0.049252550605706595
-0.05534588094577182
-0.06441185878252863
-0.06077063991449566
-0.0652351424729794
-0.07566937516041847
-0.06501131497060489
-0.06442283587097292
-0.07547913396497798
-0.06323983076073694
-0.053428890634918666
-0.05779843219613402
-0.04159699274491564
-0.02552892442000718
-0.02196727147238552
-0.011367502209619035
-0.0026401135801309263
0.008715971140372309
-0.0007464257941746781
0.0005968101740926313
0.00413716364363059
-0.02842063800451694
-0.03466443272818166
-0.024668855980191837
-0.0195478109035015
-0.02679393527829191
-0.009353445369158758
-0.018662342832052044
-0.0037115426795392057
-0.016853250269578953
-0.007633654034828606
-0.016812219523440676
-0.00565247879913962
0.00637801927846711
0.009201055687767638
0.02556894992441306
0.009253210121287443
0.027405907368916443
0.0267187075963825
0.024557738714885535
0.030215732006259884
0.027086201076241247
0.037939031427253266
0.03987226765845123
0.030062007524964407
0.04872240594950708
0.04090792573549235
0.0396108974748336
0.03556595960871362
0.03577095031481032
0.03133753525482297
0.028555405100520747
0.038008887258787344
0.0353857317588039
0.03328079864399051
0.040202583194641935
0.030440777381484926
0.03818464855561121
0.0325548588291065
0.03438586704859279
0.032432949508317994
0.030600564428511876
0.03376040831207231
0.03490336726476428
0.032695381942767485
0.0033668259477393652
0.021211192147587894
0.017642268701139847
0.016287665406846275
0.016847689920865317
0.013465893781527252
0.024904982452569908
0.011513651678909623
0.028635969988978962
0.023651673382948133
0.011542526710797266
0.011245047523331485
0.01247972873960277
-0.023503785177241502
-0.0462846721770913
-0.04441495911549725
-0.05651733356964225
-0.0565256971901924
-0.04402935455806785
-0.043060935517901494
-0.023467710652135227
-0.024147159373367175
-0.0079195442382323
0.001916622238991799
-0.01258152957898243
-0.0004090375405625626
-0.0028447432720169817
0.011287390186131774
-0.018052815854888084
-0.0470700668962674
-0.05475586146820483
-0.045637031797454
-0.05921364062156906
-0.031011134247938443
-0.03786336178008208
-0.04075377591982121
-1.0
-0.040367489548031654
-0.04064951233077971
-0.04502039231997048
-0.05562882907731287
-0.04877832068288389
-0.051890383562991756
-0.04548233815931992
-0.041044807260435925
-0.035661440550218935
-0.05288204025633174
-0.04188335064259011
-0.038137153932551134
-0.04516586299672022
-0.052131309904666516
-0.04873171955577616
-0.040872872048300105
-0.030275210530372486
-0.029838693635672996
-0.04178287405923184
-0.052530657215046205
-1.0
-0.05448382503425999
-0.054308302251434244
-0.04503756128573518
-0.05571385239946182
-0.04952881632115833
-0.052766880416207515
-0.04547509985050751
-0.04904290248828141
-0.04325731092342642
-0.04158931496522976
-0.004210890365973162
-0.010033332381952751
-0.0022775266324574148
0.008902248246116864
0.005386654940127816
0.0157781827265911
-0.0026762796818848842
0.0008270396510135791
-0.009402051259445323
0.0012788851195414007
-0.006002033414801093
0.005065283703062388
0.010461285658569186
0.016862746619962857
0.015922783878762774
0.003602771616253577
0.007294138038817484
0.016167428782961502
0.006387305169667088
0.023974985185721633
0.02202131980720155
0.033332450630214894
0.022997783821605788
0.015927598396881102
0.01869473926880917
0.024672249498531373
0.01903798998499679
-1.0
0.009176174328633619
0.01372470113647877
0.003524207120580403
0.013810497341642509
0.0040541255661647665
0.02039803602852134
0.01256592166589519
0.0027091966724718457
-0.027861411218110393
-0.02929739584397731
-0.031575019677658384
-0.046355699660348464
-0.030778917182480797
-0.02979930014073136
-0.047271197962033815
-0.03562067570047203
-0.03209294220465515
-0.04052990279646528
-0.04237857775246089
-0.04923861409336631
-0.03173418420594826
-0.0404025319612136
-0.039800746838485876
-0.00975034183498305
-0.009109083857045308
-0.0034137379257333277
-0.0018582653036064913
-0.006218549107074889
-0.005790884489724103
-0.0040320516675647605
0.0009463070576138493
0.03149525427429473
0.01752658337998074
0.009870966431715712
0.009395082840320732
0.007863307568447931
0.0176827354297705
0.02193409296451629
0.011820881672023673
0.00711072515837806
-0.0001320891892145319
0.005444737288022258
0.001545427370022628
0.009230227582378304
0.012057289798517359
0.005763825127021139
0.014699045963334784
0.011125578818979154
0.014101024756233961
0.009313976550981881
0.008691475524203433
0.011040129448395962
0.007846408923316929
0.003937984775617484
-0.003431560296664526
0.00755583370892506
0.011728124043795122
-0.007474380587523988
-0.010747698696629438
-0.0027756862550316146
-1.0
0.0018945030601968998
-0.0023990398402377842
-0.01668808950445946
-0.013826078069295013
-0.016786226695644883
-0.003411839723715216
-0.02384184778677701
-0.019792698518266035
-0.03466780978879111
-0.03750128130665692
-0.04845385547657258
-0.0515964418546751
-0.05668791496249922
-0.05544823733432989
-0.06837262500721528
-0.052477266872950235
-0.055920027169350434
-0.04793609978373434
-0.05879926382730845
-0.04032847807222383
-0.023885102222699173
-0.028196432980284576
-0.023728127056110146
-0.02553868704185974
-0.024047644213657505
-0.026474232888693695
-0.035285839544380665
-0.03639837492598265
-0.04664604247945624
-0.03861551640861528
-0.05443505347117768
-0.04329048665552696
-0.04656144743032057
-0.05926570421901166
-0.06426500390214611
-0.05520818951219902
-0.06125269930298574
-0.06532764590871676
-0.06187579342501664
-0.06625080549710616
-0.0651520415485466
-0.06579802664666207
-0.06178613645076047
-0.05707924873348443
-0.0450615578193664
-0.03739438360416064
-0.03532746531374275
-0.02600370724298142
-0.025413496665160674
-0.013429064889720519
-0.004246125429769461
0.003529098346000646
-0.01155101705565441
-0.012040754543704771
-0.011139655532683106
-0.006153590063565312
0.0012709368048188638
-0.016730601293337557
-0.020456560628795275
-0.03667640331453049
-0.0323275361728764
-0.06513074958319101
-0.051475502679851785
-0.03226292947176023
-0.05057333836474777
-0.03788812847875798
-0.0632159789428519
-0.06777580246416735
-0.08310616871174256
-0.07578384494640263
-0.056784596492036016
-0.06571555580592656
-0.07605350229005516
-0.07086451257309608
-0.07991741261906794
-0.07065191928271515
-0.06989924491008072
-0.07122570655641877
-0.07420473910882865
-0.07577880919682632
-0.06204720439366986
-0.07827470194478978
-0.07514734401206197
-0.06990074123075864
-0.06692819445100669
-0.062483482558735745
-0.05635310083538742
-0.06325822499447155
-0.06183618833404467
-0.07750455815118999
-0.06136056469584706
-0.06602044523610738
-0.06447869641302872
-0.04137683005715612
-0.007029300371535406
0.01673581452310153
0.029028389617850262
0.02371139715384942
0.015434396735910526
0.020410360104081374
0.02343509161912477
0.019449461096939197
0.018069951274257444
0.008567990889506782
0.006323545808096015
0.007557361016465518
0.016997683149025028
0.010798717036585961
0.01380074166525863
0.017343883273742255
0.009920252256283768
0.022492529808260303
0.028046590669112564
0.020293723954840324
0.02095126662065821
0.02720133406690966
0.02502150731056989
0.021960162813898853
0.00980315650048808
0.021446082009058797
0.021952942795643294
0.03348119118717543
0.02694575510912713
0.019154506671639322
0.031039681356391985
0.03556013221853778
0.03180002926533355
-1.0
0.024344952816033317
0.019921908159551336
0.04241687376969824
0.032429500778783045
0.030986059387333315
0.03360405759760211
-1.0
0.03464298027825812
0.03490349560840599
0.047851152096307394
0.029753674691049756
0.026112864642765327
0.028555481877712
0.03172262302977214
0.022046661778280057
0.02581880398216111
0.01934543368525682
0.02648745524415695
0.02343988424252506
0.012233185393262298
0.018131766940965396
0.027994346538191425
0.023792779958594155
0.020898582291251844
0.01405847770180503
0.02513675511291426
0.016857769578191923
0.029052171062322336
0.017815195098560627
0.013243150215267696
0.003786689340593804
-0.0051978393249911764
0.010037438469736927
0.02057783935771648
0.026770417776660387
0.02646053238769875
0.03954492831949681
0.029777850653168073
0.027257679518737036
0.02578785787618101
0.030713777891840235
0.03221191339559174
0.02352370971325984
0.015795151272745528
0.029441983229832738
0.01548600166042249
0.014417668943613094
0.023053340269537818
0.03394691182412949
0.022025030177924003
0.023921998075923514
0.028187961340051245
0.0297148650353445
0.030691083001388526
0.034337140322756976
0.03250649025099959
0.02939837972654071
0.03251494292706183
0.03410348744216955
0.04045037008420494
0.040741218850365364
0.04879954379074472
0.04228771484171872
0.04322547818776568
0.046851359580074144
0.035883372011132335
0.032008056374288406
0.011542115899390583
-0.0006399287578130602
-0.021573898449311218
-0.03997406783111126
-0.03384237256919881
-0.04626644746665985
-0.050418092931585744
-0.040811912990256466
-0.047961335233954995
-0.04125578118329365
-0.05595077883095845
-0.04850473537611575
-0.04553562235454706
-0.026602467187004417
-0.03179160888624847
-0.02824140117784314
-0.013772482028933114
-0.015551807519029653
-0.014120121678374929
-0.008637756295520639
-0.0089927092946712
-0.001994197923396588
-0.009716782450671303
-0.01192187644843863
-0.016518929684873743
-0.02145396651889114
-0.018380472499175633
-0.017888325602336923
-0.012738513651838429
-0.036788216196752224
-0.02064719575300941
-0.04024470044847146
-0.048286345951469085
-0.042250799221889596
-0.05457624605819123
-0.055752202857022704
-0.062126351319119345
-0.061553696725829034
-0.06438619927387088
-0.0400853036364965
-0.05673652968704392
-0.03935784414509193
-0.030830232449343103
-0.02411215722849047
-0.011985360553035803
-0.0007225780104605071
0.0021103390518795134
-0.0185940375242208
-0.006062191472210666
-0.013194151690265101
-0.012499060361692054
0.004974418036647576
0.018188606988649433
0.010221677447093723
-0.007126052819888517
0.0010204053817830935
-0.0081520640126605
-0.01146771037405023
-0.01514394511104528
-0.021102902369153832
-0.050359182920406705
-0.04030038168668261
-0.04918599459207007
-0.03641014216154107
-0.047419531080844665
-0.05324429986446151
-0.05704285628606938
-0.05748155988101084
-0.0348041129408806
-0.06397230248570476
-0.05714441840569647
-0.05658249995774056
-0.05734622398458399
-0.05801435825639316
-0.051692116817588334
-1.0
-0.05952592205853144
-0.05330876601414713
-0.06463666398575692
-0.04712017704030307
-1.0
-0.059777654944657074
-0.0692592663650176
-0.06399689051238659
-0.05751717786679904
-0.05425225420242503
-0.061310255153132376
-0.047540894195481076
-0.0545248925898379
-0.05796937831126341
-0.023433107682290757
-0.020323234440932637
-0.006451124788345705
0.018803168493712635
0.03140610259224755
0.013469295452223218
0.01062279215117545
0.005244337615068049
-0.0030188029590620725
-0.016827229985071038
-0.019775195932001617
-0.01776981960276771
-0.005032810336716767
0.00438150236076163
-0.013482416336863806
-0.0058177455212141405
0.01039146739723006
0.02036944487249601
0.028499234894717434
0.029213004075983977
0.03626158235211143
0.038034302979250034
0.022473471022958477
0.036416929282398466
0.023046638409770063
0.019508425527443904
0.01985374857021302
0.025493266974299978
0.01950085476576298
0.023826435438745356
0.02995472286172129
0.025888155392174334
0.039628735788239104
0.03302726169975834
0.03382639442116628
0.04695284294686499
0.03488995970822055
0.022283506538664052
0.022540062910895685
0.02086607451591038
0.014592718389139548
0.00510273019372692
0.018826455490590005
0.029431999810983288
0.024128308935911696
0.02792413197548559
-1.0
0.0017363507682066656
0.022426944669052602
0.012382705184082961
0.0129407280986434
0.021987012648406447
0.009587163562524023
0.02321366900647518
0.026027975458464157
0.005128682276271407
-0.013003602111382132
-0.021913964501724822
-1.0
-0.01946256050441812
-0.014347609500994764
-1.0
-0.02839800822692298
-1.0
-0.023186617765989338
-0.01991724324448753
-0.026152980561699464
-0.02698806985596058
-1.0
-0.025050250732551797
-0.03407444274741112
-0.03713585370092955
-0.012636331856535501
-0.0007294357812875949
-0.010177761965034018
-0.023626395915153992
-0.024560652049585786
-0.03707149135089748
-0.04812719103140212
-0.040327045272510506
-0.05606636126415661
-0.029513716538580956
-0.031107921042224655
-0.03317506180995589
-0.03593167903250484
-0.0328121352718944
-0.030389775740009655
-0.04857856935980322
-0.04540225737491984
-0.03676759513307906
-0.03937159869136625
-0.03904811552743755
-0.04012843756574335
-0.03844089498651983
-0.048666439433524854
-0.033653030792614363
-0.020424742607577033
-0.02695966425067911
-0.03420844972442036
-0.03736892604238762
-0.0358969023821473
-0.035414159626945184
-0.05469842869390138
-0.04518004556928634
-0.033830832299190004
-0.0317548212859337
-0.010430470801600299
-0.004543614515342638
0.012197976553834092
0.0030266601992630505
0.008112827367031523
0.019095207330858066
0.003907072941627263
-1.0
-0.0059601799396223065
0.005555980026818925
-1.0
0.0311546677166568
-1.0
-1.0
0.01379088837339477
-1.0
-1.0
-1.0
-1.0
0.016013462808514185
-1.0
-1.0
-1.0
-0.001114254557698929
-1.0
-1.0
-1.0
-1.0
-1.0
-1.0
-1.0
-1.0
-1.0
-1.0
-1.0
-1.0
-1.0
-1.0
-1.0
-1.0
-1.0
-1.0
-1.0
-1.0
-1.0
-1.0
-1.0
-1.0
-1.0
-1.0
-1.0
-1.0
-1.0
-1.0
-1.0
-1.0
-1.0
-1.0
-1.0
-1.0
-1.0
-1.0
-1.0
-1.0
-1.0
-1.0
-1.0
-1.0
-1.0
-1.0
-1.0
-1.0
-1.0
-1.0
-1.0
-1.0
-1.0
-1.0
-1.0
-1.0
-1.0
-1.0
-1.0
-1.0
-1.0
-1.0
-1.0
-1.0
-1.0
-1.0
-1.0
-1.0
-1.0
-1.0
-1.0
-1.0
-1.0
-1.0
-1.0
-1.0
-1.0
-1.0
-1.0
-1.0
-1.0
-1.0
-1.0
-1.0
-1.0
-1.0
-1.0
-1.0
-1.0
-1.0
-1.0
-1.0
-1.0
-1.0
-1.0
-1.0
-1.0
-1.0
-1.0
-1.0
-1.0
-1.0
-1.0
-1.0
-1.0
-1.0
-1.0
-1.0
-1.0
-1.0
-1.0
-1.0
-1.0
-1.0
-1.0
-1.0
-1.0
-1.0
-1.0
-1.0
-1.0
-1.0
-1.0
-1.0
-1.0
-1.0
-1.0
-1.0
-1.0
-1.0
-1.0
-1.0
-1.0
-1.0
-1.0
-1.0
-1.0
-1.0
-1.0
-1.0
-1.0
-1.0
-1.0
-1.0
-1.0
-1.0
-1.0
-1.0
-1.0
-1.0
-1.0
-1.0
-1.0
-1.0
-1.0
-1.0
-1.0
-1.0
-1.0
-1.0
-1.0
-1.0
-1.0
-1.0
-1.0
-1.0
-1.0
-1.0
-1.0
-1.0
-1.0
-1.0
-1.0
-1.0
-1.0
-0.05420829980971759
-1.0
-1.0
-0.055742947807989045
-0.05536719722748904
-0.05387241072584732
-1.0
-1.0
-0.03456161019767664
-0.01829987206466973
-0.015620807703296304
-1.0
-1.0
-0.007570258905953355
-0.007959220996747549
-0.002864630469639629
0.0020518141976170762
0.008081097232498889
0.00795246019075184
0.007037579667535196
0.01478860303580592
0.01551003764028374
0.012722244650617184
0.008415400309487689
0.010422800618750788
0.0068358581342024185
0.008492300649462181
0.009828769213687295
0.0043441407067785305
0.012671990371432056
0.006274570084140951
0.008196330929794887
0.017993474275897006
0.014146448856169658
0.01851472164916886
0.017414533231936216
0.022795055675595623
0.02201643458859394
0.0176709968354885
0.020967013558950306
0.026129541957303996
0.021941256294534597
0.02475693267928499
0.015067360126231775
0.020711372226256172
0.027108898865104824
0.017960570284830422
0.029593528185472836
0.022511016754789514
0.017321521069042646
0.019276445298696782
0.020464625255501183
0.021925828611908938
0.018588241553224444
0.016995297368059565
0.015404755790355178
0.0198254135835123
-1.0
0.022043140055881913
0.020400416548129702
0.020168610701355092
0.025581102586115633
0.024111473127111042
0.012072798575735216
0.017929085771957138
0.005846532649996527
0.013311422614669268
0.010844561606505322
0.008752670018304294
0.008071091661576407
0.013010588467033022
0.01218097538703901
0.009842666764370232
0.009042048280809213
0.015078681187017377
0.004992209443447278
-0.002046353998481638
0.0064444449665289946
0.009743382926252825
0.011242890391902512
0.010378678114247497
0.017042859956440493
0.023566498769380297
0.021579985398245526
0.02246436103981038
0.015850549749230676
0.021894500118520465
0.021730997915105216
0.02606225292920699
0.023029796080783035
0.023501611618881178
0.021638420888483004
0.025509115523817537
0.025975568169255513
0.02537935265479338
0.020130102320075727
0.02367091792867382
0.02584706555142162
0.026388086189043175
0.027891686048346704
0.03135351323881166
0.02936704482809953
0.025979028045849034
0.020634691043162835
0.026448671065329134
0.01958792650851921
0.01743251867334485
0.022739686096945495
0.023454585047258166
0.027607184788216513
0.027730776206468986
0.026312323131569455
0.020450814259132765
0.025293937298826494
0.02434309613888302
0.026190215934920977
0.023348276846724046
-1.0
0.03119580967809562
0.026409600097778534
0.027410686047192233
0.02492351259819309
0.026893854659882248
-1.0
0.028431376148193008
0.03031551976738566
0.028731383643516184
0.024942721607177493
0.027868657004684657
0.03258690110209518
0.03269871381823928
0.028460297316500464
0.03180574251248956
0.028466387237588736
-1.0
0.02859698036234583
0.033088218415627806
0.03282009197681386
0.027304741647240977
0.03143281436653986
0.028204273113764215
0.025021477209258323
0.025717992601740625
0.026540730320108473
0.02632984814830422
0.027349070362366862
0.03159689027672938
0.03366636644544489
0.02129771418578733
0.027600011691420703
0.029426506737811893
-1.0
0.03081582627699148
0.030391632850216725
0.028369294730871755
0.03093340704299952
0.027585152790226365
0.024503662305559566
0.031252221192307
0.028312987385431133
0.032018356698414865
0.031719232039524654
0.03098892474580073
0.03094793468566948
-1.0
0.02951303589175312
0.024397757190933005
0.03161383407462729
0.028750199599119425
0.030156949609636035
0.027767263484617288
0.029857483810622924
0.027041173993714775
0.02566925271605806
0.024645983147330765
0.02361025168430357
0.02145040552172858
0.02842625367050008
0.029429673807988124
0.031945346326216095
-1.0
0.03331602926821836
0.02510852881806996
0.027349380076222327
0.03129323957701441
0.025310494557004046
0.03592221324967425
0.03246675113950419
0.028325959091368636
0.03308246655210478
0.023720774183917416
0.029926655204649575
0.03203997937196151
0.026145477972014216
0.030456414831064222
0.028240502003752447
0.029669900147581772
0.02913287609230955
0.030736853932629024
0.028015539448901502
0.023913737764721364
-1.0
-1.0
0.022409691569139772
0.02455981555637684
0.025663423254167855
0.0393961555121174
0.027739788452369924
0.03099114426040214
0.03002625141294727
0.026506989016269397
0.027156429611368143
0.026432730801022545
0.023255285564972392
0.028054834549550663
0.02849231631879013
0.028919243310628867
0.028982536950130894
0.03132205606888958
0.025003848028455764
0.022315689499486806
0.025047471294669246
0.03186945163738512
0.028245485292219322
0.034598247623144056
0.03143414870873184
0.025295016453700022
0.03175476867125648
0.022718134874665605
-1.0
-1.0
0.027067032105647554
0.026850005833403676
0.027327335449856355
0.02897557051811534
0.0206246296419683
0.026824358481584543
0.03004498025294061
0.027083186196192786
0.03717901196996564
0.03433868412800533
0.030101828312337545
0.03597979259097032
0.03170925569241759
0.028224850099746054
0.03032301786563581
0.03023310427586458
0.018201256308691405
0.022649392093896506
0.03258393217028263
0.029721879252786552
0.03183726631586741
0.024946923408806585
0.027850322208707937
0.027673048138598947
0.02298885197747011
0.026221369807067497
0.02430181297386027
0.02581684677483737
0.02588821936025259
0.031118664584553198
0.028780497498439243
0.02875244264521853
0.027170722058803755
0.029068267816418983
0.030610977678685997
0.03236267119572734
0.027695354693878658
0.030905370246642673
0.030622937904305186
0.030027732728891924
0.028479747403576006
0.034961133538288724
0.03147307443727353
0.027878716166074225
0.031646694603219644
0.03393260832350797
0.03458169345106731
0.0315842203037936
0.02874994657653655
0.023300770072646304
0.029821353230381643
0.02829588316027001
0.03231050114977339
0.02965071560985407
0.02880794814861761
0.032349212656146216
0.031050712823959676
0.0318618824505593
0.03307326076314807
0.02778740945622334
0.027844755535134595
0.023891079671847563
0.02055274673907882
0.019570413149432194
0.01292510451379353
0.004841409300266435
-0.001755284508239552
-0.002521691949867305
0.004615568320740765
0.010863419694829894
0.003950942387927905
0.000266032773950321
-0.0017945262503183347
-0.005879191986002583
-0.004277571726084485
-0.0010354536166146306
0.00855452053834629
0.00865732774254108
0.008081855385475104
0.009652025812526898
0.0042283995487539415
-0.01105481999709442
-0.011609061035407885
-0.02870779375124695
-0.030617830809742015
-0.03599794030093747
-0.033381831353519485
-0.040904404543650595
-0.04086111799912296
-0.03742130262206479
-0.029723548049582715
-0.03172511423525261
-0.03547993456172209
-0.043500327530123555
-0.02592927762988244
-0.03723834840693955
-0.03201203953113242
-0.03433042204862681
-0.03107272516093209
-0.028629351383272935
-0.034747231026038404
-0.03034274704997952
-0.03884861115751999
-0.0233955469844977
-0.02555961554799905
-0.027586497153169347
-0.027291064795540814
-0.02569235088759732
-0.02155017607210554
-0.02890749929590614
-0.018973784685646897
-0.01159229225808547
-0.019358794972354175
-0.019778226235586158
-0.016213488251562453
-0.016756366238276497
-0.02947451430877622
-0.03242712942945625
-0.020668684715659694
-0.02174325144531806
-0.026608479268081187
-0.022389418637324972
-0.029356420079319278
-0.03605888824478681
-0.019303107481077116
-0.020322843662201478
-0.016627398261540468
-0.010969459554466019
-0.02012896568481813
-0.01044283148125909
-0.001493830065569662
-0.004646769025948189
-0.007111922953867762
-0.01556226367511916
-0.010994847725004095
-0.0010258258200587264
0.0028585549108802056
-0.0036547926113695457
-0.0010431271944906734
0.0025685998029021826
-0.0014718049470911169
0.0007489810511195544
0.004969926291073826
-0.002403750630193091
0.0052436010275089965
0.00794730491049298
-0.008392392434660483
-0.006511700951327871
-0.009667236942546056
-0.020101047606613937
-0.015534963430304215
-0.01371076257295291
-0.02012288045293313
-0.015285489425323687
-0.023876505963810496
-0.015586590987150123
-0.017531015698069814
-0.008316082627786932
0.004256257833975299
0.022628054440116084
0.009618617994555705
0.01631336499236957
0.01891760971358153
0.016504587613408745
0.01187818421954775
0.005556895192435396
0.012397754469397802
0.0032587076140100928
0.0138642910138473
0.013755093493886034
0.004411153642373621
0.013960074541884655
0.010513627281846372
0.0050921677302696805
0.0071167299778913656
0.004624555089836125
-0.0034569872607311705
0.0005737383321198917
-0.010418242356748417
-0.006887169704591001
-0.011658007613336721
-0.0185880271569425
-0.014850308840884143
-0.013106702711466084
-0.014757625285800598
-0.03171409294996861
-0.03318067310818219
-0.0400222584358445
-0.04921566515871414
-0.049238733850555744
-0.051497922166841126
-0.04863941211809205
-0.05041519506804353
-0.04643778748751246
-0.045117443432271136
-0.05552569104037135
-0.05374592786075581
-0.057829232215715745
-0.06210854110795343
-0.05145917842460889
-0.06006810301264944
-0.052010935401507155
-0.05607109017384597
-0.06260890735211591
-0.05604644503011823
-0.06006718166479209
-0.05407887344650639
-0.05020830474154249
-0.05368638057604758
-0.05241940227366157
-0.05862008440487762
-0.05086073841793125
-0.04781380901887797
-0.04984490641187829
-0.05400768035818522
-0.04830835393401948
-0.05551219932982975
-0.0438069626630709
-0.04651229873186343
-0.03641430116338752
-0.04311537279905798
-0.041504532405889055
-0.03927447875094476
-0.03590337291891442
-0.0423842968398348
-0.050392823637443754
-0.04823915052087812
-0.055696136361402214
-0.04644991739579485
-0.06256646754887163
-0.05401682387790218
-0.055599729452444784
-0.05376794239526201
-0.057804466303049265
-0.051517026071037066
-0.05564230155633384
-0.05021650061548551
-0.06288456548266856
-0.05920962880231202
-0.05771276191705337
-0.05890368210942513
-0.06139017744227425
-0.05738531188768175
-0.05722243960764606
-0.055611749808902024
-0.05881823382915077
-0.055762272224351865
-0.052495516639809
-0.062274771360990924
-0.05742428412701305
-0.05589470005231113
-0.058489450544282846
-0.06435012926696017
-0.05396849419751979
-0.05164005372692743
-0.03976130875042616
-0.029002258450941745
-0.0066748479378272154
0.0017239597847730122
0.0038131973310618654
0.00042654379994387827
-0.0036305617285927916
0.008271674575923624
0.004338664095049046
0.005344089977509467
0.008232413397959428
0.00540623174328288
0.0005869270457782383
0.00447842535785161
0.009129318768908306
0.008660211728752277
0.004308243556305958
0.006745692078870647
0.007932352840088919
0.005165348517968538
0.00845755984059276
0.010723117108109134
0.005312312877803845
0.005445747948489528
0.0001931802167152676
0.0023362778997254156
0.001375182722924037
0.011634952775481903
0.013940697092707737
0.010586692921296577
0.021002269586978768
0.015775026034582848
0.019234467460713795
0.006105794247244378
0.0111837040327871
0.014194517875646495
0.012587812639344786
0.009420608368017893
0.00856051988747137
0.024734877341328797
0.020175839907469982
0.02143167603652489
0.024405833060634773
0.021099987385639417
0.03251713654616665
0.026833700478850007
0.027286982025421604
0.027687156349942805
0.024110432387475886
0.024492679634906315
0.033468758311053
0.031944897734000825
0.03110296131292719
0.03638023578557801
0.02696155687083797
0.024548995704761087
0.021469731329154453
0.027860076257280368
0.023497528174536264
0.03501507713249824
0.03492699406968193
0.036944194300340606
0.03658205429521024
0.036659161559459426
0.03518478736870707
0.03400078141518536
0.036672650313519954
0.03451436727707744
0.03363816757650283
0.030384076431447228
0.02755566420542281
0.02468038640918179
0.02721639668535491
0.019985563904996728
0.02339042917040986
0.03129229413949952
0.030384652005052904
0.02945346827459845
0.03187642864716481
0.0262458997163659
0.029784419196142196
0.03286789123685531
0.028753414378052036
0.025418010936512598
0.028441482029310995
0.019759718379039132
0.01512797715720242
0.018557130027930472
0.019194224368762735
0.02281131140539799
-1.0
0.004874598171381291
0.015491334389792954
0.015700124899468666
0.015570730874840523
0.02773569385400619
0.02713825737771513
0.038446642539896214
0.03455348160257323
0.03040986993981677
0.03552207097525253
0.03616614322056992
0.03178746328463604
0.030228407817844243
0.03193697683476596
0.025612208386821402
0.031040220331630192
0.02815899368704595
0.020383696873482068
0.02015270193188215
0.02057708537380828
0.021054644204784638
0.022779245716756703
0.02181358719016532
0.0175481844545231
0.01735504836950716
0.0115214486805768
0.018700647098834483
0.026561819826074376
0.026977213523990025
0.020543454224429002
0.013779244850875694
0.008468249825528584
0.009596175903198664
0.00957728492452659
0.007937417778505153
0.011746794422897033
0.0038314562965396162
0.01047708557277587
0.004369355453207776
0.00835600032311626
0.01430009064923756
0.016757285627257413
0.014062132095986411
0.006722791961317111
0.005214237279926617
-0.0005527828069962958
0.0038209131859588507
0.0015148159438412316
-0.001688329387509652
0.0008072565981751965
0.002114560858012023
0.005682601077694543
-0.0030605836242097915
0.007821181503805895
0.0017932037942279878
0.0002709098288806565
0.004159625448597096
0.006637012268015084
0.017228327235834416
0.003673403204984127
0.011684866834558256
0.02885232850409501
0.027773783850891243
0.025540589266430918
0.031767594326355376
0.031054417465721396
0.033600693509160666
0.02761830469002328
0.024063420333664733
0.02990077137582835
0.028658449386269103
0.027950863939584694
0.025560254292655273
0.02427481509187769
0.01923391651137169
0.027683328969998065
0.024721135881635062
0.02712501036692207
0.027973490847989776
0.02063336854822834
0.011858795767169642
0.00846503998188105
0.010140780594100993
0.019748095077422957
0.011576666081755973
0.017260342599785143
-1.0
0.017271925312764363
0.018678252073078373
-1.0
0.015156166512317723
0.019130082916564876
0.014500625872671197
0.013127158135454472
0.012763619940150756
0.006495062092146067
0.009141747496519543
0.009792350229899936
0.014399084791259844
0.005557245645158196
0.020224139261652476
0.002440154860153714
0.009107797263881301
0.00559388182265701
0.008504812892240398
0.0068027423701081365
0.0065720730901405984
-0.002450232155611658
0.0012689846511521844
-0.008201177437978173
-0.007274695053996409
0.0042397683992009645
-0.00029420215885836323
-0.0007881475313293757
0.003564420608231351
-5.886393531961203e-05
0.002893955603383202
0.008105756569370806
0.015630345908277884
0.021812577207682392
0.014666662700322543
0.007289543179074452
0.01742230288754573
0.007798081838605756
0.010260990817125644
0.01117672320868079
0.024535030553163778
0.017317351734231295
0.020119633490122867
0.02961650612334949
0.02326949094353286
0.029827431568951
0.02994788230600648
0.0275784280769639
0.025094584371106073
0.03165202968649762
0.03914862700632945
0.0318552113495872
0.03681085171312524
0.032115662120417235
-1.0
0.03149788958106835
0.034952674325272506
0.03063142003215321
0.032880616639086646
0.034554523611156
0.03039345933363446
0.024790094585550617
0.03292045279896355
0.029887805623796518
0.022909499654996168
0.02339852308566399
0.03370020282324083
0.029412555580775705
0.025972035202256154
0.02661892629922962
0.03245950846998691
0.02830956404340042
0.02664447395085229
0.02765949401478622
0.02898393852275713
0.026808639757623605
0.031099578464253104
0.028960796670937636
0.02534667513639699
0.029827887516825247
0.028953145012938924
0.028384738635462647
0.0328063249825115
0.03005658885633594
0.03180799658805201
0.030652172905604146
0.021663923065063047
0.026994576093639006
0.030099499788582982
0.02595210518796776
0.034111545078036216
0.03067248795891388
0.03218355725891791
0.027323407805076975
0.030185377960360898
0.026647216450628137
0.0313874775927143
0.02618497497168369
0.030534877000272635
0.026409677607801548
0.030581912796955088
0.026410048226952205
0.022473695525104368
0.030949592790537328
0.023689730816200072
0.02747398048288972
0.03137900778248116
0.033017799598071926
0.03573620543651814
0.024275969789292168
0.023970709470966748
0.027480124043617354
0.023570095553603954
0.02718339782253255
0.024592823840435166
0.025125370899093086
0.026061581335517187
0.0201337473226638
0.014015502769527717
0.01900298884942085
0.017164424510128017
0.01433198628327146
0.017825474424890193
0.01700697758150998
0.01762910752890874
0.011786907236061458
0.0015151228079323422
0.009277595277849987
0.0069719563846414746
0.006514832290367632
0.0016875982748063836
0.009434161790339788
0.0004364409541339473
0.006299220288991634
0.00940775138640032
0.009149533827384752
0.011874936953060253
0.00960749872772466
0.006077155227843648
0.008651025130003355
0.013909429293986359
0.01230536871312332
0.005944019504317119
0.0062990274107175784
0.011485676790563731
0.009946126113589542
0.008263039861156033
0.014426348311532977
0.011336486268151638
0.012140321491177409
0.010483707054351863
0.009727979656107381
0.007196772850710559
0.0014177010723333899
0.00758956751844718
0.007239473242447
0.008805686256674203
0.0017642733306493952
0.0017415287301035245
0.0005293983326284304
0.0022370843383727576
0.005686341181840719
0.006884867623103844
0.010280541191668316
0.003632997362187234
0.009505716846551744
0.008211063407082024
0.0059284487368651585
0.006344389697445698
0.005186715987418903
-0.00019278927416317503
-0.005511160546447705
-0.008941534292132266
-0.015846121659696948
-0.019504114079689393
-0.03924447080452504
-0.04547969508568099
-0.046463340966121314
-0.03904366608141127
-0.05183997232729962
-0.05441254876300265
-0.045878140419602656
-0.04618707789911765
-0.039619581945088765
-0.03724603052500088
-0.037013412353959475
-0.027336494753960067
-0.03324690846985257
-0.028685931560580146
-0.03273628420475074
-0.03897818616192331
-0.03858422735412983
-0.04057618524476525
-0.04488240503075284
-0.0388721723042591
-0.047878886384029325
-0.039109507121824975
-0.037203565770133645
-0.03876487125839616
-0.026472803595378576
-0.02147781257682897
-0.02011147425088399
-0.013238453994915017
-0.013517145611546606
-0.00856395169971883
-0.016975174103536137
-0.013859227796839554
-0.01962728389652046
-0.012992593380896061
-0.02474404129978417
-0.020808420564825077
-0.022749549601636315
-0.023278238734644584
-0.031139951131131063
-0.02171446322974102
-0.03284443348106778
-0.05046167487622907
-0.045146178048024774
-0.04770894575460392
-0.052206663725198985
-0.054240658321438984
-0.055265485845142064
-0.05280966739625412
-0.052291456250396356
-0.046921745774361055
-1.0
-0.03744888330523606
-0.03145526451378196
-0.026676798741356308
-0.009534188655007715
-1.0
0.011376151088503438
0.010826347829901389
0.006467462107266738
0.005997535287615907
0.003051472076053981
0.007083236671896004
0.007782604458557088
0.012680142623811147
0.009843360927237772
0.010289594736027733
0.006734268538225589
0.006683578980870694
-0.006072887307322988
-0.0069904379891300465
-0.03147702128895149
-0.03609141547128628
-0.03556686429815449
-0.03552997762934491
-0.03050693303804374
-0.018560837881989974
-0.002551016955955321
-0.011985560551179256
-0.004860738375886551
-0.01793444983448956
-0.03674220268995975
-0.03561675913701008
-0.04595647007199178
-0.04000329381872312
-0.04258732730157066
-0.047871095778836845
-0.05268559890946251
-0.05977704022971082
-0.05489686264649389
-0.05377807211694216
-0.05207744222430522
-0.05629246134801382
-0.05589467060006047
-0.04676062627441073
-0.05286975502348296
-0.05740237642004306
-0.055224396212405304
-0.05137528282115652
-0.04911598631000518
-0.051060563557478185
-0.05500647815928963
-0.05339946325663099
-0.05508739701601799
-0.046330058562179956
-0.052378700877505284
-0.05588997931367282
-0.051611711552608214
-0.04766859079048055
-0.060404999916404446
-0.05718763917050865
-0.04637770607522712
-0.046681313292152214
-0.042415242057810734
-0.04126071827479922
-0.02547328847773293
-0.025139935204634537
-0.019317575431390822
-0.024754646763595702
-0.019535251107719503
-0.01936086337392161
-0.01640204293911713
-0.03501012520257138
-0.04097020105239427
-0.038191581271213915
-0.036409994618669395
-0.04197516539937919
-0.03699243389062164
-0.039152443647286865
-0.0432972514200593
-0.033642092075483084
-0.033573217260251594
-0.02417590101351388
-0.015622186689187042
-0.03048652444514426
-0.038719600674522014
-0.03526107159364801
-0.042929420638148856
-0.0399747546721063
-0.04950555001222751
-0.043018892116888946
-0.05294193611565248
-0.05179201617174349
-0.04918599284615337
-0.0512445791382075
-0.04971827995527172
-0.047192975454522446
-0.04220971906601151
-0.04952664275009408
-0.051714717378579175
-0.05376441944184975
-0.05899199897194299
-0.058901681767675566
-0.05301032782958248
-0.05872962452120774
-0.060131913667027886
-0.059809388820475456
-0.057289035427071075
-0.05450536785668097
-0.050128102214411364
-0.05439649769015632
-0.0587671778611858
-0.05818941936151391
-0.05117184755035111
-0.0573529495803728
-0.03611218241232651
-0.019395983255048592
-0.013167291226288243
-0.013419101308509335
-0.007712880481462252
-0.009386739628436249
-0.005032105643025533
-0.0013007704901383194
-0.002510034315642342
0.003234844666230403
0.0028390037900815424
0.010240797988412816
0.01036508732121983
0.017576463106736852
0.011435978040268241
0.012017390846038279
0.01704608441609757
0.014364662258529167
0.01595550548675061
0.011058980008640059
0.010493934701541167
0.00794250641735311
0.004686452171508749
0.007014531488528238
-0.0004593469890091937
0.011708313084205883
0.009157230820778949
0.01101745604284813
0.005756013492755525
0.0011798378767490158
-0.002960083792562886
0.0025907955841817055
-0.002196659114584122
-0.0014809015160901233
0.004522794143201902
0.00307259024875703
0.0052957805547710025
0.00164472399925854
0.0032382506503762644
0.01617802191554762
0.007416298349713073
0.00829075618300009
0.0035570909708968566
0.010081591555488385
0.010441061615872878
0.005595367465569557
0.001751173267787702
0.0018822440698222918
-0.0056530876770396745
-0.007980166753927846
0.006131754618583559
0.00470155734825539
0.008116434170275235
0.012751391649431638
0.02267310391210431
0.01805582731869609
0.01735254065672804
0.019948350124722465
0.011202101645772119
0.014628273905303451
0.018036249196390526
0.013189023512353218
0.011938972488421266
0.010520593813665793
0.012542238325996439
0.016215824156385488
0.020385201934648076
0.012480912640827598
0.018007370857168126
0.015207662066578516
0.016418090432060488
0.018327370774222147
0.016668185022214087
0.007199829554039223
0.002141393631702431
0.01024000056510498
0.014753449166893175
0.015618833286190898
0.015626373889208522
0.019614086831677344
0.004045653925638225
0.013871600894520166
0.015095732025194293
0.011551078445463934
0.006211038908504169
-0.006199847991145876
-0.008262226573037615
-0.01037067090688731
-0.010591739178653988
-0.00982254827386576
-0.004098925818951669
0.005857019628971577
0.0066930391215372
-0.004876923830858039
-0.013319969350948027
-0.024908911108318485
-0.026055552144356554
-0.032666240296016724
-0.03179728796486121
-0.0206850202430857
-0.02141788900838219
-0.01659052927765987
-0.010150155886995454
-0.017906519780469272
-0.018158852598892227
-0.003174896609678843
-0.0020801964767777413
-0.00691141580036795
-0.015459948197694933
-0.022267640255852313
-0.0427375282147022
-0.04232106934240222
-0.04055965319094191
-0.03771074424055945
-0.030523881729583643
-0.04079547313282662
-0.043731963039586076
-0.05280601345202492
-0.048681917038087864
-0.036877799776861335
-0.045631115317371136
-0.036834816978147514
-0.04215497779425655
-0.03902891628673061
-0.04212480911428164
-0.03786850725315216
-0.045292452928267696
-0.04213271199966551
-0.044364649300880556
-0.04871625892817911
-0.0452191234842585
-0.042554816094185495
-0.047996583438335905
-0.04706963879445726
-0.04135034052395324
-0.052765638798033226
-0.03787870790577858
-0.03351912703522863
-0.02342829354555801
-0.011232654102833807
-0.018203579655199045
-0.030211442394863074
-0.029131602246969354
-0.007957731060201392
0.005191489848222909
0.004331190390850602
0.007555762795819755
0.003980658470181505
-0.006300672300985003
0.0058735022458210355
-0.0025376384082817947
-0.010473099018470789
-0.007345314022338421
-0.012047172318897119
-0.011495605739742234
-0.011187708389088016
-0.011958113218456723
-0.014043778041768238
-0.024466094181747524
-0.02505349743429587
-0.03297028366852873
-0.033514890129604624
-0.031863868439608076
-0.035165216294673264
-0.04046490831495095
-0.03533233868080262
-0.03868074059456359
-0.028062075092710817
-0.04096318398625131
-0.03774592043332892
-0.03397534165243903
-0.034287870789801264
-0.04361031877239741
-0.036375577428631
-0.030372264720350477
-0.03637828186671551
-0.03992170512738634
-0.037761508323876106
-0.03518369266596608
-0.03764587728328427
-0.032144312782731624
-0.03311692496615145
-0.028527365261108144
-0.03309946255246724
-0.04422127331769704
-0.02737256233062068
-0.027331479178919826
-0.03033338694827129
-0.03196586423163185
-0.032037593396874335
-0.017521180353201805
-0.027480482552312533
-0.015966054482267133
-0.011903482782048252
-0.02064215639671441
-0.021813543197613493
-0.014876367856863587
-0.01489636568853911
-0.015528975804419117
-0.009864799950466555
-0.008853346837090242
-0.003873870466514746
-0.01098673634580215
-0.006287410816751348
-0.014960379878329913
-0.009910770462372957
-0.008269194797792293
-0.012569953786687314
-0.006362651582164784
-0.007278220422125788
-0.010450270646558912
-0.012280290756382052
-0.012980575592601755
-0.014642622427524113
-0.009662088176605872
-0.006259471545640048
-0.015117223988483112
-0.011546246116048807
-0.00419602478164092
-0.009127806356949106
-0.015397675413599286
-0.018389074115211883
-0.01822836867091645
-1.0
0.004956602007819258
0.01001129324751368
0.01173747596000448
0.015465297793899208
-1.0
0.012117247996004813
0.013894639187185684
0.022892830411799823
0.029494433875487468
0.03066326538288254
0.02760192400751774
0.031768069988117785
0.02659343012590458
-1.0
-1.0
-1.0
-1.0
0.024796559539894025
0.02242862859023414
0.029759583338193382
-1.0
-1.0
-1.0
-1.0
-1.0
0.025069893436962632
0.023745530704125613
-1.0
-1.0
-1.0
0.02409867428541711
0.026085000337515218
0.027696008651520897
0.02598445538307413
0.021715995513841027
0.024196810357633693
-1.0
-1.0
-1.0
0.02856736838863825
0.028861516253598236
0.030291870681842494
-1.0
-1.0
-1.0
0.016694695456106756
0.011690669563592757
0.01996099045199208
0.011005036925722866
0.011732170199761128
0.015804240998984392
-1.0
0.022386768979333938
0.029878552227242935
0.022654990037524473
-1.0
-1.0
-1.0
-1.0
-1.0
-1.0
-1.0
-1.0
-1.0
-1.0
-1.0
-1.0
-1.0
-1.0
-1.0
-1.0
-1.0
-1.0
-1.0
-1.0
-1.0
-1.0
-1.0
-1.0
-1.0
-1.0
-1.0
-1.0
-1.0
-1.0
-1.0
-1.0
-1.0
-1.0
-1.0
0.024275111257947176
-1.0
0.026520603560298783
0.02243110248104429
0.021891377549638272
-1.0
-1.0
-1.0
-1.0
-1.0
-1.0
-1.0
-1.0
