-1.0
-1.0
-1.0
-1.0
-1.0
-1.0
-1.0
-1.0
-1.0
-1.0
-1.0
-1.0
-1.0
-1.0
-1.0
-1.0
-1.0
-1.0
-1.0
-1.0
-1.0
-1.0
-1.0
-1.0
-1.0
-1.0
-1.0
-1.0
-1.0
-1.0
-1.0
-1.0
-1.0
-1.0
-1.0
-1.0
-1.0
-1.0
-1.0
-1.0
-1.0
-1.0
-1.0
-1.0
-1.0
-1.0
-1.0
-1.0
-1.0
-1.0
-1.0
-1.0
-1.0
-1.0
-1.0
-1.0
-1.0
-1.0
-1.0
-1.0
-1.0
-1.0
-1.0
-1.0
-1.0
-1.0
-1.0
-1.0
-1.0
-1.0
-1.0
-1.0
-1.0
-1.0
-1.0
-1.0
-1.0
-1.0
-1.0
-1.0
-1.0
-1.0
-1.0
-1.0
-1.0
-1.0
-1.0
-1.0
-1.0
-1.0
-1.0
-1.0
-1.0
-1.0
-1.0
-1.0
-1.0
-1.0
-1.0
-1.0
-1.0
-1.0
-1.0
-1.0
-1.0
-1.0
-1.0
-1.0
-1.0
-1.0
-1.0
-1.0
-1.0
-1.0
-1.0
-1.0
-1.0
-1.0
-1.0
-1.0
-1.0
-1.0
-1.0
-1.0
-1.0
-1.0
-1.0
-1.0
-1.0
-1.0
-1.0
-1.0
-1.0
-1.0
-1.0
-1.0
-1.0
-1.0
-1.0
-1.0
-1.0
-1.0
-1.0
-1.0
-1.0
-1.0
-1.0
-1.0
-1.0
-1.0
-1.0
-1.0
-1.0
-1.0
-1.0
-1.0
-1.0
-1.0
-1.0
-1.0
-1.0
-1.0
-1.0
-1.0
-1.0
-1.0
-1.0
-1.0
-1.0
-1.0
-1.0
-1.0
-1.0
-1.0
-1.0
-1.0
-1.0
-1.0
-1.0
-1.0
-1.0
-1.0
-1.0
-1.0
-1.0
-1.0
-1.0
-1.0
-1.0
-1.0
-1.0
-1.0
-1.0
-1.0
-1.0
-1.0
-1.0
-1.0
-1.0
-1.0
-1.0
-1.0
-1.0
-1.0
-1.0
-1.0
-1.0
-1.0
-1.0
-1.0
-1.0
-1.0
-1.0
-1.0
-1.0
-1.0
-1.0
-1.0
-1.0
-1.0
-1.0
-1.0
-1.0
-1.0
-1.0
-1.0
-1.0
-1.0
-1.0
-1.0
-1.0
-1.0
-1.0
-1.0
-1.0
-1.0
-1.0
-1.0
-1.0
-1.0
-1.0
-1.0
-1.0
-1.0
-1.0
-1.0
-1.0
-1.0
-1.0
-1.0
-1.0
-1.0
-1.0
-1.0
-1.0
-1.0
-1.0
-1.0
-1.0
-1.0
-1.0
-1.0
-1.0
-1.0
-1.0
-1.0
-1.0
-1.0
-1.0
-1.0
-1.0
-1.0
-1.0
-1.0
-1.0
-1.0
-1.0
-1.0
-1.0
-1.0
-1.0
-1.0
-1.0
-1.0
-1.0
-1.0
-1.0
-1.0
-1.0
-1.0
-1.0
-1.0
-1.0
-1.0
-1.0
-1.0
-1.0
-1.0
-1.0
-1.0
-1.0
-1.0
-1.0
-1.0
-1.0
-1.0
-1.0
-1.0
-1.0
-1.0
-1.0
-1.0
-1.0
-1.0
-1.0
-1.0
-1.0
-1.0
-1.0
-1.0
-1.0
-1.0
-1.0
-1.0
-1.0
-1.0
-1.0
-1.0
-1.0
-1.0
-1.0
-1.0
-1.0
-1.0
-1.0
-1.0
-1.0
-1.0
-1.0
-1.0
-1.0
-1.0
-1.0
-1.0
-1.0
-1.0
-1.0
-1.0
-1.0
-1.0
-1.0
-1.0
-1.0
-1.0
-1.0
-1.0
-1.0
-1.0
-1.0
-1.0
-1.0
-1.0
-1.0
-1.0
-1.0
-1.0
-1.0
-1.0
-1.0
-1.0
-1.0
-1.0
-1.0
-1.0
-1.0
-1.0
-1.0
-1.0
-1.0
-1.0
-1.0
-1.0
-1.0
-1.0
-1.0
-1.0
-1.0
-1.0
-1.0
-1.0
-1.0
-1.0
-1.0
-1.0
-1.0
-1.0
-1.0
-1.0
-1.0
-1.0
-1.0
-1.0
-1.0
-1.0
-1.0
-1.0
-1.0
-1.0
-1.0
-1.0
-1.0
-1.0
-1.0
-1.0
-1.0
-1.0
-1.0
-1.0
-1.0
-1.0
-1.0
-1.0
-1.0
-1.0
-1.0
-1.0
-1.0
-1.0
-1.0
-1.0
-1.0
-1.0
-1.0
-1.0
-1.0
-1.0
-1.0
-1.0
-1.0
-1.0
-1.0
-1.0
-1.0
-1.0
-1.0
-1.0
-1.0
-1.0
-1.0
-1.0
-1.0
-1.0
-1.0
-1.0
-1.0
-1.0
-1.0
-1.0
-1.0
-1.0
-1.0
-1.0
-1.0
-1.0
-1.0
-1.0
-1.0
-1.0
-1.0
-1.0
-1.0
-1.0
-1.0
-1.0
-1.0
-1.0
-1.0
-1.0
-1.0
-1.0
-1.0
-1.0
-1.0
-1.0
-1.0
-1.0
-1.0
-1.0
-1.0
-1.0
-1.0
-1.0
-1.0
-1.0
-1.0
-1.0
-1.0
-1.0
-1.0
-1.0
-1.0
-1.0
-1.0
-1.0
-1.0
-1.0
-1.0
-1.0
-1.0
-1.0
-1.0
-1.0
-1.0
-1.0
-1.0
-1.0
-1.0
-1.0
-1.0
-1.0
-1.0
-1.0
-1.0
-1.0
-1.0
-1.0
-1.0
-1.0
-1.0
-1.0
-1.0
-1.0
-1.0
-1.0
-1.0
-1.0
-1.0
-1.0
-1.0
-1.0
-1.0
-1.0
-1.0
-1.0
-1.0
-1.0
-1.0
-1.0
-1.0
-1.0
-1.0
-1.0
-1.0
-1.0
-1.0
-1.0
-1.0
-1.0
-1.0
-1.0
-1.0
-1.0
-1.0
-1.0
-1.0
-1.0
-1.0
-1.0
-1.0
-1.0
-1.0
-1.0
-1.0
-1.0
-1.0
-1.0
-1.0
-1.0
-1.0
-1.0
-1.0
-1.0
-1.0
-1.0
-1.0
-1.0
-1.0
-1.0
-1.0
-1.0
-1.0
-1.0
-1.0
-1.0
-1.0
-1.0
-1.0
-1.0
-1.0
-1.0
-1.0
-1.0
-1.0
-1.0
-1.0
-1.0
-1.0
-1.0
-1.0
-1.0
-1.0
-1.0
-1.0
-1.0
-1.0
-1.0
-1.0
-1.0
-1.0
-1.0
-1.0
-1.0
-1.0
-1.0
-1.0
-1.0
-1.0
-1.0
-1.0
-1.0
-1.0
-1.0
-1.0
-1.0
-1.0
-1.0
-1.0
-1.0
-1.0
-1.0
-1.0
-1.0
-1.0
-1.0
-1.0
-1.0
-1.0
-1.0
-1.0
-1.0
-1.0
-1.0
-1.0
-1.0
-1.0
-1.0
-1.0
-1.0
-1.0
-1.0
-1.0
-1.0
-1.0
-1.0
-1.0
-1.0
-1.0
-1.0
-1.0
-1.0
-1.0
-1.0
-1.0
-1.0
-1.0
-1.0
-1.0
-1.0
-1.0
-1.0
-1.0
-1.0
-1.0
-1.0
-1.0
-1.0
-1.0
-1.0
-1.0
-1.0
-1.0
-1.0
-1.0
-1.0
-1.0
-1.0
-1.0
-1.0
-1.0
-1.0
-1.0
-1.0
-1.0
-1.0
-1.0
-1.0
-1.0
-1.0
-1.0
-1.0
-1.0
-1.0
-1.0
-1.0
-1.0
-1.0
-1.0
-0.028479109464624303
-0.025628474398608842
-0.015513321631170474
-0.0037834424474762506
0.0005844224767557405
0.0002094705704067323
0.008606403686577382
-0.004929786271125659
-0.0017797215665404718
0.007613531461371322
-0.0004398124300041061
0.00850063593865662
-0.0024859743311339525
0.0005989761985302255
0.0030583326192140537
0.007482156994712655
0.00347078330414015
0.007029090673927197
0.00876940942586046
0.005141488442694509
0.009859748528336775
0.014726377267589652
0.00926154194239251
0.012326273644907407
0.004412857275517208
0.0035382395517317908
0.0004924542163857043
-1.0
-1.0
-1.0
-1.0
-1.0
-1.0
-1.0
-1.0
-1.0
-1.0
-1.0
-1.0
-1.0
0.008463132910341873
0.010033285236393378
0.010970109103000995
0.012087046519710114
0.02019282492256005
0.020798196762812235
0.022647028895563324
0.02043967050925581
0.018979737940045312
0.022736328637917688
0.019542322213138907
0.015792158906253382
0.021722227046826217
0.023505822764786577
0.02382301556709147
0.01590236244200473
0.02384194461851736
0.023681723684047466
0.026449088165342548
0.023824088520342665
0.026839927081678996
0.01538951659012795
0.024372842782811283
0.017938565481248663
0.023729209383674853
0.022180162179601007
0.02178836048748675
0.017410811290644507
0.014583465286715664
0.01740431458679141
0.020907865089055993
0.013757982200367759
0.021043723585030573
0.01988746225044468
0.024839914580542806
0.030427221418868593
0.025584031107232334
0.02646622143616521
0.021232129762297484
0.024119019769963064
0.026249789716857815
0.02195359439287739
0.028937157912694123
0.02872878850445645
0.0273483580484011
0.028856042347177802
0.023376262743380897
0.019502519771683748
0.01646687488923366
0.018952209972280754
0.02639987748323174
0.018750502121596936
-1.0
-1.0
-1.0
-1.0
-1.0
-1.0
-1.0
-1.0
-1.0
-1.0
-1.0
-1.0
-1.0
-1.0
-1.0
-1.0
-1.0
-1.0
-1.0
0.023159861828422442
0.02581551713362761
0.023223824771695243
0.02559075435924417
0.024426361789458426
0.023516312071914038
0.02714834334283804
0.032010978996695146
0.02861766017487281
0.028113347674678133
0.022453205034401406
0.017691775265633314
-1.0
-1.0
-1.0
0.029201878776113997
0.025585094228705193
0.025542183894431025
0.027552133500415507
0.0295648789522663
0.02553267142556216
0.02067665710899774
0.02578641888929122
0.03189918087500226
0.02790514060346372
0.030188423359681485
0.023132213245035806
0.022866662865761868
0.019350144348563126
-1.0
-1.0
-1.0
-1.0
-1.0
-1.0
-1.0
-1.0
-1.0
-1.0
-1.0
-1.0
-1.0
-1.0
-1.0
-1.0
-1.0
-1.0
-1.0
0.02859843201338897
0.021854816522642498
0.026593782503533614
0.02538053309131
0.023112119466009926
0.02193717603056637
0.019988740795553857
0.02497820265530777
0.02173332964866991
0.021461821057338026
0.025827904954511847
0.02440281257443346
0.017259292163823867
0.01758679796783353
0.025319538935653026
0.015889909121392227
0.0111981681862411
0.010971319106338575
0.004444292380437542
0.00443310263057072
0.0029908563157059545
0.011328556461716982
0.0003152814557976769
0.0006321915196948339
-0.0057638589981915305
-0.0024642870282117688
-0.005498540223742367
-1.0
-1.0
-1.0
-0.012971638624829281
-0.02125061842134139
-0.022844545483955616
-0.030530124011740715
-0.029018999898824196
-0.02761661833359136
-0.031961813226089875
-0.03884739990422093
-0.030211940724957403
-0.027306582931318577
-0.033496048556572997
-0.02265447251564287
-1.0
-0.02109760230988286
-0.02522266755303741
-0.02342948417278529
-0.017633060277759034
-0.03089058777634832
-0.017336349188564113
-0.01583093055578253
-0.021830781246862527
-0.018172280951820368
-0.01862810969921313
-0.02168995646168699
-0.02084309205866714
-0.020907934302587777
-0.023674671074589967
-0.02651217726554841
-0.022476249397455513
-0.02224195292965137
-0.025225070040176944
-0.009582699026641148
0.0015916535723074952
-0.0014966198158659464
0.012848181331506982
0.008946580051863837
0.00772940894429027
0.0016458676159000435
0.0048680531195084645
-1.0
-1.0
-0.0017953049462041298
-0.005179824507417651
-0.004173875241105443
-1.0
-0.005684074759649265
-0.008336645943397097
-0.012417865771843466
-0.0048937649248646424
-0.008054662394539348
-0.0015102517109063182
-0.005795295664842775
-0.0009998045786515249
-1.0
0.003910920089921384
0.00697223327050379
0.006796923728942961
0.014936655571330996
0.009892945527601416
0.014055622101926409
0.017304717792538685
0.022215607665230817
0.019839823125682523
0.014476700282997657
-1.0
-1.0
-1.0
0.028188117165848993
0.025969449240836308
0.018229814451513778
0.024044383362878556
0.018373253175564812
0.014693296344680374
0.015482538133225896
0.016462189361228813
0.023090689302343512
0.021132391657454626
0.026396325815935227
-1.0
-1.0
0.019410564283041724
0.02747288873447013
0.026882551135799446
0.023339889857243553
0.026042540175682652
0.020373011992716808
0.024904270196914068
0.02174885876203818
0.021124543251950685
0.02089828418661363
0.021993049988032965
0.011452542195631741
0.01936476938891645
-1.0
-1.0
-1.0
0.0005275345025507463
0.0005529247390832882
-0.006870733240699535
-0.006076464604620083
0.004425193037516549
0.0007024814853685397
-0.0068555051698392135
0.0017467936239975435
-0.004313294448344816
-0.007777544994273359
0.005251724972257087
0.020342996466782424
0.018081604509812305
-1.0
-1.0
0.0136801968675948
0.005254364553060133
0.001489175063171764
-0.0020368193669324706
0.0075963193519413405
0.001924902934516452
-0.0050993682926285195
-0.02650153153107023
-1.0
-1.0
-0.022712619053745702
-0.018095855950197533
-0.011944396869684746
-0.014104195535043834
-0.0061028995775064526
-0.010120108720962251
-0.011802602403423684
-0.005410972968571839
0.0006774500571067224
-0.005755640155717841
-0.0036716734112946466
-0.007986903771017287
-0.00013490587236564464
-0.0005621072626158512
-0.007290342637837328
-0.007945346898140858
-0.01229255570910394
-0.007405644292428325
-0.012278090751850485
-0.029688124000528206
-0.034365879024377884
-0.03943355885160112
-0.03194545598137472
-0.04631690600310709
-0.04337231173305576
-0.041340422868052736
-0.04792808988698789
-0.05390558764332913
-0.04862063874800798
-0.04275426474877872
-0.05546525291561315
-0.047978970880277874
-0.05138428310531372
-0.04680959117037472
-0.05086668005123305
-0.04215148740547767
-0.05378332563909592
-0.04074155831890368
-0.035358177521926624
-0.036712496203586416
-0.03662000555353094
-0.03107503269022303
-0.011452955344438367
-0.004358369004584956
-0.0019764136745666805
0.004575548409595266
0.012568090967803947
0.015262706178247223
0.01630120330341847
0.017469122748506517
0.008263577086154602
0.01052252034040891
0.005068731114593078
0.009774683409848842
0.010798850750085163
0.0052689759468228905
0.00812402020000887
0.004276675741050582
0.010694093845298546
0.004944144789774671
-0.0022889688650257383
-0.007799437557716047
-0.004810065013788452
-0.006563174993401795
-0.007580298754539009
-0.003767583225110827
-0.0022032650508438775
-0.0006006269231171278
-0.00022970492687065413
-0.0005823719885024513
-0.0013049696543980438
0.001703126531340837
0.013985243272801548
0.01162191746879843
0.005873794698624827
0.010382654850237597
0.005138655843947348
0.007444217538246702
0.0069140861954446135
0.006417076161440441
0.005739930243346827
0.005828716881458436
0.0050691288437724955
0.01047903525515316
0.014135690766558047
0.012436855394208201
0.01624401423888518
0.015562806642081142
0.015042509780530705
0.007417185134251143
0.013324572209330456
0.009946082173497727
0.014122963452432514
0.00825492487332222
0.009367717772414677
0.012008331010392356
0.01167290227150499
0.012663442687850955
0.0068793646461374255
0.01048180853322481
0.004131794467974836
-1.0
0.01656293553991635
0.011456457865651077
0.016830900711748434
0.017490921567784146
0.012542914278797867
0.01641225531785334
0.007496552749937103
0.009878597532975467
0.006662860311894046
0.012009119913348595
0.011947899574436236
0.020832477489058705
0.018038154730012704
0.01650701444358762
0.008944111602555455
0.008230100524318306
0.014276912772410309
0.01657483912667072
0.008692717500125126
0.00783534157223475
0.014875910436868353
0.008359161070617212
0.011247760275011648
0.011200587165180277
0.0008746261263247534
0.001596646914215042
0.008585619800429007
0.0065887477887846746
0.008061077945053717
0.010175792822776825
0.010834810001061148
0.011705528195230894
0.009823882039641038
0.016941639495171513
0.01611281937356209
0.01417107504393481
0.01945041730665643
0.02491268872804726
0.02193067338727792
0.01598636942696124
0.02181090592279535
0.02287076573548462
0.020346693644810575
0.006338980622200341
0.012102880543748624
0.0173873691988021
0.021879166996139777
0.019580087350767928
0.021225595847663457
0.013119393017568941
0.014202581076146015
0.014010912482255208
0.015886703817520473
0.01218862219718277
0.01701710744432737
0.019225356844718187
0.026190705463257188
0.03675931699160942
0.031945717038517125
0.02838326079849598
0.02910578950041358
0.029585266018087007
-1.0
0.028510420536199524
0.022441461426967648
0.022314631560229115
0.02293963341796039
0.028297636223148286
0.030167241854957137
0.025876226824894683
0.03375548462664667
0.026851532845791535
0.03132555940890277
0.03337168361516312
0.028803362969708556
0.029719751750506486
0.030873668659334715
0.02858202713526022
0.03137932143142896
0.03444915067426298
0.028975130184346335
0.026411117131190265
0.033318469298324355
0.030664114577052055
0.0250766757105849
0.02592157701640195
0.034631594580614516
0.026664877366079257
0.024242433490402393
0.029471433401673634
0.03169334626297532
0.02862062413618946
0.0314842824058701
0.03501806310914157
0.03388047203094732
0.03448796495144731
0.031846419556321864
0.031883464994897075
0.0336377192750203
0.03288292445794744
0.029633644467852917
0.033444499470482385
0.03204229028437857
0.030010026278864767
0.02737815417159909
0.02463255245493197
0.027447071319847294
0.02910077602371583
0.03039861755952223
0.029816158256804264
0.024754613591742948
0.028210545843173864
0.029152770016425734
0.02587326677127993
0.02627811661104525
0.025462045322185163
0.026199793060132565
0.026341136292701194
0.020189144627531238
0.030571962654667408
0.019106412817740292
0.031566883669356685
0.024803852376208576
0.030891400176126533
0.028890728166415615
0.03062698865219387
0.019548568921798157
0.027137954065555785
0.026494397938899367
0.03340930564601778
0.027974997584230818
0.030073992901189135
0.03291149927459449
0.03333977794095972
0.02960222156214462
0.037787488340375125
0.027184884960005817
0.03079010288601987
0.03284320340610529
0.03462012115584836
0.015847350573384676
0.03399593495978589
0.02865461294692237
0.025915088287140165
0.0241732833188059
0.030592373702475126
0.024764894970490045
0.02251815489931196
0.024209653837990494
0.020824077628535324
0.02332320542786168
0.018554554353935993
0.023792183214067328
0.019667086865961362
0.02082485291989108
0.028196544708712273
0.018316349631808886
0.018796519029077773
0.01968217181803166
0.02425020766471677
0.01971018957911554
0.019454918125930903
0.017014961261225533
0.02103849281217027
0.009307068144771287
0.002629388074937434
0.009105380171767532
0.003944683257626852
0.008296037461373645
0.004480460976766041
-0.01159047949549642
-0.007465471628603557
-0.018979842021056095
-0.010811622579410412
-0.007442565412319967
-0.01002375502087839
-0.011517854478402142
-0.008070479875463072
-0.013316942083298904
-0.005377722759815542
-0.0043098389094792765
-0.0011836064911850594
-0.0016888917788078289
-0.0018126095832687982
-0.00023056589595395267
-3.586111183956481e-05
-0.000917366782732249
-0.0018666630526355413
0.0029262076232673294
-0.009124635249566353
-0.0005011432895279546
-0.00046304987746371534
-1.0
-1.0
0.004283146879769717
0.004780804286476462
-0.0025741934784356446
-0.0011515243124252035
0.0034593959470491315
-0.005979308937570603
-0.010588242347440463
-0.006397671955769022
-0.004242302441623534
-0.006495494544753682
-0.0015811900731999304
0.0015058378720308972
-0.014274185624305125
-0.01633174248047647
-0.015312639764828759
-0.02170615564927796
-0.017770729674373834
-0.023658321765973843
-0.027195001954681615
-0.024604949609163394
-0.025051076229988277
-0.03586274797213938
-0.044043057309560645
-0.04539907434199597
-0.04588193210606101
-0.03670693670606041
-0.0314155619993918
-0.03639896587963046
-0.03643104527551475
-0.03538529722674089
-0.04338100188976829
-0.04961028178191378
-0.05403994895697777
-0.05450793361809598
-0.05066353719794213
-0.04053268694893923
-0.04390626173794198
-0.04218439222618194
-0.04151467843684223
-0.046109671169555465
-0.03939401995141881
-0.03968280811014684
-0.0426509564659448
-0.03296715293687553
-0.035307339214526556
-0.035708941935537655
-0.03827825237353675
-0.039367651508524525
-0.0468946862777697
-0.0451180486430021
-0.06010233360330276
-0.05005612785090894
-0.05266038487250206
-0.05756296216347435
-0.05748006666833399
-0.056340912763919136
-0.06083555797654808
-0.055936842567193196
-0.0584007540012283
-0.06229666533782922
-0.06065198140270006
-0.05558726771454837
-0.059223124226806576
-0.05787104807806499
-0.053799800019865014
-0.053279722252053394
-0.058518346796482296
-0.05440871896793565
-0.05423930543198351
-0.05567920171094776
-0.05719289766004504
-0.05880671991044723
-0.0494088681564436
-0.051415521013135644
-0.04878334796008145
-0.05532354090630701
-0.0574981609500223
-0.05996298135911412
-0.057638713792693884
-0.056171997821130755
-0.05776241484772431
-0.05112090886196693
-0.06326173906178757
-0.04962101385579124
-0.05492773759769174
-0.05427481699727492
-0.05556799264919742
-0.05556476787579493
-0.05244143790565316
-0.06431403256716672
-0.06365044543611226
-0.06093070101906101
-0.06043107319944791
-0.05430324253853505
-0.04846303753020095
-0.04626339917574761
-0.057761162560315944
-0.04992241166380951
-0.049362508739462595
-0.04740253643055089
-0.0416577200898626
-0.03384157948348062
-0.015402253861743466
0.0003557466484252061
0.007339712338035457
0.012091219537221653
0.01789725605987373
0.016832285981488875
0.016293673366760554
0.021817577203597324
0.014770666298535358
0.01903035650972098
0.018642623761249498
0.022334423440069317
0.018220685818605215
0.013121503223846576
0.026716814451915344
0.02199833252916653
0.011919928637132662
0.017078626289118035
0.016495470529527833
0.021111663359297095
0.025758828198916756
0.02948455812789844
0.023538611076584944
0.018837377960137014
0.02232395982578117
0.023319658118615923
0.025575000855203412
0.01658967166653731
0.02189568253464687
0.02081836148530928
0.0215699503212397
0.01909207420286991
0.019915434818750414
0.019934204654081574
0.02012695615533957
0.019321829390511122
0.024260403841701306
0.021416850133870676
0.02496715610656574
0.031290318657750775
0.02540728327006391
0.03169563687641536
0.026478268951603857
0.031227187908877487
0.03190428738968607
0.025574116182865377
0.02731981769049522
0.02794605650462667
0.027510451313266373
0.028093169666779445
0.03345728819160055
0.02978132864145604
0.026882868040242147
0.025150308149684098
0.02100136583557994
0.02046112582429902
0.0207505693454326
0.017134654287698618
0.021069827739615216
0.018761035460632267
0.02919267330373389
0.015058873803002462
0.022923191019199145
0.0185956231265155
0.01818328455672918
0.019205460036151666
0.02000301865982749
0.01965645455054776
0.018802185149075883
0.020680675180191954
0.026547680966572344
0.021747277780351244
0.0275498811999393
0.026586418784932585
0.022283526969958754
0.03044077603757007
0.02708020966224468
0.033838067467277036
0.028014634877552593
0.03313707119165442
0.02518604665366749
0.03261054333054843
0.03280507291024189
0.02598012534364233
0.02496380326171902
0.029267050021951898
0.02933276393069111
0.03257727001114012
0.031611910205116826
0.03462179186533724
0.03205763346591484
0.029080946023510735
0.03371673757637039
0.02621297381248032
0.036631459198660746
0.02815095766465226
0.03592263715109784
0.029805635312722546
0.03351584062166682
0.029591661989850113
0.036116025774407486
0.030916160626424632
0.03197790316664761
0.03051339984330636
0.031022431201458155
0.02831009730929181
0.03443093236835023
0.030752419809404595
0.03049036264510553
0.028447770948789294
0.030531485420277813
0.031448904319086035
0.028388504674284016
0.02517299820379141
0.03102073986147278
0.02801778214452411
0.030015065049205314
0.02604488678687917
0.03367324309074618
0.029506460819645124
0.03344222438011952
0.025206207527180936
0.030797405927626115
0.018873058570701665
-1.0
-1.0
0.017504075117254526
0.031804405826406104
0.026225397531894533
0.03314979921371807
0.02673559999312481
0.024807581048894724
0.022519700725348837
0.02340250037132523
0.022529043512451993
0.031067141100228488
0.028891305780730646
0.02528433117545026
0.036022411416812644
0.03269320168863828
0.030039710539644857
0.026590074555639918
0.023648689570131724
0.023581902684126667
0.023435227902048123
0.021387271199127107
0.024195096896417266
0.025041808455404817
0.02146371283023843
0.023514001080664093
0.019144392065561195
0.015652408114892824
0.02258690459320886
0.030083966277507614
0.02986752151114643
0.026634146120829684
0.02478840216106436
0.021724979868054623
0.02920723142084268
0.032039388553629346
0.027102063309528968
0.02506962406404706
0.02803159638006703
0.02074629753259148
0.0246988464575192
0.025971203043842983
0.024753443946922006
0.01945536991657287
0.028154679724622628
0.02851652915837269
0.028595596763188885
0.02121232766403041
0.0153911586818262
0.010006699090577451
0.013277168709973716
0.01832688471615372
0.012917857544038215
0.014118480014231534
0.016456484182579417
0.010305874937926682
0.006633034524584369
0.014187142938706985
0.014299024087288914
0.013715211403767474
0.013600541010793235
0.004964037741448768
0.019856524258196565
0.01729030374166185
0.016420800363432145
0.03154730506078318
0.020882861376148285
0.01854459546760585
0.02074553122105721
0.02181434423250825
0.02043950674822876
0.01178061331258948
0.015456985026309237
0.02577265022227019
0.025458731791933826
0.021961715023088864
0.029078921529719904
0.023976100393273928
0.02715261993961476
0.020607923966329458
0.026881986207210235
0.028545338357128632
0.02778792036971369
0.02242155028315926
0.02741282168710709
0.026882195448124938
0.02929569952135873
0.02374405685929611
0.028843536177748305
0.026030654107901573
0.026728573874733298
0.026109662682525778
0.02883720860971325
0.027234997828353688
0.027867456656865738
0.016932357642334986
0.024146398916802817
0.026988913817990574
0.02689657042528045
0.027383771390755866
0.026895773652799347
0.02963203099496225
0.030464655274361586
0.02941578270611841
0.018694034228713716
0.02683545006378879
0.01826204597925866
0.021283248671347985
0.025565850642016826
0.0269747147746245
0.03533692487938147
0.024062024511776112
0.028441213822545667
0.02581591350238734
0.03111886961008855
0.033240817296219194
0.030639455208544213
0.029628313785030284
0.029197822669591283
0.02942621640067879
0.02979957704177193
0.02952687258598904
0.028617390680316376
0.030109882720650225
0.03223205358506262
0.03428081057520162
0.03784181004551284
0.03662823153686715
0.03301453793026336
0.028346823418672916
0.03159985510691716
0.032909012688837565
0.028462815164686763
0.02822705485472291
0.02991236175423864
0.028859862189207174
0.030794931339809213
0.02469504895462577
0.027758939871022906
0.03638212595799347
0.025340791663431436
0.03498931551419369
-1.0
0.028495479143367895
0.018818219731451997
0.03315182334846428
0.024371012543881368
0.026084184268369573
0.024516348025674834
0.025929545988302022
0.02271138791766675
0.019072456163746993
0.025837582649626396
0.021854099838849873
0.030102431864507808
0.022524123358241322
0.024197460505458106
0.025856368688253837
0.027405949465786315
0.022708509851154038
0.027554279627566704
0.022691483423929185
0.02542968268481305
0.027878560580916017
0.02527890830897792
-1.0
-1.0
0.021772170399826065
-1.0
0.026663705416428783
0.036327577698970576
0.023211633927509873
0.025814476910758742
0.02176609515140236
0.01802311139948754
0.020776217569256596
0.02442305763457625
0.017843575315533985
0.026234586842754797
0.025366285915721144
0.02272619114015253
0.020688106808322004
0.02150541284137088
0.025356812305469104
0.027630142212621615
0.029229107649118083
0.02488051077573038
0.021649670208287657
0.023094692910749896
0.025687304110151143
0.020988256658990366
0.018529825792247892
0.015496680878189461
0.005877882958508744
0.004318514791750541
-0.0012759840851358378
-0.008128647761188537
-0.009042472677893038
-0.013098967575427709
-0.009944612573575665
-0.010426930424604703
-0.0030686339690822926
-0.012750897549111172
-0.013665561696857167
-0.012604488400205954
-0.011069571508157561
-0.011907153289182865
-0.009956329629414572
-0.023057347363575512
-0.009973137285840124
-0.014253531173415714
-0.015273474732615257
-0.02324914318238519
-0.012554995635464973
-0.01643338345487431
-0.013524310929028276
-0.010282747147623814
-0.00031937131855899205
0.0009825498094949987
-0.012650659984516316
-0.004221431558071274
0.004288675088310395
0.007086608991588604
0.006152718858194824
0.0021686629957603752
0.006701615230053591
0.0015739233568207258
0.009547880236242614
0.006835944760512077
0.0006867855310569606
-0.00028713613911539673
-0.003188490662944665
-0.010072801355401326
-0.00466579961655167
-0.000429516232351118
-0.004438111572385333
-0.0030267004400347896
0.002905789725031615
0.008032191462898011
0.004196135015603905
-0.00018086176072140022
0.008415616196887713
-0.0003457568574229489
0.0022953415404650705
-0.0019120871585118634
0.001915358161905131
0.0010171144259369907
0.011484194145768156
0.006859560649665128
-0.002279806684922161
-0.0014269222964274346
-0.003103846388286946
0.008876169926236563
0.013995314241737687
0.009647901415401356
0.011014571580676804
0.011893933733060759
0.008253387622356672
0.005075436987829736
-0.002630743343968517
0.0014700584180612226
0.0008363185196182797
-0.013845104645291881
-0.009302659887342092
-0.002615882893497238
-0.003902275533093158
-0.009743014064570876
-0.007300471296208553
-0.0009935805356441898
0.008496315298829068
0.0009530159596221343
0.012276505900365596
0.01581050679954165
0.023414424201507394
0.019092438576304337
0.020851441527963453
0.021964991315916903
0.023747903447415026
0.018309140357571172
0.018093241110405774
0.008923890221202376
0.012272703792691818
0.016121447686719113
0.014524352504437201
0.013184505349636767
0.019829403525821465
0.015702610825368165
0.01764061751719339
0.01991600340216893
0.01721434817766556
0.0166345603595719
0.01830362148864574
0.020989474052287658
0.016834801459917108
0.019790546565660386
0.01663055046465289
0.017665749281024417
0.009832614830237004
0.014002343432961889
0.009719095105562427
0.016873464126622523
0.009152053206575946
0.019286514785047438
0.012333145059552374
0.017784578096441586
0.0170953963457231
0.026709848653558854
0.021445964774528117
0.02184702689384525
0.021979767429593986
0.011428867446380038
0.015906590198661735
0.01746798933397069
0.013651582117529874
0.014357124478895037
0.010031430339774721
0.013434855310529055
0.01840596429802741
0.017526602360896787
0.01840259832295737
0.01259392460064515
0.019319733638214803
0.010996529547966153
0.014836213595803548
0.013386829878598473
0.018801301528306575
0.022439959511445118
0.013735097045707497
0.0070057576979309704
0.004729497836712444
-0.002361064869395934
-0.0026729522348953676
0.001901557398605532
0.0007535709352125081
0.0013601625607905818
-0.006291799215013434
-0.004856398945651782
-0.012022032186262842
-0.01630651796200792
-0.02867904129313875
-0.027287375278246536
-0.020398270804360547
-0.02858346531549201
-0.01575951144145863
-0.022351066216598475
-0.02797150973824475
-0.018600549551381195
-0.02246304458237133
-0.033211742470227
-0.02831340852446767
-0.030327942934137198
-0.04474062833632153
-0.043262631281395285
-0.057246341202591776
-0.06106452835652872
-0.06587136984220339
-0.06546340143632041
-0.05278834961495155
-0.059416657269960496
-0.05859836847462147
-0.06593201918901624
-0.0612297979302812
-0.05566677542865721
-0.06478633450166846
-0.06740427685414968
-0.059710635703094164
-0.06382612227589439
-0.06129723727176339
-0.06347588934211656
-0.05273673321093078
-0.046747390648645554
-0.04087885645037831
-0.045672993229266684
-0.033636336346892046
-0.037003758634479696
-0.03848335054333727
-0.037382684659935994
-0.03798655248403538
-0.04392198590134422
-0.04874456543484747
-0.045326794005714155
-0.049453124825564944
-0.05050809066318416
-0.0558815166032458
-0.048245981141566634
-0.05064224848262783
-0.05633643980983777
-0.061366521586780715
-0.05753530746357234
-0.0493156571361806
-0.0589652533704629
-0.05886410513903104
-0.05081937753500231
-0.05079416827183364
-0.05715085090378104
-0.04469082700582706
-0.05425350201509667
-0.04702960723874515
-0.054526365537867404
-0.05434944424176685
-0.04772019846607662
-0.062243233320535045
-0.06087515785137871
-0.05631599547381593
-0.05227992107917486
-0.05555086383675065
-0.05335793553293617
-0.05734174308447259
-0.05285882691331729
-0.054867201343903486
-0.054428492727177556
-0.05145899146352136
-0.052426865371962825
-0.05072788079325951
-0.053481362369969455
-0.048649282727559306
-0.05131545046566894
-0.044624991476586134
-0.04544382753878205
-0.04622452268116627
-0.05023296542729675
-0.04252245433306338
-0.042399012000510654
-0.05002833299266121
-0.05199897328115451
-0.04291480671583417
-0.047842249372270315
-0.04376350705558976
-0.043857649588716185
-0.049605346523390825
-0.04909893517110772
-0.04353103787155003
-0.04660068832355742
-0.05282312812681568
-0.04723444197419801
-0.055463039102535854
-0.05031845254782754
-0.0619175187828683
-0.05671425658660632
-0.063459391709704
-0.0533517195832491
-0.053765348570218016
-0.05927094351481157
-0.05193082109760921
-0.0541028952929724
-0.05669222976842239
-0.05819977202543636
-0.06280797828688162
-0.061629764887401225
-0.0668292266741366
-0.056346249064534074
-0.06268354781648167
-0.06358511073154355
-0.0623544936387853
-0.05676962147240089
-0.04577243193595727
-0.025607016943487774
-0.008532814920578809
-0.004704102869022049
-0.010305128352856102
-0.009951041406497316
1.710201492009226e-05
-0.008875885409963731
-0.0030521003255743694
-1.0
-1.0
-1.0
-0.013297806406765542
-0.013177046463303855
-0.013149318383879496
-0.010551420548932445
0.0006983842543762262
0.0012998225543918672
0.006699465647844356
0.010589139656590807
0.010922372501693707
-1.0
0.0198856018411412
0.02206151394380475
0.022043235819477536
0.018287404606885427
-1.0
0.02534663994725328
0.018700125576793163
0.025356306113153287
0.022450810550309237
0.0171437891986213
0.017272878696015976
0.026005667362709636
0.028580035758944477
0.019472901325799173
0.01521425738829614
0.02072626868033193
0.012069384333071437
0.019490898882166898
0.025841697796296297
0.02089974625763314
-1.0
-1.0
-1.0
-1.0
-1.0
-1.0
-1.0
-1.0
