-1.0
-0.015771600262703488
-1.0
0.0030012509673763726
-0.01604631258896039
0.00414548792848364
-0.025862455603178375
-0.025779914578666643
-0.022704162722844812
-0.025926499325883267
-1.0
-1.0
-1.0
-0.026978358510632596
-0.02455956222729132
-0.008149697808715599
0.02126733375246661
0.021227096862848318
0.008134067836301986
-0.01941888811509006
-0.023087467874867512
-0.02665619290611613
-1.0
-0.02453224248683917
-0.016149862601796173
-0.02531709872944362
-0.019355807387356337
-0.021289271950040736
-0.026106675958480107
-0.02860391838029778
-0.02464231265056191
-0.02729097793977138
-0.025618025431955502
-0.02684946787899924
-0.02723434074670713
-0.027318805599976296
-0.02767497298258346
-0.027565425711946378
-1.0
-0.027144734843979636
-0.02536327117851086
-0.02753458855338331
-0.0276575197717625
-0.027695783165931492
-0.028473607478257657
-0.027342365734913235
-0.026145061151221224
-0.024958405226574033
-0.02690813734540889
-0.02664414663872004
-0.028319085111387057
-0.027317743226448494
-0.028544586310344518
-0.027994179756017236
-0.02787875080080069
-0.02790910742916137
-0.027168902457562167
-0.025120767418116658
-0.028172390293756983
-0.02595060288025013
-0.02588916927654008
-0.0033700096770485264
0.019271369790181528
0.026782914093816498
0.020403710069861778
0.005479544841681127
-0.0156321119840716
-1.0
-1.0
-1.0
-1.0
-1.0
-1.0
-1.0
-1.0
-1.0
-1.0
-1.0
-1.0
-1.0
-1.0
0.03861273993609589
0.03707021221242232
0.03944129779121116
0.03339220266119071
0.03546539200370637
0.03883605442361689
0.02894320855006754
0.015132075870425782
-0.006536029556536151
-0.015515861744786565
-0.015805539129304828
-0.015553808882289582
0.015577486666059811
0.00858572622644679
-0.0015997626583405587
-0.013370085676913722
-0.01715673699600959
0.007459493844617904
0.0005455422438743896
-0.003540602296556846
-0.011614790266679567
-0.019021753595260475
-0.010866268837904145
-0.011638891409738039
0.0008314289518097391
-0.009797585757909498
-0.013185259362824395
-0.014569029581675318
-0.0066507250212041675
0.00016563016483228129
0.0027704229709771626
0.02340764222543305
-0.00045198452903246665
0.0005382093128925642
0.027500390715561217
0.02746655739358819
-0.0031491074750309013
-1.0
-1.0
-1.0
-1.0
-1.0
-1.0
-1.0
-0.00010723530499532798
-0.004657333109073725
0.00905015690652505
-1.0
0.040171471394597875
0.03725643353612001
0.034835110205501
0.03863296631542328
0.03046924727098561
-0.003285089566522145
-0.02102594006426329
-0.023629652839217516
-0.022686347175590194
-0.026953660358818812
-0.025954655847849794
-0.018948172981574123
-0.02337041784238577
-0.019235924393285673
-0.01908324126738987
-0.011775153131630472
-0.009286011378810102
-0.02101240789145871
-0.02494579182559452
-0.023576132541504615
-0.018324725534665645
-0.013361936385741359
0.0042113607845683815
0.0042022301278215836
0.008894792090729084
0.014310463905633074
0.007996813573831049
-0.004521609540205454
-0.0043167331740264795
0.0026903355548183825
0.00942180817116579
0.017906934862053834
0.016190241981356306
0.008840170844200098
0.013309944461145458
0.012089237044768381
0.020738431725133302
0.007972019651663605
0.022273479305491197
0.03772535430172902
0.03687812429472642
0.03686199140640619
0.03665377277568844
0.03554914311867484
0.03807927165332482
0.03568547622928168
0.017672475238065137
0.02415343805220109
0.030888372837449957
0.023145356179007124
0.008515814773861935
0.001320890636804946
0.005346087283481098
0.006425619708017945
0.02203626795811009
0.021543586346412413
0.028356460312055146
-1.0
-1.0
0.03941453984767852
0.040988205702277965
-1.0
-1.0
-1.0
-1.0
-1.0
0.02640941753149372
-0.002567577303005392
-0.010919603731296601
-0.0010105738941453184
0.008251023160829112
0.016680429432416908
-1.0
-0.015522777050524558
-0.019083514180221178
-0.023722719479992743
-0.021478090449933557
-0.01972942689608233
-0.019231487795422858
-0.018253293364263817
-0.021361048583823636
-0.021465805107575144
-0.020662216401075052
-0.01930771991791441
-0.01721087783402697
-0.012001557916933392
-0.006662259233418868
0.01150848587158142
0.03228334532202078
0.03804519644675579
-1.0
0.03797492205492559
0.03760163904462361
0.03871034628607119
0.03875718918847353
-1.0
0.03537117497715869
-1.0
0.03775858088627143
0.03934887276644506
0.03765113321506635
-1.0
0.04033436385945871
-1.0
0.02051098273943991
0.02611941016574299
0.021983699811126765
0.009390349403634151
-0.006693687370803198
-0.01677345748318667
0.00378680662290257
-0.016890389071846507
-0.017615958011504097
-0.018498150992649714
-0.015739026943361562
-0.003957415423396109
-0.01715917395318536
-0.012996489014022792
-0.007239894419021462
-0.012130541165436068
0.02167394672220115
0.02509337939975172
0.02434985884420732
0.017635165561680582
-0.017093129423535407
-0.022780722443925244
-0.025598887821273727
-0.019305780848149143
-0.0170593000079607
-0.005485271860691557
-0.0012085270580324224
0.0179643212213509
0.026458041208113944
0.009380659088249617
-1.0
-0.006785589103642033
-0.024286553677817423
-0.024511075183442897
-0.025987176918718352
-0.02325126609088977
-0.007719055747519653
0.014035788933939268
0.0010471098226532327
-0.0003000544045601664
-1.0
-1.0
0.02821885111730043
0.007170207984490112
0.0021787352325204636
0.018308106783203493
0.009545958846843918
0.00401731294084568
0.03041506189362025
0.005936180233099316
0.008696844603519977
0.018990644108023078
0.03353380997883252
0.03668422664518217
0.03704789503442162
0.03570018753050727
0.038527805526599734
0.031113540906090916
0.026554888835191075
0.02677609465341388
0.025917531968358786
-1.0
0.024045548278256033
0.020230783596221928
-1.0
0.040667583644530325
0.037540555747917134
0.04075939503843094
0.03938482544240597
0.03842081317703975
0.041165933446470446
0.03979182886197544
0.03490517073571417
-0.0030465033297186264
-0.004495792709840123
0.015288223300012883
-0.0014829351412969684
-0.023208617302260863
-0.02904153313915429
-0.027963789216559315
-0.028246721011994512
-0.027403215196412502
-0.027151297505528808
-0.026943870345353945
-0.023309834299563636
-0.021510557192202337
-0.0036876222512705554
0.014520632799947844
-0.0005804096812693078
-0.0056107502836601954
0.014059120822856257
0.025871270420773106
0.01434401865290996
0.013090571879166535
-0.0021838827594565847
-1.779277666256524e-05
-0.003861725793999687
-0.00905203384892842
-0.0008958783162945617
0.016152552016837123
-0.005485579738181269
-0.02339152169230949
-0.02734010691363113
-0.025857758562762696
-0.027500228365905648
-0.026852477899486145
-0.027668690169727343
-0.027711103929982852
-0.027619122340441227
-0.026526422186948936
-0.02619722409357167
-0.02729699012749129
-0.026197172713864285
-0.028380740504069326
-0.0276072779060684
-0.02789294826316877
-0.02663209453354772
-0.027617514533442578
-0.027443972261086153
-0.024923289070462845
-0.02859884280866727
-0.028150286987356627
-0.03024450497189628
-0.027676345492997436
-0.027786771219261285
-0.02789884254883923
-0.027495347155879243
-0.0290107401570153
-0.02838279702814423
-0.027467878666660586
-0.02870776360609429
-0.028620386955322683
-0.01665830502845666
-1.0
0.01635260534402506
0.024346391006068852
-1.0
-1.0
-1.0
0.02622738359500824
-1.0
-1.0
-1.0
0.04072272437177747
0.03690438080254402
0.04052863603592846
0.0404945179869933
0.04030177406967336
0.03857810420701685
0.03971529412261193
0.038654338592109615
-1.0
-1.0
-1.0
0.04115305820931113
0.029376006114883987
-0.00037504918183430843
-0.01092789799857266
-0.019468436006080798
-0.021484152535388205
-0.025274593895700234
-0.024922261083624365
-0.021065118617589078
-0.008459530558914626
0.0006377931872317852
0.028604591588600046
0.030360885430463707
0.012753334619447233
0.021971279732796414
0.02726129237053406
0.018629040322024552
0.01736702040037777
0.015258279219838989
0.012454518254956696
0.008938349018327634
0.015097362746988639
-1.0
0.027756884796876463
0.00890159411154513
0.025716865877737166
0.035896133827680025
0.03302985818001591
-1.0
0.03045045188796365
0.037154621738490934
0.03177849568580177
-1.0
0.03907584174601149
0.03855329587051149
0.03900716339622534
0.034294152899050655
0.03485053438975756
0.03456325273607233
0.03838470806010431
0.03204036333240771
0.01594618228483506
-0.002194507083008601
-1.0
-0.029325431333147276
-0.02969514782869582
-1.0
-1.0
-1.0
-1.0
-1.0
-1.0
-1.0
-1.0
-1.0
-1.0
-1.0
-1.0
-1.0
-1.0
-1.0
-1.0
-1.0
-1.0
-1.0
-1.0
-1.0
-1.0
-1.0
-1.0
-1.0
-1.0
-1.0
-1.0
-1.0
-1.0
-1.0
-1.0
-1.0
-1.0
-1.0
-1.0
-1.0
-1.0
-1.0
-1.0
-1.0
-0.03984634598057201
-1.0
-0.038579806471111415
-0.039833532964907374
-0.03978768700939373
-0.03614568650838926
-0.017084847214778126
0.016885934370371582
0.016094305735710943
0.02038580624624347
0.02649053339890693
0.01508206311874047
0.02471227724854927
0.02592948183724319
0.024091504724236434
0.01110135613120238
0.009536945667048559
-1.0
0.03183774830939186
0.0331820948136068
-1.0
0.027968266643099066
0.03131049556209367
0.011118101432256956
-0.03079195682687022
-0.03254417675981959
-0.03221283040141196
-0.03032658527554607
-0.03474217473266062
-0.03461802810143339
-0.0330500670494822
-0.03245105965240324
-0.019394304558736242
-0.015838647192481212
0.0015037218828016818
0.01195346551122277
-0.004481611923488057
-0.01651855600974007
-0.0179713909398646
-0.026731393349881304
-0.016462836852079263
-0.02685822086083053
-0.028698142379122632
-0.027607204824687783
-0.02504298294079787
-0.022874760473207238
-0.030639283143485515
-0.03243849901167986
-0.027554466333076857
-0.02616706015337987
-0.03365249756473253
-0.032386896930926105
-0.0069617132163427116
-0.007611810167055075
-0.023269020677052395
-0.010558131825881705
-0.02650063107038158
-0.02851800543522166
-0.030542495287886166
-0.0021054277309815366
0.015897701906349364
-0.005184363024465023
-0.03719663936846438
-0.03146662363326279
-0.03967738472827949
-0.040558971172125605
-0.04110584669560065
-0.03873004740404033
-0.03522609793150393
-0.025446971830849804
-0.026200408809415245
-0.012334413774825952
0.007391991133559155
0.029459700572796423
0.01621538713131029
0.0021505235252339498
-0.030671417168144453
-0.032368295609296174
-0.030230990252149967
-0.03737292457388482
-0.04007730588521384
-0.04043517819404087
-0.04133462921325986
-0.0409818140281284
-0.03971738341407348
-0.03999521491962635
-0.04138123332319394
-0.041159015697846885
-0.03977396508772514
-0.041702864869260343
-0.0394148426118238
-0.016633718687081453
0.004477851548655854
-0.0037898439020156026
-0.012489748732984932
-0.019967619410814402
-0.012100581844348214
-0.039273278033812815
-0.036033876756743854
-0.02807368237979685
-0.02328540789704316
-0.009459985184124244
-0.013839870343092798
-0.004870819415607693
-0.024342612576194342
-0.03406130612769789
-0.03619571555495034
-0.036097484981358306
-0.03167584714901327
-0.03191918289987689
-0.035641630826985675
-0.029971988368721652
-0.0296014295115807
-0.02772813069511258
-0.00940173391813637
-0.008814321500140089
-0.02113552710943371
-0.030051485891504578
-0.01983051188387998
0.0024627917216969095
0.019314848533786823
-0.0013139749864656766
0.030249559192986986
0.01760987913563574
0.0070711764497630464
-0.0054031838287441555
-0.02061776054428413
-0.0239830212328019
-0.02748666953321189
-0.01625747048461293
0.008662843624198033
-0.007834484738791784
-0.026067940544393892
-0.018730762248365788
-0.028639390466935852
-0.027970806236885828
-0.030265689343348348
-0.03288830746399867
-0.02250685286894069
0.01575790495347069
0.006600134256927976
-0.01888031576840153
-0.024536958693419653
-0.01724765168452912
-0.023915317844370575
-0.029322354605282937
-0.03936793864132287
-0.038409871217583845
-0.028242954117903864
0.015252564303853628
0.040237005601374914
0.03454357574335055
-0.01857011710658249
-0.02919385273611628
-0.02844576691617355
-0.031078443606899802
-0.03204702420301941
-0.03388519961687527
-0.03635820611436513
-0.036679277596291304
-0.039907422337750284
-0.043824001034339886
-0.04168773626562552
-0.038009859098254356
-0.02266778784901118
-0.007370798525210495
-0.003586510172928801
-0.03981776778566337
-0.04320612052937938
-0.04268439692722968
-0.04287019825579839
-0.042027975369482815
-0.041301216611059934
-0.04122033844546495
-0.04143335338614424
-0.04197101494107868
-0.04127935192834202
-0.04176673057921429
-0.04337133674366096
-0.04177111701097498
-0.040626863652518636
-0.041221715203625144
-0.042663899619021436
-0.04161762415747225
-0.04187173445472759
-0.04286634464654553
-0.04219813126807119
-0.04358087489679819
-0.03927244234681068
-0.03458993513671811
0.004295140818844791
0.010232291136196236
-0.0034575995864302178
-0.028488598292853367
-0.011969170295468942
0.018194808154331794
-0.024507522638696384
-0.02361478331854938
0.02582651045772053
0.044149408831171126
0.037754211135384526
0.022729879813280316
0.010629635358993915
0.005737925773329104
0.021140959182491585
0.03313495760980396
0.027988379497692995
0.004882880050157431
-0.027684696206338823
-0.02669358218140728
-0.02810553178785529
-0.01616982524726926
-0.035877650357174946
-0.037399554431604545
-0.03843519101123136
-0.03736652344339186
-0.03696515160465394
-0.03728924015952278
-0.03159572154632217
-0.015737892912257107
0.010080321331233042
0.01947702204125768
0.013142980564330338
0.01573114373248107
0.017905914658278312
0.006383513706149754
-0.0003383811642916184
-0.0009839156464419613
0.004392404682405385
0.00561474011391575
-0.010992150473766178
-0.03588642821935028
-0.034786683490385426
-0.03255427108750517
-0.02798665035490845
0.010015392024703546
0.030203476948843733
0.013857623834878294
-0.008868435679418075
-0.00029213909177376504
0.00876929370567077
-0.036972481667309674
-0.04254890173526169
-0.04282205077746548
-0.04062027719158757
-0.041805653418055304
-0.042753890180044454
-0.04089244839547315
-0.040180643370378924
-0.03766470879430043
-0.03689634348188157
-0.036876316812695036
0.01888920155746844
0.02148377338412989
0.017516677638375396
0.004851489564138635
-0.03616240157042457
-0.03907111021084322
-0.04373533702089518
-0.041404265533825306
-0.043346322613114385
-0.04160880640980264
-0.03698010188165333
-0.034904082602176874
-0.022624815580116392
-0.03457287299953146
-0.026178451389403147
-1.0
0.0261829636248378
0.022573185820609472
0.014315268222708196
-0.00041430048640036507
0.016713087121417523
0.012201798261741705
-0.013156849238836954
-0.035524722490400826
-0.03596125763775719
-0.03167232000992019
-0.03844010787689933
-0.040388350615619524
-0.03651154366949727
-0.029066080961245248
-0.03198194654787416
-0.03926876397255089
-0.03791101208226562
-0.04370062406384921
-0.0423354808226732
-0.04151987632447727
-0.03966869648749871
-0.03776339416489625
-0.02553917342878293
0.005386155637823661
-0.0004397170686007961
-0.018715426753574033
-0.02324004085912873
-0.02338413556441617
-0.0219146522166072
-0.013265216903800442
0.009213942504207914
0.0005470037662870595
0.010752607017159061
0.028415216187802864
0.01364905124166359
-0.0034217150322343143
-0.013934511548118086
-0.02030865073442094
-0.03443491274298017
-0.033416573024749006
-0.036225152552554665
-0.04041923579225421
-0.041127974498058724
-0.040967443746237536
-0.04129764975735386
-1.0
-0.04156790096197474
-0.042162692530203875
-0.0412581645614373
-0.04391074318160999
-0.04261042046857621
-0.006670135111112013
-0.021204862914166452
-0.026180533496407747
-0.03473458585083698
-0.035723164127086766
-0.028030926811009382
-0.03507886085664798
-0.03466766150377232
-0.007528374987357871
-0.030872743781322518
-0.03837589092214916
-0.032181409027869236
-0.0023707154040959358
0.03143114740409659
0.02982783166449196
-0.0066424224709511785
-0.029038882359616366
-0.030000510224285466
-0.03438649614592482
-0.024415560603873815
-0.007582175157526461
-0.02248177457535975
-0.02773744292391322
-0.02896719230588506
-0.021700854632279314
0.026196814672873193
0.012014082630060255
-0.007220992005205777
-0.02288070870898544
-0.02901670879615588
-0.026771188749713588
-0.017500361327289413
-0.015918243866046212
-0.018402087987872323
-0.041357908633763235
-0.042021892322772175
-0.04082162603068301
-0.032428253608530806
-0.03799943917195584
-0.03980185396204928
-0.03535409121463568
-0.03281682609959384
-0.0353355891267782
-0.03711834570676999
-0.03965024363387638
-0.040296570060036334
-0.03804420071955428
-0.03907509406949468
-0.040488597834275886
-0.04035205039702946
-0.0411784761875775
-0.04138995666783669
-0.040896434354290453
-0.03989152457094302
-0.040902806742676136
-0.04102747252420715
-0.04108122457388445
-0.040523875185290395
-0.04149156744674957
-1.0
-0.041503993901483405
-0.0343106766460993
-0.04207200599672999
-0.0422672381033373
-0.04239127624960748
-0.03609055394608155
-0.016895545778356294
-0.009651885680549189
-0.038386820928160176
-0.039181912721627264
-0.04022586632642521
-1.0
-1.0
-1.0
-1.0
-0.040364169263358105
-0.037715342138866875
-0.03242915547026091
-0.039950305964802445
-0.014748723918296035
0.002797514170430672
-0.0022762267626532788
-0.03645853783873853
-0.03099360130064576
-0.039440563029663894
-0.04059777298533769
-0.04143560673193371
-0.04095621510748243
-0.040299127993255454
-1.0
-1.0
-0.037769849546643024
-0.03454591218894148
-0.03391422709349155
-0.026264964924126655
-0.023657100732412045
-0.01880210551981559
0.002314481832315167
0.006534127576955808
-0.01801903444525567
-0.03619181731589017
-0.03646759081067716
-0.03877414771482338
-0.03902516567310469
-0.03602666314205801
-0.0316246243965514
-0.03417627798834645
-0.03168854574980949
-0.020711669880901864
-0.013581088982158328
-0.01260793536991782
-0.005381401289396966
-0.017199692073279902
0.020745570590528263
0.03045268359141488
0.02926668937315046
-0.011041857452228004
-0.03500196150501916
-0.036656957228450984
-0.03882462808915494
-0.0364964150553058
-0.02824374911732462
-0.0029830644450350823
-0.02356206135769568
-0.031006608800332822
-0.01998701037527673
0.011971730443843661
-0.018718437951587074
-0.028462648024140235
-0.028771294901701532
-0.028570429394756083
-0.03233566022170476
-0.032035150217356395
-0.032974829410507125
-0.02771246270562701
-0.011686771814648403
0.01907796326946008
0.005240580085756123
-0.02083782399357681
-0.024084088296106195
-0.02318722351871344
-0.004209776193704127
-0.01662995532721822
-0.02024410793459306
-0.017117157820752148
-0.006969290249019802
-0.01666545847922794
-0.014097163997291419
-0.026015680613633848
-0.018773049476926453
-0.0121333677658359
-0.008061021176672185
0.0007237190070792247
0.036246609670269804
0.03704859153552331
0.037841204363775485
0.0420799251498195
0.040574020845350674
0.04259851272760608
0.03745962467814768
0.04029002989206233
0.03220364927243723
0.007553410142869604
0.02175307029803781
0.03318629841338479
0.03275464167364413
0.025489110960710715
0.025501342885745463
0.015707230218167945
-0.013865694147191054
-0.009360338409783708
-0.008397623932376525
-0.005760612606781264
-0.00325286660245594
-0.003188196990804404
-0.01983025975937313
-0.011048269354066142
0.004243507252470603
0.03434314858580072
-1.0
0.029080333999535118
0.03912806716687183
0.03288114231222834
0.02520832258665765
0.03260376088834868
0.03821695044151407
0.033319060893418226
0.029598673823139864
0.027296077152805964
0.024422310960718573
0.025156062877317677
0.024761842217992245
0.04025476479348925
0.04081361695252353
0.03960386951908513
0.04462730954637966
0.042979160013564006
0.04202323279613031
0.032967934764806736
-1.0
0.03409601278172366
0.02573606997817906
0.029145081366818443
0.028169382886013335
0.03042966958937728
0.0325453531810391
0.036086540030641844
0.035437558587148275
0.03374835416729141
0.029454942019962294
0.03270044619102658
0.031685539630550985
0.034829349734055985
0.033795486763261454
0.0328607986492242
0.012657901755973724
0.007677505081832544
0.020352146978559794
0.02682442040028669
0.01416854358668838
0.003063530985553162
0.019993710696668235
0.010580820774960106
0.02695601120286099
0.026587041596394446
0.03015037788660171
-1.0
-1.0
0.01376406320410383
-0.003924833156718129
-0.009769299804402663
-0.02162732533328985
-0.024046802217135278
-0.029572270806994257
-0.03085318244178254
-0.03075781292343697
-0.02786269767610662
-0.02185869311855384
0.02146153693707307
0.037321794654797256
0.033338611630800444
-1.0
0.037643003682293855
-1.0
0.03744687763200422
0.03226528082398516
0.02483280443877319
-1.0
0.026264284198852163
0.035058734248209
0.011495229813817438
-0.024110716296315525
-0.03772261281434224
-0.03473843041203407
-0.032324982725917224
-0.03588102324969818
-0.03401481071063627
-0.03095368977074602
-0.029036152774203492
-0.009089616961921745
-0.011416839926371363
0.013134266306878481
0.014315003351496833
0.015199308926934624
0.01999804002996596
0.026827604295739722
0.02880270231043821
0.02436273550884762
0.025566779616031172
0.037333820507503654
0.04134764407887037
0.040902205282398074
0.03916695313726003
0.03747085250391657
0.0258348376813175
0.019011814993676573
0.03848188532814201
0.03134631168823206
0.02596615628199071
0.0192136113360377
0.016696050050724578
0.016994738469710186
0.018482736213546205
0.01215368323460738
0.006978397315356053
-0.0012865033881035916
-0.002903955110976784
0.029400020551727066
0.027703892814137515
0.030839017221406598
0.0275336521666331
0.010911884854300854
-0.019484939485281044
-0.01009534538614131
-0.022821597218598194
-0.023635602261858537
-0.012346257645516655
-0.01780043704850896
0.0024568269479424277
-0.02651838699098502
-0.002857916097807399
-0.02157109503070594
-0.02990409609267208
-0.029003318952021743
-0.03545613665555035
-0.03381512818733584
-0.034630199579175874
-0.03203738400910499
-0.013021715920626896
-0.007635105942316308
-0.0309330196671967
-0.012166017491393856
-0.023719882274006027
-0.03748155100174998
-0.0402890182609823
-0.04142327677645448
-0.04008497186982245
-0.039572154430286964
-0.03903735657005174
-0.039031124175037187
-0.037682238521962015
-0.03837425976738259
-0.03424839750260596
-0.03379762963125139
-0.024881620485839657
-0.02602363161426044
-0.031921135766663326
-0.03529760101064263
-0.03598847572079805
-0.035801010938818434
-0.038385116978572505
-0.036001429395801594
-0.03627372021546587
-0.03710130988138713
-0.03832590100165214
-0.03954787938557686
-0.0391062234726487
-0.03918935018525142
-0.03864111303825797
-0.03705331760939714
-0.03889929747825082
-0.039264845155535424
-0.03853605896454265
-0.03661952076412946
-0.034844661377177774
-0.03154177205131717
-0.030744401629571677
-0.029298119051711966
-0.030445293207100713
-0.032792251216495406
-0.0376873413824662
-0.03844742887266792
-0.03917466430172675
-0.03863276101914613
-0.037925766925911486
-0.03800538800532826
-1.0
-0.03690578240054194
-1.0
-0.03616773251663308
-0.037215706070988994
-0.029217301672837957
-0.033706231020658325
-0.032718599096475766
-0.03255508401527693
-0.03204183130624505
-0.021072567132064755
-0.021949195322235132
-0.022972135615247656
-0.013651537332858371
0.010576146599401488
0.010126336404329243
0.012645902671291495
-0.017133602232812992
-0.022533589225930756
-0.020971871366005715
-0.020484635068974168
-0.02214683971161093
-0.014463586955418599
-0.0006024546703025719
0.0043960890773761495
0.010976842488719113
0.019660227548995185
0.021147043213332186
0.006468864382781984
-0.016307566232083334
-0.02159989419538731
-0.027338342639907923
-0.025889840774608004
-0.00931015509598585
0.009695636076288988
0.02549822263899507
0.03189497237655986
0.03576002970162388
0.037968494569344556
-1.0
-1.0
-1.0
0.03515855818365837
0.03256194342918543
-1.0
0.029119328951904968
0.02864790466806249
0.025767349827331382
0.032231654086123995
0.032703905807034174
0.02783051953472546
0.01057291967978508
-0.00102659955984415
-0.0036364931233863356
0.004530070356127357
0.014605199428096037
0.010672659968146519
0.015382963258106949
0.030502392577251115
0.010782798330683484
0.018157091819527446
0.02692423348504831
0.0275681746204984
0.02893888356071628
0.02875125656543874
0.030788157450753098
0.031115371023698886
0.03557989951396098
0.03343737360033826
0.025089185478982257
0.022089263620672976
0.03139149626993452
0.028703295065679223
0.033334501286865936
0.033238285684568415
0.03552390738887907
0.032257800517776235
0.03592595311850002
0.03125299313564338
0.02820692184526871
0.02967312969110382
0.032001253732733805
0.02453269680319395
0.023887646390643842
0.023109401626750074
0.02485717178841416
-1.0
-1.0
0.034438070207607585
-1.0
0.03307502436104718
0.034949894865353125
0.035709568403897884
0.03376996929777007
0.03725979789621241
0.036348301377617784
-1.0
-1.0
0.03453429659383166
0.028514305687622164
0.026897314113961658
0.03176086205366277
-1.0
0.03315998496420921
0.0373067028118396
0.03730159591251278
-1.0
0.025257081380480797
-1.0
0.02164697179433409
0.03614345365915901
0.03121172637980268
0.03363494199041626
-1.0
-1.0
-1.0
-1.0
-0.01184929078971168
-0.027033506419358134
-0.018012875928969142
-0.024055186400982292
-0.029684189691897386
-0.03269332838567749
-0.028469671624717155
-0.0314050242786854
-0.025658722920298443
-0.02655178151713408
-0.026358699125472007
0.0007786609167497287
0.00031223487853759005
-0.0015730138778737698
-0.009239842210259376
0.004907854323095573
0.0004039864341986906
-0.007194929867806042
-0.006069002556944451
-0.017346081426266678
0.012873476790817769
-1.0
-1.0
-1.0
-1.0
0.014300977256368282
0.00529407715180905
-0.0028232038624525792
0.003133477391375406
-0.004049096049586141
-0.004104256050764625
0.001607436696580261
-0.010947552731067034
-0.017197299272614312
-0.021502647106435433
-0.02262743910864836
-0.02144143744703908
-0.01673655889035973
-0.011121025180733568
-0.01602661498815328
-0.00855426167031409
0.0027049711301000037
0.02091262816132652
0.03077232046412474
0.03598484427469409
-1.0
0.03760031466807117
-1.0
-1.0
-1.0
-1.0
-0.02059356772940603
-0.027698741709297144
-0.030798526188108237
-0.04017107733069322
-0.03644646016608685
-0.037525710281958835
-0.03753928326354702
-0.03911528925638085
-0.037206021879061905
-0.035641634859337135
-0.016563733933212168
0.0008030686478830415
-0.025181954820546908
-0.03695357239073828
-0.03710027739999361
-0.03689283204445176
-0.03770219546141146
-0.03338259655965375
-0.028969158824892902
-0.013906457686940474
0.021148307376333827
-1.0
-1.0
-1.0
-1.0
-1.0
-1.0
-1.0
-1.0
0.008900502658987912
-1.0
0.00030842662867163655
-0.006605581513213063
-0.0012223811825704755
-0.004947050935131085
-0.02131246335932191
-0.019023054676166336
0.001948463298762511
-0.0012586782670161475
0.010904572159842413
0.015201500920970907
-0.02381208405846318
-0.034264168026361376
-0.036263746501762485
-0.036672992029647376
-0.034397351020079195
-0.020713151150623787
0.0046062769475861375
-0.008031033912139277
-0.02479407540953786
-0.031068733518100126
-0.033981107223115335
-0.03460417445082921
-0.035992362479092946
-0.03426902324047768
-0.03736804790269376
-0.034684869742660294
-0.034683840186896686
-0.03422665786649071
-0.02933525182723335
-0.035516666597795794
-0.03268195808459428
-0.03349484697140188
-0.035249536016407866
-0.03603137332987494
-0.03678075379612852
-0.036972237375061806
-0.035702012927759014
-0.038119421488637784
-0.03654753070940012
-0.03682232167541378
-0.03724933783488354
-0.03651589470153372
-0.03672886016330715
-0.03714383943018679
-0.035835414189330964
-0.03751733767070186
-0.03646420279333087
-0.0362940556321493
-0.03065648929379421
-0.03202502515458153
-0.03156371263152987
-0.034423497575796956
-0.03608448359406037
-0.034636486032053035
-0.033779162467085885
-0.033714840299150305
-0.03243698688878921
-0.0240720558495152
-0.01763637750706721
-0.018821503699238018
-0.016124821620773923
-0.019057605705423624
-0.021160938740694326
-0.009527981977893766
-0.002718036095780285
0.020287897238595337
0.03384839678876797
0.037744748348305907
0.039130599578457916
0.039523358575273525
0.0395365512399966
-1.0
0.03824291498823541
0.03477845293565431
0.036427669190181367
0.013228019549450118
-0.009298965502810438
-0.02131823412262233
-1.0
-1.0
-0.027416027978993826
-0.025659465970295985
-0.025763943500697332
-0.0211649934382696
-0.021219451842675
-0.017302914535765258
-0.010366193622189507
-0.008189571814706307
0.017196530802596005
0.006632876589757217
-0.011161684275160594
-0.004536161621823163
0.002773845660346363
0.002189929712348252
0.03594647395571666
0.03823930072556958
0.03647932154108158
0.0380734893970552
0.03100183372358108
0.031107320798115304
0.03274368257791359
0.032645345555622034
0.03370805836877263
0.028059335433788284
-1.0
-1.0
0.031873041269139986
0.030809260328246296
0.03132748649378782
0.01989236125133427
0.027976359771008326
0.03138513733622637
0.018690388978160617
0.015919859731597236
-1.0
