-1.0
0.03444639586419466
0.031347488872158824
0.03219831367606199
0.030806425907281113
0.03125072895012767
0.029650437673654394
0.03211452905743094
0.03176660355491894
0.02776493208358788
-1.0
-1.0
0.029774325039031886
-1.0
0.025225999753813
0.01048562633379247
0.024277963799577303
0.02521207860732792
0.025645655383107546
0.021135210786188553
0.026715445539188018
0.015363340730902985
0.022841336992302026
0.023135090734269705
0.010829352733173992
0.004652994193534771
0.024738375664618034
0.026138578547266006
0.03541916959508873
0.03429284707879744
0.032932337457347735
0.014823531823607329
-1.0
-1.0
-1.0
0.010102929004719412
0.027880036837245672
0.02395748826278036
0.010511756133571101
0.009595609801875108
-0.004669565374265281
-1.0
-1.0
-0.0359408830309779
-0.03355019366274537
-0.026434907306413187
-0.031938043570832554
-0.03336773093349359
-0.03518363373534622
-0.033711197485435856
-0.03408503600575019
-0.018132587199863326
-0.008273061744213295
-0.03276287460189799
-0.032376840309459955
-0.012659802032702916
-0.02568513506773371
-0.03291860429557017
-0.03638728537882035
-0.03657379690534449
-0.03663119768823481
-0.02153277798342386
-0.013733975157955833
0.010767466656503123
-1.0
-1.0
-0.023155070747271633
-0.03329569750492016
-0.023691372305987102
-0.02159557777955894
-0.03298400474883461
-0.03441877336381499
-0.036221092679605674
-0.03592202638359938
-0.02764775598984726
-0.024609595647390747
-0.03438513232927335
-0.033219751985369875
-0.015947538554604967
0.005074056937732168
-0.013046120720855436
-0.014896145394878633
-0.01935557074840631
-0.026522733198290217
-0.022780641763027566
0.024390966757244382
-1.0
0.034338191828778473
0.032974004335084454
0.031389663246116674
0.03584730531918266
0.036810238873007016
0.037358097575972436
0.036962442825784196
0.03791912776350827
0.03683549474388797
0.036421129898490515
0.036261605070257726
0.03636412407546245
0.03567359174359844
0.03607102858560545
0.036051624888242415
0.03725394067053983
0.03896425708967346
0.04002769373660702
-1.0
-1.0
0.03566004231449004
0.030019286385410435
0.015255715862088478
0.010772093399069529
0.013585950064723164
0.019849407016734082
-1.0
-1.0
0.018063439663682054
0.010013917525258154
0.032504287840129785
0.03757793492579676
-1.0
-1.0
-1.0
0.03466071830406728
-1.0
-1.0
0.036518426411063266
-1.0
0.038614395036449686
0.03122801220841933
0.008770440484113988
0.016158917087461457
0.024210718827298968
0.023854984593790044
0.009884732090990563
-0.03060054272609259
-0.02916667107654162
-0.02141326361434064
-0.032274878649302396
-0.02632812223329152
-0.022264973789417598
-0.028960297333487872
-0.021563387045419612
0.025507989313457824
0.026235726283343922
-0.00577487697608824
-0.027689678714226496
-0.029892174355242235
-0.029231219161255175
-0.02804587834607426
-0.029877084266646026
-0.016707328133634913
-0.026535413319439004
-0.03283609591626528
-0.03588001609796002
-0.03503174730115424
-1.0
-1.0
-1.0
-1.0
0.005819469401528825
0.004077898242973424
0.009701976528868197
0.016937453878557197
0.008425336123418552
0.007259391044375956
-0.016136269707988326
-0.017079146895556698
-0.02041807470155659
-0.023053405174589356
-0.01831126643243018
0.00771043227889522
0.011429059779013272
0.010477587771386923
-0.016800246755834046
-0.020056946042088776
-0.023188253649238374
-0.016238530365478725
-0.008044975478217874
-0.01633865663096146
-0.014538428417711427
-0.020024848312476525
-0.023776628168313135
0.005621793768047637
-0.0012490399637135365
0.0037448788666149214
0.007163233881053029
-0.012979239351090088
-0.029529217920021496
-0.03365058850556768
-0.03295234338312052
-0.02457069787595418
-0.0215103081184599
-1.0
-1.0
-0.010981098986861918
0.01903013996920375
-1.0
0.006319439491349429
0.017329633899190885
-1.0
0.002777044277005923
-0.0322723573075702
-0.0258275908586155
-0.018257541218278245
-0.031180349374681005
-0.032829946959616885
-0.03273311008928953
-0.03228106282059592
-0.031353035294635206
-0.032351703324089515
-0.03113866704963089
-0.030306342648349652
-0.031333267178721744
-0.029783456969731937
-0.030198659019357522
-0.029094938062572885
-0.029678878571216673
-0.03079247007792029
-0.030835532582665706
-0.031644541688881325
-0.03184534196838456
-0.033027221067646495
-0.02986826020885239
-0.028808991967215054
-0.029765446582132343
-0.026282648623009077
-0.028732795026021583
-0.017052567095288483
-0.008606684529327432
-0.003760191306582983
0.00027916565609212757
-0.0014479911250218792
0.0026541917817579537
-0.007926508091622365
-0.0024823551377268905
-0.002087170181442238
0.005054659059679972
0.010313755524646341
0.018600889283244815
0.009849629981506756
-0.0020508758945968013
-0.00365498411681465
-0.004221419754266562
-0.008891731336456639
-0.007653432928057706
-0.01234718166477949
-0.023068566778582798
-0.02507452168867433
-0.02548510206624523
-0.0258537368534435
-0.025229760171330835
-0.025216059426811238
-0.029590113681734524
-0.02896260568013864
-0.029396999608059863
-0.02964251736579908
-0.028176781302844997
-0.02912389398579199
-0.026815376791594753
-0.016519408509117626
-0.012649953482160267
-0.003991965360510802
-0.024753497312509396
-0.032403939874032825
-0.030739933212450662
-0.031123070625662056
-0.02820414476185956
-0.027520310123408904
-0.019441360307093074
-0.019611321304651687
-0.02345192242033477
-0.005315641597107074
-0.002501622461798389
-0.003541109080877798
-0.01028730073353316
-0.0037810824908814404
0.015437967102356205
0.020282122194443024
0.025463335908573137
0.025600993910052217
0.026625763353486577
0.019187860983934834
0.01761332997017851
0.015693811986725585
0.01995930740092938
0.020040406367244263
0.021237085337277084
0.018001050411945343
0.014972847230256449
0.01751441324751535
0.022020511370097466
0.022287258633411945
0.009512738488953388
-0.02470918322309714
-0.030357343862701943
-0.0333768655022991
-0.035025609108288926
-0.035923294578059824
-0.034995474221337565
-0.033182635823503594
-0.03290207524366599
-0.03369717506455436
-0.026001283843584272
-0.030231981437331884
-0.0291373388881347
-0.030454272555814236
-0.030119593843889257
-0.03044747078123579
-0.030862802371787575
-0.033756028559257
-0.033661099443978215
-0.03512662914642848
-0.02972180222051228
-0.019599909536886104
-0.02240001429962654
-0.02282955295947639
-0.02629632395018493
-0.021628813653310243
-0.031180298632972354
-0.024846711570083384
-1.0
-0.031172835753557945
-0.03204653909758143
-0.032309141127506526
-0.031021034764140677
-0.02417066295881165
-0.033036910268300745
-0.028026403654609306
0.00506051163869304
0.021918992922420905
0.0276654211956658
0.029314903691729604
0.028792611877846847
0.010930826021476442
0.010166150285203308
0.013173562855439355
0.030857586351584455
0.01557365387853649
0.006854688703172184
0.02372744595597521
0.03263276973031372
0.030381777302476067
0.028217738364997906
0.01955090444528571
0.010590254529852482
-1.0
-0.004664765272845531
-0.003713451578269827
0.02839881804739957
0.03898866373566819
-1.0
-1.0
-1.0
-1.0
-1.0
-1.0
0.01622582650388892
0.008060129757428378
0.006404970521674084
0.01727782476462023
0.015391263902066559
-1.0
0.01664153917805326
-1.0
-0.011717542546349824
-0.027044078689092702
-0.032401550898311066
-0.03432767475107775
-0.03549326213490757
-0.037561457472697526
-0.03686787709098124
-0.03569805507375177
-0.0356479248758201
-0.03226912208888647
-0.025690480410157226
-0.032520964213180306
-0.026248440204527997
-0.0298803642527944
-0.03353019144838203
-0.03356217883856264
-0.03471764441701757
-0.031557814381957795
-0.03463456632899762
-0.03311781775246501
-0.03219376605042748
-0.031873999527767476
-0.033816828103788686
-0.031641858607902765
-0.03205562399371673
-0.031219604274072776
-0.03146094071716416
-0.03232073788669185
-0.029323733606751192
-0.030861827943297077
-0.029635018997306625
-0.03059672610175344
-0.03118639091431283
-0.030948688584282666
-0.03092292843500658
-0.03200964605177103
-0.03302207354670541
-0.030996291495986032
-0.017639040580246717
-0.02755470112497303
-0.03264671616371771
-0.032565176754137067
-0.030581856085431958
-0.03197711372986905
-0.029220610764053124
-0.030541584052862614
-0.031154234894329128
-0.030279559710866162
-0.02929709826073085
-0.029801319946481365
-0.02932678605257448
-0.030274335512569375
-0.029164854019670353
-0.03045396997876224
-0.03088479648808347
-0.02998146827454668
-0.030244074372313662
-0.031226042695748128
-0.03159341694108734
-0.031471886416573454
-0.030645545925681777
-0.031227623052873563
-0.03200545471578536
-0.032097576161767
-0.03282422962310021
-0.03250309043337113
-0.0332952540701686
-0.03366556043964126
-0.002512908279928966
0.002553082021127543
-0.011628850370314282
-0.01156257670425529
0.007262143221434582
0.0073510216366415426
0.012998507508926876
0.0005318878453263359
-0.0005811785267100903
-0.0053951835254727526
-0.008345838951238369
-0.014774263337400664
-1.0
0.01471259736064956
-1.0
-1.0
-1.0
-0.009578261027971735
-0.0005474497873185916
-0.007448477835932143
-0.012508553644246296
-0.014526954177517716
-0.015995027773823476
-0.014041764732340315
-0.011084692787426843
0.026846719871123494
0.038062890340616634
0.03843549489373409
0.03622073445253565
0.04075933549392235
-1.0
0.04301423771597071
0.042705657027422066
0.04214732488273453
0.040136902340641566
0.04217246570865006
0.04182880396916962
0.042100209443874506
0.04230006562252263
0.04328802921711511
0.040659431047804714
0.04173692123419071
0.04306636431690942
0.03972637267246705
0.03469472006782354
0.029830685845041886
0.02355970244957318
0.025208133905587737
0.006407963102412061
-0.029120815418603705
-0.031478151612013935
-1.0
-1.0
-1.0
-1.0
-1.0
-1.0
-1.0
-1.0
-1.0
-1.0
-1.0
-1.0
-1.0
-1.0
-1.0
-1.0
-1.0
-1.0
-1.0
-1.0
-1.0
-1.0
-1.0
-1.0
-1.0
-1.0
-1.0
-1.0
-1.0
-1.0
-1.0
-1.0
-1.0
-1.0
-1.0
-1.0
-1.0
-1.0
-1.0
-1.0
-1.0
-1.0
-1.0
-1.0
-1.0
-1.0
-1.0
-1.0
-1.0
-1.0
-1.0
-1.0
-1.0
-1.0
-1.0
-1.0
-1.0
-1.0
-1.0
-1.0
-1.0
-1.0
-1.0
-1.0
-1.0
-1.0
-1.0
-0.039503401833328185
-0.038867605796014656
-0.037724217699850314
-0.038609879995715295
-0.038826758046239584
-1.0
-0.038867561995919085
-0.038963754872061475
-0.03803323136961266
-0.03866880344304201
-0.040098561155305176
-0.04023047162055276
-0.03950669097137676
-0.03999207297650323
-0.03928053090013208
-0.03889940865352927
-0.03826411470498052
-0.03506927693384461
-0.03098151358227582
0.0014163895545054438
0.0026734008165788152
-1.0
0.006195724279266369
0.023415345094442513
0.015188637123272527
-0.025017330946923814
-0.024656276599403604
-0.018963785332963914
-0.02878936861949777
-0.023923731061742216
-0.022528575552873322
-0.022009194374460445
-0.0001444334483879208
-0.0301000869158903
-0.034814208570004425
-0.030966317053089873
-0.036193892178738814
-0.02580111225064463
-0.014208617104094153
-0.03352456520274088
-0.037993714538496266
-0.03720154715190444
0.00735908179827661
-0.01497554677483514
-0.026247329160171275
-0.040532802770105986
-0.04110063514500859
-0.04019012261627733
-0.04085943720133241
-0.040117116086117934
-0.03981563237852833
-0.03982582545596566
-0.040716072932306405
-0.039115406046715866
-0.023459540072335437
0.005065039841172634
-0.004265272101322228
-0.0086833571669958
0.01450162850707272
0.028922299618620476
0.03694343851163354
0.03627674408086932
0.03520463241291604
0.03620812707408323
0.040289695394185567
0.03503274018852235
0.03011797832335096
0.02505140277503691
0.002819077328918905
0.0016277192566251338
0.02671450687404109
0.03377803330734297
0.039350117713865054
0.038457107120115123
0.036102777984860356
0.015638054671309673
-0.02337476383851996
-1.0
-0.034317949864265576
-0.0350837651388649
-0.03439326886149956
-0.023130291629171698
-0.014034254806400852
0.020990223322808314
0.03103271547547594
0.037926352130360316
0.03989416029923361
0.03980282865961365
0.042606799235271976
0.040943956241685536
0.03147211073082577
0.024187639676199666
0.023176510377741842
0.030106375752086453
0.03869118982496478
0.03831927685361645
0.038266521879921474
0.035210661664983094
0.03642558348476653
0.03378579809437724
0.030537513304667644
0.03170628648289289
0.03044459305490452
0.031785067180756105
0.030004474811275928
0.029794619590248064
0.03203007354522685
0.03363001040734873
0.03620565585979025
0.03290172037673276
0.03480795002562746
0.03451947705908626
0.03337953563061034
0.03553200863927832
0.03500618786520918
0.03557224270347954
0.03319149340008416
0.03608541610035749
0.03740938131853147
0.03423943473502811
0.036815570567074456
0.036079292556531965
0.03356441152489371
0.021370818347141243
-1.0
-1.0
-1.0
0.03622414541790437
0.03502914670860112
0.03738908873298246
0.03788852186239156
0.04043286412510075
0.03917629118938338
0.036790720473733864
0.03710170678573129
0.0385829007753692
0.03959445107602177
0.034191451259292925
0.035102911967724325
0.036431944971415296
0.036649540036253335
0.039339619491213194
0.035893183745723055
0.03474893132420257
0.027357734103608894
0.026509754880807115
-1.0
0.03541341105058184
0.03052254496126424
0.03436744690417659
0.04107455691520616
0.03445944744737205
-0.005049994114232347
-0.011803312729357392
-0.010916911919156488
-0.010188658729000013
-0.01605386224827334
-0.014013758281760913
-0.006010028982392117
-0.006698587617097714
6.980956440172786e-05
0.0038352622554874934
-1.0
-1.0
-1.0
0.034878614025706314
0.040647763116094277
0.0388331390152532
0.03655572673437771
0.03702913798669767
0.034979436536498834
0.028226113664764917
0.03438817390921582
-1.0
0.038245994737098686
0.038477925935329366
0.038433973994382614
0.03830324090104504
0.03850381551140668
0.04018783749490143
0.03827884511860554
0.0394937361722985
0.039362241502371054
0.04082127270737392
0.041377674466264364
0.039367437089869825
0.041085530545046205
0.04052539942084668
0.037307172210109804
0.03843376362807641
0.03623857324447867
0.03216782539641324
0.04021713019861603
0.04124516290898369
0.036929467638454415
0.03766849598025264
0.029789059334766808
0.026049362615955803
0.030891483685356026
0.03895857655610959
-1.0
-1.0
0.038582231225220254
0.033894703776882355
0.035801456816361966
0.03612392954349069
0.038564765550415867
0.0364096557347236
0.03833820464812902
0.03654962300340636
0.03779782754775473
0.03934257702897335
-1.0
-1.0
0.03986366135407475
0.032792393265804985
0.038120315395422065
0.03656968412972093
0.03686081619690568
0.03881225058634865
0.03336453951775736
0.033700857798606654
0.04263092520752515
0.039409865445282945
0.0416519927716077
-1.0
0.0403448024923216
0.03823741942591953
0.030881928646567303
0.02682340260947793
0.029549832512822886
0.025635007175155
0.0032844801077224735
-1.0
-1.0
0.0015183314114827911
-1.0
-1.0
0.00420459973573726
-1.0
0.0014058409701939252
-0.031766021633505954
-0.038618417332090746
-0.03829609366276965
-0.036342179061410615
-0.027714304604676467
-0.03366467490574374
-0.028700764863707307
-0.03742818874989782
-0.03630427412944004
-0.038731086094895846
-0.03952175549848094
-0.0366237250712611
-0.04003056576168743
-0.03876329388487813
-0.03993940312411868
-0.04154042866997516
-0.04277220941646031
-0.042020458113018834
-0.04235674608717585
-0.04306779113188175
-0.042838543652724985
-0.04246467070205906
-0.042467394079956484
-0.043256867119786706
-0.04282654241371988
-0.04394875401730912
-0.04146791269022036
-0.04312024675479772
-0.04187884557534394
-0.04301505270813596
-0.043011305350791465
-0.04041262743822359
-0.03562283309345279
-0.026342534861002246
-0.005371592154024059
0.015278672344766039
0.006992223854808755
-0.0016217941309763597
-0.03493342547436781
-0.037485114562006774
-0.02949147059756718
-0.034164148234021106
-0.03587040225978965
-0.03306628709957547
-0.04149721304841397
-0.04112919061424259
-0.04170479031440087
-0.04044468387007361
-0.03978467871289783
-0.040646011072224424
-0.03997690351075169
-0.04194024968283384
-0.04153541507529746
-0.038399714398314966
-0.04037477670051853
-0.03693493881613636
-0.03512857534854011
-0.0413896420359294
-0.042667598326212995
-0.04146982923109076
-0.03989583116515007
0.008457721403705345
0.028432815973237345
0.027350556240427794
0.026439372311106338
0.03389225525413555
0.033877813858156275
0.030005169123499528
0.015987901973814805
0.017545412762572297
0.028437300845051968
0.030246926722272114
0.03257320123089421
0.016903979918318743
-0.001644267138909361
-0.019063958817377026
-0.01987427387899577
-0.01567539801313308
-0.030266846488511266
-0.029551926256193968
-0.03959605126491604
-0.04057360485933342
-0.04119608264295481
-0.03934667808468453
-0.03793246132760573
-1.0
-0.03361317868756351
-0.031770658167284305
-0.0019394977613792226
0.005806143738209997
-0.00525139596643075
-0.03229337349965487
-0.03810057693641946
-0.032535131999959124
-1.0
-1.0
-1.0
-0.033569201724849985
-1.0
-1.0
-0.019092165796635953
-1.0
-1.0
-1.0
-1.0
-1.0
-1.0
-0.028674711422263344
-0.04005635666730016
-0.040272049901894286
-0.039355764060499884
-0.03926472705019317
-0.03901376094391754
-0.037466356085729555
-0.03880160150623303
-0.037404995923862684
-0.033375329281332446
-0.033637191006099444
-0.03692927411843061
-0.03949507601658797
-0.03931669864072044
-0.03961819530905868
-0.039993112878212785
-0.040053195360330945
-0.0397627222671392
-0.03914628429240521
-0.03720009197430065
-0.03023522538104051
-0.029324777785495196
-0.03003476504546902
-0.03640208208962324
-0.035907983064743736
-0.03780778870928348
-0.0365311582781508
-0.02859367356281607
0.0029019499636254087
-0.008263589456348374
-0.024769653475803503
-0.03805087412359196
-0.03580525585112312
-0.02706295932342997
-0.02988104276420769
0.010077310248207868
-0.002094238444365598
-0.025777398666248938
-0.03424850336389571
-0.0073031818725583595
-0.01814434695394655
-0.03193408582925449
-0.025322209681973587
-0.004288925183011078
-0.012851449394841322
-0.009653299512577547
0.022626447167436413
-1.0
-0.024888489015033256
-0.018820164658708317
-0.029189113788181467
-0.03375681886297249
-0.03492905213728561
-0.028987070872404166
-0.026890360995152865
-0.022091001051852056
0.021086057608324424
0.032481557913288724
-1.0
-1.0
0.036759896780027265
0.03547410677167456
-0.0104924124096736
-0.02980021482633566
-1.0
-1.0
-0.03529738502497128
-0.03607138574061011
-0.03695606304655555
-0.036089490197046006
-0.03654523093058479
-0.03742659662665122
-0.036442997771306884
-0.037822679251722245
-0.03658029068108984
-0.036468439643234915
-0.037139191707913556
-0.03449033016966399
-0.03576403846553034
-0.027070610938420874
-0.03766732314977189
-0.037014030308749765
-0.036305770858442624
-0.03650716655314586
-0.03536555672305934
-0.035731695981127326
-0.036043187264001735
-0.035920156512381854
-0.035979370209045895
-0.03009901213106924
-0.03552479493218787
-0.03683831627142799
-0.033444084218044824
-0.03053847184956417
-0.029318488558412095
-0.03166147418230871
-0.029022786960695553
-0.033557696786234756
-0.038447829958545586
-0.03944230652713968
-0.038817418331299765
-0.0405983188500135
-0.03952822841376056
-0.03521923393829286
-0.03723115381645683
-0.024202490275239772
-0.005672341965579963
-0.011488295282835164
0.004096807272370118
-0.030016056641942446
-0.03927150097448662
-0.04078395769262007
-0.04022986992139487
-0.03461106499586412
0.002037844194891916
-0.0014132067728511192
-0.003061285389378866
0.002727907653797381
0.0007008209739516932
-0.003515017843085534
0.024761781633264417
0.03797589011394694
0.03475261725989815
0.035212396415696096
0.029258344827839528
0.01890473913225813
0.011632759949325465
0.01599276993146536
0.009105770482486631
0.027306382029819706
0.02976351097421377
0.02100042761313209
0.022896108206384904
0.021801955657164567
0.024461667495806715
0.022824669922473034
0.022119198301890297
0.01742171798000136
0.01831074641148225
0.021672367411279085
0.021180060936315297
0.006426343897694392
0.0009878041319917807
-0.002651310816491051
-0.002469997677201622
0.007741339794655636
0.010017922686236962
0.010958011972287162
0.014190402533593239
0.01604587411003176
0.012240595721097463
0.020206673154285423
0.012921971532843522
-0.0010558902263010724
-0.0035919107671701
-0.0012190858514303025
-0.01106168659731176
-0.007040056016669786
0.0035225926942207496
0.006025154355212754
-0.011186226212191928
-0.035846745469154506
-0.033812427805859954
-0.006748180187455396
-0.013600215247693696
-0.0309741496892776
-0.022542947855152717
-0.03719363403738044
-0.0371652794802568
-0.0381061494973261
-0.040647243232253
-0.04167282174786206
-0.03792040460540614
-0.031525309555852477
-0.02786847630011735
-0.02073624772320502
-0.027712754514073977
-0.029098014229793842
-0.025766444954511677
-0.02581351959176636
0.01719256015249014
0.014945043570485069
0.009370335237422879
-0.015993141459922994
-0.010466705021176989
-0.02008705977381226
-0.006423092358221018
-0.009029659503654012
0.006046585145407723
-0.0023175666936836566
-0.027268292418458972
-0.033507360931431335
-0.03530473896786774
-0.03450772952058923
-0.03298615406232888
-0.032692512052592715
-0.03648840877826107
-0.03424913341369211
-0.026218229579201977
-0.0037016638916777733
0.00609911157668703
0.017127460864629
0.018226221960914425
0.005874244532336933
0.02275392600769609
0.013651157287261403
0.01761898122813056
0.024762220220059836
0.02799190013707403
0.02793468417248348
0.01705176337219368
0.021364855911519716
0.016970149610964585
-1.0
-1.0
0.03930699266722329
0.040972704698619855
0.038921447303836114
0.036154198997613164
0.03439577683164738
0.027795138423422103
0.009779261922810855
0.0016590316004581921
-0.021264742343655236
-0.032936579067521156
-0.02946666267349037
-0.03644546506745979
-0.03530610343867545
-0.03594213534131758
-0.03695889032465344
-0.0383642720371693
-0.036079938940758165
-0.026261544722132896
-0.027927709968897547
-0.031284541275783576
-0.03329937531560037
-0.031861632964203815
-0.022704910283022503
-0.025760328317638068
-0.032160624387589744
-0.027870105953214503
-0.025594546823584054
-0.017874961925407027
-0.0014103380111156502
-0.025636515741996047
-0.03559212205879797
-0.034956163745697745
-0.030344256583097605
-0.03522701052804793
-0.03738101249375809
-0.03476277723925369
-0.018733812223338052
-0.011350602217932439
-0.007923706856814487
-0.010882778753668294
-0.022341823662518995
-0.012769627827482276
-0.026523607459497875
-0.029975563148889176
-0.030729039365451405
-0.03538096165136114
-0.030232911685438058
-0.03324152130721889
-0.03325823907553888
-0.03162798642621104
-0.031734280334450526
-0.02431330898822189
0.02075493778223685
0.03472572410723075
0.03651382129128875
0.034558829824671705
0.03686643726869573
0.03232517094860879
0.009319748995969815
-0.0163896495617903
-0.021513398584034872
-0.021702417678380805
-0.01760847790878915
-0.019474370020082135
-0.024189098429365705
-0.02357048927422505
-0.017829920426157417
-0.024985068166082904
0.011498022853099765
0.02486264747389568
0.03844444208587555
0.03911576657429588
0.03646993576567239
0.03848721114832083
0.0391951611352368
0.0402856030729779
0.040003036430285695
0.03942327360111602
-1.0
0.019517514143725222
0.005915782098952381
0.008267109074947482
-0.0031390845135581048
-0.008571589811525742
-0.010643181880937576
-0.006005918946945677
-1.0
0.008057740949225367
0.03807372700383274
0.023033521572245114
0.0021399587288868406
-0.005342825516469395
-0.01333658814055518
-0.01161534485137799
-0.010871940957169354
-0.004638003686430069
-0.020985430607561605
-0.009985865141926065
-0.015694989048847502
-0.008174980032391248
-1.0
0.026870224840816435
0.027986969286561848
0.028580879197044086
0.027269232463181612
0.03643276306189848
-1.0
0.025217822594313714
0.021945574233610838
0.008669310010596435
0.009204627926391382
0.039557034027997894
-1.0
0.00906628715899325
0.0014562176888297685
0.02923584677637055
0.03565965439969265
0.012959875617792594
-0.010597948675113473
0.005469494757195048
-1.0
-0.025051243782715144
-0.037560302234992037
-0.041669402838736117
-0.04175609355550247
-0.03597513803850914
-0.03832264066912014
-0.037402195444786034
-0.037151645469062286
-0.03879105667677539
-0.03373579036112249
-2.959175714987195e-05
0.003246624116219853
-1.0
0.011927672583100084
0.01780839783128684
0.014936011468247443
-1.0
0.011244716189069456
-0.0023110459276278437
0.00601929062995
-0.018730494707730562
-0.03539840519025157
-0.018216379820019248
-0.02264965860886707
-0.005026325019887018
-1.0
0.020453625642455356
0.025068648219129453
-0.0015436263264487794
-1.0
-1.0
-1.0
-1.0
-1.0
-0.03515016661979215
-0.037721876859956344
-0.038779370709064044
-0.03752792112369765
-0.03950425265468592
-0.03757850131696897
-0.03819353568660741
-0.039238025444432924
-0.03836016602326549
-0.037083960990158205
-0.027037503001087367
-0.007801101158864651
0.0054040777301351695
0.01751650502520099
-1.0
0.022547445289317767
-1.0
-1.0
-0.005373734985997215
-0.018576018330245563
-0.02757838812873883
-0.0212408399321943
-0.02156283381147369
-0.03736064452915721
-0.039865985953458645
-0.03962544962404704
-0.035860981395073155
-0.03363289176448245
-0.005243822159313333
0.009046969550805752
0.010642329620035095
0.008977181235847264
0.005109798929051439
0.02051717552242823
-1.0
0.03588085817404543
0.03564733917342547
0.035569084787011006
-1.0
-0.00936779900716226
-0.023073143165470135
-0.03320463320306673
-0.03458337723211864
-0.034524463032391435
-0.03506670370632331
-0.03203625216318482
-0.024837822170782703
-0.02393923939327823
-0.004613631697832585
-1.0
-1.0
-0.02437201203590636
-0.027620169434673675
-0.0316319353151922
-0.035191961949948766
-0.029118907065428405
-0.03080996803645711
-0.03285186680475591
-0.021735270827575377
-0.031158638384592877
-0.03322336673820901
-0.037661428689616354
-0.03752759754520862
-0.036700474369360726
-0.03705489012866714
-0.036427751817233386
-0.035295373838125456
-0.0365423204804609
-0.03423951632380991
-0.025112714208508316
-0.0015697945451803748
-0.0045159296851526465
-0.019407853696954847
-0.02916806523233759
-0.03125069280748677
-0.03403169385695505
-0.03522600246609098
-0.03590322237475207
-0.035559669399507325
-0.031311963001426656
-1.0
