-1.0
-0.004113612483751787
-1.0
0.004307168126222494
-0.0067517878925521186
-0.003140197597177736
-0.020022382243928223
-0.02068812926297454
-1.0
-1.0
-1.0
-1.0
-1.0
-1.0
-0.016415462541059123
-0.0036859703777458344
0.026157465435812485
0.008893883135548689
-0.0034711159856450715
-0.020738107453340888
-1.0
-0.02958841245741732
-1.0
-0.02339498380330991
-0.017357674986692485
-0.021527647674519822
-0.02392527658483071
-1.0
-0.023157060914596024
-0.01790588506893144
-1.0
-0.025930173915344443
-1.0
-0.02401708006632899
-0.019734938841409724
-0.00874451368503149
-0.02340120518598427
-0.025522787483999002
-1.0
-1.0
-0.022804890237549197
-0.023023562627230522
-0.025063605666234376
-0.024009038913882244
-0.021465652964450313
-0.025673914115993665
-1.0
-0.025081548047305113
-0.025405411446116057
-0.029023591894137942
-0.025005125207464392
-1.0
-0.03073655413851734
-0.02842595697633462
-0.02280554496418545
-0.026295703699990892
-0.024964914921017524
-0.024168731431434404
-0.0227206240321977
-0.02804892165567856
-0.018868065913212623
-0.0054654235721331825
-0.0001837086016089157
-0.001604902503621207
-0.002174422305887476
-0.0009841022441614427
0.007164404366668158
-0.015110755150015242
-1.0
-1.0
-1.0
-1.0
-1.0
-1.0
-1.0
-1.0
-1.0
-1.0
-1.0
-1.0
-1.0
0.04510153396002695
0.044400281543004474
0.043319486176971095
0.03707534059195516
0.03569070074848433
0.03243221486492052
0.029277782261051533
0.03872044103716155
0.03226087572191897
0.027792194829520125
0.014439634963094371
0.019155726918536835
0.01680272602539021
0.02508831877591208
0.029554674075765917
0.014065793109855418
0.012295075093067926
0.02210760891375802
0.017626221017341542
0.02136169609837141
0.013979635679291901
0.013430558169756735
0.031703348448524425
-1.0
-1.0
0.023034676606892093
0.020785554525903804
0.026880920460127886
0.028738781014162305
0.035421217523408245
0.03139291048901507
0.034211573506320044
0.02524639638671413
0.03160666786284985
0.04422296224922714
0.043543896503032274
0.023189604465319855
-1.0
-1.0
-1.0
-1.0
-1.0
-1.0
-1.0
-0.013193875603652021
-0.010878339637093554
-0.012813705466509784
0.0032390114739236503
0.006121304693137247
-0.001855968532981775
0.005930133559011053
-0.008633804596954753
-0.012326065605863131
-0.01999075582623811
-0.02865841723186886
-0.031171777145290593
-0.03265477250477611
-1.0
-0.029393174231793783
-0.027208042354375465
-0.025320684546696733
-0.027028654286466506
-0.02441711802480408
-0.017713653787121073
-0.019168327930206605
-0.02290664815400986
-0.026796159181606282
-0.03008037099095354
-0.027753036595548362
-0.03167262035583786
-0.01847825467766919
-0.013561744246359681
-0.0076494562735521686
-0.012700246518619389
-0.014591548803894593
-0.029952180529334894
-0.027840296335757103
-0.02113046296149764
-0.019278702562572192
-0.015358364909360657
-0.010169514526890107
-0.00474110573873112
0.005834228376822856
0.0020462374816748344
-0.007693794955378754
-0.023196177001892485
-0.020889515368451073
-0.016018532125608304
0.004154766336177269
0.008007343835410545
-0.007255559866440905
-0.003662216509216724
0.007802828519057416
0.021141864668857216
0.03824927672634859
0.030138677975287846
0.029600532037552998
0.03354142311038366
0.02112834850152405
0.010231375077465384
0.00911056703341313
0.011679612633308177
0.01893081025161834
0.025746763878439966
0.02315111849887991
0.039305039406146616
-1.0
0.04222422007245933
0.047160238152719934
0.0372313586939264
-1.0
0.01910755321191206
0.02917006188104988
-1.0
0.02164075480932408
0.006707049513871584
0.00034807105753547463
0.008206969619091823
0.021746452700871038
-1.0
-0.006543366072549253
-0.019036182837997535
-0.0266306472283042
-0.026925168665521065
-0.030522281489434012
-0.030640660761381503
-0.02619755033139084
-0.030706485454496828
-0.034173082093789664
-0.02423703507791893
-0.03196136190611714
-0.029893361061446296
-0.027343414008212878
-0.02447497304154105
-1.0
-0.004300698837174173
0.022266843396335664
0.04173432003294308
-1.0
-1.0
0.047443945747437856
0.0487514393461454
-1.0
-1.0
0.043649765399497276
-1.0
0.04692298521545299
0.050156722435299055
0.04531682790491598
0.04578761424698453
0.04325310615263216
-1.0
0.02306770904801031
0.024977166259759816
0.010109304110281785
-1.0
0.001582661278084037
-0.0034968364202581054
0.008262775934922787
-0.011382983882217859
-0.011112170204579485
-0.015888970415431147
-0.02064082938457811
-0.01808716761940595
-0.021116765362682973
-0.007480772556896713
0.00849768532514222
0.00397954513042833
0.03508589129201058
0.03253025410958358
0.033129216384746765
0.018033275677579327
0.002952573029379665
-0.007177050217115752
-0.014485833810594732
-0.014219421391550574
-0.006441884808079642
0.01019263774733176
0.03640898249991568
-1.0
0.028425700937879373
0.020861632472422283
-1.0
0.004323374757201438
0.0018651236674133188
-0.0043969461478606696
0.005126050809562728
-0.004536863749234572
0.0029178081921951166
0.031165577450749535
-1.0
0.032540647073228325
-1.0
-1.0
0.04737653512605181
0.043914200954334
0.03828846681532318
0.03624890587140596
0.03895308208938044
0.03924196766401603
-1.0
0.0387986472683716
0.046341625996936316
0.0433695935875128
0.039859292717438086
0.041066792818247
0.040573879195068115
0.04462747762690483
0.047143038821107604
0.04546092686682632
-1.0
0.04502389403936435
-1.0
-1.0
-1.0
-1.0
-1.0
0.0481708829228055
0.040479507478601566
0.042560962367081574
-1.0
-1.0
0.046117723617998145
0.04221521800638125
0.035402224766757
0.022935643822724977
0.012532901201071554
0.01969098743743023
0.017273349328032636
0.001984143973197046
-0.007636494470172117
-0.0029675504783115577
0.0031410423350479687
0.002281277677292564
0.011030457632346545
0.006973037223083684
0.004740429823316977
0.004222102670172353
0.011561200347218359
-1.0
0.036029015096792294
0.03037235724443883
0.03895050400181857
0.0421564715690091
0.023760290727947296
0.011636442512663325
0.003049331987065806
0.017265950910106954
0.006341341429134431
0.015478834688770902
0.0179341346327211
0.026728257956415532
0.006386318237373756
-0.020059484374231475
-0.024615647771713132
-0.031513095751867136
-0.03194409462990957
-0.029206176573862527
-0.027788176794012725
-0.028296482521670333
-0.026453456295955864
-0.02538479226858291
-0.02464957794286805
-0.02395474284887004
-0.012844066061053306
-0.005741536633774727
0.010202620902829232
0.009409809015931726
-0.01336045604458698
-0.024769975243496972
-0.022880189640584567
-0.017246026744314996
-0.023838371883910026
-0.020660267662819528
-0.019683055299816694
-0.02185555178250262
-0.018618115816674417
-0.01719492507270862
-0.02702831392764668
-0.025317864320822475
-0.022808521877484125
-0.025085070950173302
-0.027068322974945935
-0.02738373119160799
-0.0227815672530954
0.005777587354797616
-0.0002856616641375769
-0.003785898449636287
-0.011365903488624724
-0.022804133739528373
-0.02346290156374941
-0.021175195268960476
-0.01902617465047678
-0.001262786043880241
0.024772982355571734
0.03386002837684222
0.03186084579487589
0.04153113101716234
0.04692043642841855
0.044606238012571214
-1.0
0.04456709667483313
0.03840233967856977
0.036584225178999695
0.039343888794304914
-1.0
0.024690784162659855
0.0031371840209159074
-0.014593423481844845
-0.01318819892384984
-0.021860976390169304
-1.0
-0.03010014438741549
-0.029533526405174614
-0.032394898939251834
-0.029929863939309447
-0.027754681706576217
-0.023513936871679936
-0.02177965038839305
-0.03270320692115108
-0.029548898044282026
-0.03125295804765487
-0.030377561252863634
-0.030259856613980566
-0.03269799654638927
-0.025655824718477747
-0.013332591476964733
0.007565243325191169
0.01102009100574887
0.01820808485089135
0.007322379287121001
0.010962570079075525
0.03271415240328164
0.04142017854326695
0.044284699679402996
0.03240344967021269
0.044351263664946156
0.04547863690136665
-1.0
0.05542962632978193
0.04579306945067423
0.05389160128866639
0.043832538346008726
0.038239870628116415
0.0379238213887215
0.04119970524932951
0.027085508537564564
0.021823022414378803
0.001855173525617494
-1.0
-1.0
-0.031869690968387376
-1.0
-1.0
-1.0
-1.0
-1.0
-1.0
-1.0
-1.0
-1.0
-1.0
-1.0
-1.0
-1.0
-1.0
-1.0
-1.0
-1.0
-1.0
-1.0
-1.0
-1.0
-1.0
-1.0
-1.0
-1.0
-1.0
-1.0
-1.0
-1.0
-1.0
-1.0
-1.0
-1.0
-1.0
-1.0
-1.0
-1.0
-1.0
-1.0
-1.0
-1.0
-1.0
-1.0
-0.03651871428233044
-0.038477539038006825
-0.041312247807579104
-0.03611514331787894
-0.019731528845262428
0.0163868769685914
-0.0025468976713823445
0.004246613369486897
0.005949757186102523
0.005302841465199827
0.024133441767995333
0.032383859804763215
0.02422634114554599
0.015632257680398175
0.009754413889845626
0.028677381666520188
0.030269985930829347
0.02768484435980222
0.030942703579018266
0.03779731828059476
0.037336471386213224
0.009982693332188057
-0.029805197657680613
-0.02570220244227401
-0.02737797571477105
-0.03342991736011482
-0.03388963096355295
-0.029017972374062697
-0.02364364610399639
-0.01878561402500105
-0.007360504455354258
-0.025028067230526984
-0.020798661869901192
-0.02010021441992653
-0.03133151116065527
-0.036682895581493506
-0.03707427213635721
-0.03643144152372738
-0.03797519460304575
-1.0
-0.03501113824133031
-1.0
-1.0
-0.04044304926788417
-0.037513616999343885
-0.03722579343625162
-0.03689643544090295
-0.04028195945258417
-0.03647566235421937
-0.03229973478374139
-0.014194100305549207
-0.012044540271804134
-0.020573456228422164
-0.024682088974436564
-0.03438763803235431
-0.032326002794690153
-0.02302934407360697
-0.02152952732079438
0.004645886055025939
0.020027824632332325
0.019159954211104998
-0.0026292645650121405
-0.028862062815550624
-0.0286546412207637
-0.0253033210375996
-0.017477828733199818
-0.01785284616049055
-0.011796963717033666
-0.014612571713982146
0.007141117496032523
0.03231337761144105
0.039668696419910006
0.03913381123030162
0.024428160072020904
0.009116544481650711
-0.001621976108950855
0.0017881620836120338
-0.003077828697429046
-0.0054807567908469355
-0.016027045040109173
-0.032427556043501664
-0.029713829025578408
-0.03282220432238218
-0.026770523384713682
-0.026130255880384576
-0.031287775352012444
-0.02553771240039387
-0.019261895935469408
-0.02943134963750985
-0.005967192605600414
0.02549681705111584
0.03638867437463098
0.011401421302488595
-0.01700850597610513
-0.014006355414206566
-0.031221832221047338
-0.035142090860356065
-0.033467133277319164
-0.04209957679164439
-0.03883268785180513
-0.015199430493401077
-0.014598705851880354
-0.02077799944925856
-0.037434240425364265
-0.04307698363366591
-0.03972615841298067
-0.03703029150949847
-0.035606146852769374
-0.038853537784233276
-0.039843906314241964
-0.03835741835958038
-0.03591983341784613
-0.0018145302535085472
-0.0005485007454051747
-0.007792453435194161
-0.024086403349406635
-0.009642449480321906
0.0006840002758353353
0.010015691884621826
-0.00044146837877100304
0.012845859041216032
0.0008028204858386945
-0.014344624394006952
-0.01887318516449478
-0.010907323440223014
-0.01845632732112675
-0.015957271831991717
-0.01628886290010397
-0.008552506837553465
-0.02083207013741962
-0.022952840545485412
-0.025217996322395138
-0.027413905628206954
-0.035565446400533836
-0.02786590554545189
-0.028998203202605852
-0.0008137860485877281
0.01193244905956442
0.015871831328253632
0.02232558670005433
0.021529551604892574
0.0237199760607155
0.014814616780226289
-0.021279127886612976
-0.03674838707007126
-0.03677153575241339
-0.024905958438726523
-0.017975482904158322
0.005703439274656951
0.011522318481996235
-0.023972661926708563
-0.032470667518532774
-0.022684627418518663
-0.02604755701488807
-0.027682245939413742
-0.022358543673566787
-0.02825942468708302
-0.030479089250465573
-0.03399865164955842
-0.038255122481595565
-0.03639430879179417
-0.02940201441215373
-0.018619007229047156
-0.009595300177345095
-0.004605650945202762
-0.03364173882230619
-0.040833827885630954
-0.04014094263043935
-0.040502184275936555
-0.039059099060137346
-0.03946840789643062
-0.041487989572473495
-0.03992678009762057
-0.0352579095212731
-0.04038739680292963
-0.034527323656156295
-0.03557998255213207
-0.027504465337795735
-0.015758971811035444
-0.028927433640098962
-0.0389767238308019
-0.035663735835735164
-0.042354374974234645
-0.0399125639584194
-0.044002875669991504
-0.04013376240796114
-0.04070249918981835
-0.031809578736263805
0.0058353049532351734
0.029827830693748676
0.031421275835168135
0.04360895631054914
0.026783236622993107
0.030618271048196706
0.01064996126199009
0.0046015787954719976
0.02972179723042384
0.05231199017517397
0.04314789641810569
0.04101837721759071
0.03600246313411391
0.028214107725153342
0.03745776946923309
0.03889850045680968
0.043843147198775294
0.03174500100613974
0.026925493533740026
0.021066426913858613
0.006954401618408096
0.015100545940624988
-0.01479138887091449
-0.023962422153208096
-0.027787648872686553
-0.021997288183714762
-0.018279808234773116
-0.017634250687446656
-0.01967890122688067
-0.013573678950609938
-0.00444840737877822
-0.0007290153109662981
0.0037518232181059613
0.012468225626672214
0.01578846689832057
0.012491070947489072
-0.0029292524352741637
-0.0009957186583136309
-0.003994313645357413
0.001632692597985927
-0.004589123439011392
-0.012405910141237542
-0.016969977850483986
-0.013606372770885226
-0.009815323225780935
0.01997385588869925
0.04108995510678778
0.03744452041083807
0.024312483807803376
0.02016004684438397
0.0002254301777925644
-0.026189353385130246
-0.02293974738794749
-0.03466266423630812
-0.031403079232511844
-0.032637461445187164
-0.01887256633609899
-0.018166500390621065
-0.032311782042190824
-0.03422660800174523
-0.03231768398443715
-0.03009157878158988
0.0018402332325089517
0.0028493782830350937
-0.017143287631843716
-0.022731720622979942
-0.03665439979259633
-0.039625266910958926
-0.038097595306636964
-0.0363266447339403
-0.039842335381815225
-0.042595797212509105
-0.028937282980205307
-0.022726448603647042
-0.013662119772233148
-0.01658773631772455
-0.013445550658885027
-1.0
0.029837045188257857
0.022247270669224287
0.02366039625635975
0.026417618165340998
0.035919050978344934
0.03893549211988676
0.030110706816937918
0.013355732562060756
0.009955109395842309
-0.00021296435177151413
-0.0174424533899786
-0.023956671320104064
-0.025638392059952057
-0.028570430498214647
-0.013942478332278647
-0.027652952991762736
-0.028413698375104587
-0.03364463115146698
-0.0379083951002059
-0.036026153436644955
-0.0332018149236389
-0.037425048970795786
-0.026689129020956125
-0.006820321998447901
-0.028007545756309496
-0.02638836334261317
-0.026070043433639244
-0.024225631768877254
-0.029173716383059746
-0.02121944688632283
-0.010015224575620391
-0.02532152894212375
-0.019925197298479927
-0.01964681307519276
-0.020423805790261807
-0.022645228419252317
-0.02057125465932278
-0.02232809385694296
-0.025388442323681717
-0.030795051326104828
-0.027422858412326955
-0.02635681513002995
-0.0039618669162721065
-0.02587426164838771
-0.03526246531125371
-0.02614420712841336
-0.028813109209733172
-0.0185724172129499
-0.01839213288581711
-0.03023905703565452
-0.0355993184335849
-0.005474790027148842
-0.016973774007531563
-0.02244116602430066
-0.025559469152809114
-0.02728255606584729
-0.029935220337306147
-0.02833864730484701
-0.04031785434985975
-0.02163084787621109
-0.029188416401577606
-0.03349671421103859
-0.01882556600234338
0.00793696343415109
0.03838753353097585
0.03129397493088682
0.02001359667114678
0.03724735689106625
0.0246257100537357
0.01671035623406388
0.008926664840932115
0.018660428371566132
0.01378952253179103
0.010242322378124573
0.004414660845455868
0.031243863552578778
0.029083891495327235
0.03428198199591494
0.019712472839275526
0.0020587814459131384
-0.0014058307470750104
0.0021333043133304978
0.015114556225953615
0.013592650964339745
-0.010546982426759699
-0.037484506007607825
-0.0404206337490314
-0.03846234192213902
-0.03793710749688418
-0.037419665049069836
-0.037437842646078696
-0.04044555310103327
-0.0403180590351832
-0.03734407894959272
-0.036413266902792674
-0.040167442452354415
-0.04244271536279722
-0.038903065130348746
-1.0
-0.03888902761200586
-1.0
-0.039151202568800635
-0.04334777456028699
-1.0
-1.0
-0.03990806889774264
-0.04195883446052277
-0.040452466511903366
-0.040184286885652655
-0.03960854308065457
-0.04181171082404424
-0.040125054630594806
-0.024496545810897014
-0.025372851946719246
-0.014700882377328677
-0.003106457534138312
-0.008749050399492085
0.0010049354853158019
0.008196930885730066
-0.0210217249280499
-0.015477644434117001
0.004634157974291429
-7.234085966428713e-05
-1.0
-1.0
0.002621123791166749
-0.007541026482051968
0.007028411081050799
0.019182229744737985
0.012668538744097006
0.02568829463053747
0.033456755671541626
0.004068397483397715
-0.04243563663214808
-0.04068101181383451
-0.038208423598332646
-0.038661598338841426
-0.039419018862226964
-0.04189283208892328
-0.04297397474257072
-1.0
-1.0
-0.03976485248666774
-0.03788755967758537
-0.037506153949186063
-0.03757808932448921
-0.03697728471667226
-0.03809602852801838
-0.033865369152709136
-0.04059336762086255
-0.039730146111066976
-0.03593661272382269
-0.03401094216658338
-0.035514399150280984
-0.030683215567541104
-0.02385825168035681
-0.004661277460320276
-0.008760009136612996
-0.017954922538496763
-0.006995399814163376
-0.0015103742028520048
0.007616459539098164
0.0024734118174241726
-0.009913259786548868
0.02990311715878623
0.03179093184354701
0.03012968148950787
0.00883374351112653
0.009374064560064186
0.006962229287994417
-0.005880793936740933
0.004577898680026105
0.01631605108936858
0.017513169657556088
0.016136647250541824
-0.000907988760704597
-0.0007093822989835765
0.002840432171256231
-0.008423722752873711
-0.024576129851995143
-0.024638587956170813
-0.038260753972099784
-1.0
-0.047385094419317535
-0.04502904197943339
-0.04244449909206447
-0.03813272848360027
-0.03633928355711461
-0.03540329644890104
-0.04083213984037049
-0.03410350283735938
-0.03983902424291647
-0.030901324232804735
-0.03474914680441427
-0.02975881876745385
-0.026058637866622582
-0.01826378036584493
-0.03459477669457073
-0.03888800052706087
-0.0427508086159819
-0.041013260990830414
-0.039063584410335174
-0.04316647522744163
-0.027580121972189862
0.018320430003250204
0.03024707983272309
0.0281971785864158
0.02390927214017411
0.014199929698847775
0.03013645728161708
0.030076151505638457
0.04075569252207021
0.03978892507823741
0.04842697181527912
0.04159942920429245
0.03253648521696548
0.027011496261087897
0.02425181341922159
0.028808978137422357
0.01575407090909307
-0.03693502581310102
-0.03722230168438395
-0.03467323620042985
-0.04294729865893759
-0.022694856177222975
-0.024504109292190473
-0.03973177005912116
-0.039840962433348434
-0.025666232748529305
-0.003083939340121697
-0.004391523985667757
-0.021753927208043925
-0.010906245495589287
-0.02133863922920062
-0.012617005619530395
-0.008391801154549825
-0.0035861287849696857
-0.014265551281011004
-0.008334787350184605
-0.02406786139445483
-0.02854638710894618
-0.02704299225341867
-0.015079002678045753
0.027729907031647003
0.0450563648437114
0.04261771413323888
0.04141986537895074
0.046148081505268994
0.05175661397593
0.04649090162839086
0.046697198393173094
0.046769698315069594
0.040294146880043354
0.046617009136856284
0.04045733203523056
0.04914773618858298
0.04652808870836871
0.043542954456443794
0.03731754669889394
0.036242030656809074
0.03859512409246229
0.03425681532251589
0.03756124978873479
0.03844716954493912
0.041776414656199516
0.040749425425822154
0.0358639734436808
0.03400674441618226
0.04424653300271573
0.050561589942467774
0.050780522661238836
0.054058110797480706
0.053789513256855714
-1.0
0.051506948450532254
0.04712226896243272
0.051365671826286916
-1.0
-1.0
-1.0
-1.0
0.05029120311802231
-1.0
0.041329264675584294
0.040966220779654956
0.044060065989872
0.0399999806518128
0.039741492389611444
0.03934090212478564
0.04523980495781807
0.05118222451739022
0.04899548941002936
0.045088288348625674
0.051213784348651904
-1.0
0.0510530990215768
0.04532818628249004
0.036976751306495116
0.030858740636547713
0.033507908436801084
0.038227926998681834
0.0293974647198509
-0.007652757948258744
-0.01198183627438227
-0.008739359993758633
-0.00589654418911296
-0.004023766785651597
0.00637530555002176
0.006416823807062903
0.011900856130642009
-0.0017245590796834344
-0.00269478861204008
0.004059407469551485
0.008921896001753905
0.00369920212872083
-0.03210117550337826
-0.03696395257378449
-0.040234734509097494
-0.0345991146441408
-0.03717386390541199
-0.03136239735544458
-0.029241825674045863
-0.02607295067454305
-0.02355156279552394
-0.028493605606578962
-0.028313330138964372
-0.019972385245869733
-0.005432637074763789
-0.01476002060912266
-0.011232579309431317
-0.013136069720996263
-0.0033895730784810497
-0.00976091059979978
0.007013783407873972
-0.0038865779844909063
-0.02022158884202331
-0.027066200443547093
-0.03879303132075364
-0.02848956244971267
-0.025489479682612667
-0.031245200562696026
-0.027810161785546805
-0.022854620244937195
-0.038360821141003414
-0.033852275557527234
-0.03061418936421132
-0.03446067100080905
-0.031798985201548544
-0.030495213348041804
-0.013539689211909959
-0.03484131469287137
-0.024392219734161853
-0.019374775147484105
-0.032014838997355737
-0.033206396002663875
-0.03961175101883761
-0.027463900466484018
-0.01942374941915556
-0.03186238013661951
-0.008207304068987223
-0.016787029428226057
-0.030319075941817993
-0.015093194780443844
0.003119358320282557
-0.029953505112104154
-0.03353746955736406
-0.03294615710108146
-0.028734597733883094
-0.009305529716589645
-0.006405701980333629
-0.005337256309874332
-0.008093983837915212
-0.00831497580712676
0.010358718197791477
-0.005562370354182673
-0.017367227847138886
-0.028769936018797793
-0.03281554423853614
-0.02672015020030444
-0.024849348628363598
-0.02913153393225834
-0.03688701727011771
-0.0331807587151275
-0.03395600866827697
-0.03098268325311045
-0.03404985984112328
-0.03077606458462362
-0.0156549824510158
-0.011261444576315551
-0.01422066989821807
-0.016904327728365663
-0.00668490698825335
-0.008851684169608218
-0.009590063241156762
-0.013792769819384166
-0.027638744337981934
-0.028329656060275214
-0.031144770564249625
-0.03325708938302518
-0.030308967529770244
-0.02725368379095491
-0.02998583492942562
-0.030488969729307983
-0.03272941928680389
-0.028195094281482796
-0.0372049751486444
-0.03813216282490487
-0.03231500399170704
-0.03765028000532972
-0.03281097472397848
-0.038913589078322194
-0.03814532627604586
-0.03599910626494967
-0.038279531108577285
-0.036523544923494015
-0.0228892346570376
-0.027292491695682916
-0.012091019358982085
-0.0017825772061743107
0.004022440557324157
0.010309402306155123
0.0213226575176906
0.028111662056641385
0.025063820869650994
0.020613648404073783
0.020088667075137935
0.018875999682835837
0.02383807497070971
0.01923056278640034
0.023570925558339485
0.03021812138437156
0.015010069264337383
0.01742497502744824
0.020630574461940582
0.02778922084075313
0.01799527058787691
0.0177024819424133
-0.008918063838977386
-0.013456684941686909
-0.011657798806794724
0.009453920389516276
0.021147939624995865
0.032316114155207236
-1.0
0.02916672840364163
0.03286096774999006
-1.0
-1.0
-1.0
0.027555890159009735
0.02941260474954301
0.028425081594111775
0.016233043532834363
0.010119723801025316
0.007138104310444883
0.024066357406918693
0.02629222312562975
0.01710686906893985
0.031154432557859376
0.021196839143917984
-0.00028623336430746814
0.004866687190869582
0.004156757107460435
0.01157506908785694
0.021159871670491992
0.01842241029131411
0.003142388950101553
0.0070947881838933045
-0.004703358318049208
-0.00268371701126948
0.002041020942298139
0.009269176046263893
-0.0012925629644069195
0.003269702873562572
-0.0027870456141373375
0.009593376232853909
0.015004850373318161
0.021058558547420312
0.024281932126370382
0.025901781767293703
0.031132705660629492
0.02215672973403961
0.027814971983429252
0.02923977365207168
0.03481994789542578
0.02975791140339122
0.028614205572116833
0.027292882759818313
0.033261666162452935
0.02197944635329948
0.02644102623321473
0.029267850246324098
-1.0
-1.0
-1.0
0.03795204973668192
0.03624565561410276
0.040488594724175334
0.04034040406953563
0.04202739537870289
0.04163481003108036
0.03993327534598887
-1.0
-1.0
-1.0
0.035799767272146066
0.02701422772223721
0.025773802420911644
0.022669004361079235
0.030986753307006284
0.033657067984750204
0.043192680069862446
0.042726980004075786
-1.0
0.04007528510638121
-1.0
0.044469228410676125
0.04167349694758071
-1.0
0.04029089573781999
-1.0
-1.0
-1.0
-1.0
0.015409955648714727
0.012755650991748302
0.011144370209006391
0.004604392604462259
0.00933071007359616
0.010014169347342705
0.016364117223914048
0.03390187341402645
-1.0
0.020709113076231276
0.013315380573897494
-1.0
0.02904289109139354
0.03469148307665853
0.03602749012486308
-1.0
0.03555437761036086
-1.0
0.039138501283264716
-1.0
-1.0
-1.0
-1.0
-1.0
-1.0
0.03654040388841955
-1.0
0.03226034324914646
-1.0
0.03215842978017421
0.0305804330899156
0.02666866630400031
0.032102361918307586
0.03144411983809906
0.03050762584239183
0.030370842314251075
-1.0
0.03403949404006944
0.03827306586369394
0.03069030217962424
0.03565043285735156
0.041853085663890274
0.043249120671835194
0.046663458981478154
0.03795799236838938
0.038857344947386754
0.02974871746654157
-1.0
-1.0
-1.0
-1.0
-0.010629418867324637
-1.0
-0.024940099342221193
-0.022344174299939984
-0.011441495166463124
-0.01924421020376012
-0.028106271511001545
-0.027787512275495373
-0.02311060680914583
-0.02383528113488028
0.0003394021804554469
0.0026823433443678327
-0.024346914417299276
-0.032899624344059776
-0.03323581139471937
-0.036222102721570615
-0.03633330398026241
-0.036675323326781105
-0.03460955380154625
-0.019064608341815805
0.007083066893406376
-1.0
-1.0
-1.0
-1.0
-1.0
-1.0
-1.0
-1.0
0.0002974323303828438
-0.0031801786627768305
-0.00952181815731652
-0.008029875172562794
-0.02104373589098513
-0.020410752767644653
-0.019244121310171412
-0.01618316064366638
-0.013694828369567634
-0.016927022356755486
0.00643273625523751
0.006271564170599758
-0.017295105492036222
-0.023031036503108445
-0.02785165074260161
-0.019272176218162032
-0.02233461743746074
-0.020604473340032077
-0.020693613327232244
-0.023860593372040682
-0.022132367176837368
-0.030687722061665822
-0.032248843625109644
-0.033605694612437446
-0.03255720736757337
-0.035288884044897766
-0.035522003583187245
-0.030237536778526364
-0.032087783779801766
-0.03437265521214895
-0.0258738732173034
-0.03370563758421441
-0.025631319692277322
-0.034314144979902324
-0.03412729111990991
-0.03408354004777461
-0.030610811589218533
-0.033576453505165686
-0.03331491545079976
-0.03487976218936343
-0.037260821497111914
-0.0340071444399164
-0.040022481136314896
-1.0
-0.03506436186348976
-0.03305666392960599
-0.0346389800890946
-0.03701411287263571
-0.032707094416947684
-0.03477068034812109
-0.019878368153090225
-0.0014759478172332412
-0.003777591848410354
-0.011458097103265936
-0.023168417090281983
-0.010095509718300942
-0.01966699037316069
-0.023049307971357045
-0.02777934656815002
-0.019814772621229958
-0.014343264219566207
-0.023841819864646095
-0.02247828167853504
-0.016517826301504272
-0.015549288618041205
-0.017265458010738095
-0.006055419401616738
0.01753891587027645
0.02796200499132913
0.03175294933276437
0.0414698191577551
0.039628870031414014
0.04306231288077022
-1.0
0.03931659208488978
0.03291751061008742
0.028225355215932373
-0.0004948649602675592
-0.01047163830681735
-0.02056562634705471
-1.0
-1.0
-1.0
-0.02192060057566443
-0.019644308078268915
-1.0
-0.007107700971412555
-0.00831659121878933
-0.0014223243750762092
0.008289273501133716
0.04020693224139421
0.03960523238838383
0.029226789551565623
0.03408714256941572
0.037485902563231116
0.03678282108218115
0.04302043685313388
0.044170119806940585
0.03151843928899919
0.037614550579093346
0.03554166904492854
0.03337401033717523
0.028389235707073746
0.03549635401996552
0.038574519724196704
0.031075753601013768
-1.0
-1.0
0.03203482500004638
0.03174420167972869
0.031237803486053425
0.02814306241901358
0.03071004908311726
0.03150187108459811
0.024843006874034422
0.029178921999605565
-1.0
