0.02412870306985221
-1.0
0.03102869646828212
0.02419670482336753
0.022603762787315577
0.029468970689686156
0.024899170337732937
0.026083660780912118
0.03265534423812787
0.03446239910396171
0.0324103478765893
0.033201404500585376
0.03142155807076436
0.02552341694200715
0.02851166426206945
0.03212408559575551
0.03147314531293457
0.028971240601727403
0.029797639436457732
0.033112346801457915
0.034844056076401723
0.0364392393004145
0.0352492894217949
0.03611673991331004
0.03729076151710479
0.037023361774882524
0.037312584584453946
0.03289911822080608
0.03313618916004595
0.0018438986686729088
-0.013603937536494368
-0.01556135319673442
-0.005792910425066059
-0.006652245390503892
-0.009784745461036066
-0.012814388383460969
-0.016767438519006153
-0.017368349419506785
-0.019098187803603714
-0.01478239146082255
-0.01951695766161981
-0.022639929238430306
-0.021729031300193
-0.025722900829332988
-0.025391088614210924
-0.024142995662305697
0.003161927384365699
0.028613091464349216
0.019911014183524717
0.008252136957821054
0.018766879512068308
0.013897198588178757
0.0330656384520842
0.03599141072632453
0.035742869713456575
0.03400678185048488
0.034524614356826834
0.036577477426614664
-1.0
0.03604365955338987
0.034958926944020516
0.03624705930102697
0.04031532414805993
0.037379263252701966
0.0396457427207639
0.029387087567046586
0.02116616212952838
-1.0
-1.0
-1.0
0.01009416299285622
-0.02188761200418879
-0.006091045237806517
-0.022225332812277215
-0.01497244696656988
-0.008841600839666798
-0.0052151143767356556
0.0014902877912516075
-0.0025328131003268957
-0.004569990729873435
0.000904207521081062
-0.018582379063285828
-0.0196448199445892
-0.024583258397760478
-0.02352567495869039
-0.025107067475458718
-0.02357299078632188
-0.024067681700700186
-0.02350216865701454
-0.022850738411338084
-0.023838704501064924
-0.023347531572885917
-0.02209482400424005
-0.02307144674500308
-0.02287262860390078
-0.022834871192587394
-0.022659312199371943
-0.023553850565764516
-0.023620994686233274
-0.023273996670947105
-0.02499044763088527
-0.022267794767205806
-0.023399853956317104
-0.02435945589272916
-0.024006539144782395
-0.024136759646047615
-0.026454749594016603
-0.025606525542364676
-0.024054138249729084
-0.01416574766616931
-0.0068716029044665165
-0.003806440855436362
-0.016705575172476308
-0.023280246664257466
-0.020285278586289306
-0.021702627648503628
-0.022632373441512924
-0.02083350793667548
-0.017404789093441456
-0.019989327916200745
-0.015025100494212166
-0.013663282917154379
-0.009154556131094607
-0.015636487055105033
-0.012027607726994714
-0.008979097752694799
-0.005175163182817378
0.017087910935876624
0.006201777429870761
0.00444309036632941
0.01372520554252879
0.013011855369349483
-0.004656529498508325
-0.013974959168466432
-0.015294202358517708
-0.010534427108390048
-0.01179845713994906
-0.005622949568374115
0.012629834250869165
0.01620036138949194
0.00529747279949976
-0.01618395692405507
-0.012862232617248217
-0.014508034537638105
-0.012177529732904006
-0.01569875046563764
-0.017075213873280867
-0.013069070262166914
-0.016669354764548627
-0.01987685757044052
-0.01906831509069532
-0.022458444278758136
-0.02404177975326632
-0.01506088831918555
-0.01883563485198979
-0.011049771117088991
-0.017195298114894234
-0.014406529766201208
-0.012501507683979876
-0.006678869861769296
-0.0011978511492240578
-0.00862238239871985
-0.018345969870652453
-0.016878157569226972
-0.00529357598042867
-0.008304403881931004
0.012777858800438179
0.023845749461099654
0.007715936145110633
0.014068922142308937
0.02800549660026082
0.02574847918457006
0.023006068217961955
0.03191083218191587
0.030683178397255963
0.029352340750271426
0.027236454052289232
0.0037256748631619065
0.006870324568983419
0.0071524688282382995
-0.0013442600072971925
-0.010290885079188744
-0.018369750065994134
-0.007245381156078477
0.01424257825904669
0.014311270359430901
0.0034716492154458368
0.003066445952838157
0.0026985080818150175
0.006638578959560067
0.006512815005911596
0.003212611247816684
-0.01073763558324102
-0.00587414219743562
0.0033220031444570128
-0.019223808925009883
-0.02253020780628946
-0.013285689888817873
-0.024120183746129908
-0.02407631789628751
-0.020681924390387227
-0.01243432508626512
0.00983958470200298
0.005482053998422548
-0.012393937219760435
-0.023146909571381387
-0.02396169481424753
-0.02414549754642375
-0.020913654251618966
-0.027072261918982484
-0.027926539014473624
-0.029227572610265977
-0.026333914602140573
-0.024992490503813566
-0.017170439474900698
-0.01884196775480315
-0.024966814659738944
-0.026250031127722222
-0.023466822723402805
-0.010244869394374738
-0.017179601714565243
-0.01080273649094784
-0.02068494877647112
-0.02012952975459094
-0.014495189759243871
-1.0
0.005790611042416182
0.03292795030805895
0.03286336804489341
0.030769880709369285
0.031450214187440546
0.025725366252395084
0.018727397245134295
0.03359187108063123
0.03690981269550971
0.027603688676788547
-0.003347930309568168
-0.007927516207520602
-0.020812106357658705
-0.02234689360523593
-0.023082560808351905
-0.02409451655176333
-0.02163791246754852
-0.021347407139587965
-0.018561045295775333
-0.01740619640019183
-1.0
-0.0077174398270697595
0.022888261616350488
0.027333900970458503
0.028288205341378807
0.012913695112898397
-0.013342708313268939
-0.018454000098181707
-0.018939934630504605
-0.018936874730630902
-0.017585281373416223
-0.01952047776505789
-0.006824860557040467
-0.010949640948516215
-0.018474478805018964
-0.003651523339909256
0.005031040596895904
-0.017110415922597256
-0.014381555990277108
-0.01734756355362921
-0.018005351155187723
0.0016826242111021236
-0.005119496727982165
-0.011842210385709916
-1.0
-0.012411080366162335
0.011068351202158828
-0.01246160602915092
-0.00855336019283192
-0.002614563912454958
0.01658317961616027
0.027545702443557526
0.025061600185262004
0.020497848419654338
0.028669122150805436
0.0321533415941049
0.02280108619334947
-1.0
0.01756083717124664
0.006502429933006409
-1.0
0.006410595437259325
0.007087764905112842
-0.008643165911856163
-0.013961075329314765
-0.01807960693890069
-0.0207260648781643
-0.02305145049018571
-0.02084193175055524
-0.023474158128189482
-1.0
-0.019645181331474127
-0.019851396355230585
-0.005540773516840563
0.0168242825308901
0.003601549027047707
-0.009827417883058256
0.0029383142860880864
0.0028622040197043975
0.019034264009550595
-1.0
0.02068791502618457
0.0008212547423649788
-0.005430307039908666
-0.013930467916107836
-0.01771598913861829
-0.02191693218889644
-0.024762186032066254
-0.025389321192008915
-0.02612639463365696
-0.02500660779146046
-0.02306455239628867
-0.008343370971907267
-0.0032779737825477015
-0.003270661786415555
-0.00640182315427894
-0.019594741395113326
-0.024933048382343226
-0.02125826497393194
0.009656477125813188
-1.0
0.017696697784750987
0.019213577322386818
0.03455959096603745
0.030061899079347393
0.017031123117959023
-0.0026654934569620226
-0.013732168583971475
-0.007262083110604244
-0.0038073890125846226
-1.0
-0.0013848398142424772
0.011737614706556694
0.016269118951521517
0.014714818797720417
0.006359108336474087
-0.016797391604767117
-0.01873904940500912
-0.024572361994389388
-0.027920542724759877
-0.027092364446525394
-0.026383210833834617
-0.023724666470043405
-0.01648055584681819
-1.0
-1.0
-0.004101854972728066
-0.023326813950182424
-0.021282694924313197
-0.01663035134670003
-0.007833529354093604
0.014795253002253561
0.02181373390785174
0.013954216728026679
0.01225519188597958
0.019940530838803632
0.03254853702245654
0.018381529994813565
0.01620279364446213
-0.013688634781909082
-0.014417548905821203
-0.019043094483240763
-0.022608538069178837
-0.022517128835783436
-0.01470896323132739
-0.019758974177760298
-0.020606521478880004
-0.02750378553776644
-0.028918841151360772
-0.027051316447887115
-0.028665556032166313
-0.028446943242626494
-0.027680918846381443
-0.026377866457274076
-0.02812855563257711
-0.02235604594896214
-0.0064141406009226845
-0.011926479666232311
-0.012248154575796916
-0.01643481113716264
-0.012447995258259976
-0.011288111113855392
-0.00253928993948229
-0.00917623112603648
-0.01948725690277507
-0.023312879542759853
-0.02414177187997371
-0.022378830722226798
-0.020366580151595134
-0.013622891848030456
0.029664931197386956
0.029308565705255245
0.008153108672939044
0.015444218973296897
0.03028696768204229
0.03046834381659351
0.029740773031508797
0.021446473498693015
0.02493796157697628
-1.0
0.02737975985694247
0.024749885483674825
0.02898271230176896
-1.0
0.028678815385288325
0.034663765816708984
0.03292938002376536
0.029573409785523537
-1.0
0.02601861652421721
-1.0
-1.0
-1.0
0.027204463225369124
0.010319271269928983
0.013396758670758301
0.015147865501741678
-0.00982081251983671
-0.017515306959270956
-0.019138650165019346
-0.016844602472386474
-0.01679372288452405
-0.015016481112286347
0.005171901153758089
-0.01388349365817697
-0.004247369944668034
-0.00031767173872043384
-0.01125178831146331
-0.008867511662060516
0.0046172557469918146
0.03228743038008272
0.028355489271128687
0.021919649711581984
-1.0
0.03668419041381771
0.04123194740919915
0.03889106342577748
-1.0
0.035077356047403224
0.03779658178671466
0.03951085630817402
0.03886144213163383
0.03799495507698844
0.034213772217188604
0.03526280248720052
0.026164157360310948
0.0010307251829808893
-0.010128334599265945
-0.008297228612451558
-0.010489401855149214
-0.0006851261451961165
-1.0
0.01600431663964951
0.02580336871374503
0.03351007437936022
0.031047291808944534
0.034877748480758294
0.027766693866488022
-1.0
0.03479045980101782
0.03211562163075204
0.031046595580318855
0.030499196344539393
0.02810782957236867
-1.0
-1.0
-1.0
-1.0
-1.0
-1.0
0.02226545034393539
-1.0
0.040966795453827545
0.02467012174299225
0.014505377436847556
0.011485609609183208
-0.0068114202435181435
-0.01341268050566525
-0.01974730922761373
-0.021172770032160226
-0.023968109485642788
-0.026090367714170625
-0.02591431593444888
-0.02466983468809532
-0.02761791782753325
-0.026167412181526965
-0.025937757599984408
-0.024896547196039214
-0.02544679771211245
-0.024931002968442837
-0.025003549494156625
-0.025236182488565625
-0.02403844106072199
-0.02530103000881269
-0.024385433027927502
-0.023146969421240608
-0.023612818852613376
-0.01884390124798053
-0.015316107620093626
-0.007216914548559186
-0.0068241960783328465
-0.003057219212878928
-0.00026829718493939943
-0.014613520149310869
-0.011076290730908121
-0.011460652477935606
-0.017600189106985912
-0.020848849540489506
-0.02045747632261577
-0.02560192938308153
-0.025445108185325156
-0.02524101749008345
-0.02591488613109242
-0.025198365950370918
-0.02594259125927285
-0.024159155228059566
-0.025093140765685088
-0.025402065671869298
-0.025004801672062486
-0.024311988643396565
-0.02464747854064853
-0.024297335771976288
-0.02475588348851037
-0.024329865442967804
-0.023745774803221733
-0.024621901741150233
-0.023668303388622452
-0.02530242039604785
-0.024720118679454638
-0.024741062698413707
-0.024827740729091972
-0.024742821835081346
-0.02385725636490974
-0.023589169289805607
-0.025432576829907523
-0.02516103476526178
-0.024364072335056535
-0.025540140911738438
-0.023991088747628377
-0.026398297138318677
-0.024329249881598947
-0.02004880968281699
0.014092683814600774
0.02175625536264615
-1.0
0.02727405738473798
0.031637468260162324
0.011860445371377355
0.012109334523676272
0.019677757180957156
-1.0
0.013447209083013495
-0.018161669193863868
-0.013729359774143808
0.010306958076092058
0.015409224779698092
-0.020286576551023325
-1.0
-0.024574540447339723
-0.021164761859643475
-0.02407137763495246
-1.0
-1.0
-1.0
-1.0
-0.023984491465952048
-0.022317902590245346
-0.022912551621478518
-1.0
-1.0
-1.0
-1.0
-1.0
-1.0
-1.0
-1.0
-1.0
-1.0
-1.0
-1.0
-1.0
-1.0
-1.0
-1.0
-1.0
-1.0
-1.0
-1.0
-1.0
-1.0
-1.0
-1.0
-1.0
-1.0
-1.0
-1.0
-1.0
-1.0
-1.0
-1.0
-1.0
-1.0
-1.0
-1.0
-1.0
-1.0
-1.0
-1.0
-1.0
-1.0
-1.0
-1.0
-1.0
-1.0
-1.0
-1.0
-1.0
-1.0
-0.02336013274234245
-1.0
-1.0
-1.0
-1.0
-1.0
-1.0
-1.0
-1.0
-0.03513111410919791
-0.03551119059682622
-0.035345973024181146
-0.03504325984306339
-0.026727662483766363
-0.031592147768435046
-0.03044248958507191
-0.0222112376503706
-0.024669624063353268
-0.02551847339880258
-0.02568017095337745
-1.0
-1.0
-0.020202685122960428
-0.02653613512183889
-1.0
-1.0
-1.0
-0.021124888675615332
0.009816177348240402
0.01236467607304179
0.022411119715749283
0.033918732298640286
0.03828982105925502
0.03879707888327759
0.03714783466499542
0.035717652192758007
0.0388675407010641
0.040389840691724924
0.03649154176628577
0.03354675236160988
-1.0
-1.0
-1.0
0.03148925213011325
-0.024684909706676864
-0.03220935598404527
-0.03366422075831817
-0.03578337164323732
-0.0349289478070779
-0.0353915994016839
-0.03626289671593632
-0.03487629630154282
-0.03418568600479421
-0.0345634143872337
-0.03576773808161434
-0.034833316351559125
-0.03364550028228177
-0.025576975680749976
-0.030076806987731824
-0.03361939104037322
-0.0336412238713323
-0.035308816787334794
-0.03538371334804452
-0.03469689226627227
-0.034643373086317285
-0.03515773495779062
-0.030317966023340505
-0.03285175394608532
-0.03223807020465413
-0.03204323280590342
-0.03368263757965131
-0.03269062322146348
-0.03256587600587193
-0.03241624461506207
-0.0308442861652063
-0.029426498902303266
-0.021955042560237698
-0.014014569540517588
-0.021432332677245217
-0.03327785752498583
-0.0358118284032762
-0.03650239034874255
-0.035583379010600664
-0.036481816143490976
-0.03673699712576296
-0.03614607313994126
-0.035535281569113175
-0.03535293848975578
-0.03551145031852333
-0.0377997007641383
-0.03613345073669013
-0.037158926533333685
-0.0351373533475667
-0.03685620192572439
-0.03760065414508339
-1.0
-1.0
-0.03232176175670951
-1.0
-1.0
-1.0
-1.0
0.010109013490807502
0.03652985125164474
0.038395162509491196
0.04046784689392519
0.03913615922926216
0.037386705241979956
0.03805683195754508
0.038219879066523375
0.03826541476258265
0.036241109938788436
0.03551374401941864
0.0362501598159593
0.034529283196467885
0.034320640998134644
-1.0
-1.0
-1.0
-1.0
-1.0
-1.0
-1.0
-1.0
-1.0
-1.0
0.03334637515362992
0.03072704593823238
0.033296627044670776
0.034643376782450296
0.031288918341412945
0.03512457381904389
0.03453815786214113
0.03355598344723045
0.03342650724055482
0.03634755213235248
-1.0
-1.0
-1.0
-1.0
-1.0
-1.0
-1.0
0.03482220745072812
0.034444712880240695
0.034830503325450984
0.03723533983961276
0.03664772603048302
0.03766335719404229
0.03889280175818241
0.03958999766120136
0.03400624621165847
0.03237214297348202
0.03268086455882411
0.031767378791617326
0.03165560539952334
0.03151768000797436
0.031180846640992396
0.029143631994403146
0.034140397786536755
0.02866437861823846
0.03130694348627877
0.030392375517426604
0.03185832922850612
0.03251655328506854
0.037380924763010505
0.037744451711183465
0.03673719245760103
0.031560978049631615
0.03291205160785345
0.03510350448685406
0.036860662864169266
0.03313582894702589
0.037432687310764975
0.04124151369390422
0.04112830206900743
0.03653415195017753
0.0398623428156607
0.03821515846861523
0.037205406260673105
0.039367668410656524
0.03547043653319482
0.030161877029648565
0.032271585696292314
0.032750487271564745
0.033474624086827776
0.03187827816400913
0.030212372250444486
0.038712365933694134
0.037440022467526715
0.027987868355310638
0.026049560872983865
0.02945840741702624
0.027319490530625542
0.027146373679142157
0.03143794984323941
0.031176180331581343
0.023179162700701274
0.021047989825060336
0.015505761801472975
-0.003225092063633122
-0.024113349715547353
-0.026504828533102542
-0.027091419345120573
-0.030947181149749352
-0.029488504235436568
-0.023074747984794676
-0.017920552870551946
-0.024455357788319834
-0.02799415278617271
-0.03166701881158576
-0.013763589211902317
0.022729170155001664
0.03134365281415443
0.024935447008664298
0.016527160631316092
0.017201671122642606
0.011764119049416837
0.014524225237427961
0.009290302964661584
-0.0014571872913636868
-0.007227937267685166
-0.006958227355729738
-0.008807093201266275
-0.014579066265763605
-0.026283891284730562
-0.025902036725774208
0.0012857247889483756
-0.023404013208350418
-0.025551745470459093
-0.02768720857792985
-0.03816040341619053
-0.04080043582495357
-0.040574365355700075
-0.03991693359151014
-0.04007428769549067
-0.04062601069365798
-0.04103630426397197
-0.04190254449594615
-0.04195997061684944
-0.04148662623706665
-0.03493501061708225
-0.0333262771953417
-0.02059161866016484
-0.006256036972825432
-0.014601827239273307
-0.017779099967555872
-0.028703300692361492
-0.026124148551919076
-0.033525822393783614
-0.023691831834201982
-0.01967051347309168
-0.03669216960448739
-0.033641142182503
-0.029117618901795463
-0.03881399616374038
-0.040262158584645526
-0.0405064789864747
-0.040125414145537976
-0.04086584392815478
-0.04019379825440818
-0.03953818575489227
-0.0400645178368887
-0.03989985232112789
-0.03881308016606503
-0.03952662032883926
-0.03986102141456184
-0.04118959217250835
-0.04026175009003886
-0.04076552574612924
-0.040167403671096696
-0.04118953999778734
-1.0
-0.04136998760310303
-0.019164409040678856
-0.020768434631946463
-0.016688703928635622
-0.02354976521667112
0.008677578228297941
0.013256013609851715
0.00020262743742882974
-0.009546288383555286
-0.011956495978359486
-0.002673347899827777
0.005821835082830683
-0.026961961520041742
-0.03599700489656337
-0.03334108305656146
-0.03412407493132162
-0.03595723569363489
-0.024579507870204367
-0.001998391020292285
0.016082946902016934
0.02293099971052503
0.02159729526454928
0.019793853184025306
0.015336292870790427
0.022472486191003973
0.029762120696285484
0.033514751440280134
0.028991394198322928
0.007515724144981433
0.01866096854043923
-0.011601452524728481
-0.01800647648245885
-0.007786048530133549
-0.025896059071280574
-0.029723280163071783
-0.027289148363791045
-0.024296696300375294
-0.020187416087315252
0.010412007006050333
0.009159660245678677
0.014236006559769348
-1.0
0.008079906266096252
0.023986558561107173
-0.01078622651746283
-0.007204505644625551
-0.017378659565207354
-0.027767272320963512
-0.023463110626502547
-0.026397509097044473
-0.02543049516415852
-0.022190534532268057
-0.02760575084082634
-0.01578292932320905
-0.022184885709491894
-0.01984859949814053
-0.03018016675061362
-0.03567866173178962
-0.0323621411255073
-0.030607371284377807
-0.01799897054634388
-0.01649937831677025
-0.019380050965005183
-0.029711440809433113
-0.033778077640639385
-0.031143389838475317
-0.021428032435256948
-0.038049267024180156
-0.03713631943995078
-0.029474301534547227
-0.02823043467990586
-0.03877201345254872
-0.04048402697037808
-0.04130115073213766
-0.040816988779726775
-0.04097896567672945
-0.04111256697515562
-1.0
-0.033275496806265875
-0.026143592314184762
-0.015955775060226447
0.00442104820689082
0.004605886536181937
-0.015357714860138653
-0.03288477290505271
-0.034277531334320745
-0.03298861288248361
0.004883749491397548
0.030753986006124823
0.03753740175096522
-1.0
0.037980636373281154
0.039483162887068705
0.040080411083861234
0.03144956770422444
0.008075911858420801
-0.006314900506754869
-0.004383699232831858
0.01992330690495526
0.03629296262786414
0.03984137996793446
0.03653188790200736
0.034975763910395606
0.038939879901615265
0.03696582919515045
0.03475044785454693
0.033725368303587
-1.0
0.033174003430781446
0.02054650802485287
0.03306842190083904
0.03297016938146061
0.029385225722119684
0.02496528909751075
0.028365846737320736
0.028082222492748818
0.030778003148958042
0.03331426097302444
0.036217123633419536
0.03701806523328197
0.03288275542618443
0.03209715131805823
0.03313269052624735
-1.0
-1.0
-1.0
0.036404286439140246
0.03321321416030703
0.03874647873497053
0.031372722283198144
-1.0
0.02797071298166543
0.020626472362426797
-0.013435468632354945
-0.016479411964873878
7.531385307152575e-06
-0.007200421303467891
-0.02068255060187284
-0.016070602906854477
-0.020011610111880077
-0.01967092508523917
-0.013140281110733138
-0.03742940270058783
-0.043270255090174535
-0.04117196153842484
-0.04120719941391715
-0.04033225554721733
-0.03281305015847728
0.005821320364324299
0.03564188786986241
0.03605730517788911
0.03701442621543367
0.035634444935093955
0.03303135262726134
0.03937330901379626
-1.0
-1.0
0.03568795823195247
-1.0
0.03325892840664663
0.035795530740172235
0.031230022983799424
0.0335505254702604
0.030420826207747668
-1.0
0.02983570321974011
-1.0
0.03537041603378888
0.0224768767226771
0.027061327939324566
0.03133779851290818
0.02972112590050236
0.024378170640364884
0.024489789667068326
0.022534058826848623
0.027852405425369806
0.024311428317036837
0.00694954996559986
0.031700733475939526
-1.0
0.029571039831397104
-0.008492360968786673
-0.02247483155550149
-0.022038474272514465
-0.0012004495655596023
-0.02319123028454953
-0.038797428047707
-0.040119023700793656
-0.041066248743035494
-0.040873829366080104
-0.038844328760101264
-0.03989779852443559
-0.0398899191255329
-0.039541328272692695
-0.03957746328678662
-0.039425934241410256
-0.039649222113684685
-0.0378768805315414
-0.035534953732515855
-0.03142227630433865
-0.028734235021693207
-0.02281558408138167
-0.016262626942303446
-0.020181776718590602
-0.0186103063703346
-0.015930159106820475
-0.02929991796528006
-0.02597678526786853
-0.020453152230295462
-0.0206401809775977
-0.012359080245155788
-0.008313491407191773
-0.015665120143408248
-0.011329353051003988
-0.021305940768020486
-0.029798138829250843
-0.022293607734887123
-0.0030357389352090062
-0.004366063509230215
0.005085466454011793
0.009822570517829794
0.009393955324756908
-1.0
-0.003158245718718711
-0.009540846596383335
-0.03288234767322395
-0.03147029383942808
-0.01781757193304717
-0.012482034220168428
-0.018996987392652986
-0.017562468466803077
-0.01484777244919526
-0.023830734311841354
-0.030466245748413227
-0.037438139307750334
-0.03632300058603945
-0.030692066298534968
-0.021643284879261423
-0.0286887528601007
-0.02238580437014583
-0.01420589381505049
-0.02441675495178325
-0.020472613681757543
-0.009512410387037293
-0.012290748304901348
-0.014425245125604814
-0.015592174845293733
-0.00026370666506425486
0.022349107543675875
0.023380174026009993
0.014746866256974063
0.01254183460771607
0.012670467584460244
-0.00033473711986252083
0.00045577253431536497
0.0002890621219074502
-0.0012243039139036487
-0.008469814831912465
-0.009481556099162451
-0.01426445027103417
0.00032625947811444
0.03254884101263425
0.04178517795370267
-1.0
0.04015502391666367
0.034435955336865005
-1.0
0.03547224027525328
0.03496573720019372
0.03575350748208038
0.03378316912801976
0.02643229404596812
0.0203122211471324
-0.005204296081438055
-0.015557694173582668
-0.001932268206945245
-0.006732511374112132
-0.0052095930425813085
-0.02684662034114698
-0.03356943465689388
-0.03154099810187097
-0.02693696393929103
-0.039737156042930925
-0.04052564048407877
-0.04081860685245146
-0.03924968015290976
-0.03979522774386729
-0.040440358669819695
-0.039427574424854374
-0.03909680139209478
-0.03959881695855146
-0.039387210398746646
-0.037301765406880086
-0.03912887738119805
-0.03638261795448857
-0.03290621147893943
-0.02618236895115827
-0.03315210210406052
-0.025444684519864168
-0.0028804161214111743
-0.020980181336017614
-0.029318627233312043
-0.0293167298241778
-0.0342599408099098
-0.03318057722453065
-0.03183797358218963
-0.02773920412370701
-0.01553460857832797
-0.012065232176244063
0.024266580508526356
0.012650928636385174
-0.0077384918514005925
0.002792327992057857
-0.015020530202929252
-0.022354736839949083
-0.027580392608667632
-0.03401437022574067
-0.03183061216863843
-0.025908878737424642
-0.027048285866477256
-0.019582103727740826
-0.028781458906863424
-0.029272512607622602
-0.031892654202909376
-0.0316921633221738
-0.039462403519148766
-0.038824406222786156
-0.039556574103799806
-0.03926639863446865
-0.0383959235500983
-0.039003036146380135
-0.03936040998071151
-0.0397081371093276
-0.037975930158365055
-0.02372431987558165
-0.0264211144374258
-0.0016519952981796859
-0.027789253758789403
-0.03204899892432472
-0.03513925483766749
-0.027361188708868105
-0.02422034075492169
-0.025179299443135513
-0.0165911521502453
-0.012954649871653238
-0.01862735408445677
-0.0025007629376629747
-0.015862576851782852
-0.015052214029060863
-0.027007842855425228
-0.037385861271630856
-0.038479667596251176
-0.037689006683402755
-0.03795884666668854
-0.03768871990658762
-0.03719834001460764
-0.0373743241456322
-0.03753324133949693
-0.0366965343529831
-0.037242850719441674
-0.03759549212904079
-0.03777402028316408
-0.037122265014962054
-0.038370690953085596
-0.03848495462278573
-0.03846463810839324
-0.038239085555311365
-0.0388387897141774
-0.03650044936180487
-0.03975668247609677
-0.0401564144554701
-0.03879436149048164
-0.0313972294255326
-0.01770198302391559
-1.0
-1.0
-0.02751753367336628
-1.0
-1.0
0.03519120521612606
0.026918103284759843
0.020576536073223937
0.032955696539099626
-1.0
-1.0
0.040836454554046546
-1.0
0.03772990897516793
0.03655141821200172
0.037836680604574166
0.03569291391973625
0.036648930192257526
0.037052669890677695
0.0372168623601445
0.03678279688170403
0.03711924560011691
0.037023648744524074
0.03793104023233133
0.037571096581435724
0.0369851190608988
0.036515987522003496
-1.0
0.03585310411191861
0.036779591355673366
-1.0
0.029148211538952994
0.03179036949513648
-1.0
0.03331598987755067
0.041312785133065
0.03970382590467606
0.03421158568432307
0.03626537994792023
0.03621968286793219
0.033877885973851156
0.018280602594665785
0.0033902344312254453
-0.025787598378497895
-0.023632952894944066
-0.01903678685719597
-0.011995233509738946
-0.021316971020178918
-0.019227080203922876
-0.021703344199804506
-0.022023084824184348
-0.02142684102633142
-0.020625860072101564
-0.008700386231830153
-0.009895036140057814
-0.0022694150934249634
0.00015344728120806434
-0.02156331027158157
-0.003319245183721421
-0.0004561528606980545
0.0015386142275086044
0.009847231311175651
0.006028096739168589
0.007417604570489636
-0.001959887274871506
-0.009632269502075626
-0.01965832673558439
-0.013024291054402237
-0.015879743510381916
-1.0
-1.0
-1.0
-1.0
-1.0
-0.010508861328276565
0.030221349366681364
-0.008927588955576079
0.01335325141438913
0.0060928307657851215
0.008156648249394539
0.015243360909667455
0.011808864186645101
-1.0
0.01972734325413524
-0.021769516064868967
-0.0018533745098571173
-0.026302911552100922
-0.029107465567011576
-0.03179355854245149
-0.027538435932940482
-0.02853519341297617
-0.027230415992820084
-0.025257633794428698
-0.024826026852391363
0.010715741778255428
0.03292974057888867
0.029236700652013028
0.018010732347353293
0.01092298248976981
0.011185876351084785
-1.0
0.014714200851359294
-1.0
-1.0
-1.0
0.015597280841251213
-0.028839350971770684
-0.03666626752574353
-0.038131190412419004
-0.03632830026602418
-0.02440532319425089
-0.025941591089587598
-0.033823079613601266
-0.03289133407645671
-0.010886808161209852
0.00010055689330972647
0.011784033088007332
0.012435763584024836
0.02495725743886521
0.03943449671733854
0.03844473021397213
0.03910240265771891
-1.0
-1.0
-1.0
-1.0
0.04091228112450923
0.03341058233895281
0.02517212143471847
0.03147048591896599
0.026940408445968754
0.03072516084002127
0.030560425872909858
0.002601515443745002
-0.008793019111335683
-0.018860717055909342
-0.0260313768345054
-0.035640063433661356
-0.035554561856337125
-0.03565057653353036
-0.03416738879618013
-0.017128796076739717
-0.013811238376969926
-0.02329525050952753
-0.03837079782738866
-0.03866570807375683
-0.038486758757787246
-0.03892461363011897
-0.03759324634596029
-1.0
-0.029889127103885135
-0.014080552875465802
-0.020554629691601253
-0.028816051674790625
-0.02885987363708295
-0.03513888486474584
-0.034421147404359816
-0.03500101735161402
-0.006291333387352259
0.014646603450543676
-1.0
-1.0
-1.0
-1.0
-0.005687224930732012
-0.013285911474510408
-0.02769893571883421
-1.0
-1.0
-0.02999448841222512
-0.03734294162696795
-0.03716534680908022
-0.03663258958324718
-0.03776674568778265
-0.03533071078658885
-0.036939889945925966
-0.03687659247240376
-0.03695788590010201
-0.03454817100317214
-0.035955620333378784
-0.03499588834830013
-0.03530028821778118
-0.035049754021630776
-0.03487710793739962
-0.03595965701032187
-0.0360259473480916
-0.03463192602870966
-0.03433686078983404
-0.034837325974036465
-0.03604701619033068
-0.0347948084722637
-0.03567877664155727
-0.034342991546940246
-0.03495937855715776
-0.03629631105453266
-0.034265001403651275
-0.033852989405932905
-0.03266536010019523
-0.02851362642665175
-0.023521215296372765
-0.011966785291234834
-0.023383589404716083
-0.03230734923437015
-0.03575176585562307
-0.035008800623423784
-0.03641364972166315
-0.03709696176588136
-0.03607413105954059
-0.03714628742626162
-0.03809322151277649
-0.03582295862967114
-0.029133903739376032
-0.01868182634362356
0.013543460006995842
0.011412119784743789
-0.003932889270224464
0.006325083757055749
0.020533847017442788
0.017964897713659524
-0.020194445299420646
-0.0004750792192182208
-0.01188283675061232
-0.014612947464501347
-0.004456295813173087
-1.0
-1.0
-1.0
-1.0
-0.004275325537926202
0.004240113872553381
-0.020034541566878773
-0.03503259560104241
-0.03560735402173035
-0.0245950823843971
-0.01788683676147822
0.0045893970634647
0.03301610853917588
-1.0
0.03518520774838616
0.036386620012190916
0.03901458372139727
-1.0
0.03879283387725772
0.03289731047813599
0.005737327677253948
-0.00606087545155537
0.004368595926906157
-1.0
0.016655790184916863
0.009697681644272142
-0.001835856168150612
-0.022403505755985726
-0.012141305855648541
-0.010536115705431226
-0.018731469054884514
-0.03490735524078108
-0.036055544709852484
-0.03692083226008704
-0.03723097103448088
-0.03725708891520822
-0.03835868771391403
-0.03762456442243409
-1.0
-1.0
-0.03890990892856169
-1.0
-1.0
-0.034375970691361356
-0.03781730554609603
-0.036782353950089094
-0.037065630991596245
-1.0
-0.03592523005822651
-0.03581401486100015
-0.03725362128914756
-0.03461815445518316
-0.016605067643175212
-0.027661863723101567
-0.023680962243780745
-0.0011007775195651175
-0.016333326218738172
-0.024734096505829216
-0.02302348920410877
-0.0009721374065409786
-0.006388730343988313
-0.02213987305595509
-0.02320155324744125
-0.030749165545076302
-0.03319492686520141
-0.03617554476764198
-0.03372054870459377
-0.03198480431840473
-0.02913577427058047
-0.017840490891398816
-0.01367055814956317
-0.012708946615989156
-2.3826973584832557e-05
-0.012935229532273636
0.015101687953828003
0.028579726817036726
0.0293676792523313
-0.020291264136050365
-0.03131380028341715
-0.030671572117368283
-0.029231076746521117
-0.03202439962936075
-0.031944456185168016
-0.029327687124037813
-0.030867115201487785
-1.0
-0.03448218132397023
-0.030699165892587983
-0.027114703002589183
0.0012303659161030885
0.0182230608331827
0.010099217465628961
-0.022610625409664954
-0.03403677481869758
-0.0372637697865408
-1.0
-0.03727731017172273
