-1.0
-1.0
-1.0
-1.0
-1.0
-1.0
-1.0
-1.0
-1.0
-1.0
-1.0
-1.0
-1.0
-1.0
-1.0
-1.0
-1.0
-1.0
-1.0
-1.0
-1.0
-1.0
-1.0
-1.0
-1.0
-1.0
-1.0
-1.0
-1.0
-1.0
-1.0
-1.0
-1.0
-1.0
-1.0
-1.0
-1.0
-1.0
-1.0
-1.0
-1.0
-1.0
-1.0
-1.0
-1.0
-1.0
-1.0
-1.0
-1.0
-1.0
-1.0
-1.0
-1.0
-1.0
-1.0
-1.0
-1.0
-1.0
-1.0
-1.0
-1.0
-1.0
-1.0
-1.0
-1.0
-1.0
-1.0
-1.0
-1.0
-1.0
-1.0
-1.0
-1.0
-1.0
-1.0
-1.0
-1.0
-1.0
-1.0
-1.0
-1.0
-1.0
-1.0
-1.0
-1.0
-1.0
-1.0
-1.0
-1.0
-1.0
-1.0
-1.0
-1.0
-1.0
-1.0
-1.0
-1.0
-1.0
-1.0
-1.0
-1.0
-1.0
-1.0
-1.0
-1.0
-1.0
-1.0
-1.0
-1.0
-1.0
-1.0
-1.0
-1.0
-1.0
-1.0
-1.0
-1.0
-1.0
-1.0
-1.0
-1.0
-1.0
-1.0
-1.0
-1.0
-1.0
-1.0
-1.0
-1.0
-1.0
-1.0
-1.0
-1.0
-1.0
-1.0
-1.0
-1.0
-1.0
-1.0
-1.0
-1.0
-1.0
-1.0
-1.0
-1.0
-1.0
-1.0
-1.0
-1.0
-1.0
-1.0
-1.0
-1.0
-1.0
-1.0
-1.0
-1.0
-1.0
-1.0
-1.0
-1.0
-1.0
-1.0
-1.0
-1.0
-1.0
-1.0
-1.0
-1.0
-1.0
-1.0
-1.0
-1.0
0.07557361561397666
0.04992836818081092
0.04018454657412718
0.05422162318325541
0.0476209405201577
0.054221215817670185
0.03237698444220946
0.004391170831607893
-0.008823009423945552
-0.017221139835266554
-0.022201333435888426
-0.007726547254312802
-1.0
-1.0
-1.0
-0.006460196192410495
-0.024155524694888318
-0.04612309856969944
-0.02849919911071765
-0.04164740017429215
-0.06295859227619695
-0.06605485283406973
-0.05718989744036492
-0.06916350280140311
-0.0709227651062415
-0.07349375430508981
-0.07101023571208312
-0.06271445694401544
-0.05222053602165572
-1.0
-1.0
-1.0
-1.0
-0.057165755661473645
-0.06573741221055905
-0.06058598527624234
-0.04362240541677313
-0.051779134644474124
-0.04091045398087141
-0.04053594743142053
-1.0
-1.0
-1.0
-1.0
-1.0
-0.05134353120014501
-0.049412000742262735
-0.04484624537148629
-0.03936939789736524
0.011374399355581787
0.04194376162467179
0.04427156105832505
-1.0
0.05112544556214714
0.05142345706437293
0.04666177994156545
0.05245409069860343
0.05756134502502239
0.05532793531067094
0.05328273190743238
0.0273767007183768
-0.041262490484271004
-0.017331529607440766
0.016731425481890612
0.02314674128264217
0.026463419173945953
-0.00479593710084046
-0.04270225785278303
-0.04639524862230651
-1.0
-0.06270306870604529
-0.05934940141871028
-0.05850990708576211
-0.06199272804590383
-0.059881830296041764
-0.05782673055239694
-1.0
-0.00861972875163254
0.007750413902714358
-0.022883066495184533
-0.004124325788881502
0.00919757161853978
0.04911417758361798
0.039618583304713774
0.04812611785512411
0.05859223873806835
0.05812989469559569
0.05238093470692407
0.07632047907555578
0.0813194460149856
0.07954254218694547
0.07965612994642918
0.07984815471363009
0.06257321961418465
0.016623735537347837
-0.008613140659220515
0.014828448215218221
0.008690147039925012
0.031485801831762396
0.04129585173806242
-1.0
-0.009337033037037944
-1.0
0.03178657334374742
-1.0
-1.0
0.024880084544253202
0.009637636443686527
-0.030361592178085556
-0.038629962806350004
-0.029159600460799254
-0.02501452489404603
-0.01969113396132944
-0.030680866729727127
-0.030874389499112594
-0.02296693345609518
-0.03702933263793959
-0.05315439063603865
-0.03447000877425281
-0.03715847287853346
-0.03633318833678785
-0.030029818960101918
-0.06296735663733273
-0.07475190434134892
-0.061313108609804864
-0.07385420176796804
-0.07088735540616423
-0.06650215779000634
-0.06313085461593551
-0.05833904156690497
-0.05824874608122984
-0.06096559132793036
-0.06881159118733372
-0.07394234996371488
-0.07141869599016011
-0.06362470820313429
-0.06889901585274077
-0.06389312006921229
-0.05295680600827245
-0.06399177525370953
-0.0665079273644267
-0.06791277470294878
-0.06908086560105307
-0.05933616684337596
-0.05000804822033351
-0.03848495250356394
-0.028276689082234997
-0.008935306496677748
-0.007673192419847621
0.01307653521119475
0.05719964912920511
0.051676231171648906
0.04918385760050901
0.03416764517657699
0.04932270027824893
0.07732172661977364
0.07722307712619991
0.07964151080323731
0.07761462568300267
0.07973957094791394
0.0766046216163772
0.07441222703551202
0.0727404475947981
0.0724489608211515
0.07182618422093871
0.07269188648748508
0.07590004941414813
0.0757975828083768
0.0790879066615461
0.08044956091742433
0.07845796078992352
0.07947176661401437
0.07987836969019514
0.0785576706165872
0.07739788539492948
0.07537044566236774
0.074338874157963
0.07498438370245007
0.07489375674712347
0.07455058584901826
0.07401759606768511
0.07270203426213746
0.04501922519309449
-0.03582813160779343
-0.040349751754244434
-0.031110283152403682
-0.038933403700079895
-0.04841920339590099
-0.05334337616727608
-0.050343243188160545
-0.04767567378573658
-0.05623416218695114
-0.06910532181955793
-0.07053466070416528
-0.07218429962766906
-0.05397735886527917
-0.01923452769715366
-0.02787680287170754
-0.03952095230453555
-0.04066660629283138
-0.05323647464269918
-0.05184291849450157
-0.06785352992383001
-0.0636389318748568
-1.0
-0.07159254602824465
-0.07180025677008674
-0.07384533683538726
-0.06995593810848612
-0.07046946868902407
-0.06004113461609744
-0.0695694001286288
-0.06761860305945262
-0.06243551399260002
-0.06775170582287464
-0.06126587076108136
-0.06819935042526669
-0.07087927178171087
-0.056791490631808855
-0.04955398080702348
-0.0531340867408041
-0.06480171255119263
-0.06921223047222155
-0.06905621118216135
-0.057559379467138246
-0.03304038240941649
-0.0005527218574191662
-0.0005385627941548587
-0.0009023191382850629
-0.01093875513108704
-0.02755112241195243
-0.04449904917715877
-0.056521027016908296
-0.05896454990262186
-0.06658106278409259
-0.06394423435916338
-0.06900709231527495
-0.06022522483655839
-0.06427022718532274
-0.05899103288452063
-0.062096227592000494
-0.06412198720165925
-0.07045336136615563
-0.07476111284167324
-0.07001547136653506
-0.0730104506593717
-0.07182260776501238
-0.06472265033312245
-0.07076278420030696
-0.061610714789111676
-0.055616559243214174
-0.054210097809882396
-0.0540148065348651
-0.049474248792813605
-0.05359362885274058
-0.06908503146165247
-0.06321828196215014
-0.05687874741612231
-0.055922135188460315
-0.05912171774130473
-0.05436551141879503
-0.03553796574772916
0.0249781855227286
0.04843876138209601
0.07699155768521793
0.08408250788505091
0.08145168627795461
0.07268238787875615
0.05725389537947768
0.02170655570317677
-0.014251799835567354
0.018248842041507014
0.05742469596747152
0.048359856639736
0.059787127211728006
0.05974527350122911
0.0402335278072842
0.05891187997587335
0.08012952588479937
0.07851529675645269
0.06929172121356045
0.03460104137268117
0.005742532637137336
0.021668912169478107
0.037231491123561486
0.03361556933733735
-0.004008586320136791
-0.00609795017274347
0.010328997878693522
0.005764288102654703
-0.053891040425303204
-0.01331177731673964
-0.019854497815754105
-0.0037892041463088734
0.03151045911447054
0.008091372287729734
-0.0076278490487259164
-0.006960676555001396
0.03446791762976045
0.02588304772558038
0.03178220838601917
0.047108154142704334
0.0678785955806461
0.06926082311527837
0.07596571951956846
0.07811796518912403
0.07754644010094171
0.07776774661368212
0.07689044999456897
0.07491187227366213
0.07709236668233657
0.0777012702212238
0.07659603846275732
0.07717799040198817
0.06832353893511434
0.06605722924964734
0.07356016009237035
0.07845569562605821
0.07698476021017144
0.07607115991980642
0.0773540139184277
0.07772172711850227
0.07359704792297167
0.07180063822839819
0.07383869816334047
0.07078032138649483
0.0424442353718594
0.019378852073031052
-0.028888175161923112
-0.04677398661576914
-0.03768445271256115
-0.0448192722808096
-0.06159839361077106
-0.06695065718480346
-0.06882074313465948
-0.06924719775795762
-0.06906069525348998
-0.06390325841170594
-1.0
