-1.0
-1.0
0.013887695985809518
0.019631750364746077
0.016035031068206203
0.021030392406589205
0.018173027505841544
0.016932040888582453
0.022794604157566248
0.028171942896759696
0.026594515464251168
0.019817495412888974
0.018965920979737663
0.018732625279762757
0.017235142182761752
0.023298387813913093
0.023978519985571236
0.021234272232044767
0.025082175721795007
0.02237195724308849
0.012503864892378801
0.014515937850112936
0.011643769557598315
0.015056328915628733
0.022936167496496247
0.012648736362519328
0.026648398468343548
0.024344350820393254
0.02879454049249777
0.015232063779364629
0.02323395153689491
0.018618812159672152
0.02122722765162866
0.013519697213366842
0.015586723175817689
0.01014584741447031
0.009966449263623643
0.01038058069543783
0.006971216842070709
0.013250158650968909
0.013755756691258867
0.02023658355320472
0.008994156832326931
0.0173377228037415
0.016410493471994907
0.02066770846793741
0.00740721812698923
0.018130387860822123
0.009806329828409762
0.01571261104141471
0.011143395634832385
0.01941639778950287
0.012558800931447739
0.024005258255724932
0.021324315560162618
0.024876973044212772
0.015669044495430082
0.012490848651644607
0.018355228364379816
0.020390761160798555
0.016993362953560288
0.01973066846757575
0.01719226463419548
0.016685168342965323
0.025122926367690746
0.021560069441545503
0.02104890729621174
0.02073121370502599
0.02230100535956316
0.026789413426439042
0.016742467010830375
0.025603396885074254
0.020633710928907287
0.016610634975171873
0.02381904145846848
0.025729869761892035
0.021707790041615195
0.02156121520340086
0.027559313659996882
0.02705166636263155
0.028484982873571065
0.018768551177828535
0.021199115555100352
0.024489151728487694
0.018838677285899892
-1.0
0.014282684988144365
0.023586326257251593
0.015902952188050004
0.02096574987417647
0.02506982175947327
0.019503609895362546
0.019648451741345007
0.012719241355838712
0.01673896802043043
0.02176588696353267
0.016503857531849398
0.01344372819702448
0.025954506035082547
0.02546665292336878
0.026581636333732457
0.025745586335645967
0.02026335374450326
-1.0
0.013701550664829004
0.012211805180390256
-1.0
0.01820143116109533
0.02221841682194152
0.01821439550499443
0.023331915046191025
0.024376680849566748
0.024858161831959276
0.0244340818293952
0.02798684019816424
0.029711730301452674
0.02056299059880209
0.026173755715208538
0.020367406017281934
0.026786286124008418
0.02968799566158254
0.023867733027802783
0.03049962771391932
0.030383975565202438
0.020974414088497165
0.03212968918210926
0.03050123261819787
0.0304560059532232
0.023182377278947147
0.0161051149133667
0.010012509916564027
0.01522521133359093
0.015083852906317622
0.007969320560449982
0.016693777275356775
0.007861860619307302
0.005729007002359227
0.006525869219104721
0.017445222501766177
0.015076078068953653
0.020172621406005013
0.028175665536942104
0.015837891243122428
0.020419877233399775
0.021072857567106373
0.027854424856461467
0.018550482396272917
0.023542798763099632
0.02695760815573912
0.022569479906167648
0.022507680675537396
0.023665242022034242
0.014630602325491454
0.02937372343628525
0.0297344731270764
0.02451260762454668
0.02619289648914267
0.02093512621578689
0.023819688425871666
0.0184327226900188
0.019581834946970807
0.01767886725562658
0.02021726998630639
0.02159253112682583
0.017999124030846102
0.024825363954217437
0.020745521854503516
0.024883255796597642
0.023932432413120965
0.023381313487904818
0.02107545947603213
0.029280443047620463
0.03028260365568685
0.031875547872311796
0.02257297118809911
0.02461703422877064
0.02595805898746277
0.02952061462249654
0.027817759313646565
0.028545548222405338
0.03469823099574301
0.028871316163192495
0.023414636852468678
0.024626422471584624
0.023685323382548994
0.02623762323839166
0.019674122145037637
0.03189335807439816
0.02783220016949094
0.016868803839093564
0.022714524392772516
0.021324210393865364
0.016698146545604656
0.02035977496098939
0.016409335491483313
0.01278715597716798
0.01628730338363478
0.018278956197550017
0.021895280254785578
0.015191430897931712
0.002964437029098829
0.0014937850049575705
0.006456000668406887
0.006321827995516076
0.0023461411307092376
-0.0205197866100133
-0.026895074903073742
-0.03284554804329828
-0.04463711147706012
-0.04124153200763387
-0.03624413456255511
-0.03450307503071382
-0.03560557200259591
-0.04601204435786595
-0.048592973276039016
-0.04452325604374147
-0.04148779367670364
-0.044658607964948076
-0.04512421436455258
-0.04028837094631593
-0.04336116839386735
-0.04465604120204237
-0.0446501362325796
-0.040761026900152146
-0.04543998744578737
-0.038051014486174685
-0.042352208671873046
-0.034767176555131
-0.04068844958561081
-0.03863758186144401
-0.03833663979515075
-0.03696491351542212
-0.04485469870479955
-0.04445052320167261
-0.040510959513555544
-0.04564433154378781
-0.04167585037400217
-0.03716147589150698
-0.0419107862981507
-0.037990528158253926
-0.03938752960950157
-0.04104079460838495
-0.04343417412702821
-0.037859284576710596
-0.04421649425939253
-0.04111220579887953
-0.03932999033952072
-0.03649513861533879
-0.038714255321066746
-0.03741464638438978
-0.03779321242807245
-0.04154036531434001
-0.04556230699880924
-0.03885233053366459
-0.04819751136132235
-0.044695230813506286
-0.03600619896942738
-0.0438356892323234
-0.03842825576874953
-0.03862267002625461
-0.03800046452379616
-0.04447806179642948
-0.04448107196289825
-0.0398540107462099
-0.04364644404028182
-0.03697553577111083
-0.03132373777282243
-0.03670672795776902
-0.03984383591604004
-0.042280383813169176
-0.03802640713781671
-0.03487084306030854
-0.037520320308244245
-0.0412617514110788
-0.03769937960992871
-0.039738607176456296
-0.03993563052868136
-0.0366502379440498
-0.03943930528723954
-0.040525178299987315
-0.04289806552036738
-0.040470067021412065
-0.040042457467610704
-0.03996406411532412
-0.04026238372282049
-0.041259632525079505
-0.03933219360285372
-0.04235556439508086
-0.04003440490276535
-0.04239254241453417
-0.029629915451914696
-0.037405831768445905
-0.043363867151241506
-0.03769609733026841
-0.04331885000548228
-0.03918596641942668
-0.03628988153550969
-0.038019066466061645
-0.043928879059984036
-0.04439152530828156
-0.03667536850635633
-0.03932201203843128
-0.04279322346485026
-0.03837685190686177
-0.0417126914644196
-0.0398909170454627
-0.04374405438769295
-0.041615347631180986
-0.038685943898851945
-0.04473555619991884
-0.04209103894338239
-0.03877706263664632
-0.042389475127684526
-0.04082500058618258
-0.04209461101170294
-0.044570755458598
-0.04260985311140095
-0.04390834998536626
-0.03998188654655189
-0.04290812734903987
-0.039882940093782966
-0.04235145921175039
-0.03885290628897249
-0.04067711610714683
-0.042192836088851375
-0.039015083352621834
-0.03957149952822309
-0.043701544664603284
-0.03901242554616767
-0.04342466027049135
-0.048623109703799086
-0.045017554171130854
-0.04228089395613719
-0.03984240039205796
-0.045880773572730855
-0.048185968939948164
-0.04520618636112814
-0.04548218384055189
-0.044226025943327266
-0.04440978006534217
-0.04798560874975575
-0.04297101380569801
-0.042071180466944205
-0.03079165285448629
-0.02094307758654045
-1.0
-0.01756129204537887
-0.020528783964772153
-0.010901379578744678
-0.005739117319373963
-0.007447555638704827
-0.006860473689898887
-0.007761499848745659
-0.010540890466520061
-0.001886939149895189
0.010590615094313395
0.006225027639857522
0.009045868566723857
0.004311868675716635
-0.003001641857722304
0.0031664296137602272
-0.005973210639600937
-0.005596861702202461
-0.002825101075005188
0.0029603459560446133
0.011973815120586505
0.015296499065896677
-0.0027037960954580187
-0.020239732715941924
-0.030716422474731997
-0.03311168864914831
-0.0338069563151948
-0.035760995922590626
-0.040249554351992546
-0.03488942665006994
-0.04141687612658949
-0.041472212120278684
-0.04140870305068015
-0.04118620199524624
-0.040769344805722446
-0.04389645651800347
-0.041044106199613954
-0.038796178658545045
-0.046065811703301915
-0.043851717994345056
-0.040161461320607036
-0.040712586894861756
-0.0429625284792026
-0.04164189221276573
-0.03217297311255246
-0.03632002573119018
-0.03664002221785125
-0.040959173003583635
-0.04272109375170324
-0.04110724548431436
-0.03904329597380981
-0.03559985068474461
-0.029083362989719013
-0.03814369060745156
-0.04014469924119602
-0.045414856831120426
-0.04394654992683581
-0.03751935436337169
-0.03945327876022553
-0.035242493201614856
-0.03279231463717917
-0.03149082860452536
-0.03675871797436929
-0.03556306693928779
-0.034550237931077935
-0.029519480332837487
-0.03150454101673853
-0.026720638366519594
-0.022668829069016544
-0.016084535079145423
-0.014492773319787317
-0.019654598090290524
-0.020572311941252235
-0.02695146717652216
-0.023223358433696502
-0.027962196452417695
-0.027426412389209117
-0.020190019243900598
-0.015433479286436255
-0.012579994089285694
5.734164612566103e-05
0.0016271864150111043
-0.006265445583994765
-0.01526742382285374
-0.023502671550274808
-0.015622854991913125
-0.009621934335430246
-0.009506333813000397
-0.008831805285857362
-0.010994319593991386
-0.006317947529511507
0.004425185383583474
0.0038017359865441178
-0.0028422636950158637
0.002624965696444443
0.017894373606419604
0.02298216912944718
0.021867221053132747
0.022394172313960046
0.016492048587630568
0.019178999074528167
0.020128506558734133
0.015504066756396248
0.020798198243087207
0.019289965603184838
0.024812360518653737
0.025531036865515007
0.02141679597445605
0.01624100076369317
0.017967756106594717
0.024453576726433928
0.023994995359878337
0.025473363329454633
0.020430090776899053
0.017404612968135245
0.01847386382749117
0.014586025021052149
0.0286616675656726
0.017388924177966635
0.025548866833339928
0.028212768819712884
0.028163602852033606
0.02896054282432833
0.030258827642764274
0.02875407706000437
0.02427526992482897
0.023274061455782
0.0281319920086336
0.030456052176376862
0.03024750053290199
0.02035810446682338
0.02263126350413207
0.01887497521321374
0.008193941220020018
0.013328574569568886
0.010710203761613966
0.003484710702352024
-0.011670318777032028
-0.006931468486663655
-0.010964944305968623
-0.007502756642383186
-0.019823030250297687
-0.023766926093069223
-0.027227068448409535
-0.025399275124178947
-0.02901831273993386
-0.03352730610738051
-0.03359302726590274
-0.03579236454024854
-0.036022489725639595
-0.02939003148240315
-0.04427043337762903
-0.03638261207199694
-0.03454840723503327
-0.03806330326551501
-0.040243115538522105
-0.035465477331839065
-0.03694189316784937
-0.039129309118388494
-0.04043577749488094
-0.03720354595595309
-0.03023264284948283
-0.032361470177424474
-0.03479179917864416
-0.0427351210842261
-0.033917195493536854
-0.03937086611690131
-0.03885924229180941
-0.03870847085500647
-0.024631068859877824
-0.022866597809927582
-0.028410566188952616
-0.0258824141446234
-0.020181060388950317
-0.01857209193040075
-0.015983299785108915
-0.016855081340307755
-0.019989879823160486
-0.023925905722531372
-0.027695305056766525
-0.025021887177018427
-0.01856706592009107
-0.00513519656359956
-0.007532034443558112
-0.013122158847448127
-0.011028940897940803
-0.024246039249408966
-0.0231039863809688
-0.032135383850309306
-0.02042883275378323
-0.021936012535382375
-0.030962835701915638
-0.026175373174763206
-0.028437287047620028
-0.028806144419409353
-0.02092977570288908
-0.034969093498498804
-0.03363649878945832
-0.03676590647036502
-0.04089780355815021
-0.038069273761073406
-0.0423447223201684
-0.04598487795884178
-0.037644224899681104
-0.0390887281663142
-0.04652197642944852
-0.0429548383187442
-0.04144676024480046
-0.04243089150546106
-0.04445492359588856
-0.038099204552728354
-0.032069166867389934
-0.03125159448471435
-0.022145977656245097
-0.014351328968651874
-0.004714834677068983
-0.004390703611970425
-0.006233222580507452
-0.0025294288426764115
-0.006676356920703543
0.005832612517972304
0.0063736305287236065
-0.0007605506788125381
-0.004419220684397417
0.003344277100939728
0.002397232985059874
0.0005641166302316534
-0.007281228542258129
-0.0005809154031525922
0.010420257656581697
0.020415955304296067
0.011930553881089793
0.018200961801673597
0.017210553436897705
0.00483534887781274
0.011807944153833745
0.009660669056260944
0.02190253888304288
0.014591846483333481
0.012121702473890087
0.014704222078176354
0.018236229290706563
0.019332216074998083
0.028267160869874672
0.023227390986100025
0.010354708796916731
-1.0
-1.0
-1.0
-1.0
-1.0
-1.0
-1.0
-1.0
-1.0
-1.0
0.02610942618655369
0.026727950008829115
0.03149644130486088
0.028376558517332107
0.025571954099301714
0.01743565860282113
-1.0
-1.0
-1.0
-1.0
-1.0
-1.0
-1.0
-1.0
-1.0
-1.0
-1.0
0.02089175797786716
0.024736878204597093
0.022686010996672126
0.0227784223819222
0.026295031386878543
0.022924597561009515
0.01767447371173808
0.016355829134817618
0.026586634247410118
0.02437795016943357
0.030487691430497822
0.030668324583664554
0.026168269040604465
0.024691919704655736
0.01997506275527935
0.021603410259090093
0.02290744402280709
0.025925297047342553
0.020724000381365314
0.0306245718931655
0.033344662289242315
0.02746913156624314
0.02958142420936357
0.031072110219492594
0.026632740848933124
0.03426313358479585
0.02509173426914612
0.02359113343439614
0.021981754532889756
0.025964744267038077
0.0291780665037508
0.016521111503524588
0.03010430359726483
-1.0
-1.0
-1.0
-1.0
-1.0
-1.0
-1.0
-1.0
-1.0
-1.0
-1.0
-1.0
-1.0
-1.0
-1.0
-1.0
-1.0
-0.020301998208592034
-1.0
-1.0
-1.0
-1.0
-0.0441088279182954
-0.04805296386171462
-0.04171574559303636
-0.03777374897036296
-0.04647630962007834
-0.04462192184181688
-0.04287315209611465
-0.044684385746775745
-0.051099684526083725
-0.044092554675954417
-0.04640071999250034
-0.045244331540222865
-0.03853128228805803
-0.036560040762881385
-0.03951041700563936
-0.04031190175202621
-0.03876871448483494
-0.03992766518914028
-0.037914578057667354
-0.03285093612833393
-0.030107057140716122
-0.026290460185659583
-0.02516190635954357
-0.02727771688740834
-0.028094397390112838
-0.027368005369108116
-0.021767555097759544
-0.03533909103058701
-0.029821786703819048
-0.021915346866108222
-0.01605943075969862
-0.010069026574375976
-0.015060199455490674
-0.03470968599854776
-0.028667526423630206
-0.027009022778403554
-0.03870034052270898
-0.03703538365525614
-0.03037303992919548
-0.03560511105516209
-0.04281383627717843
-0.038581313515296145
-0.047745253270358896
-0.03790502682800422
-0.04197106886506989
-0.03779075108808011
-0.043999112288666195
-0.04411737446932991
-0.046550580945446986
-0.04365366042179709
-0.04860253614362914
-0.041541495950735655
-0.04158097778212421
-1.0
-1.0
-1.0
-1.0
-1.0
-1.0
-1.0
-1.0
-1.0
-1.0
-1.0
-1.0
-1.0
-1.0
-1.0
-1.0
-1.0
-1.0
-1.0
-1.0
-1.0
-1.0
-1.0
-1.0
0.007898540548909795
0.015333488195832424
0.012432974594174214
0.015516149786748229
0.008390647763404466
0.009962168168487863
0.01676532870098005
0.019672388488283933
0.012145983022560394
0.014752331314992241
0.012903207645425211
0.005829136557634736
-0.0031339949712961158
-0.0025763738070656234
-0.002300365599019832
-0.008971528405392476
-0.014913271045984658
-0.02776575771507224
-0.024294652616337162
-0.025511510251578835
-0.027562772138535203
-0.031016789229477332
-0.02788453696349327
-0.027883372600066018
-0.016037619722094013
-0.00908914688928508
-0.018370666561972827
-0.025151059210714796
-0.02457461722254398
-0.0057867479658873355
0.0014738541145391014
-0.010036147056307489
-0.015270280384428679
-0.017492445350165167
-0.015196055219772252
-0.019899700938698674
-0.020799157217538455
-0.016060628624994105
-0.021282939742238344
-0.023615583483960947
-0.023007348571594966
-0.0196611339283978
-0.026400388416810455
-0.027166393243036106
-0.02462430530490726
-0.03883630958337495
-0.04291543534144473
-0.04017611069569395
-0.04728948812690486
-0.04314527805811612
-0.04509789312240317
-0.0468932732119216
-0.04406179187268613
-0.04715569962783187
-0.04395450294172458
-0.04588313440094448
-0.045020403725684645
-0.04588121316347859
-0.04621816239443231
-0.04962775000423711
-0.04849836272943259
-0.039017085447875945
-0.04680133998979964
-0.0476379778467843
-0.04228131890468237
-0.046934909494826905
-0.038959081627405606
-1.0
-0.0335838477669682
-0.03544010788155908
-0.03677239230700108
-0.03610051952982255
-1.0
-0.0296289085270598
-0.04002368237142101
-0.03854297987151038
-0.03052382799861255
-0.027248195704353977
-0.014668416063587283
-0.006898691025821478
0.0017811757122085535
0.0029331853957968636
0.003825885711007007
0.007186186649114555
0.014463869419540592
0.016024213004514905
0.004269115803048926
-0.005349843600516001
-0.00748793255336825
-0.010678232451895942
-0.006051109874940766
-0.003635964904169464
0.0009849259628281774
0.0011013155534853936
-0.004268699180354742
0.01364772778813199
0.014814893041185245
0.00994749644135493
0.004254053160370781
0.009356348950436225
0.013349321836141358
0.019573859286686455
0.01655594760662651
0.01688590194680543
-1.0
-1.0
-1.0
-1.0
-1.0
0.02471092035961976
0.030935264002772606
0.02465435145210686
0.029259556187057653
0.037724638646454034
0.02882760029717104
0.024292254292311386
0.025367010287673526
0.026975663138337696
0.024831077127312584
-1.0
-1.0
-1.0
-1.0
-1.0
-1.0
-1.0
-1.0
0.029586419931160048
0.03151951284025064
0.026821139250728498
0.035218532517669265
0.031255873395061785
0.029975826878523765
0.019616879087348386
0.02274419040801113
0.022767730460908974
0.021901890035424216
0.03180343758367738
0.029841824610822815
0.028118104920555328
0.027456766664508327
0.028347541994884606
0.02743330976646725
0.029010238285639103
0.03088558970414084
0.028131602883221224
0.029099420616917265
-1.0
-1.0
-1.0
-1.0
-1.0
-1.0
-1.0
0.03193395232364021
0.026010478283504376
0.029101323798947944
0.017817294825847926
0.02021017185274572
0.014137623047875568
0.02042316187370084
0.02867057031181574
0.02220946565080379
0.021505970069613745
0.01981432393749274
0.013460779822414276
0.02036368456451285
0.02307232199092605
0.016843609025360317
0.0232924781886824
0.008643366689117029
0.019747025931710405
0.0340329432399972
0.030864985146142006
0.03363127918774075
0.036407823618417046
0.0126788353856833
0.017164825143693854
0.019958419020728847
0.018843652605923245
0.020863650443436715
0.022292567818706976
0.013193910398728585
0.01636017292519357
0.018200833336534352
0.021038835387226354
0.022937031248678894
0.027597366003725633
0.02113335084462029
0.037644816846332606
0.026471259261216885
0.024245828007652525
0.020441247949220472
0.016976485310107713
0.0048445468861081885
0.01212918049974246
0.003370485957513598
-0.01519950038267117
-0.012578421028491181
-0.025138454052003593
-0.017214106550907222
-0.025924213716856638
-0.030939304215392215
-0.0381674776645618
-0.03304845169686049
-0.0309148560772844
-0.03391822104808985
-0.03321645026050555
-0.03449585501430768
-0.026615689885610423
-0.02569256657626314
-0.03537043064730427
-0.04717436427698649
-0.04426562911073715
-0.04081361794720547
-0.051513699154338316
-0.04730650154250361
-0.045970198230560366
-0.047885014288395145
-0.04441625591850314
-0.04776461934541619
-0.04639855041250032
-0.0468433883293304
-0.0498783290656816
-0.04873493691316757
-0.0421017513121555
-0.045223280239067354
-0.044654595729189096
-0.039590636816814205
-0.028038685315186385
-0.010240334618054923
0.0038521500303030295
0.003840343151689781
0.000635106734901735
0.007969774441708495
0.006999048799009679
0.010059864103253402
0.00872554704495447
0.012338869972217056
0.013333289923710238
8.533870547570019e-05
0.005229478801134618
-0.0018626941107180487
2.2137098137323122e-05
-0.013015405262710883
-0.015741302651150625
-0.01785918371501043
-0.01378069754588967
-0.0016025381967262522
-0.002872502952217952
0.0020412637578609305
-0.009136406664196102
-0.008969023694591495
-0.007919088197352002
-0.012212896422440592
-0.011362013817260977
-0.012608723438184439
-0.01658667677136336
-0.019140077745214167
-0.018597702913427414
-0.03264280524152478
-0.03952280870497768
-0.03853608043803656
-0.04224109575009023
-0.04374207889683472
-0.04455617386406628
-0.04624835244111323
-0.04002627944212018
-0.0457632545304627
-0.03918431031494625
-0.042105508188425865
-0.03497650090572233
-0.030530682118967586
-0.03940441081263868
-0.04223632686422869
-0.045567447118433496
-0.04001291305585103
-0.03818586367897282
-0.04511395202693378
-0.039911938132886945
-0.03900465520629019
-0.03907251687056456
-0.04702921117299114
-0.04337233752371842
-0.04749357950456121
-0.04809413610060937
-0.044484823149512145
-0.04137941818966536
-0.04549460710936938
-0.04745788596442097
-0.046541785944695754
-0.04459533303508038
-0.04218469831125074
-0.04222564405826832
-0.04738254307788302
-0.049200073547292916
-0.04387697234084516
-0.04265916914063513
-0.04450532075712258
-0.047045665608644205
-0.05155466904014635
-0.041439127102640076
-0.03888960688230679
-0.0401681305604839
-0.04305410066117157
-0.038620372798438725
-0.043368755208532894
-0.04760723750032888
-0.04834263264562869
-0.043592385966643665
-0.04486896011028186
-0.04243893574936277
-0.043025785297970486
-0.03924659166171991
-0.04308110691058048
-0.04599208093150752
-0.048631813292781094
-0.043783760432042754
-0.04116267781677021
-0.04368666617042906
-0.04526370635969015
-0.041096568907938495
-0.041393423270062304
-0.042414500296907846
-0.047825576457444986
-0.04489455190449977
-0.04607954451366874
-0.04634332945014445
-0.04647084492340868
-0.046745002652861106
-0.04525386688340597
-0.04282680159230053
-0.03975061963316741
-0.036367809200495184
-0.03369799283147874
-0.028488250943660746
-0.015991460159200176
-0.006847799455868344
-0.0037642987674892775
0.003393845802599713
0.010535746179397449
0.010251222363847498
0.011941573497313878
0.0009304241376867832
-0.010652174961026864
-0.012218761113156588
-0.014067231149003495
-0.012856812075473496
-0.004825521873087704
0.0006708043090207779
-0.0018787173352009612
0.009788452022989986
0.005685677862057521
-0.0032108927635509676
0.001225450716940392
-0.010322891843015377
-0.007691932118900278
-0.009321981700216243
-0.009410946724310924
-0.011901271723172348
-0.009509839150342102
-0.016132375007245577
-0.01916169411674233
-0.017521694315413814
-0.017672930553539374
-0.025187813609250084
-0.01779343285695106
-0.015356435908979074
-0.021684424804546746
-0.01939867046764997
-0.021161482136565345
-0.015498378497081045
0.0012266321357219331
0.008890362908938675
0.015113776238809822
0.01781268216087876
0.02480045460164265
0.027052901103834518
0.022048530153316648
0.02115249561995317
0.022680582826278547
0.02509593518895499
0.017062855010998357
-1.0
-1.0
-1.0
-1.0
-1.0
0.01970833109432224
0.03042112627063541
0.023640754593611615
0.02863629833774296
0.029204528164563103
0.02388534416817749
0.018855280188401644
-1.0
-1.0
-1.0
-1.0
-1.0
-1.0
-1.0
0.028853262995946923
0.030738254002914668
0.02643321175774761
0.02510564194800053
0.03492279916883548
0.030195989939936236
0.029897101469342657
0.02119486168843815
0.018415801065724532
-1.0
-1.0
-1.0
0.017639315891558795
0.01761791754929295
0.014458002662290609
0.016108770185762466
-1.0
0.01357293635171176
-1.0
0.018635955244509304
0.01614647830181898
-1.0
-1.0
-1.0
-1.0
-1.0
-1.0
-1.0
-1.0
-1.0
-1.0
-1.0
-1.0
0.016816504978888123
0.025985772437937368
0.02427058882438815
0.024598059229323906
0.020076734052070076
0.02573886684497468
0.03264192049682512
0.032950032933846525
0.027499832351783438
0.023763607644521043
0.02783424112639644
0.026588306929517396
0.03259633635136449
0.030515970346939546
0.023623741064462935
0.02573475033744972
0.026255219627666748
0.027762045989995356
0.027344875849409166
0.033277783862272446
0.028622466676044487
0.025121703570660157
-1.0
-1.0
-1.0
-1.0
-1.0
0.015343257332428976
0.024685749087733078
0.03797283488594707
0.02936827470448494
0.026555808890417414
0.026046671332265754
0.030946718590113817
0.023766304423128957
0.02824242997121469
0.024530524380778247
0.03255838329657608
0.0262671961525158
0.0347478526952623
0.028329667615234186
0.02546807973974786
0.03191363783493796
0.029816829563361312
0.03656887881204493
0.02403688523451449
0.028010485117234925
0.023815181836102216
0.02334318911321098
0.02405580349111568
0.02698842535196773
0.03217378104657323
0.02938768020141481
0.01985560399742608
0.017292383506676584
0.025621604681795838
0.01872142279653882
0.023539859583882737
0.021243555538142948
0.026856215965332098
0.013848920934905692
0.01722515163130126
0.014912680718497226
0.007320374638414964
0.007907049527078203
0.010693031234348132
0.001499444541885615
0.002175956164958606
0.0024450708236590127
0.0016343563627669823
0.004869747165035545
0.00854372918135884
0.013294232799466028
0.0012521099587415885
-0.00871670279238285
-0.014890237230697262
-0.01750470869913092
-0.01839834463451817
-0.021576137786279377
-0.024689780046667654
-0.022877662132957
-0.016099695944889608
-0.002946043089486526
-0.02065184053671617
-0.01992123462463091
-0.03316715589310368
-0.025005836462634077
-0.020611346283929688
-0.022636746778605884
-0.0037675044955494514
-0.018966954987400062
-0.02645729443303712
-1.0
-1.0
-1.0
-1.0
-1.0
-1.0
-1.0
-1.0
-1.0
-1.0
-1.0
-1.0
-1.0
-1.0
-1.0
-1.0
-1.0
-1.0
-1.0
-1.0
-1.0
-1.0
-1.0
-1.0
-1.0
-1.0
-0.03979657023023927
-0.037650499030644664
-1.0
-1.0
-1.0
-1.0
-1.0
-1.0
-1.0
-1.0
-1.0
-1.0
-1.0
-1.0
-1.0
-1.0
-1.0
-1.0
-1.0
-1.0
-1.0
-1.0
-1.0
-1.0
-1.0
-1.0
-1.0
-1.0
-1.0
-1.0
-1.0
-0.033503853524852835
-0.03067933175651535
-1.0
-1.0
-1.0
-1.0
-0.03409377841650688
-0.030021545883623667
-0.0371955183905901
-0.039475131338238476
-1.0
-1.0
-1.0
-1.0
-1.0
-1.0
-1.0
-1.0
-1.0
-1.0
-0.033106152616539986
-1.0
-1.0
-0.02799719391918422
-1.0
-1.0
-1.0
-1.0
-1.0
-1.0
-1.0
-1.0
-0.02618921847040639
-0.025429485797657653
-0.022231418295743172
-0.019137925486185828
-0.016486998759733137
-0.012608560793914187
-0.011937471482823378
-0.008800522476554903
-0.006399108374513911
-0.015413630770424269
-0.015763697648023482
-0.01150494015485026
-0.010968513800512357
-0.014027061961950261
-0.00277821136584593
-0.013761855731654896
-0.009032862219745006
-0.006588171418956518
-1.0
-1.0
-1.0
-1.0
-1.0
-1.0
-1.0
-1.0
-1.0
-1.0
-1.0
-1.0
-1.0
-1.0
-1.0
-1.0
-1.0
-1.0
-1.0
-1.0
-1.0
-1.0
-1.0
-1.0
-1.0
-1.0
-1.0
-1.0
-1.0
-1.0
-1.0
-1.0
-1.0
-1.0
-1.0
-1.0
-1.0
-1.0
-1.0
-1.0
-1.0
-1.0
-1.0
-1.0
-1.0
-1.0
-1.0
-1.0
-1.0
-1.0
-1.0
-1.0
-1.0
-1.0
-1.0
-1.0
-1.0
-1.0
-1.0
-1.0
-1.0
-1.0
-1.0
-1.0
-1.0
-1.0
-1.0
-1.0
-1.0
-1.0
-1.0
-1.0
-1.0
-1.0
-1.0
-1.0
-1.0
-1.0
-1.0
-1.0
-1.0
-1.0
-1.0
-1.0
-1.0
-1.0
-1.0
-1.0
-1.0
-1.0
-1.0
-1.0
-1.0
-1.0
-1.0
-1.0
-1.0
-1.0
-1.0
-1.0
-1.0
-1.0
-1.0
-1.0
-1.0
-1.0
-1.0
-1.0
-1.0
-1.0
-1.0
-1.0
-1.0
-1.0
-1.0
-1.0
-1.0
-1.0
-1.0
-1.0
-1.0
-1.0
-1.0
-1.0
-1.0
-1.0
-1.0
-1.0
-1.0
-1.0
-1.0
-1.0
-1.0
-1.0
-1.0
-1.0
-1.0
-1.0
-1.0
-1.0
-1.0
-1.0
-1.0
-1.0
-1.0
-1.0
-1.0
-1.0
-1.0
-1.0
-1.0
-1.0
-1.0
-1.0
-1.0
-1.0
-1.0
-1.0
-1.0
-1.0
-1.0
-1.0
-1.0
-1.0
-1.0
-1.0
-1.0
-1.0
-1.0
-1.0
-1.0
-1.0
-1.0
-1.0
-1.0
-1.0
-1.0
-1.0
-1.0
-1.0
-1.0
-1.0
-1.0
-1.0
-1.0
-1.0
-1.0
-1.0
-1.0
-1.0
-1.0
-1.0
-1.0
-1.0
-1.0
-1.0
-1.0
-1.0
-1.0
-1.0
-1.0
-1.0
-1.0
-1.0
-1.0
-1.0
-1.0
-1.0
-1.0
-1.0
-1.0
-1.0
-1.0
-1.0
-1.0
-1.0
-1.0
-1.0
-1.0
-1.0
-1.0
-1.0
-1.0
-1.0
-1.0
-1.0
-1.0
-1.0
-1.0
-1.0
-1.0
-1.0
-1.0
-1.0
-1.0
-1.0
-1.0
-1.0
-1.0
-1.0
-1.0
-1.0
-1.0
-1.0
-1.0
-1.0
-1.0
-1.0
-1.0
-1.0
-1.0
-1.0
-1.0
-1.0
-1.0
-1.0
-1.0
-1.0
-1.0
-1.0
-1.0
-1.0
-1.0
-1.0
-1.0
-1.0
-1.0
-1.0
-1.0
-1.0
-1.0
-1.0
-1.0
-1.0
-1.0
-1.0
-1.0
-1.0
-1.0
-1.0
-1.0
-1.0
-1.0
-1.0
-1.0
-1.0
-1.0
-1.0
-1.0
-1.0
-1.0
-1.0
-1.0
-1.0
-1.0
-1.0
-1.0
-1.0
-1.0
-1.0
-1.0
-1.0
-1.0
-1.0
-1.0
-1.0
-1.0
-1.0
-1.0
-1.0
-1.0
-1.0
-1.0
-1.0
-1.0
-1.0
-1.0
-1.0
-1.0
-1.0
-1.0
-1.0
-1.0
-1.0
-1.0
-1.0
-1.0
-1.0
-1.0
-1.0
-1.0
-1.0
-1.0
-1.0
-1.0
-1.0
-1.0
-1.0
-1.0
-1.0
-1.0
-1.0
-1.0
-1.0
-1.0
-1.0
-1.0
-1.0
-1.0
-1.0
-1.0
-1.0
-1.0
-1.0
-1.0
-1.0
-1.0
-1.0
-1.0
-1.0
-1.0
-1.0
-1.0
-1.0
-1.0
-1.0
-1.0
-1.0
-1.0
-1.0
-1.0
-1.0
-1.0
-1.0
-1.0
-1.0
-1.0
-1.0
-1.0
-1.0
-1.0
-1.0
-1.0
-1.0
-1.0
-1.0
-1.0
-1.0
-1.0
-1.0
-1.0
-1.0
-1.0
-1.0
-1.0
-1.0
-1.0
-1.0
-1.0
-1.0
-1.0
-1.0
-1.0
-1.0
-1.0
-1.0
-1.0
-1.0
-1.0
-1.0
-1.0
-1.0
-1.0
-1.0
-1.0
-1.0
-1.0
-1.0
-1.0
-1.0
-1.0
-1.0
-1.0
-1.0
-1.0
-1.0
-1.0
-1.0
-1.0
-1.0
-1.0
-1.0
-1.0
-1.0
-1.0
-1.0
-1.0
-1.0
-1.0
-1.0
-1.0
-1.0
-1.0
-1.0
-1.0
-1.0
-1.0
-1.0
-1.0
-1.0
-1.0
-1.0
-1.0
-1.0
-1.0
-1.0
-1.0
-1.0
-1.0
-1.0
-1.0
-1.0
-1.0
-1.0
-1.0
-1.0
-1.0
-1.0
-1.0
-1.0
-1.0
-1.0
-1.0
-1.0
-1.0
-1.0
-1.0
-1.0
-0.021840559919183152
-0.02367184474604779
-0.020410743493072467
-0.01141860461194615
-0.011414689079453916
0.0020453055915125636
-0.005009185889567416
-0.006723074981599346
-0.00715410156765988
-0.006509684990041202
0.0024143674971032055
0.00923972888102661
0.015369191787866334
0.015113379581102886
0.007811624030273518
0.014200124120686325
0.008836456113380086
0.005435589765555641
0.0027874433215436083
0.009912237606896848
0.0062453958867927034
0.00356522945795489
0.0007957047257164652
0.009801587891935325
-0.00402995522968035
-0.00589474628504509
-0.007096820578153557
-0.008556190514028577
-0.0005637549475327918
-0.0076669799682961125
-0.008623406730418792
-0.00380553785220983
-0.003771421177950117
-0.004708937542301605
-0.0019346472780051365
-0.002510491123270255
0.005697127640323641
0.0018167505692640088
0.0034146413456127597
0.002511603860925726
0.003149904640623802
0.013041269306956847
0.0031873202652636123
0.005136698443050211
0.0020225892210458227
-0.0005286036694303257
0.008602993909972392
0.0020005027903476766
0.0018832564348573897
0.000565280586844493
-0.004159920187469281
-0.0011314739367987003
0.007614407564010072
0.005058319882357975
0.007094065096326645
0.006272348380742617
0.0007362356378527622
-6.339553634843115e-05
0.012602131686293193
0.0061333101701872336
0.008001027200265545
0.0047402184021887285
0.00700036356895835
0.009622759436186139
0.008743643283602725
0.008088619728809521
0.00841351355317583
0.013954870150352997
0.010937920028560078
0.007853759658917752
0.018500187227887835
0.010153937677593922
0.011517478014581433
0.014997812867622458
0.01621950433484453
0.01484792148570825
0.014736219468609457
0.0074634599817807856
0.008077390310323574
0.006084171536121476
0.0021557665174156194
0.010463813445881225
0.0077648978425744215
-0.003903498290917501
-0.019987557033335195
-0.028296129796864466
-0.03186268188249926
-0.03265344739019627
-0.021900648723600646
-0.023556986997419704
-0.030857170748269887
-0.02476424972908345
-0.029596463102982907
-0.022820951541309743
-0.022674934164361588
-0.024684157324853448
-0.01778867961810024
-0.021318583961732526
-0.01062590197714573
-0.020814255665424622
-0.02453677298220238
-0.022012291946036867
-0.026226624719509296
-0.01965412058441013
-0.01922059474793964
-0.022122931984371624
-0.0292217749819966
-0.024304977880100134
-0.025895093619557292
-0.026482776760459
-0.02789736629246468
-0.025887092152824802
-0.022569519805522142
-0.021669889375802588
-0.026037180046085903
-0.025324509141829227
-0.028793842365481978
-0.025568913148333948
-1.0
-0.02473190612274857
-0.03368970902906573
-1.0
-0.025027150708731967
-1.0
-1.0
-0.024924739886407102
-1.0
-1.0
-1.0
-1.0
-0.021744434190458576
-0.024789147525252526
-0.02241680900756572
-0.022589411011180203
-0.021919829549407913
-0.022233644075644685
-0.02836312186384888
-0.025381888813150063
-0.018212915741807983
-0.013297348976788198
-0.007789090284216135
-0.004798104889815468
-0.000334412389192511
-0.003877160130121943
0.001526160630124486
0.004364474568134877
0.0026895821206748363
0.005269853137352434
0.008072395343654408
0.006324891357312732
0.005895083568114596
0.0007558971387814348
0.008852897056474346
-0.0013348466126613748
0.004809313917949605
-0.011213873838633296
-0.009501018638449687
-0.010286378311061233
0.0019007894668212004
-0.005465755012059349
-0.00225577474387794
-0.0054393435198777625
-0.003591073190572025
-0.0064854457181266496
-0.008128114132892484
0.0030572546885849344
0.0133995324015561
0.010629907444845071
0.002626452388354601
-0.0012033041954711728
-0.00016913691310032293
-0.01465991833168647
-0.0058021483526527985
-0.014524754096115656
-0.008374803465693768
-0.019872393673863297
-0.02241470653334673
-0.024262034783179193
-0.018782365773338895
-0.020138775646623017
-0.02113432892707835
-0.02063867015893638
-0.02000190214176896
-0.022666146280244805
-0.01191475730478699
-0.017820118726387724
-0.024503675041344895
-0.020025650120505195
-0.02479232388635127
-0.017579391418817564
-0.01646834530832225
-0.011264267852661939
-0.012388761323515733
-0.007759629049946661
-0.011805451661115234
-0.005919535634189269
-0.011197398461913194
-0.011113992405763695
-0.010251695802083023
-0.001032643605632289
-0.0047844861457078105
-0.006433898680350615
-0.016895263494170032
-0.01123988606996375
-0.018602264093480946
-0.016145725080146903
-0.019530384546429077
-0.01299159334972297
-0.016006046410790804
-0.02017790849821464
-0.024758465450095943
-0.021480096008839492
-0.017009903433660593
-0.012716580117084004
-0.021690832287614318
-0.020594717287500598
-0.020158081095591807
-0.022116901176727884
-0.021523326217588293
-0.024648313150415706
-0.033515820198532546
-0.03267645618241603
-0.029315221125735855
-0.028278540026355038
-0.03371081916129967
-0.03290841422688095
-0.03140392948389782
-0.03120155068398899
-0.03479750509230848
-0.036719925337065376
-0.04224347395024074
-1.0
-0.03754962956784673
-0.041898233045299535
-0.03611163676349269
-0.03625524617892357
-0.034293800766332594
-0.03468688576506477
-0.03373190284957438
-0.03433510385953747
-0.0375610211681414
-0.028104188452334037
-0.037121337517474304
-0.03718701965616819
-0.03641568407582188
-0.037564183099031236
-0.037897174545619014
-0.0345317575618096
-0.03542418047842876
-0.028676292371336072
-0.03729297841291226
-0.034465217241568785
-0.03526018829160225
-0.03081493876339754
-0.035940109792336916
-0.027200888529106862
-0.03677784881435867
-0.03554080035015025
-0.027560446959579512
-0.02833727386620783
-0.006072330114830614
0.004902848367241023
0.007518182343184147
0.0006597687148901997
0.0001322625588671192
0.00010645918099228177
-0.00046878909195496805
-0.0005549108287821005
-0.000653218670481311
-0.004306543098268955
-0.005184430287556254
-4.782984298642751e-05
-0.012799537479165091
-0.006523043726469861
-0.0060579713019827605
5.093522501162363e-05
0.0028424508132103353
0.007024288764834907
-0.001584446571845429
-0.0036703368848229364
-0.00601083039881427
-0.004607155671252345
-0.00827980765234574
-5.2855587535059465e-05
0.0002870189892319879
0.0006717991077576287
0.007478704175666833
0.0016453036329208597
0.00998003569541908
0.022490204679757732
0.018671703312857738
0.019561714380950286
0.019332388261000717
0.015240956280341786
0.00807181830086771
0.0030189514278138024
0.003208186082408647
-0.004947350376956882
-0.004182650604243957
-0.006943607673872117
-0.001084272738554358
-0.005974973333395317
-0.004728022007453074
-0.013713409915988607
-0.009527169696211578
-0.01466556092648812
-0.0005069988324496283
-0.0052862112534141125
-0.005346819600446208
-0.005978291849525941
-0.007742529419538442
-0.007650443286662251
-0.004556085913279491
-0.009066934463729923
-0.00876928602868297
-0.0153502358582824
-0.01059801057299422
-0.010532596455717613
-0.0041321777213534795
-0.01791165776401175
-0.014765730938039533
-0.013723401599107
-0.01276558288225934
-0.000654182459496518
0.003373483510027147
-0.0017129263705069632
-0.005017594813423699
-0.009897531645621349
-0.005882586440311463
-0.004537922168001433
-0.0020756609867196175
0.0009276589510851649
0.002995456194334787
0.0040441543607333255
0.0004306656704132129
0.004219650110459183
-0.006122949816979616
-0.006359083422655004
-0.012652637748679106
-0.0038932939495698957
-0.012830629320547864
-0.011655588828941563
-0.016998951388085586
-0.01565086657304742
-0.01767386916659895
-0.015410869407923137
-0.019784868269775255
-0.013053794291906172
-0.00942231555927211
-0.01810586935484154
-0.013965428231595318
-0.012164365074177477
-0.008985069611555194
-0.008114111120840393
0.0011712984162051277
-0.008571353094890434
0.0019691604983153705
0.00704881170569346
0.00596379490848623
0.00662068194386927
0.0044089535625220725
0.00042967235927161753
-0.005319181716353687
-0.007940323791707652
-0.004099605879973283
-0.0022258702464337437
-0.0073087708159602265
-0.010659877628394229
-0.009107339093153378
-0.012832544193411044
-1.0
-0.011802652216682544
-0.017960026355916876
-0.021381672467454347
-0.01859689873168036
-0.0183502202214901
-0.014758335966132104
-0.011797499775508357
-0.027298435168505136
-0.01407548476755211
-0.015616657742136714
-0.016825907712565848
-0.021010197715948642
-0.017145973807362262
-0.010811498322347849
-0.014845212030774895
-0.01803301296711279
-0.008900310078608331
-0.013407549049652627
-0.013886116613467862
-0.008737365690087944
0.0006799305914982945
0.00474230753833863
0.007730748275419874
0.013357214314118281
0.019189347442603946
0.021106934841404093
0.024313306420992165
0.02223301406466613
0.027279512584273868
0.024077526933120947
0.02659905005842734
0.03572019111850582
0.032693255105273
0.028695257548115485
0.02923961178037638
0.02295924157347848
0.0255986299755814
0.025579263117093194
0.018320211403945325
0.02145560835243251
0.0238520218756371
0.029084731266909917
0.02343020084943742
0.027380725312152205
0.03202318647653492
0.031000584001091326
0.03645566009195674
0.031412384030851
0.027510023067946743
0.029275591866562343
0.0342850447515584
0.026751982099020577
0.029649563473472414
0.030731421533223235
0.03433611752169594
0.03800184638919802
0.03485701435533454
0.03200305109195086
0.0362258095075463
0.027673351437240312
0.02964167409143502
0.03649840651475112
0.037460825044608695
0.02541640430345547
0.031491695686457474
0.03355105630242426
0.03240518898873599
0.024854751700868052
0.028374824198634643
0.031454130820097743
0.02870159905846431
0.03433002865638223
0.04343830785193152
0.03561953320929298
0.032010771288841625
0.03015376718171554
0.028141214247231913
0.028396146716240418
0.025158895385852094
0.03709999456365757
0.03369882769968633
0.025801319707593175
0.024119073029527125
0.02191120536772392
0.030882339036328973
0.02351054276325448
0.0257353879637205
0.019093816345655178
0.02058225129344987
0.015224837885068286
0.01194149360654264
0.012575096693661452
0.019023073461723893
0.01802811410815412
0.013905182545344154
0.009229720141207405
0.007040410845725808
0.014273533019155557
0.01518724850718618
0.007144325921237811
0.0064056672263891525
0.00738940404328633
0.0040307785099589835
0.012452573563791347
0.008604961006759023
0.013439438867481347
0.006041221568047246
0.010377565757910698
0.011190657409877493
0.008308498503474315
0.011167549261598296
0.011191059542195252
0.007200566861987932
0.0012569622068486894
-0.002190629166845181
-0.005247678015569863
-0.008312481957626917
-0.021999481026194583
-0.028506639683138057
-0.04308806071511425
-0.04554904403810568
-0.04790077540050341
-0.038617943847745785
-0.03954415297808372
-0.0376345297787127
-1.0
-0.04094808456044874
-0.036893146242479365
-0.04389090952048525
-0.04250332395250299
-0.03647770521684715
-0.042931795121225455
-0.04053960117488833
-0.04164711653729541
-0.03973556099657428
-0.041083881833805846
-0.03838359919975799
-0.04029217857493024
-0.035967833923269715
-0.037753621956133084
-0.03859383304561062
-1.0
-0.03705720235698158
-0.03726753366441586
-0.03714732219249052
-0.026910019972101278
-0.04148045781334285
-0.035025298918752536
-1.0
-0.03525524363905146
-0.034139466575221655
-0.039921381514935184
-0.031839974214743647
-0.03461980037045287
-0.026438131156948735
-0.03548019220289832
-0.03417717255005164
-0.029231346588782653
-0.035078410536104124
-0.03268107438512846
-0.026760719945534958
-0.029646412483514854
-0.020933696253348184
-0.018079424192525367
-0.02348411925454007
-0.023807889877545525
-0.01635282693099036
-0.02651850291377989
-0.03209840000439858
-0.030197728374077564
-1.0
-0.0304981574754514
-0.026902740422637666
-0.034212675971527606
-0.035896070656220545
-0.025050630022923955
-0.03453833502189053
-0.034063470730121656
-0.033673561251829506
-0.030497112042751847
-0.027015962881431245
-0.02910538592366456
-0.0333621461900634
-0.02895160353025066
-0.03296474432700361
-0.03144462105886741
-0.031918597880535256
-0.032328028525816475
-0.03131293242562191
-0.03398198642882107
-0.02868146925326783
-0.028204967786784194
-0.023924366157075192
-0.024397695827649928
-0.02969750865059358
-0.028034730819090588
-0.031018165653742644
-0.040809593562923345
-0.04033374486181018
-0.03307427325549193
-0.03093630766622128
-0.03740096979162102
-1.0
-0.03614590683732308
-1.0
-0.03595878912019766
-0.03979440685462401
-1.0
-0.03294796921436792
-0.036750771074706375
-0.03291481177494355
-0.03295231869188325
-0.03274737594934213
-0.03586949517856588
-0.03411239263818071
-0.036284528940821424
-1.0
-0.03394899582182595
-0.032473593994704106
-0.03268826959465377
-0.030032950025471437
-0.03299207489589753
-0.037202114831759676
-0.029919760269688508
-0.02999963547424849
-0.03673609575080702
-0.035121193741366366
-0.029873718327770263
-0.030185201032055457
-0.03374438145550975
-0.031331560855282235
-0.03158850176940579
-0.036302763975292134
-0.03391901506425587
-0.029257741501018866
-0.03293146701215856
-0.032663990103061175
-0.029798145182166925
-1.0
-0.025743085661369063
-0.03105533290476591
-0.028001071991382926
-0.030465317286565288
-0.030996544873896584
-0.029152187574945008
-0.029975284491404762
-0.0346472549968511
-0.03094505934601285
-0.03279156148492992
-0.036791631070844356
-0.03223817772802069
-0.03626361616505592
-0.032961859926294135
-0.03249128264069885
-0.028329249943317456
-0.025721145960076297
-0.022832605191697546
-0.025494559590945952
-0.03434201188699807
-0.03629345701060613
-0.03150300659018167
-0.033346825959351574
-0.037214081225653124
-0.03495558587715098
-0.03463172607111622
-0.03864627236954058
-0.028646215399113092
-0.03563626720973773
-0.03498963453556228
-1.0
-0.03701134536925281
-1.0
-0.034966361762082385
-1.0
-1.0
-0.0331879849039757
-1.0
-0.03455395955605987
-0.03049407063159623
-0.02677461596641233
-0.030186506355818692
-0.03709281444806885
-0.03768908366745394
-0.03634991135067444
-0.037559810693917894
-0.038470693048944425
-1.0
-1.0
-0.03386969374874725
-0.033114238292129144
-0.03715509330227794
-0.036597379020760754
-1.0
-1.0
-0.03552264832535024
-0.03247835742127713
-0.042845611519924255
-0.0381500591420949
-1.0
-0.036007458880124445
-0.03559989744339209
-0.0297247691101741
-0.028031203032557923
-1.0
-0.03250813443768934
-0.03235284865557586
-0.035374877364829256
-0.03320720650461434
-0.027903098396526983
-0.030113100351680053
-0.033959164631718185
-1.0
-1.0
-0.03227524175483589
-0.033755233344100334
-0.03270877987130014
-0.03369293707535096
-0.023050353570372918
-0.0349564573957073
-0.026521200917958346
-0.027946990868513027
-0.029467661234870875
-0.03265856869683506
-0.027603680842401064
-0.030874497660444127
-0.03018623877081357
-0.03220962290475194
-0.038257354196187074
-0.03525394569869863
-0.02999077212774181
-0.031058799063397462
-0.03009904851442167
-0.02986044142302004
-0.03147099622596363
-0.03264473710295862
-0.027980091633935295
-0.030619293640545903
-0.02973940752446326
-1.0
-0.02724045867956506
-0.03215443322486744
-0.026560008382615664
-0.03130433654125492
-0.030322286047305583
-0.03211837234101208
-0.028401512866009507
-0.034466650671267925
-0.03341324599314561
-0.0278481553813373
-0.03647722927852734
-1.0
-0.03092220908841029
-0.03205463909348681
-0.03533340330517162
-0.034771264706714225
-0.03914907222068373
-0.039315569007221385
-0.031284356994106186
-0.027605601404427322
-0.034215907004625706
-0.0381256084401441
-0.03541854955119517
-0.03146587080697384
-0.03458783743115108
-0.03498109884934413
-0.02910506278687774
-0.025526765368102135
-0.030256122858601586
-0.030130199234685233
-0.025846317374580503
-0.027186227921061776
-0.030163413457187125
-0.027344018216823175
-0.02016133190942771
-0.028059326847441227
-0.01994185369537887
-0.016722288163738056
-0.024851571397716623
-0.015415277442661425
-0.022667011558626594
-0.016308407230665296
-0.015498225512105737
-0.009099841990307752
-0.010888572195766888
-0.020119781945844455
-0.014960391993848094
-0.018121492395898976
-0.019744746498165804
-0.014052652252090053
-0.01426884534107739
-0.014046768653546022
-0.01573508099961282
-0.01993560668185858
-0.013037609490464619
-0.016477402850922085
-0.009578656992754567
-0.014826514175601668
-0.016677543318194033
-0.016455398122475557
-0.015930642713332558
-0.013295238315826699
-0.013740061235860126
-0.011859906888718645
-0.014725188817864023
-0.02120348678966767
-0.021449153546700937
-0.017584833382356013
-0.010376774560740015
-0.012385933507832542
-0.016004701900754124
-0.008401343592175663
-0.01229051391522334
-0.01514636678474622
-0.016479357239872188
-0.01667742981259719
-0.016412378715746096
-0.019887481900507622
-0.017466675580113143
-0.016508409935490742
-0.017390319403099326
-0.012797783021796119
0.003525982052348681
0.01695492538670651
0.017435688294020948
0.01755524628157459
0.013206481670146375
0.01333741010702111
0.021086965873473012
0.03025927755835169
0.027843881616523083
0.02676414385254899
0.024299408686869146
0.02977609981817729
0.029652423377141846
0.026478405652429603
0.03134035542091549
0.026807610294413937
0.03205258483109987
0.02544721483119637
0.02888670738851873
0.03431424878887705
0.03146834917668598
0.03344192538994691
0.04075559577479375
0.04590506876481673
0.039518942241630856
0.03751815185716222
0.03518230494399376
0.039617556468412696
0.04086079991127224
0.03058753780302209
0.03774336568473382
0.037956610482713204
0.035692031346691806
0.03997637224433055
0.034659507583811186
0.03960532421358446
0.03861867231593325
0.03625026027746199
0.03457120295446189
0.03282318805710609
0.030640186885218124
0.031541114120113706
0.03715827472753456
0.03369473439077056
0.03881620169570982
0.04048443214354103
0.031876824542035706
0.04672823488481695
0.040859977044830145
0.0314274757437133
0.027323037676401502
0.03015428517711669
0.03857492222611422
0.0339114727832017
0.03128836852753802
0.03820672806695663
0.03417145538781186
0.035107387023215704
0.035026996600229406
0.03548804324098753
0.03986643874855077
0.035359191274247574
0.03160976159462212
0.03539165316542336
0.03923489258449339
0.03785567991142222
0.03909209716393306
0.032165925297865
0.03173212221030188
0.03888749468355608
0.027724656199208185
0.030436594183138266
0.03129158883300841
0.02905627187993319
0.027422479048943453
0.03313052719628362
0.040826783852798317
0.0329132245102718
0.03677595456910088
0.037242431891301636
0.03187901721451021
0.029543110520611718
0.02682389455915385
0.028748407565867832
0.02917641035264635
0.03356939192708435
0.03186281521277516
0.027661519150671006
0.028493153344353827
0.027298863928582155
0.023379008916724054
0.027075572038432052
0.035664191214422145
0.034244338337192856
0.026837399560176903
0.028913083030345864
0.0339423175532922
0.03304944642327615
0.03365637012390189
0.02531400877592928
0.03128077750254909
0.02372608893174355
0.029081923976260884
0.03508643408302291
0.0248081738696153
0.027346968814639994
0.030978721310661542
0.034301346933606064
0.02974043342283695
0.029202449544166533
0.03343771203834892
0.034475811067809024
0.028708070889675957
0.03265678570197636
0.03727569465692245
0.03463975949406248
0.025800262477246563
0.025297001306666848
0.03117716826602079
0.039122278785838044
0.03030782327851379
0.029904664270303836
0.02910658935393287
0.03479725695897747
0.03235718144725361
0.03372743610637958
0.02890653759626034
0.034513846869137214
0.03186078638839347
0.03357072608091539
0.03212239255229906
0.030327900181119673
0.028119532542490427
0.023261687783097403
0.029742792540383634
0.0332413005904466
0.033951840678007425
0.03341552567211214
0.025931536918388027
0.025677402854788426
0.022994348194328388
0.02930346696976136
0.03333532733086707
0.03343975452723217
-1.0
-1.0
-1.0
-1.0
-1.0
-1.0
-1.0
-1.0
0.011576333124852324
-1.0
-1.0
-1.0
0.033569167736259294
0.03522792352513277
0.03464827610403943
0.026552370945308625
0.029696350116431843
0.026874857480267893
0.03305044412944569
0.03140156848635015
0.029416328949974577
0.030878878959921956
0.026485172972252172
0.026388297938008967
0.030113265645384305
0.03369746373567947
0.029940744490197495
0.025044704609031306
0.027353408346803033
0.022628732625766056
0.029454182480981667
0.02184452186301312
0.020870578259534544
0.02092609683829937
0.019778495853459248
-1.0
-1.0
-1.0
-1.0
-1.0
-1.0
-1.0
-1.0
-1.0
-1.0
-1.0
-1.0
-1.0
-1.0
-0.00809711977653562
-0.007022790072842685
-0.006378523828586748
7.902934346486728e-05
-0.004278678680663496
0.004109367701432187
0.004129933728041508
0.007655356691893703
0.0012226358310286638
0.0023182595668230126
0.004697197604915712
0.007673840400535847
0.012231468873271777
0.008315428016608542
0.009450237976808391
0.0017991600665601128
0.0005613885770789333
0.0002660606725445411
0.0039052443494307526
0.016031751974123338
0.013981724727576054
0.012991040810254224
0.014216494526640134
0.012579691081578658
0.016140365669465754
0.018060311093089948
0.012113876872386048
0.01063462339551616
0.010452099312090143
0.011727728178697399
0.009561676165628011
-0.005626740643156699
-0.0028068169667081113
-0.004782979963406488
-0.014463044243811302
-0.017496194575400633
-0.0166872893412679
-0.01844762844619855
-0.03290609865499637
-0.03475905080657415
-0.03488760059871064
-0.027626204043124346
-0.03652328272626747
-0.029484407091806403
-0.03243012377583908
-0.03362553466759127
-0.029289672867540976
-0.029957112180779455
-0.027753549566155916
-0.028902003287401282
-0.030584829455386705
-0.035346609125221154
-0.03227489998165363
-0.029160738519148112
-0.030021533109022974
-0.033963331980786444
-0.03183034665312142
-0.033535083622673906
-0.02946676272787783
-0.0283490537245894
-0.029399707793143565
-0.03117223906117846
-0.03379632326800857
-0.0305213651975087
-0.02781241313283265
-0.02427302551294937
-0.021456503371427717
-0.02678056559320625
-0.02352318819228544
-0.02789895376976926
-0.02393724218285179
-0.020284586793365613
-0.01984345910193217
-0.01654391191170919
-0.006164838889542881
-0.012966512324934858
-0.01587308330074844
-0.01726567193787286
-0.0221790648504814
-0.02308410784236236
-0.025285864079487456
-0.028981041333328735
-0.03827431244886034
-0.03538025077278795
-0.0389329487903405
-0.04038714962385786
-0.0396464932306039
-0.036452184664793656
-0.0427252701723013
-0.03827380023781998
-0.033834834200248874
-0.035997850219673846
-0.03785663747102362
-0.04287173916162104
-0.0417216546456398
-0.038621350716511675
-0.03421411620226287
-0.03677783046603369
-0.03943707381457337
-0.035332175512287754
-0.03914834767598765
-0.03344134985767981
-0.03753091247152605
-0.041260395770537604
-0.039797547379748374
-0.03922251313792882
-0.03438105979141954
-0.04031026454380607
-0.03368769307491223
-0.03858495957293587
-0.036882347760758105
-0.03663452253210357
-0.03819106107838438
-0.04585883445479333
-0.03520487223625725
-0.03399399767729927
-0.03528199184999628
-0.037317807640274474
-0.030403961151234792
-0.03982224433624791
-0.03822427459393942
-0.04338172895763976
-0.040672691225902266
-0.039796590340111265
-0.03051801872751697
-0.006414939325721677
0.003781059694254737
-1.0
-1.0
-1.0
-1.0
0.011800936407752746
0.012632256690043614
0.010155824108529646
-1.0
0.013468763169476552
0.012772885407795493
0.010427194455457431
0.01417896719341305
0.01772039802307029
0.02015073678312777
0.017368443971765554
0.023310095025579243
0.014352277306585094
0.014078938562125816
0.013975934651482025
0.01529315516378582
0.013334474333832655
0.01648463750805085
0.009957267099105818
0.01745382379654557
0.014541302945059426
0.013891108427534792
0.012699555758685404
0.014744464186354092
0.012480668681362373
0.014404313094778971
0.0132428815765524
0.013088110016673446
0.00879156604958895
0.006412426204929801
0.013422321454724016
0.014682300305696562
0.024747590141667976
0.021252662351066938
0.02405808306574839
0.027657740125799045
0.023343560511773363
0.02396140769702715
0.012642008963467611
0.015378307101404434
0.01671833114616896
0.020646710512820216
0.016921073881643232
0.012743554900741152
0.01276605664437173
0.006042810879331791
0.005044217779148837
-0.0021191207594268525
-0.008897286718190105
-0.02320919335165398
-0.02914961395559299
-0.02373797532565207
-0.028507241662705893
-0.03125065127892365
-0.025969134572500874
-0.023812412002538877
-0.022085948317017767
-0.016780495490314958
-0.019914929790594588
-0.01433036933430936
-0.017528596783126717
-0.0161622435736132
-0.01627868781576255
-0.0128985900108452
-0.014418893664267893
-0.0030561041343351446
-0.016666561786292475
-0.010008830544650725
-0.020045092968654924
-0.017840223151886207
-0.023284736998319018
-0.022164574083178692
-0.023685187051345324
-0.028841165501200715
-0.03113160647993308
-0.028955291160494865
-0.028455442688540923
-0.022813017477036675
-0.024431278595282227
-0.025157543785279568
-0.03052320709741964
-0.029261968501219416
-0.027775907246633043
-0.030142618642509247
-0.03445369161949875
-0.028752932443452988
-0.030336120163819088
-0.02898154430039462
-0.029055810509296596
-0.023400693965768056
-0.024739573941050485
-0.0232418660494567
-0.024868488624602433
-0.019559191346401827
-0.024131030359144653
-0.022027200683318017
-0.03093882641380661
-0.02307218242850339
-0.027520465804129323
-0.02338248063582125
-0.022593071314309522
-0.02822972384991155
-0.027433953682037
-0.02742201490837642
-0.02341535998644778
-0.030703969989750456
-0.03035816985164416
-0.03173600364146641
-0.02960699540879414
-0.01934893992041085
-0.017803543379860502
-0.029142600833737382
-0.03354183191433582
-0.026637337123879418
-0.014571358016064967
-0.026670557634528625
-0.033872977275961974
-0.028633975646119407
-0.028279269875501518
-0.03387070189707403
-0.03299518932086079
-0.03713275924450679
-0.029351149712024415
-0.029643392328255323
-0.03721041864764056
-0.030855018396864047
-0.02915667514635752
-0.03655591689263364
-0.034898935672913065
-0.03600611325606405
-0.031706272449111804
-0.028226174199785087
-0.034122663956644865
-0.02993765356127066
-0.03229811131039079
-0.03308655434917798
-0.038193467734237256
-0.03606351271304891
-0.03083762034150629
-0.03798305622588867
-0.036423788466817646
-0.031261026551505915
-0.034294884317256864
-0.03947935291634895
-0.036055297367624056
-0.034102006648073925
-0.03134748674469318
-0.03622902839576283
-0.034848126010721715
-0.033662612236498794
-0.03227818453467022
-0.030194177150509895
-0.032556444139770525
-0.035704645314185046
-0.033801608137575496
-0.03717697764274797
-1.0
-0.03364191791920918
-0.04123209600165782
-0.03280025051084124
-0.041748567756631806
-0.03514557380110228
-0.03220268198494222
-0.025665053768128693
-0.03259339975703219
-0.0341734842604394
-0.027162140704632087
-0.0333059401855509
-0.029890647031640342
-0.025576644413998182
-0.026745116493213525
-0.033244831222506425
-0.035597754544609665
-0.02520073486038268
-0.03479364493176155
-0.035356208423997955
-0.03158309310423064
-0.030985006266815916
-0.0323941808836148
-0.03237938466169799
-0.034458819427093654
-0.023026180559271452
-0.02554483240121099
-0.02529707085071457
-0.03102344995317948
-0.03366379927010307
-0.03672877922717799
-0.032645195578868594
-0.031488924544447267
-0.028846269596728456
-0.033202009725722834
-0.030642530390773942
-0.026104572874326125
-0.0277543678932506
-0.026691487294486303
-0.025626681036982246
-0.029320557176541646
-0.02873208985246849
-0.031180208351174687
-0.03170922432716141
-0.026198040797318054
-0.027728327226386955
-0.023809854532790733
-0.03244196589895895
-0.03316624632470786
-0.02850689721679988
-0.014992538702535509
-0.006937298061237567
-0.00653629884998368
-0.011005101561106118
-0.01670157719873486
-0.02519672889272081
-0.013670168622861243
-0.014499718570138929
-0.01701998860344049
-0.014097565199850387
-0.020853789858883864
-0.02281249357340206
-0.01714030466782002
-0.022715228689785535
-0.019503264707161103
-0.019631052804281127
-0.01890395847065787
-0.006213879583270736
-0.0071917617097541145
-0.010091174389409681
-0.011865108587558912
-0.010537280983945149
-0.010697244173411224
-0.006665820389795943
-0.010783826098158708
-0.01194758048789302
-0.012254391667430467
-0.018066695790909346
-0.02065662505922564
-0.023145852335193055
-0.025456772103231832
-0.030785850939423504
-0.03584825723989612
-0.03166294818807865
-0.03983150271488218
-0.03060459378134329
-0.03582468103081423
-0.03713124614136501
-0.04146277772305891
-0.03953227771671924
-0.041463572630591826
-0.03934059117616316
-0.042305490198348804
-0.03467746002407468
-0.038785471114886776
-0.04211175317672941
-1.0
-0.033251157212934035
-0.04050574793872639
-0.03997383598692673
-0.042560463747808294
-0.041041903830258165
-0.037256884328116927
-0.03412138914374062
-0.02968174404592811
-0.020584372086288442
-0.007247489375425466
-0.006724436034635033
0.0017974550032744273
0.0020418217006196765
0.01031785871214026
0.007315734005730099
0.0056916730052052455
0.005917307751522266
0.0011032162373166734
0.004042176208459362
0.005448140820128747
0.0029577938768441995
0.0041397886183207
0.007518344389110146
0.002873091051079669
0.009267554049495415
0.01819982763667109
0.017097004799343587
0.02315101982620432
0.01857256308392668
0.027205402311532147
0.02554346846674322
0.01833942887564831
0.022749657522617754
0.019842729293083734
0.023119104962975617
0.01731728642428349
0.01322199267354494
0.015692828567813847
0.006831502421172667
0.005739797196459059
0.0033830439291284964
0.006654050271605116
0.002051103388280142
0.002876126380942751
0.0033287273349800433
0.011175663728038672
0.012987670330377551
0.0032127366780263338
0.0026048795025131743
0.006373504863372917
0.010615338031134436
0.016883269777582553
0.018163204397382816
0.01598946010508988
0.013769404683738449
0.01820469741378377
0.013005314679327173
0.0027843807888627017
0.003400416474850778
0.002384830818999009
-0.00960032435891092
-0.01066183065897093
-0.013649124038836112
-0.008292683934551997
-0.007789697346319086
-0.010924924703359432
-0.008171388970436804
-0.006884484846808162
-0.010293504902383411
-0.0042960771197191215
-0.006874807450189229
-0.0075085870394399875
-0.007529785495471644
-0.003330990917258109
0.010018757287527252
0.008461888624013704
0.0024875790128099096
0.0029657565630806233
-0.0006712645177183505
0.0024742421494553775
-0.003418709471073648
-0.006564700247368067
-0.004387164677833229
-0.012124561432997033
-0.0069622986459954165
-0.004935885273969372
-0.008121927202271973
-0.006786622521629929
-0.009630792255337787
-0.007851182329077316
-0.005462033065193271
-0.006315153232609833
-0.007168281944465396
-0.0024666805480712747
-0.0025315248836799207
-0.00731057753823822
-0.0042617646009683015
-0.006510747077852373
-0.01450361123346093
-0.0129486801924093
-0.006954311036973862
0.0008869110639762496
-0.007569452846898068
-0.0095630672441537
-0.00926259562109053
-0.012384405045959803
-0.005727595998534116
-0.008848370867097366
-0.011745642874857342
-0.006414855969804231
-0.008777610162618682
-0.005407926795057489
-0.011532094140740742
-0.0067930638036692685
-0.010786226100368234
-0.005708239738803782
-0.0008251880570371866
-0.002701844504457342
-0.009249658191473047
-0.004671378444035004
-0.002095491786489958
0.005653908321898741
0.009690497763002261
0.003853297549720481
0.005773650463009522
0.01696267801717034
0.0199715734420539
0.019657250910248877
0.0217423672694137
0.021912222079530787
0.023625044025268365
0.02337602895611748
0.02156081645384686
0.027419435606468198
0.02530246338721608
0.01696657051401629
0.02266233290950391
0.02194781243513559
0.019947195358574022
0.014178737917331586
0.017032347468909085
0.010676557429512082
0.01393511457874927
0.023759827879977387
0.013443874458400503
0.01001527719193379
0.016657132889251285
0.016797992681926548
0.023535733794789293
0.03246961239922613
0.028799940497261717
0.030113713663381086
0.02885501947145429
0.03345923750695536
0.028745090004909827
0.03648836562979804
0.022651249921582718
0.036625792361939226
0.03206255904885337
0.02731752187106861
0.023460058012600007
0.02104620386516659
0.02492985005425216
0.019727634329033496
0.022800512967713526
0.021635461942323898
0.020309122824862517
0.022266505988328234
0.03213188417834745
0.02589609475746903
0.02675054815666939
0.02791519890263727
0.025979141287542522
0.017015971436642935
0.023096924379600134
0.01803257850903246
0.02698728925332672
0.0235765782474568
0.021744888998657428
0.018886823049298066
0.021860328818168788
0.018295604141196724
0.020134757196380318
0.02067404030082942
0.02102560533081338
0.022890986138645878
0.02016714037024633
0.01812654614987488
0.01841870566494781
0.01952943364391861
0.01997145020725182
0.02441414410713775
0.020006509614789253
0.026920655729543577
0.019816696861025232
0.019773823359953438
0.016397506976875663
0.022490717608726615
0.02034524207047093
0.018699892871323263
0.016176780642182538
0.007489922425263139
-0.007730528918394726
-0.008188183911866523
-0.011990423729658948
-0.0108295066465441
-0.012458253177286261
-0.006133631036150873
-0.0075547966653554165
-0.01018732600884629
-0.01200910714278954
-0.014705574742365935
-0.01445305262204443
-0.01689047124194849
-0.017766936364461285
-0.01064988994319165
-0.011892404028424657
-0.01818147616186119
-0.015481327211239918
-1.0
-0.015616045110585857
-0.014896432968329102
-0.015863787312344543
-0.016858802352168203
-0.014442375185066338
-0.018042410003671374
-0.01474822454220342
-0.009089002861657473
-0.011043176816395994
-0.008663256028563882
0.0005294232993730966
0.002627141228379879
0.01107124992538544
0.008310290476733439
0.007245766070129353
0.013785140550964312
0.004801031030632035
0.006643831818902215
0.009448716525257632
0.008232474392541909
0.010303032338984323
0.013341861822915772
0.00926356856454923
0.004066620153445587
0.007759402275248168
0.006164474447343897
0.004875266496165843
0.005941879614927297
0.009342971593282165
0.005271735532761005
0.005021214420134827
0.0007844338260762378
0.0022108803985109917
-0.0002665004206079285
0.0011550856976697914
0.003731610312910072
0.005427088045413008
0.00627447734087347
-0.0020556155265113417
0.007110971331524221
0.007441166548639041
0.010883843053167346
0.016078361863733404
0.015440938477809954
0.025751254687357446
0.027681165073715753
0.017280722756370513
0.02590974964995152
0.01900877937565841
0.021488671494690758
0.018985233490843165
0.018770268372332633
0.022297052268685006
0.01650194230562852
0.014925680339869471
0.01911654834662301
0.017673946710324007
0.020825133022686532
0.026441097992808704
0.024855341093031266
0.022434318041366377
0.02301272958174613
0.026580155339371428
0.025450211053894722
0.023295058630208598
0.014946843946303712
0.026248076743451036
0.022151859906149818
0.01575417388362424
0.014692465692380485
-1.0
0.019383394653122988
0.018156088674224545
-1.0
-1.0
-1.0
-1.0
-1.0
-1.0
-1.0
-1.0
0.028221139716555328
0.017321017833009673
-1.0
-1.0
-1.0
0.019425141426022457
0.022949783478153418
0.02389546257769765
0.020461299919538437
0.018203117208799222
0.018864232568057224
0.0126986840898485
0.024620638208678096
0.019834339440029543
0.027379994449252043
-1.0
0.028238523186454915
0.018331216926262082
0.02057657433222653
0.02280904955275458
0.02956015480699366
0.02454115239733934
0.013428055410656765
0.01827383673609707
0.015130686454811118
0.020562264006857973
0.021166549400029027
0.014987986060829258
-1.0
0.01321538728802758
0.01648210837772685
0.015530129368535225
0.014191371098453287
0.020910340852384007
0.024873201802535806
0.017311848524058128
0.027162520541069303
0.016877674159883223
0.025064681148243114
0.021970908370284245
0.019671403165780955
-1.0
0.020738577041576577
0.02311549131775784
0.022371715957848554
0.026778691159963335
0.019291320339404172
0.021223637553189487
0.033363845380091614
0.023253419682879674
0.019986964128749982
0.019200313764570837
0.02072289569662235
0.02585423873683214
0.020819151052538173
0.023650699567671962
0.022828254222849523
0.018121566026925266
0.020470171521324295
0.027271060599165543
0.02397599091806442
0.02505657154929149
0.023256502835403026
0.0239417245075425
0.024355510489451084
0.02286228143365402
0.021831113079068515
0.021802407659230416
0.024653752515101417
0.02131134741632234
0.018301746022716437
0.01990031214041298
0.02112937965530404
-1.0
-1.0
-1.0
-1.0
-1.0
-1.0
-1.0
-1.0
-1.0
-1.0
-1.0
