-1.0
-1.0
-1.0
-1.0
-1.0
-1.0
-1.0
-1.0
-1.0
-1.0
-1.0
-1.0
-1.0
-1.0
-1.0
-1.0
-1.0
-1.0
-1.0
-1.0
-1.0
-1.0
-1.0
-1.0
-1.0
-1.0
-1.0
-1.0
-1.0
-1.0
-1.0
-1.0
-1.0
-1.0
-1.0
-1.0
-1.0
-1.0
-1.0
-1.0
-1.0
-1.0
-1.0
-1.0
-1.0
-1.0
-1.0
-1.0
-1.0
-1.0
-1.0
-1.0
-1.0
-1.0
-1.0
-1.0
-1.0
-1.0
-1.0
-1.0
-1.0
-1.0
-1.0
-1.0
-1.0
-1.0
-1.0
-1.0
-1.0
-1.0
-1.0
-1.0
-1.0
-1.0
-1.0
-1.0
-1.0
-1.0
-1.0
-1.0
-1.0
-1.0
-1.0
-1.0
-1.0
-1.0
-1.0
-1.0
-1.0
-1.0
-1.0
-1.0
-1.0
-1.0
-1.0
-1.0
-1.0
-1.0
-1.0
-1.0
-1.0
-1.0
-1.0
-1.0
-1.0
-1.0
-1.0
-1.0
-1.0
-1.0
-1.0
-1.0
-1.0
-1.0
-1.0
-1.0
-1.0
-1.0
-1.0
-1.0
-1.0
-1.0
-1.0
-1.0
-1.0
-1.0
-1.0
-1.0
-1.0
-1.0
-1.0
-1.0
-1.0
-1.0
-1.0
-1.0
-1.0
-1.0
-1.0
-1.0
-1.0
-1.0
-1.0
-1.0
-1.0
-1.0
-1.0
-1.0
-1.0
-1.0
-1.0
-1.0
-1.0
-1.0
-1.0
-1.0
-1.0
-1.0
-1.0
-1.0
-1.0
-1.0
-1.0
-1.0
-1.0
-1.0
-1.0
-1.0
-1.0
-1.0
-1.0
-1.0
-1.0
-1.0
-1.0
-1.0
-1.0
-1.0
-1.0
-1.0
-1.0
-1.0
-1.0
-1.0
-1.0
-1.0
-1.0
-1.0
-1.0
-1.0
-1.0
-1.0
-1.0
-1.0
-1.0
-1.0
-1.0
-1.0
-1.0
-1.0
-1.0
-1.0
-1.0
-1.0
-1.0
-1.0
-1.0
-1.0
-1.0
-1.0
-1.0
-1.0
-1.0
-1.0
-1.0
-1.0
-1.0
-1.0
-1.0
-1.0
-1.0
-1.0
-1.0
-1.0
-1.0
-1.0
-1.0
-1.0
-1.0
-1.0
-1.0
-1.0
-1.0
-1.0
-1.0
-1.0
-1.0
-1.0
-1.0
-1.0
-1.0
-1.0
-1.0
-1.0
-1.0
-1.0
-1.0
-1.0
-1.0
-1.0
-1.0
-1.0
-1.0
-1.0
-1.0
-1.0
-1.0
-1.0
-1.0
-1.0
-1.0
-1.0
-1.0
-1.0
-1.0
-1.0
-1.0
-1.0
-1.0
-1.0
-1.0
-1.0
-1.0
-1.0
-1.0
-1.0
-1.0
-1.0
-1.0
-1.0
-1.0
-1.0
-1.0
-1.0
-1.0
-1.0
-1.0
-1.0
-1.0
-1.0
-1.0
-1.0
-1.0
-1.0
-1.0
-1.0
-1.0
-1.0
-1.0
-1.0
-1.0
-1.0
-1.0
-1.0
-1.0
-1.0
-1.0
-1.0
-1.0
-1.0
-1.0
-1.0
-1.0
-1.0
-1.0
-1.0
-1.0
-1.0
-1.0
-1.0
-1.0
-1.0
-1.0
-1.0
-1.0
-1.0
-1.0
-1.0
-1.0
-1.0
-1.0
-1.0
-1.0
-1.0
-1.0
-1.0
-1.0
-1.0
-1.0
-1.0
-1.0
-1.0
-1.0
-1.0
-1.0
-1.0
-1.0
-1.0
-1.0
-1.0
-1.0
-1.0
-1.0
-1.0
-1.0
-1.0
-1.0
-1.0
-1.0
-1.0
-1.0
-1.0
-1.0
-1.0
-1.0
-1.0
-1.0
-1.0
-1.0
-1.0
-1.0
-1.0
-1.0
-1.0
-1.0
-1.0
-1.0
-1.0
-1.0
-1.0
-1.0
-1.0
-1.0
-1.0
-1.0
-1.0
-1.0
-1.0
-1.0
-1.0
-1.0
-1.0
-1.0
-1.0
-1.0
-1.0
-1.0
-1.0
-1.0
-1.0
-1.0
-1.0
-1.0
-1.0
-1.0
-1.0
-1.0
-1.0
-1.0
-1.0
-1.0
-1.0
-1.0
-1.0
-1.0
-1.0
-1.0
-1.0
-1.0
-1.0
-1.0
-1.0
-1.0
-1.0
-1.0
-1.0
-1.0
-1.0
-1.0
-1.0
-1.0
-1.0
-1.0
-1.0
-1.0
-1.0
-1.0
-1.0
-1.0
-1.0
-1.0
-1.0
-1.0
-1.0
-1.0
-1.0
-1.0
-1.0
-1.0
-1.0
-1.0
-1.0
-1.0
-1.0
-1.0
-1.0
-1.0
-1.0
-1.0
-1.0
-1.0
-1.0
-1.0
-1.0
-1.0
-1.0
-1.0
-1.0
-1.0
-1.0
-1.0
-1.0
-1.0
-1.0
-1.0
-1.0
-1.0
-1.0
-1.0
-1.0
-1.0
-1.0
-1.0
-1.0
-1.0
-1.0
-1.0
-1.0
-1.0
-1.0
-1.0
-1.0
-1.0
-1.0
-1.0
-1.0
-1.0
-1.0
-1.0
-1.0
-1.0
-1.0
-1.0
-1.0
-1.0
-1.0
-1.0
-1.0
-1.0
-1.0
-1.0
-1.0
-1.0
-1.0
-1.0
-1.0
-1.0
-1.0
-1.0
-1.0
-1.0
-1.0
-1.0
-1.0
-1.0
-1.0
-1.0
-1.0
-1.0
-1.0
-1.0
-1.0
-1.0
-1.0
-1.0
-1.0
-1.0
-1.0
-1.0
-1.0
-1.0
-1.0
-1.0
-1.0
-1.0
-1.0
-1.0
-1.0
-1.0
-1.0
-1.0
-1.0
-1.0
-1.0
-1.0
-1.0
-1.0
-1.0
-1.0
-1.0
-1.0
-1.0
-1.0
-1.0
-1.0
-1.0
-1.0
-1.0
-1.0
-1.0
-1.0
-1.0
-1.0
-1.0
-1.0
-1.0
-1.0
-1.0
-1.0
-1.0
-1.0
-1.0
-1.0
-1.0
-1.0
-1.0
-1.0
-1.0
-1.0
-1.0
-1.0
-1.0
-1.0
-1.0
-1.0
-1.0
-1.0
-1.0
-1.0
-1.0
-1.0
-1.0
-1.0
-1.0
-1.0
-1.0
-1.0
-1.0
-1.0
-1.0
-1.0
-1.0
-1.0
-1.0
-1.0
-1.0
-1.0
-1.0
-1.0
-1.0
-1.0
-1.0
-1.0
-1.0
-1.0
-1.0
-1.0
-1.0
-1.0
-1.0
-1.0
-1.0
-1.0
-1.0
-1.0
-1.0
-1.0
-1.0
-1.0
-1.0
-1.0
-1.0
-1.0
-1.0
-1.0
-1.0
-1.0
-1.0
-1.0
-1.0
-1.0
-1.0
-1.0
-1.0
-1.0
-1.0
-1.0
-1.0
-1.0
-1.0
-1.0
-1.0
-1.0
-1.0
-1.0
-1.0
-1.0
-1.0
-1.0
-1.0
-1.0
-1.0
-1.0
-1.0
-1.0
-1.0
-1.0
-1.0
-1.0
-1.0
-1.0
-1.0
-1.0
-1.0
-1.0
-1.0
-1.0
-1.0
-1.0
-1.0
-1.0
-1.0
-1.0
-1.0
-1.0
-1.0
-1.0
-1.0
-1.0
-1.0
-1.0
-1.0
-1.0
-1.0
-1.0
-1.0
-1.0
-1.0
-1.0
-1.0
-1.0
-1.0
-1.0
-1.0
-1.0
-1.0
-1.0
-1.0
-1.0
-1.0
-1.0
-1.0
-1.0
-1.0
-1.0
-1.0
-1.0
-1.0
-1.0
-1.0
-1.0
-1.0
-1.0
-1.0
-1.0
-1.0
-1.0
-1.0
-1.0
-1.0
-1.0
-1.0
-1.0
-1.0
-1.0
-1.0
-1.0
-1.0
-1.0
-1.0
-1.0
-1.0
-1.0
-1.0
-1.0
-1.0
-1.0
-1.0
-1.0
-1.0
-1.0
-1.0
-1.0
-1.0
-1.0
-1.0
-1.0
-1.0
-1.0
-1.0
-1.0
-1.0
-1.0
-1.0
-1.0
-1.0
-1.0
-1.0
-1.0
-1.0
-1.0
-1.0
-1.0
-1.0
-1.0
-1.0
-1.0
-1.0
-1.0
-1.0
-1.0
-1.0
-1.0
-1.0
-1.0
-1.0
-1.0
-1.0
-1.0
-1.0
-1.0
-1.0
-1.0
-1.0
-1.0
-1.0
-1.0
-1.0
-1.0
-1.0
-1.0
-1.0
-1.0
-1.0
-1.0
-1.0
-1.0
-1.0
-1.0
-1.0
-1.0
-1.0
-1.0
-1.0
-1.0
-1.0
-1.0
-1.0
-1.0
-1.0
-1.0
-1.0
-1.0
-0.007118422277891757
-1.0
-1.0
-1.0
-1.0
-1.0
-1.0
-1.0
-1.0
-1.0
-1.0
-1.0
-1.0
-1.0
-1.0
-1.0
-1.0
-1.0
-1.0
-1.0
-1.0
-1.0
-1.0
-1.0
-1.0
-1.0
-1.0
-1.0
-1.0
-1.0
-1.0
-1.0
-1.0
-1.0
-1.0
-1.0
-1.0
-1.0
-1.0
-1.0
-1.0
-1.0
-1.0
-1.0
-1.0
-1.0
-1.0
-1.0
-1.0
-1.0
-1.0
-1.0
-1.0
-1.0
-1.0
-1.0
-1.0
-1.0
-1.0
-0.016080480938880762
-1.0
-0.01754589957419067
-1.0
-0.01653517387612844
-0.009654841948494738
-0.01088818800138359
-0.011898764338277013
-0.0054901786530953435
-1.0
-1.0
-1.0
-1.0
-1.0
-1.0
-1.0
-1.0
-0.021541490909386268
-0.023420500933576255
-0.016831377407793457
-0.007223492299334485
-0.009234814765158668
-0.004827442117383789
-0.004241560721350277
-0.003906825660946539
0.002185130976471899
-0.0006806384551407055
0.0005156593137429099
0.00040503162110480743
-0.004561050492122356
-0.0015485214966129168
-1.0
-1.0
-1.0
-1.0
-1.0
-1.0
-1.0
-1.0
-1.0
-1.0
-1.0
-1.0
-1.0
-1.0
-1.0
-1.0
-1.0
-1.0
-1.0
-1.0
-1.0
-1.0
-1.0
-1.0
-0.020607218761544786
-1.0
-1.0
-0.023547472221001543
-1.0
-0.02111656348412019
-0.02572964151156446
-0.028178797932324088
-1.0
-1.0
-1.0
-1.0
-1.0
-0.025928450666440454
-0.02296522783556168
-0.020136443804032924
-0.022720367863237983
-0.023548263655427844
-0.023550745014666318
-0.023795083134123075
-1.0
-0.023241188349847244
-1.0
-1.0
-0.023321610659969735
-1.0
-1.0
-1.0
-1.0
-1.0
-1.0
-1.0
-1.0
-1.0
-1.0
-1.0
-1.0
-1.0
-1.0
-1.0
-1.0
-1.0
-1.0
-1.0
-1.0
-0.023364756080709634
-0.02220978866488826
-0.021168110172033617
-0.021714888043118444
-1.0
-1.0
-1.0
-0.023828666788169542
-1.0
-0.021160662116384683
-0.014074224877460606
-0.019530680926291812
-0.01738576396705415
-0.01909341025275458
-0.017740234439531846
-0.020679032971320174
-0.020347437057994158
-0.01898771103669942
-0.018011756438383295
-0.016177355011890108
-0.016965268607709316
-0.02262737235741527
-0.021403991351060067
-0.02004848503271665
-0.01646232735723616
-0.01869937810840024
-0.019474694123810497
-0.023229411290353608
-0.012186019403163419
-0.020303577994558925
-0.014268968801772215
-0.007853796843888143
-0.011357880772250705
-0.011659134064413778
-0.01083998295978448
-0.017072898944006175
-0.017356169627552126
-0.019843313419775188
-0.019957360239260216
-0.022898862641717893
-0.02177710936484839
-0.02222575832009569
-0.024280169459111878
-0.01643261172586752
-0.021274697083870312
-1.0
-0.020729414027852677
-0.01840466846478024
-1.0
-0.024194064281407763
-0.014241495890609255
-0.019706500812303678
-0.026068035419696465
-0.01853327358512766
-1.0
-1.0
-0.021365402762880754
-1.0
-0.018277910000138623
-0.023788141433263202
-0.028355166147617916
-0.021963242130810634
-0.022498433230566932
-0.020659926703639624
-0.02379714154334358
-0.02773171839982717
-0.018034242744182777
-0.024154235089718673
-0.025027696905151137
-1.0
-0.024356179718754426
-0.02232970040014602
-0.01726241945823217
-0.020316886717733195
-0.020255717868343362
-0.02557337473642275
-0.025913729683137064
-0.020438622416700854
-0.02695189535761304
-0.023561279066736558
-0.02307562744654545
-1.0
-0.019689316698731148
-0.022420396011626466
-0.019752535311166285
-0.02079105002632066
-1.0
-0.022333760818855908
-0.018653019834435455
-0.02292582503141883
-0.025826414224036368
-0.02539375615062035
-0.011576542814489544
-0.022010430335484558
-0.027007370233649568
-0.018715544700434763
-0.023029938578484246
-0.023039680330314834
-0.026566125941341227
-0.02164007895068133
-0.02558589799347688
-0.021579432523297897
-0.025397105974414667
-0.02318142895068283
-1.0
-0.023526577867271997
-0.028529551134221027
-0.026269357890993446
-0.026633714158564206
-1.0
-0.01980716723221773
-0.022999044639727267
-0.02410870079301187
-0.021020092553599205
-0.02184765661073598
-0.023033761697020417
-0.02012701223689175
-0.02716676231435308
-0.025461998516844397
-0.026437628928857527
-0.02053630972007403
-1.0
-0.027030920193797898
-0.028166607144953823
-1.0
-0.02120274671873259
-0.022311693575599506
-1.0
-1.0
-1.0
-0.020928096557048664
-0.02774140844490948
-1.0
-0.028160977266901276
-0.023912471978531573
-0.02585283328336698
-0.0324001596503759
-0.01928758320257764
-0.020458269636730097
-1.0
-0.014409976172063447
-0.013997081415673381
-0.013395334172924036
-0.018999327616307137
-0.0064005666162663885
-1.0
-0.013798624261010237
-0.019705769742481095
-1.0
-1.0
-1.0
-1.0
-1.0
-1.0
-1.0
-1.0
-1.0
-1.0
-1.0
-1.0
-1.0
-1.0
-1.0
-1.0
-1.0
-1.0
-1.0
-1.0
-1.0
-1.0
-1.0
-0.01853001850301215
-0.02246733940205857
-1.0
-1.0
-1.0
-1.0
-0.02031860150120467
-0.026224250073840907
-0.026465517158711347
-0.021985548001297036
-0.024436935760574652
-0.021198351102245855
-1.0
-0.026701532671055576
-0.03056121023937115
-0.021772076267275682
-0.022599546566532493
-0.028855375940046068
-0.028481136743994457
-0.01630002901217706
-0.023969732955231398
-0.02859985405779895
-0.02208045179885631
-1.0
-0.02878074402143695
-0.01902223779993272
-0.023244601294710527
-0.029221075897818024
-0.02270880729263177
-0.020463044574006432
-0.02536625112950687
-0.022349134730905208
-0.02124863761589988
-0.02252028116590338
-0.011241008554280464
-0.004568864495867431
-0.001397477331127899
-0.0028659963912994776
-0.0014991154367448173
0.0006187226149626185
0.0033741940568222982
-0.0005820738608481074
-0.0021173064694512194
0.0012526867830251647
0.0016630264870410674
0.0009685954514597067
-0.007077522288598646
-0.006043073445229757
-0.016364952811179324
-0.007700473829411778
-0.009758708733319915
-1.0
-1.0
-1.0
-1.0
-1.0
-1.0
-1.0
-1.0
-1.0
-1.0
-1.0
-1.0
-1.0
-1.0
-1.0
-1.0
-1.0
-1.0
-1.0
-1.0
-1.0
-1.0
-1.0
-0.008103301651083127
-1.0
-1.0
-1.0
-1.0
-1.0
-1.0
-0.012026910760242827
-0.013607632481560075
-0.008684561310017358
-0.005818883560373971
-0.0020891533612603704
-0.0062993817954958035
-0.002176152654916677
-0.004253091401013782
-0.005271257477554955
-0.009077754381846583
-0.011819559552512487
-0.007657603910555528
-0.006097732579508545
-0.008259558162487636
-0.011089922610555492
-0.008799796697133253
-0.015872460923653343
-0.01177053165617737
-0.008978441891382605
-0.010831403925178371
-0.0032724579412710523
-0.0031578358230987718
-0.002074166081842927
-0.007425823994584966
-0.005967399861426218
-0.006454007116892797
-0.016229251335160007
-0.020387303437939715
-0.02767601182866789
-0.02558406351289104
-1.0
-1.0
-1.0
-1.0
-1.0
-1.0
-1.0
-0.029766343438255294
-0.03233390114616421
-0.03139358880871031
-0.026607194344071605
-0.028157249660343785
-0.03228629401837626
-0.03545030756399608
-0.031605908154928294
-0.03365491648239543
-0.028643986683194542
-0.03277831337228702
-1.0
-1.0
-0.030685473830338084
-0.03533333245298968
-1.0
-1.0
-1.0
-1.0
-1.0
-1.0
-1.0
-1.0
-1.0
-1.0
-1.0
-1.0
-1.0
-1.0
-1.0
-1.0
-1.0
-1.0
-1.0
-1.0
0.00033350154567594696
-0.004369331816507468
0.0018536222101147597
-0.001643116586604189
-0.003302268015547319
-0.0018282308537403338
-0.003288816130955025
-0.0012804520283121413
0.0009550547501109126
0.003694998408775886
-0.0032896601390612996
-0.0028518397394028433
-0.0018598457616328386
-0.002583566496069433
-0.004647732213548296
0.003769993544538277
0.0053916101999866555
0.0031713629797053976
0.0022277341024236914
-0.001009852143886913
0.0036009078530760716
0.007711613760964404
0.003981484799041326
-0.0001441432756765618
0.006473546450889152
0.0027396899719115465
0.0014225291497222468
-0.0037904596989502977
-0.0018828501337586191
-0.0017625072743817866
-0.0010188065739952388
-0.0006493640072636018
0.003228444374864217
-0.0014340411786427265
-0.0072592073182306946
-0.0005377589118145217
-0.0043587597383057605
-0.008894529390124379
0.0009138678143625814
-0.0017659992253712935
-0.0026845712947545643
-0.0063512728117558585
-0.004465622018817899
-0.0030160690482071793
-0.006216794640692299
-0.0039008309104538643
0.0013528933584148544
-0.0006783099671927555
-0.003250767522165492
-9.711203855597112e-05
-0.0016511324324124672
-0.00356523782072833
-0.0037618720743970266
-0.0005838066618533651
0.001998521574494656
0.0056366090238369315
0.008669739991961809
0.004075614375967124
0.00882159397087097
0.006208449855390467
0.004765972808458864
0.007954913045734422
0.011291630289668533
0.012915941391617657
0.0148488889042698
0.012555237491970048
0.009418962304968893
0.012995319317832618
0.013896094922406304
0.009470483877019889
-1.0
-1.0
0.001629127142693164
-0.002124909564540736
-0.001912022099382625
0.002079656754099285
-1.0
-1.0
0.0019758711581424394
0.0013494431638643833
-0.0003557191715915003
-0.0006950866058920592
-0.0005166241373501234
-0.006530754797476159
-0.0012651097481363707
-0.0035119650336089474
0.000656884382647669
-0.0005827411758984582
-0.001807289963008105
0.003989950303089616
0.002056119118665418
0.0011771145041315626
0.001007625990419751
-2.2245763516194687e-05
-0.00812343430263192
-0.012943893411056619
-0.007103607318961775
-0.01411217006737685
-0.019150545284846967
-0.01599109440225531
-0.02067851835553255
-0.017948909554104386
-0.021313948764155898
-0.017888956721989376
-0.02020170293585079
-0.013629084309319684
-0.019493185247433584
-0.018634963078481788
-0.015614482046805616
-0.018453558881708517
-0.016726428873747555
-0.015853823245875906
-0.01339169252293667
-0.017990987859330104
-0.012474487096934729
-0.012191958784115829
-0.007316608732370329
-0.012828956049782654
-0.017450021329657974
-0.0197050802115814
-0.014745273959825451
-0.015165628569648246
-0.017123474547709388
-0.014916002588941315
-0.015139666162457873
-0.014257403027678722
-0.014421860638695723
-0.01694007051880543
-0.01712144690963373
-0.019205412380946862
-0.012814217620560113
-0.020736125082398717
-0.019509697754077696
-0.018931209261998608
-0.016026694837381828
-0.01980291433241206
-0.0167798498796712
-0.0212457129756145
-0.010917282641337978
-0.014413988064417158
-0.01546967654350886
-0.01672919859920285
-0.01651335682133365
-0.02176544377746747
-0.021293188545970333
-0.016679990295082783
-0.01856911816657551
-0.01728539307043841
-0.016365408632128466
-0.010938325442779166
-0.012434586119511211
-0.011004690476601802
-0.010863060690000988
-0.014079810340789653
-0.015265746145621498
-0.018519138128898764
-0.01773026720559786
-0.01348999995824365
-0.014239067039839794
-0.011094193454974668
-0.009842568459911471
-0.013669679479196218
-0.018518731589573848
-0.02390068865424574
-0.015375152160892235
-0.018955890798454597
-0.0184399277800852
-0.018659812866034076
-0.014892090799642457
-0.01898794393474669
-0.018117648534224443
-0.01774551202103718
-0.01974959060563981
-0.018964029368045376
-0.021487230353950906
-0.02019827620837748
-0.01536363944911751
-0.01352089056441499
-0.014638631469808563
-0.014159687410565405
-0.024303598323483003
-0.023596718140656225
-0.022574177384674224
-0.028645486766103883
-0.024473231571419514
-0.02977108999396661
-0.0279740818371814
-1.0
-0.02729381399647305
-0.02504507063928535
-1.0
-0.026344396011832145
-0.030242194645288056
-1.0
-0.03420557936026805
-0.029272833646027025
-0.029188457721027582
-0.029990783770250776
-0.030001010186573394
-0.031615453902050596
-0.028046764130736347
-0.025825829851901017
-0.0316768457116338
-0.026385252494425814
-0.031117024288167126
-0.0209468759307916
-0.02944292128082327
-0.023446961389253757
-0.0228035515711878
-0.02544201468844617
-0.02069424125771201
-0.018405954121459074
-0.014457275886173711
-0.011085733161006936
-0.004824533157072891
-0.0004961930554379997
0.00042915445231632275
0.00042139333422214523
-0.0014816499003065765
0.0015393525661958054
0.0020740994693348347
-0.0012587745983731857
-0.0022755356729320577
0.0028415215404378608
0.006139501330668987
0.0058801897185207464
0.0027662862497198322
0.0043118563003548115
-0.0007298313776693578
-0.004663734465431477
-0.0003744070990644313
-0.005582382580367704
0.00014153685884974384
0.005498875470843548
0.0025958737202476014
0.0031098760337773886
0.0012308878398638921
0.003850931528892567
0.003369716347574596
0.0012943789415832067
0.0052842475996561665
0.001479898559598089
0.005937104887472121
0.007575535205167234
0.005676106466843408
0.004267840900401065
0.003441189696137611
0.011228863556185433
0.006622309949240248
0.00998963427713068
0.006585857041079512
0.005986382267334927
0.009113591629091165
0.0063980470216181235
0.006821796580656657
0.007290015625099181
0.0073296545985482315
0.004586860162494109
0.005235314080782711
0.011098548172120836
0.011404057696677555
0.01409830585238363
0.016694591034461387
0.010224583261344929
0.010917648315825455
0.01576983412433045
0.011931354661024657
0.010508025851938848
0.012697329972752223
0.008882197003159311
0.013705875529443976
0.006900376178975418
0.009181491214333318
0.012335018205054206
0.009819821816351233
0.008905324520743397
0.009110624732531495
0.011171105868849887
0.015641889860541845
0.012096515641467173
0.016585016622583944
0.008988277582573482
0.012024005613189594
0.01393333822255653
0.013888965894038516
0.011921772367150136
0.016740852125691673
0.014436312060409089
0.016018083560648374
0.01560139585070812
0.02185392602756796
0.02189953592590934
0.020856156900938335
0.020307176857219188
0.019032069159027776
0.020265038040835563
0.02315522097388731
0.021511764137600704
0.02360334064376549
0.021182271224296195
0.018333752746127162
0.020653623909375796
0.024081977721434614
0.01834812320256736
0.026733005827513666
0.01940641156336501
0.0206378552520635
0.022371684241174826
0.02409491803255477
0.024344905208117065
0.024229437908526105
0.02371905770463538
0.02333979138964071
0.02417103658616335
0.021242997967271846
0.02642944303966658
0.02330080955385632
0.029116628805956807
0.0208734127043368
0.024334768130499635
0.021146247349243877
0.021711158984797033
0.02409740932053304
0.021761105817986553
0.023885316575258154
0.023513184182018813
0.024843420246681458
0.018471806607661616
0.024968325399850243
0.024953823413156242
0.023623065055938235
0.022838272769689166
0.022353136920992785
0.022882643613063098
0.0187293366086117
0.022910534949633108
0.019122175986396154
0.01758151958383062
0.02110801755689843
0.026606568961687144
0.0235267064408945
0.018544555154671082
0.022496490684739568
0.024337327672410772
0.02518886407151706
0.0189298876259591
0.020165271948268056
0.020588664066609197
0.022890033477357546
0.01929396065612289
0.014993594874123342
0.026031549130893502
0.019952428119017013
0.02228442724989251
0.025201696509762984
0.023699127438675752
0.02282824428349547
0.020103346177428885
0.020383220230483598
0.020312136025148857
0.024796790426898602
0.019225126315681667
0.02469965682585601
0.023519841975995454
0.01945742143712064
0.0251518905159885
0.02722739824137438
0.021816717869665235
0.021439808947259182
0.019196896938779566
0.018464329457161244
0.02071469664550478
0.027888438978368516
0.022465352689134768
0.020267542398683024
0.020367023734195588
0.021621627761640286
0.01909651020106969
0.02114434787093854
0.01936715706304672
0.019917962510274296
0.022763037341688587
0.023735212057096975
0.02016273201313221
0.01725774251605462
0.022097049094816947
0.022027608498486166
0.01963986230761314
0.018717048271124147
0.01927089368474987
0.01864558431725361
0.0204929338322715
0.016784168460725335
0.020011138585708903
0.0249306362906795
0.021680980842162422
0.026870729120372826
0.025336192261920902
0.021645209186473606
0.020043298727241404
0.02328613592987034
0.021398587566767355
0.023572038780016014
0.020633988113413673
0.023372693598663227
0.01810772712742839
0.024634712990126192
0.020206293489715667
0.01954914958783006
0.021334562371233753
0.02142503524101275
0.022487784904120126
0.023020879462371188
0.02223578478782981
0.017956575409871556
0.01673631304362283
0.017884082026973946
0.017815768378627455
0.021696345803131664
0.02420556705243828
0.024378623693142545
0.02236399264357832
0.02345647879179898
0.01814048926094574
0.024330954356762795
0.020773572529023492
0.024991797209455092
0.024260899169590355
0.02694001616314254
0.026744536513439502
0.021102202551951235
0.020152138112758972
0.024531343055563024
0.020588789306669256
0.025247816439386363
0.027741763276813006
0.018966342731027236
-1.0
-1.0
-1.0
-1.0
-1.0
-1.0
-1.0
0.02388174939593042
0.02734634700089291
0.02529435391286343
0.025335453399022625
0.017839218826353025
0.019932232682675244
0.022657141360751993
0.021614977957291157
0.022041879468911035
0.01743970502058433
0.024322336819920607
0.022811799431491944
0.021379567376704735
0.0216383172329809
0.02002069885246497
0.02095233134673264
0.02203928937402649
0.022099023286134906
0.024726894091117113
0.01867841654527978
0.020534011446052977
0.020453362319807055
0.021186521904977492
0.019452616735319794
0.022710861429613344
0.01881061751779797
0.014349675201676826
0.022087003982151927
0.02317337695729237
0.02219579977507749
0.022876085201782647
0.02227036062938535
0.02810129847625252
0.01804375189931364
0.01717802606482645
0.019787724011526616
0.018645915626939992
0.018152044882607313
0.014812801517175083
0.018106734817240108
0.008953325272463902
0.015721272476542605
0.01198539886010818
0.009875814196928732
0.00464256222464579
0.007090235105128093
0.006586232854404623
0.011202578733966045
0.0075938373546494435
0.00907076079080131
0.005621927244142014
0.00918814087385798
-1.0
-1.0
0.004454001212065295
0.00613971762523254
0.00862301504549725
0.005749840700220318
0.008732894390505605
-0.00019939770492872206
-0.00022989431817570162
-0.0010229044732449081
-0.0019398755934169087
-0.005448451790874448
-0.007420314672009973
-0.007005955372135182
0.0031783144015280654
-0.0019913494201558375
-0.0017520627026480252
-0.0036567839630493497
-0.007944756204105409
-0.008039893667249054
-0.012820174817255644
-0.007334369145483947
-0.009975583417943527
-0.007792615774110422
-0.012740477419717289
-0.01790376688685915
-0.023404437576090988
-0.029281946416685616
-0.030838553110752596
-0.0364165445534685
-0.03250226132383131
-0.03250184378616046
-0.026926200876906878
-0.02917673665786804
-0.030171191916474407
-0.03268136438516387
-0.029604862147550752
-0.03233980224554716
-0.031430859431182796
-0.03486689689133096
-0.035763346397151674
-0.03612291851106036
-0.03155814472307419
-0.033257416852484054
-0.03241745643873571
-0.03689481062612075
-0.0363951612900663
-0.032959381974643945
-0.03178222762544797
-0.03349140312723058
-0.032366632635185126
-0.037724365766723576
-0.028802024757318398
-0.0270963931218566
-0.033195274778683004
-0.028752139786383225
-1.0
-0.03464823883464097
-0.032464284166136344
-0.029972820526543015
-0.02826052381875285
-0.03515889836576649
-0.03870313564715612
-0.029809607187203744
-0.03274637292692311
-0.03382600040229441
-0.02762995701826072
-0.029567129496565155
-1.0
-0.034126783873449286
-0.034803444318137776
-0.030218498065055454
-0.031041322640580456
-0.03523305302784677
-0.032442293124465726
-0.036768044045826245
-0.037261820719567455
-0.03440513072659522
-0.030863419588513272
-0.03523017973121887
-0.030605952282025888
-1.0
-1.0
-0.030433959487564232
-0.030932954151314595
-0.025943178535617537
-0.02958111269910303
-0.027714809200526005
-0.0327876824032923
-0.026650791536561868
-0.025159491048198965
-0.025447585912011093
-0.020549843203791645
-0.02139107358796765
-0.01754540152545136
-0.02002859698478771
-0.016175382305474228
-0.018355238264089812
-0.02090729487370391
-0.02435886660600718
-0.029604306585712576
-0.033113727171750186
-0.025876176286006088
-0.02108076668373505
-0.03351986020921485
-0.019004872782999675
-0.01861965666180562
-0.02237320032873814
-0.022446350728136253
-0.022683175116035743
-0.02285377582749093
-0.022283667955267577
-0.02415549799540902
-0.027658654201314012
-0.03176331855970779
-0.026271542470393663
-0.029779962230324575
-0.02890255118871951
-0.0304445106666157
-0.03067988967746904
-0.02740350871779701
-0.03311919753542821
-0.026261069155438126
-0.029599647723017337
-0.020588067062244846
-0.024011151483771656
-0.025837057278701305
-0.027431133500381552
-0.026198754850999588
-0.02707454659997321
-0.025074786040760275
-0.018476227002028032
-0.01367012691902932
-0.0161105465390007
-0.013019384147908377
-0.012258822946327236
-0.018976546062721724
-0.013165393122197033
-0.014137151534926881
-0.014037444607178413
-0.013499675680595524
-0.01163493954301164
-0.01202117427034859
-0.015035040017906834
-0.014845544630533435
-0.008286319942491512
-0.010117931510045768
-0.004087776569829574
-0.006823556986898065
-0.010675757351765772
-0.008393714788872011
-0.009055663049333354
-0.011513659492208471
-0.004435834945143884
-0.0010944415805942986
0.001052058010927125
-0.002639809564639354
-0.0063851399363675
-0.005214024443623825
-0.006484000590121499
-0.004589451474883982
-0.0071393303489574325
-0.0012986171315081342
0.002330295435677374
-0.0028733842166526248
-0.0019885522138120624
-0.005820353330964714
-0.01546089538235908
-0.0137640846646684
-0.00914707781474607
-0.014498924954590786
-0.012488086734134832
-0.010962314298005031
-0.011297066865277282
-0.01548731175983355
-0.013246577397440323
-0.009879450650875206
-0.014464191075633952
-0.009052775817114845
-0.01939664692317309
-0.01580573942518311
-0.01898309582290873
-0.016746796738668548
-0.013892406816130767
-0.015358630426114838
-0.017830103218302803
-0.01951620351137881
-0.02228474824508058
-0.024383182162734614
-0.015753700519552563
-0.020764913367701317
-0.018868691770612834
-0.015834685103008367
-0.025456052991467682
-0.0199807819913116
-0.025436659344617717
-0.02099981079869505
-0.020350090629140803
-0.017511142762362777
-0.017572526490946015
-0.01930955760878123
-0.022681531008547542
-0.015411075812413773
-0.013057466067542284
-0.008668495309084907
-0.011490364044996629
-0.011539202551235061
-0.00932392425603659
-0.008389687153318389
-0.008922031025466069
-0.006272323355157092
-0.0006383727298125442
0.0024501803251247294
0.006045226519741071
0.0031985759742123674
0.006189318408460843
0.0062733677991652
0.0092994188074822
0.0124004796121552
0.011743906883290517
0.014575287030376973
0.014378682584147514
0.01537198019216009
0.015038281329728781
0.014643820268398822
0.011435708643511094
0.014181338056988513
0.010001781926767664
0.014317399216975201
0.016131562885222224
0.01196531018857416
0.011262520308892191
0.011014149472611742
0.010715133456090268
0.013131655743558217
0.010358700858341344
0.015744947936134488
0.016725427804380348
0.011086329966550049
0.017033156615831255
0.01285081000542792
0.012339232660673584
0.012749371461819311
0.011489129313915911
0.006248644877145008
0.007707076933591646
0.016281134007343125
0.009968475434663147
0.010175761870486086
0.0056172536654569664
0.010190593876215074
0.006829590396365316
0.006666933698531288
0.0041091948993046065
0.006511748791994797
0.005631806701351909
0.005466934270693339
0.008776309184005196
0.007147313126934546
0.0059487616751522435
0.002499915309268356
0.00974154244375007
0.008789535547905833
0.009221228402067209
0.005613710079832544
0.0049852799800703205
0.008938751679292116
0.008644306001071949
0.011227459753117694
0.005862593827642324
0.011023235956180448
0.014150847010685029
0.01586017851457256
0.01783783729690708
0.0159154050907483
0.010695900062271325
0.007977509341087131
0.01288400783417854
0.008394371105821929
0.013932723941784957
0.015526861248944509
0.012095269713262113
0.01298914922695643
0.00850707067813744
0.007997681287883545
0.004856021604927097
0.004324288658803794
0.004678329179712187
0.002904302148036935
-0.0033638661074279134
-0.0033245992710983206
-0.004349130217384819
-0.007025033363802579
-0.00378431159572154
-0.001854540079181627
-0.004292583689123474
-0.004667598620090693
-0.0070174888701838994
-0.003332591952059414
-0.004697997322475826
-0.003805742380129825
-0.005621509564098261
-0.007849421897910103
-0.009381488945769975
-0.008284821237205819
-0.004717799345959791
-0.0163955576045657
-0.012920489676796642
-0.014652292119078194
-0.02424115430348839
-0.026221298192489806
-0.02981956285707478
-0.031481068610440525
-0.03584894325250215
-0.03747218473842095
-0.033453688715510334
-0.026998770709734644
-0.03336493883227162
-0.03812442013245567
-0.032628346189822605
-0.03468533215969654
-0.035226080414703126
-0.037656664143460195
-0.031966589060867856
-0.02892263320397137
-0.035043079557598625
-0.02492928582863397
-0.03456376111575244
-0.035778710916567785
-0.031986999368209056
-0.031368693037228904
-0.034235595965166406
-0.03492559046702633
-0.03473280879623079
-0.032239169712800886
-0.030884186689161416
-0.033425726240263826
-0.03244103024850312
-0.024750199528951168
-0.02735986535126301
-0.027587035331611994
-0.028674088782592692
-0.03263634332783788
-0.02886070094655067
-0.029090683722321337
-0.026507759960275008
-0.02780730161734551
-0.026946864282916975
-0.029836953631279604
-0.03055101079650202
-0.028903026804703566
-0.02563817648221009
-0.03224139439132901
-0.028237645295544213
-0.027018813135571394
-0.025480299950899864
-0.02957830681643557
-0.028817619048160378
-0.029553724203264874
-0.033542490602821176
-0.03176523633827515
-0.032074663327771695
-0.0324751351129219
-0.023150301845939227
-0.0246585904672607
-0.024194144666115462
-0.03201614738414872
-0.030706172887226792
-0.030009739262192567
-0.033012816172342994
-0.029132330344742528
-0.028947610237175233
-0.029738830671417058
-0.028116693165857798
-0.03323965242014115
-0.029408067283382758
-0.030668087806326343
-0.031029711847809033
-0.03145335037311381
-0.029785326085420193
-0.027951556567851282
-0.02987485156340337
-0.035865067438580006
-0.03225202401286409
-0.03436991100958797
-0.034645118138445584
-0.034511066249141756
-0.03523803969507864
-0.03148166668286719
-0.02878867053699735
-0.03343876547884522
-0.03129352118346294
-0.029098643958980323
-0.03455981954057587
-0.03442610827764915
-0.031957789639274314
-0.031350120452914534
-0.024269281322367973
-0.032191270040343965
-0.03854850087647723
-0.031159115793008188
-0.027056324625791023
-0.03125245567233797
-0.0343933853867751
-0.02589246975445902
-0.02969842891663803
-0.019607168528368305
-0.016670878813359994
-0.008572953446162261
-0.013858456451679615
-0.013995467220528357
-0.011006426399721861
-0.009236454220223952
-0.012390402775803513
-0.006974843594043186
-0.012517686237821828
-0.012015522749719551
-0.01965491419670604
-0.01082490954767262
-0.016154760682983344
-0.01011400855767806
-0.010909524048857023
-0.011616946588153727
-0.009520307596670916
-0.00424478850019674
-0.011094282568550462
-0.014769004344822019
-0.011275625165995647
-0.014073590572756556
-0.013259647364025955
-0.008217148691192498
-0.007688745743201793
-0.0018923187354480796
-0.0009070304313854002
0.0013187068844138275
0.001577448891049053
-0.003528256515317838
-2.899875539830416e-05
0.0061360462437756065
0.003955268989793911
0.0051560453137150086
-0.0005388306204697543
-0.0012896838129472477
-0.0017104606518078013
0.0014119662484828877
0.002817714466322911
0.0046506651081547525
0.006181733002646897
-0.0009224105081066857
0.0016809134855125033
0.0002616168952120081
0.0034352864453741643
0.0054876864065442794
-3.069326025822383e-05
0.004583368298931406
0.003937546746096723
0.0010556607888440172
0.002397557630571978
0.008122541263479796
0.0010594104567369078
-0.002664976236402734
0.004842617595344231
0.005713404896420499
0.004890343654439442
0.00789122874745546
0.00825866935603437
0.0033893375613708865
0.006972482121964033
0.010300276771453763
0.009503751076835381
0.009015630038485802
0.010680454181473694
0.008560332872983597
0.009554272648146891
0.011530141085949838
0.018330068582998717
0.014719052035020025
0.018886040607157935
0.022668801866441397
0.015730768939025815
0.01682255160082066
0.021460176012603832
0.019761795912115604
0.01616127531930656
0.01613367953749494
0.013062541922353026
0.012186574629953591
0.011135128564419988
0.012303824826061526
0.016301076086880188
0.011118591920382566
0.013439678584368682
0.009034879282571887
0.01126422539716419
0.009597297205923965
0.010090566605323552
0.011933836635264903
0.0074142857558922096
0.014894521896216564
0.015578892242649823
0.0194253216966972
0.020547901922112078
0.021768450208894757
0.017913065072576444
0.018872601527291786
0.023869752975572135
0.019889003469529116
0.0218969597555765
0.015853974509285537
0.014734084180015924
0.015702076208220596
0.012724178551909068
0.01062606887339763
0.015851442249702235
0.012165503781198277
0.01308977445405136
0.01436066110697313
0.011158867236916606
0.009659388947668197
0.014965593675401356
0.0164564282683245
0.013058573393780535
0.014926893533527451
0.012222562967609705
0.017820785720706896
0.018797570398731596
0.017044687344702616
0.019145423105819397
0.02367795811290631
0.015150874254931173
0.022217189807310148
0.01962305691414315
0.017191966588408294
0.017293499866726007
0.02209534612839562
0.020326639543319414
0.019523396146810725
0.02099445093853183
0.023116118135857636
0.02021124694134835
0.018536255994926018
0.014066493445161646
0.020012819885846245
0.016879885131694878
0.020552307378217134
0.018402480702931667
0.01915148401105673
0.018034562268511713
0.027372615252274565
0.023585244054343844
0.02092980883122025
0.01958684965980619
0.022037844600764588
0.02432742969941541
0.023407101480743233
0.02473593193810862
0.02379264372142157
0.02156670622275707
0.024139846070785582
0.020602143050346133
0.020875977534566
0.0214402286709525
0.020856750891266308
0.02023272420952977
0.018427035230047507
0.02501955329162963
0.02411548393855485
0.01719565191639719
0.01902984128148924
0.0243597864206432
0.024086043330026227
0.023682767934830522
0.02707024318424651
0.02517574553329922
0.020940671133166014
0.017831784070260776
0.02113517748831866
0.017492990716395297
0.016625474130319284
0.019984186324057865
0.02296654169287989
0.02063737506626367
0.01943397209802548
0.017771940995970497
0.022466802103186103
0.016253525423853964
0.019108976084941647
0.00451158495882258
0.006265644938867584
0.0016957737545422115
0.004537687049634154
0.006191485611501218
0.0032747507490991142
0.002954317529493511
0.006884301787117354
0.006222500477408901
0.0026035857685815567
0.002328124976109232
0.004340258987357477
0.005561236402300368
0.01267518048998355
0.012715266818439626
0.010019838378537522
0.008710312729314782
0.013400500719423766
0.005650963601410999
0.002489667459451075
-0.001284270270258227
0.0012594113749170178
0.003885394155593285
0.004927734385104562
0.005824416942658336
0.01108483702937672
0.013160595483978571
0.016952209981204367
0.016439279050625553
0.011734161707849156
0.005636814822287419
0.004490942764245082
0.0006675188653692499
-0.0017292164558542393
-0.008413925730412775
-0.012588271057059765
-0.012500856909975185
-0.017754772264620987
-0.014852647588205955
-0.019370304241682703
-0.02079484259615913
-0.016207440464444254
-0.02025083473687153
-0.020582777026222476
-0.018688247441105622
-0.01902742624181116
-0.020205415315384983
-0.01644303240910209
-0.014943787502928576
-0.01294111504520529
-0.019019885761140443
-0.01686913651571025
-0.02286258537805665
-0.01857627934306441
-0.02259115078951846
-0.018005206787063875
-0.01817386411638887
-0.015631079267020353
-0.022826440700352016
-0.018196024430587248
-0.012544820724240532
-0.018445107854119847
-0.019036063223624142
-0.023002179129064673
-0.019745542749317294
-0.016535470369471738
-0.01862514047441276
-0.019172294332880938
-0.017109228343097475
-0.015852373291492118
-0.021142285331182203
-0.020271714435944194
-0.015357321536500379
-0.020168546249873482
-0.02103835913426848
-0.0135651704448771
-0.013669609153417986
-0.017004271095771472
-0.013978590092842158
-0.01478155514897801
-0.008487109016800757
-0.012805409720081193
-0.009455245916864736
-0.010174218134253137
-0.01305139033225091
-0.0062412222968075744
-0.0026536295735428432
0.004096478603175751
0.0026467177517692773
0.007590023910926397
0.004106547890313073
-0.0003930121566974089
0.006831942813810571
0.0019402804076584647
0.006808074346188276
0.005232267312920526
0.005610532771264552
0.003493028598123027
0.0056774313954073745
-0.00019768830199430224
0.0012525621086988006
-0.0016085865957288705
0.002678369338289622
0.00122126016391251
0.006293433795757627
0.011639212134272362
0.010525074113197091
0.011128741248477108
0.01207527617381691
0.013131969346116582
0.008248849777927555
0.005816013404885039
0.007904190087776708
0.003006639365520606
0.008274128768014458
0.009742012418159366
0.01646811173997322
0.011377935529169493
0.008437413138697955
0.007059523303854595
0.012925129432821194
0.01627869854868717
0.016985396592355966
0.017848995080133614
0.016601119840843826
0.013006597228344336
0.017811986948216042
0.021486673394270954
0.022082230016638213
0.022708531016646154
0.022097851967032334
0.018322355184552205
0.025934262335713457
0.020334657935173417
0.014572199292871717
0.013867748158907844
0.02025676793273211
0.025686350669830764
0.02535062523856178
0.02466916092702761
0.0226407635778785
0.02576774045862101
0.018548434311075578
0.018225206851830593
0.02398117529428228
0.02519843141916917
0.024230013816621338
0.01938558302862086
0.019960786220594204
0.02374507007501832
0.029941108252938328
0.02760833673081209
0.02908619883731503
0.023319068390683165
0.023510683283841715
0.02878693301741099
0.018565251019401013
0.02382889307322959
0.02291150808701373
0.020922077802223306
0.023251318458773804
0.018248510529388792
0.02585062292177856
0.024014921227201814
0.02434023513511557
0.025051452833259095
0.016355512474581297
0.01940048470087391
0.015731673410864313
0.025489784653136265
0.01540807570922961
0.028766346383136906
0.0272980149048951
0.019955073368072816
0.024518951288781433
0.034701071659538556
0.026458886047231026
0.026825923422067688
0.027409174734096604
0.025545876561870438
0.02834994355785705
0.028201347141631136
0.025573078230522787
0.021631097652322333
0.019611256838755635
0.02374549477567171
0.018508674544934867
0.021304980613909934
0.025540803778952258
0.021988363914591552
0.020010283314383173
0.023755592180736165
0.021358451385780505
0.019818567153678027
0.023059713125923042
0.020217345097503156
0.025018373906146377
0.021906763606099434
0.021908269652494948
0.023568068156655825
0.01916316291396
0.013767385672288631
0.023566895548349526
0.020525077640481323
0.022072627320537698
0.029718990959937484
0.022189173120441746
0.027878184643547927
0.02288607307966605
0.013941042423945019
0.02111869603570944
0.025521286370020112
0.024900104571637004
0.024090747622731515
0.02107692939925663
0.028630692866846327
0.021059498534601175
0.01855718226846706
0.021812460595398132
0.021803488709368147
0.023124504875614117
0.019419372242657548
0.02379634208170322
0.025904829555236136
0.017145233051821696
0.019005675276208688
0.019890808432450495
0.020508941089956607
0.023497249132082017
0.020922008373742702
0.023660032389976424
0.020775750808401914
0.023825788879814416
0.018943443556821267
0.018745104021749556
0.021306611312985103
0.024425823404761425
0.024970301364819196
0.01959421347040649
0.013701486540860291
0.016660225768421934
0.019170663698191683
0.018697570711916103
0.0213361511883493
0.02223255709619503
0.020577905466372694
0.02227030346292654
0.01705541547912911
0.019986945462532386
0.017612334706774414
0.012181894718151218
0.014312480400104832
0.018569283081579752
0.018809199252485833
0.00938864901314069
0.01418317979134005
0.01269116173852498
0.009167866316483853
0.009722932969278335
0.019996689158716503
0.013131593428528716
0.012586415681151543
0.014456792302665033
0.019623257084505196
0.023676655296266752
0.019514570443684733
0.025896384568196908
0.024761089315272027
0.02108085035399128
0.01812754604334298
0.0221812923533939
0.022512821490608237
0.020320570667267415
0.01655272961529375
0.020987813464820374
0.017448188497594285
0.01929323876497604
0.02094878705034045
0.016398020129782767
0.017483769591993957
0.02430695166742357
0.0176882613369753
0.019909203579156015
0.02171890803536772
0.019881568234838633
0.023130286255969544
0.01801073820788279
0.02320708835406612
0.021640794927398226
0.018938494246255766
0.01833550656228332
0.01954321069387919
0.017199495175377638
0.022871434946353474
0.019435264776417677
0.02573402851628235
0.01756468833885283
0.02464801739220358
0.02209921981612573
0.017165246042780892
0.022419410258754154
0.020390132291823095
0.019658961682973552
0.014491103120091177
0.01429986078859655
0.01603918608370803
0.014632403434412425
0.019010032518013233
0.01027395032938144
0.01476976669569312
0.019041845702430855
0.018312101654812084
0.02289273481742134
0.0163616389702335
0.014298302949379841
0.014837450723369306
0.017435754595954332
0.01529960009708288
0.019190883471379983
0.014527289658910359
0.014733415439369188
0.01631066752757001
0.01544354476782343
0.014833907264672848
0.010021901204921961
0.01763892835688041
0.021765380790306446
0.012306797195144195
0.016349717151178503
0.024030928075174686
0.015554689786568147
0.023410498487966853
0.020367376087815595
0.02030775963079639
0.021237297200637408
0.02142818322841295
0.02031871836046903
0.021100917910974844
0.020713724292433507
0.01988559243685039
0.02191999829245383
0.01969172036295335
0.027022728215557353
0.021619773383705826
0.015524615021511968
0.022917622427895166
0.018595863333359334
0.01879836925396592
0.016459709585572024
0.014669663240952232
0.020047030201952674
0.017224395678916447
0.020764516347901864
0.017165310010867525
0.015385925735999438
0.02595847865573304
0.019800327380695603
0.03231387809944854
0.015356251604991005
0.010876345516951503
0.015129465497224989
0.008148048462201782
0.01751450282332521
0.019114584471993976
0.02106597683498075
0.016195028221107768
0.015788558712440923
0.017082697766510873
0.019858065815119785
0.01827380225689766
0.019165873527316774
0.018669492491734403
0.021739606084834648
0.02061554332543073
0.022980017672299208
0.019895038983186238
0.020100736991540812
0.020654346624854658
0.02220455831131519
0.017492503798726567
0.015240248452352579
0.016366808292517875
0.014591335804436919
0.021375468961954056
0.01928118987000964
0.020857161493064005
0.01599608786792893
0.022255879882262016
0.02933204930073366
0.023138080623540568
0.024519271979070622
0.017285724028907764
0.013034025652640991
0.013234190327338679
0.006342172003629991
0.010249807132437908
0.01007090505482492
0.01706786786912691
0.007762837586995005
0.0090552519493603
0.014400486048980034
0.012464624640174657
0.012630921090337767
0.008351499402499908
0.014504722135619623
0.011804904490927635
0.008466145896927839
0.008359764195543731
0.006911108661089877
0.010748642553361786
0.00883251858872691
0.01363309011179255
0.016839001006176055
0.014588174336171102
0.015199962038605097
0.01677678297875633
0.021236722398497
0.016290088835569396
0.0117923632918955
0.018217624707784326
0.02315559322136374
0.020599677247880168
0.014350131605641846
0.01751490643099121
0.01677818694752128
0.018136947963471046
0.014205107331505241
0.01459475751594423
0.014900795638445636
0.01850858445224547
0.016935906208888213
0.02335215829602676
0.018613624490567495
0.018132013837847957
0.017051789151380004
0.01635612435046198
0.016151575151679195
0.015690917320287125
0.018845846441206893
0.02061372111997905
0.018990233043651668
0.019565826811629508
0.022633450447712224
0.02419039966084869
0.018793992778077685
0.024855462282142728
0.02537139034507128
0.01994072318258821
0.01906599585336969
0.021360438728259927
0.016307496709112728
0.014411846277945674
0.021560158666135126
0.02654123959104801
0.02160253720175888
0.0236952827095202
0.017615252627867332
0.022247905182344794
0.015694778471283814
0.01597259253575901
0.02060380925221602
0.021001465166031297
0.014516817863412213
0.016103887127308664
0.017827847731046214
0.020278996620109346
0.012847814870012367
0.012137211234612586
0.01346159351499035
0.024887198679070556
0.021147459672199952
0.018637699305318434
0.02239675014922376
0.019450813908231192
0.01690325206938718
0.01994479562696185
0.017268321700715825
0.019723681935793103
0.013049461637452747
0.022273021842815748
0.018501206620878775
0.02032207447744041
0.017496643147328808
0.018238790178134123
0.02021645074338332
0.015466460577966535
0.0171132399120815
0.019391883278697963
0.018021409994402344
0.01796807671450556
0.01917706370067708
0.01941788208456603
0.015605252651209949
0.019368706849249642
0.02211047512604878
0.022499433763370512
0.022620727942401005
0.023655486605637783
0.02392140403867726
0.025278662752241138
0.027424783277324453
0.020799809192272308
0.022140185622809724
0.020465729389270035
0.02197991633546564
0.02058044448828289
0.021422066686821586
0.018478028131236033
0.013062366612853166
0.011106300720150045
0.019093375879380814
0.02230462553455374
0.024067190398739273
0.02045306420508008
0.01709259385794922
0.01844090286067986
0.019774504420060422
-1.0
0.017614254702278658
0.012563090550137952
0.015450753065528412
0.01424022614566225
0.00983066180815798
0.006648618119604167
0.00245279170655496
0.00377999545946544
0.0038772592527524944
0.0018549158455158803
0.004932871572344222
-0.0006210033990944448
0.0036696027484112432
0.002884196180831318
0.00462211988436885
0.008160801382669114
0.002289483765200637
0.005101046982277402
0.0038130867424194356
0.006201223358095885
0.006239481753830878
0.0065354812479534
0.00361826002252991
0.008137942339569722
0.0066151065492299505
0.004699866476428982
0.009945842890232242
0.0050731812633772674
0.0014396445907353026
0.0012724404168488008
0.004433232240915679
0.001797624230596909
0.004817120580229389
0.009776348279227593
0.00410049017746549
0.011659404136504055
0.01685580422086985
0.02134541068919902
0.019896395937408266
0.02265297500963001
0.01574180831937261
0.016180400978434862
0.012174043060783894
0.017650714452507946
0.017611903663141117
0.018010423677178627
0.011536795473966589
0.011969348378348668
0.012489071643511818
0.014834590589103918
0.015119940219214313
0.026156486520030872
0.019187876724584003
0.028012283336175982
0.022775513494030366
0.023195571661380116
-1.0
-1.0
0.016292102166305316
0.01940893311137542
0.020687409613827045
0.018135843265680088
0.01722400492165331
0.017442025040968777
0.016643691203734153
0.018594518591027002
0.019663049093912616
0.02060008223000012
0.024865872837350356
0.03105623077362597
0.029659173385395053
0.025542925217617047
0.02487129790036449
0.025378580117135348
0.027974288575689604
0.029737630998173337
0.02733983133456734
0.02389478069024055
0.025139236056179633
0.024050438180058236
0.021579381985189765
0.02421489202759225
0.024751511638544135
0.024445309877956067
0.021256791637368606
0.02495287516209034
0.019754215750746134
0.030007162985586224
0.026465163214998318
0.02463135207908732
0.02181526992665808
0.0264819662429558
0.02365730085606851
0.020533831806632055
0.023532000393369498
0.02085857110236987
0.02386719007373758
0.020819460024269636
0.022444142938709638
0.021544447015711354
0.024394694533781795
0.0232703947979617
0.022679436112329716
0.014815002660765603
-1.0
-1.0
0.02806368849789056
0.024557681247665327
0.028696946053125033
0.0239147618734018
0.02525853253912734
0.02802433641643798
0.02270466135903127
0.023980990033473967
0.025829245391497873
0.023238037817690994
0.02367640956155432
0.02525687134828078
0.022010986328225197
0.023261889245900433
0.02313177140342986
0.01917550361778476
0.021218521805290408
0.018595886091589013
0.017455644187547723
0.01409053088308634
0.021088940386579026
0.02377435442951896
0.02216485928433662
0.017089573200000284
0.01978005346304218
0.016240306484478946
0.015395515998645505
0.01196421150444537
0.01335271600017503
0.00881064607959301
0.015008128846695338
0.008827298946057223
0.009555397626630827
0.014566166735254167
0.012969702872647145
0.014363558452165293
0.0055274422069161765
0.009532288175256915
0.0030532747561245166
0.0041176825478779445
-0.0003484412168341525
0.0017977047370266123
-0.0013793531583700652
-0.0013765138872416849
-0.00021030383284477753
3.722986936848286e-05
-0.008017991217663029
-0.002475376422404938
-0.005758183047241192
-0.005125557141852002
-0.007402595371139971
-0.0057100706777236795
-0.0029932944971665276
0.0021486642344833036
0.0022038984032787855
0.0019323939105681358
0.0012363857024791495
-0.0003613757590163877
-0.00045775102802388877
0.0047120117712172276
0.002700193767659514
0.0032242623037104273
0.006964775851088131
0.0015861485773636618
0.005173973451742306
0.014503630557283365
0.01277987033938576
0.010089435539017136
0.008944242064218823
0.014954113365324272
0.01621528953660974
0.010665787993191395
0.005822703533862019
0.007821992828065602
0.007526482924458079
0.006883417043852982
0.009711012999131003
0.011003016983695062
0.011322711152363591
0.009813326439303573
0.011067008137493343
0.011744363921425485
0.015239369737653939
0.009370436248011437
0.007680787072014562
0.012704646216176245
0.011067914800862817
0.0144676469554056
0.01326727773136495
0.016804775635998487
0.01285660603779182
0.011026104975133278
0.0099597708981267
0.00971865134408598
0.007113343372910349
0.005039081398206301
0.0053429992625914115
0.007914400292832004
0.00548877317693997
0.008106701570795257
0.008320904280186447
0.015466487414392228
0.01570420511114365
-1.0
-1.0
0.014660571109597544
0.01771707838219052
0.01645687786627546
0.021795629258463654
0.016973035765411988
0.018082650388618438
0.016718016312616556
0.016304814394703472
0.027032032617183347
0.014699070094158138
0.013637909796330241
0.013530475331024385
0.015671163630358045
0.014670497867083186
0.018688333841297755
0.017289998646374902
0.01237867985556311
0.014117513799606421
0.017718743954908796
0.016550051931481343
0.02425332174450572
0.02250157436892999
0.01869353450441498
0.022352083320459272
0.01728121157076031
0.01812574821106451
0.016067739903734057
0.011199322001596337
0.014963950333509626
0.01189879406544836
0.016989657840524187
0.021022811867411097
0.009324966066026234
-1.0
0.009526698134681162
0.014760192808916104
0.015608059119737647
0.01683857113813748
0.020172703231380894
0.014692975148729366
0.005923496967630717
0.003664347397035988
0.00865785798834625
0.0014899790441872042
-0.00453867568610491
-0.004684605249119645
-0.005429083402807878
-0.008159422057791616
-0.004327548871896606
-0.001405481930743553
-0.008609518918714159
-0.005912782296725391
-0.012169105846611584
-0.013052270340414831
-0.012353083393099425
-0.011355909727686912
-0.017432600880624795
-0.012164525882171873
-0.0179914056992054
-0.018029334825308562
-0.017400170365444396
-0.02354873746196584
-0.01670258373013106
-0.02171338742175505
-0.0201672403816865
-0.016387806618481347
-0.02609381012195715
-0.018546481061753627
-0.022070804060882628
-0.01912897171382417
-0.022788949792802344
-0.019493541533200202
-0.019512534774057115
-0.01898634368165476
-0.01747338257543357
-0.018028257862843237
-0.01709124957753549
-0.010318283276861328
-0.009115684155957251
-0.0014656836232622961
-0.00863312367931528
-0.0052866705244564
-0.006828347107047923
-0.005347032864101412
-0.0014812654179584854
0.005229021243395254
-0.004525039556513225
0.005083327301330287
-0.0040718714180549825
-0.002120430438824837
-0.00466493510806372
-0.009810559854044748
-0.01036471188952342
-0.01134630961633557
-0.011754205525117726
-0.0201072594440966
-0.016544472089398642
-0.018973405767892484
-0.017971562783699768
-0.01523929172407836
-0.008956092322417949
-0.01045214445230934
-0.010078250107388703
-0.009239796043711597
-0.011053130964764641
-0.004824588103600876
0.00019689231993688273
-0.0035301281584579707
-0.009984219826601318
-0.006403289766283403
0.003264243359406061
0.0018337567779898273
-0.006585731494478123
-0.004293996375747792
-0.008992069943103158
-0.011017501604413508
-0.008281260154884037
-0.008900009790205362
-0.01539160459231222
-0.013122918846601456
-0.010525676929378244
-0.007232793295787862
-0.0071547408215074685
-0.0075950389921785825
-0.010736325643266424
-0.006581258988377547
-0.013278781907329203
-0.00915501517466718
-0.011516721272583776
-0.007666821856938603
-0.01386529082819176
-0.015278322873021912
-0.009246648530683646
-0.015159425875539525
-0.00945225127415454
-0.006454976914063352
-0.013518587349023288
-0.016150358745483023
-0.018201160280606508
-0.020328130027526824
-0.01994364898446495
-0.02192808702888471
-0.02071702231315823
-0.02175560962076052
-0.030791313408425704
-0.025120042936902214
-0.02370004834339893
-0.025173274316828875
-0.023673718029714953
-1.0
-0.017321322612922595
-0.024461729702917923
-0.026982193603108173
-0.027451927968357444
-0.023957591881529055
-0.0206034903896748
-0.02587145731029536
-0.019666222774393487
-0.023606770601979594
-0.018770307906788835
-0.022003818914415118
-0.028525401295325034
-0.01803374364633531
-0.024929816026295758
-0.019829882897241764
-0.017333574035181938
-0.018038746166867577
-0.0040698922769399236
-0.0030674013692518873
-0.0016992170309001187
-0.006044824453042691
-0.000191234321864909
0.003369502194077538
0.00457225005341166
-1.0
-1.0
-1.0
-1.0
-1.0
-1.0
-1.0
-1.0
-1.0
-1.0
-1.0
-1.0
-1.0
-1.0
-1.0
-1.0
-1.0
-1.0
-1.0
-1.0
-1.0
-1.0
-1.0
-1.0
-1.0
0.011417973508421903
0.010710870007336183
0.010738546443708332
0.009262919412086887
0.009415431560262422
0.012854791468736748
0.010833018313618084
0.010437609531967512
0.013235683670171512
0.015028122594588706
0.010243789408556914
0.014221918949002162
0.011374014228783692
0.012555421605393451
0.010658608562151891
0.014286248088259493
0.015124887913661997
0.019106759887586717
0.011568328094348223
0.014579565847766976
0.011383108723908459
0.020274378453373754
0.014983115984591679
0.016532388399380038
0.017212689870396293
0.018061790982186195
0.01700882770037059
0.011183377226515865
0.01263671088423375
0.019072961887357905
0.02327276055403815
0.02446315452151184
0.018644678514115907
0.017326856470499696
0.007729845893788379
0.010840804406058892
0.011891496131582243
0.010690680660784956
0.006546829832559502
0.01103536363121211
0.015061009956729536
0.008916646622878327
0.01050885595277413
0.015953372597391945
0.010272068544211529
0.009437046187114703
0.01283811477716299
0.014770875106634274
0.008733989617059972
0.009286120459601052
0.012707288734067726
0.00840543970625975
0.019034042752255554
0.01593088596736639
0.01226139815344816
0.009471025722150968
0.01570711072254273
0.014742381140073318
0.010123386636188078
0.011681750461019198
0.01212082437395324
0.014418534416879009
0.01233707731635066
0.011605475592186654
0.01539268264468676
-1.0
-1.0
-1.0
-1.0
-1.0
-1.0
-1.0
-1.0
-1.0
-1.0
-1.0
0.01705200306023031
0.019693996710166237
0.022730073585714
0.023479743645288025
0.021733498573946453
0.02366967066799066
0.017548902223026817
0.02257487321961504
0.021062509217579732
0.014260560306096884
0.01859038397372977
0.017174624715720083
0.021155871613831857
0.019767038894650285
0.02013485763681849
0.016989272147109123
0.021441619543616453
0.015263299879415356
0.01774154303016348
0.013391717622339885
0.01720293407593622
0.017818563772188895
0.018550418008202604
0.014097620266117824
0.016376868164422312
-1.0
-1.0
-1.0
0.009673416467128793
0.014763305213760387
0.011812812867092464
0.013110282335635732
0.013915132707651203
0.02065887410545765
0.0168965350478599
0.01942161364835046
0.010455654515786169
0.012253004898926851
0.012538555168351747
0.01105689010930253
0.014637966471285447
0.010023915590464578
0.012001361311503709
0.010011935434853424
0.011698589930590166
0.004279201219893295
0.0009366641010749896
-0.0044158548984164474
-0.0010145913855934112
-0.006497267200773404
-0.010108960791882313
-0.013324330253524419
-0.025252267220231887
-0.021639562044336084
-0.028503973066114702
-0.02870983639923299
-0.02788525319003087
-0.025815897239440916
-0.028680722076603476
-0.030408595588274086
-0.02390524471312172
-0.02728132610013089
-0.02674826471164697
-0.022095203629655325
-0.025839130124804155
-0.019960028021356026
-0.020063264313929248
-0.019127975249887765
-0.021268207128422128
-0.01577151630079287
-0.01378879094600184
-0.014448248090016484
-0.01772157683182906
-0.017561592209996844
-0.024376910125280163
-0.021887721183537788
-0.020424190391979367
-0.022461809735639524
-0.02502852652380732
-0.021966158547078448
-0.019416605731109336
-0.022287317719347437
-0.019388149593491184
-0.02076029607446097
-0.026452529049518583
-0.022951665141395405
-0.024113612784289317
-0.020571904102563734
-0.022294576733916827
-0.02183716282051458
-0.01823162074583509
-0.021510610502878197
-0.019209037753743614
-0.020277981277532067
-0.021781957672653472
-0.019247523969353256
-0.0209205698403986
-0.018227609341903858
-0.018213630415008498
-0.015889788785893564
-0.009643146303417087
-0.014328936303657924
-0.013950801815749876
-0.01287690914428463
-0.009246817317740994
-0.006276751280080283
-0.004141337764277714
-0.011157118374566902
-0.009267922931035493
-0.009460921430358248
-0.009242967935427355
-0.005763575823543543
-0.003488281971167944
-0.011533196182637043
-0.015584303547324607
-0.010716259735580184
-0.008977156978037366
-0.009775877455981508
-0.008414535791625545
-0.013255477316805432
-0.013578491082815326
-0.014903579827318679
-0.01788466026110897
-0.021943116634021563
-0.024142550451522957
-0.02243525133592145
-0.023097064866580204
-0.027542146304875
-0.021030410884123555
-0.02538468819890234
-0.020753942683560404
-0.014280335195719338
-0.01892348134695071
-0.0201383646807355
-0.03128949291921713
-0.023162681184484103
-0.025937232993344092
-0.022400953569643167
-0.024797861545074105
-0.027980190723583247
-0.02614859617192662
-0.025117503975978218
-0.029088401512755588
-0.022657167588947272
-0.02733850890842862
-0.026262610159102855
-0.022679858252009015
-0.019408272977102244
-0.022814304473044784
-0.022301164026621082
-0.029165417043418095
-0.028340064662229478
-0.01858079061749153
-0.02464895133518367
-0.02369653520996936
-0.024344269472071137
-0.01810042684942908
-0.014504649196029552
-0.01073722333903181
-0.011520712045702007
-0.013380448479383255
-0.014466460752734122
-0.005559768619636191
-0.0026659263230130606
-0.00215513702741937
-0.009124499552296026
-0.004008903559469247
-0.002201921302062318
-0.006662007926546769
-0.0015056896206424987
-0.002432683811176352
-0.0018381425103012367
-0.0033283226518712296
0.004022554916995282
0.005720443562460453
-0.0004914167413015003
0.00286102413423896
0.002607312734506795
0.005917694314786533
0.008830462931200137
0.011771522911760013
0.016729360544923803
0.013605782991940407
0.01002670583944602
0.011244457356430104
0.013917743177228662
0.010859873479697243
0.01353420990112255
0.014021076758106306
0.015317357612911548
0.019677227817945914
0.0207642911336423
0.020506801376645897
0.019055966154881643
0.01866013034830935
0.018431231782628902
0.02164447173680585
0.02287560181826887
0.01982557615508778
0.017984789342103787
0.017849998486293914
0.025506545187004764
0.024501471139240057
0.02327316474086853
0.019572486902097303
0.023351038717206972
0.018736522051493593
0.022154259087398907
0.024962726168033866
0.022370614798859937
0.024342860906689957
0.025129751701967573
0.020126841955013967
0.025538674297234
0.02145231136171405
0.02087473203137937
0.02047602637421121
0.02323992850917329
0.02620704020647358
0.02365952360729771
0.023772769157649993
0.023871484629626197
0.024125971257088086
0.019818381960793593
0.023035069350031558
0.028043771802946673
0.02327935861294388
0.02562408523881744
0.024540078140143355
0.011901179599591334
0.020541293679993782
0.022470148372987924
0.025080461145552475
0.024199537892086957
0.020727527817875013
0.02217390530408865
0.019884043861830535
0.016551673794460785
0.016166842421046088
0.018539031018673626
0.01845299594275126
0.019432093003859837
0.01329460320361089
0.014018870613633798
0.02068985291232718
0.013057907566773873
0.013284997211788606
0.013515653337721305
0.015267661787496035
0.013499412433476578
0.016235162874045223
0.01600066973812142
0.016794526027814848
0.016018551315561538
0.010312463537465573
0.01196461630065712
0.005511858216832621
0.004744930176542262
0.00269300855247899
-0.01088072487726915
-0.007523489009316702
-0.011422577584517856
-0.011541981144606422
-0.011058063361075357
-0.011542685254225723
-0.009152360809945791
-0.006098466767547909
-0.011008453163870764
-0.009474491940282943
-0.006966439225572026
-0.008648072380905517
-0.009086647724393118
-0.007826977418917606
-0.010974881626144945
-0.007608178798250435
-0.006989584130446872
-0.007904228675240203
-0.005746457267998951
-0.011505263073274886
-0.005299688682589074
-0.007591482549346471
-0.010677845216971064
-0.007618061559370851
-0.012129407068886405
-0.011975096846056795
-0.010723702998038761
-0.012443147037936933
-0.014371234572320764
-0.011438140465557335
-0.013008937982241816
-0.014060724349358358
-0.011186655914408287
-0.00027228954503571675
-0.002416115099497052
-0.001347276135088066
-0.00022172697349187156
-0.001131640571408963
-0.0020523057285326968
-0.006353900915358341
-0.004232551852918931
-0.009102373673600608
-0.012370060340682575
-0.01855489241539171
-0.016895842056209653
-0.013812683957970147
-0.019489045287261586
-0.018610901731605116
-0.01961143753465028
-0.015582511715128698
-0.015272987822332006
-0.01908312726199712
-0.02128455908303353
-0.01497771005095586
-0.01669321027769112
-0.01638687196908912
-0.015327608023945397
-0.013282259514241872
-0.013213591003080062
-0.012236630890548772
-0.021143774368021333
-0.019763758481453706
-0.014180741762427548
-0.01183671706852284
-0.010545232649232116
-0.016051745170015654
-0.017305759724847818
-0.012336298590866119
-0.008014877980659467
-0.008895209344904143
-0.006613459366233744
0.0024522528286907313
0.002583360768020993
0.004084245689448967
0.002804180960008579
0.0014969533170616472
0.004035669765032506
0.004820242973959394
0.00249680812812544
-0.006418122896002305
-0.012738329443282036
-0.01882464167782794
-0.023651251214665003
-0.02182294980195404
-0.028553085320691677
-0.022756244816426893
-0.02264009961874299
-0.0250145246220517
-0.024434822300792858
-0.02626824443364303
-0.024405826868565725
-0.02155086678395382
-0.0294837432077904
-0.023746211489544537
-1.0
-0.020813425147340987
-0.028484246108130384
-0.021443681769469355
-0.027040140239497218
-0.023722398001144167
-0.02598206405034945
-0.02780822645695346
-0.02097659626900016
-0.01954734572963335
-0.02996128042708165
-0.023550064858500485
-0.022341299757156454
-0.02139041050543941
-0.025457520499273162
-0.02393046331719225
-0.018640346314808914
-0.023039871291171177
-0.02211584510587363
-0.019885744655301837
-0.021275434580695914
-0.026832336424745053
-0.021833252343134116
-0.025106601189641465
-0.020130509424130014
-0.0271153601444732
-0.02504879221309217
-0.02360853991004786
-0.02034691879987442
-0.025121886973847953
-0.024311755702486927
-0.02385983641319143
-0.02078032630368635
-0.014345824633267728
-0.01659927964050162
-0.019582522440570346
-0.01906939886541217
-0.023145725433068975
-0.02184354707737455
-0.0202403525497853
-0.02592524249199057
-0.025895096385127415
-0.025965274421070942
-0.02102273178112485
-0.024558921270835442
-0.027706797424742587
-0.0266469610381696
-0.024654192910948336
-0.025362253349952915
-0.03031728359009325
-0.026731158347961248
-0.024390746593404566
-0.017092601778919546
-0.017229839024717596
-0.01862545814744285
-0.012596071937181008
-0.016594401801065344
-0.014360573501769284
-0.014614649826147744
-0.016637416271341188
-0.020728828507524683
-0.02233333953575286
-0.02093440846990395
-0.01925451852216186
-0.020550931566587848
-0.01753187152671422
-0.019170287864186217
-0.021557386922009057
-0.013192495406364541
-0.012173689301484403
-0.011342611578415075
-0.013322914972321506
-0.01719709596622145
-0.013182237322353544
-0.013037163460215818
-0.023800050092480707
-0.021638887735657843
-0.014733691514800034
-0.01879089774861538
-0.025461303973533574
-0.023454051975266735
-0.025278586415417973
-0.024755177011554528
-0.023711759673950564
-0.023234328155421462
-0.023899182961420292
-0.01748363688914997
-0.020045557467479155
-0.019903291110995976
-0.01833835883226656
-0.022420401005863014
-0.015285196307973759
-0.016038555238277255
-0.019783745996860374
-0.021482015267659485
-0.01604151172031185
-0.016519503064886164
-0.020652643502687557
-0.01986504536110063
-0.015864704527974248
-0.021950757368951808
-0.019887763565097055
-0.01919807260254058
-0.020575579061132537
-0.022529215952051342
-0.015788474349054258
-0.02121383693930803
-0.01620390653474104
-0.023007133103770075
-0.015532144342018668
-0.01365742492314676
-0.011577009509368586
-0.013085740289154693
-0.013234644841280528
-0.006013740802554298
-0.004690843744631117
-0.008819928959252444
-0.008868710969742928
-0.012486314373227692
-0.017166817613174536
-0.0194828846171974
-0.021071841185437916
-0.024635128051838092
-0.024658891372006823
-0.024721490115725272
-0.02338777197702777
-0.026678505004266256
-0.022294145618666623
-0.025304098337964497
-0.023093625435210405
-0.021274236478620593
-0.023644910099780703
-0.02674865255998306
-0.028003995900862808
-0.022370398718898014
-0.0246064407754954
-0.026862552600346118
-0.025278307572491297
-0.025076532337388806
-0.023749527618498852
-0.02496883999710017
-0.021370443706453295
-0.02635051431531246
-0.026892391584082964
-0.02623600321560891
-0.023382741134513527
-0.024757921662160665
-0.027445368128524127
-0.025037844334801645
-0.023913758022056798
-0.029449968997663757
-0.027118878993853564
-0.030391615340826916
-0.02544969120157764
-0.028243139250233373
-1.0
-1.0
-0.03332205182157972
-0.025848565584144802
-1.0
-0.028210190131854246
-0.024687980045806072
-1.0
-0.029758124739880484
-0.02902243758832287
-0.030021744702327602
-0.02522202939940837
-0.027049521479625086
-0.028413543683191676
-0.028563074074180364
-0.026119427918821585
-0.032665866082924135
-0.02594250524229959
-0.035714301518691365
-0.030978588126732088
-0.02582713257472415
-0.026076787961718816
-0.030685993303052578
-0.03183857496928464
-0.026672928340770802
-0.030534401954640345
-0.018934396151015633
-0.012604748558308914
-0.012972779431881012
-0.00914298565068269
-0.008269178184199456
-0.013966854291929369
-0.016463284225371834
-0.013545714882351784
-0.016676134493056972
-0.018051496221772847
-0.018071942841835883
-0.019715394908922244
-0.020049821715095822
-0.020336797281677456
-0.027354495077246754
-0.022412422932740813
-0.014423285895492147
-0.022987940641744694
-0.01779445560681239
-0.01969433952189477
-0.019667621482477988
-0.010926151483910641
-0.010193121616315826
-0.007913708052448253
-0.0022298314267093834
-0.0030773895021570154
0.0026019398735292218
-0.0031873416101699417
0.0026738010638759635
0.0036218130916248147
0.00665564084992461
0.011625260844662162
0.01265364668545608
0.01224699650801523
0.00749133360456534
-0.0012457978379241661
0.004589077645953311
0.003965451874075718
0.007924932535945926
0.005611107795984614
0.0028104507992319947
0.004336595624402541
0.0001451340551666332
0.0030598155477139463
0.004048652679068963
0.0013281466186633789
0.00248997091530122
0.0007537671349616957
0.007154451568626113
0.004588574043034907
0.0011224947472123663
-0.00024791163415669836
0.005146512096546002
0.011375324891377095
0.0033051926329118186
0.008191177408633121
0.0063874496808219985
0.003084569099516374
0.007851247801831836
0.007038041127770664
0.0073818964411056995
0.010653393091197227
0.009511832251237159
0.010232133367280944
0.00605061273019016
0.009066423095209334
0.009772971705925415
0.008070084014409173
0.011806241656597091
0.008991625218782726
0.006997788892929678
0.010018729949239441
0.005008635534752854
0.0013748077289988155
0.0007798560019687455
-1.0
-0.006347843095961585
-0.005381692675286078
-0.004840646109707805
-0.0030069268802968103
0.0006983593845604273
-0.0029170944315918402
-0.002210594884758371
0.0052851585243933775
-0.004110534713481856
-0.0004131935301404807
0.00010588891915826079
-0.004459850722729406
0.0005117096564400405
-0.0049816914625541815
-0.008473036575798362
-0.003410425049198424
-0.0023864480357891327
-0.005779368652348377
0.0008509541587374116
-0.0022451048057803187
-0.0042190531207442015
-0.001324813314027284
-0.0003455165652403105
-0.006833502768603421
0.0008228782258748854
-0.0073133019449428335
-0.010745699646712884
-0.005130957731697947
-0.0066353548616774425
-0.00527540044709857
-0.002312213705850914
0.00020900495039054536
0.007328117940895668
0.013133124243586125
0.013696197845413677
0.01424825243161519
0.018237701252766227
0.010359584142323507
0.010019339137641662
0.007382333307064236
0.010057821082097162
0.00806649935419062
0.008883439047115426
0.013402600650835874
0.01298802566090923
0.011379477877150499
0.006753604423246476
0.005029642532567877
0.009415597898770094
0.007509389075616644
0.0049433298134079215
0.008610631195661338
0.009034579713988928
0.006747690841163121
0.007400585543715402
0.013929323044071329
0.01739641783535103
0.013778042807903141
0.007645323199246975
0.008603661513505986
-0.001724021647168149
0.0002524631175818541
-0.00016189001529555138
0.004562684855921358
-0.003820465426885305
0.0017970817095653716
-0.0018721827484639072
0.001978378204479242
-0.0026923437100373226
0.004873874538865905
-0.0005401212131065368
-0.004248584913562533
0.004039790098639952
0.0022966447457650804
0.0020288546003462524
0.005242625761692839
-0.0012107461078217883
-1.0
-1.0
-0.008908444703001181
-0.009149305632189617
-0.013153903665121373
-1.0
-1.0
-1.0
-1.0
-1.0
-1.0
-1.0
-1.0
