-1.0
-1.0
-1.0
-1.0
-1.0
-1.0
-1.0
-1.0
-1.0
-1.0
-1.0
-1.0
-1.0
-1.0
-1.0
-1.0
-1.0
-1.0
-1.0
-1.0
-1.0
-1.0
-1.0
-1.0
-1.0
-1.0
-1.0
-1.0
-1.0
-1.0
-1.0
-1.0
-1.0
-1.0
-1.0
-1.0
-1.0
-1.0
-1.0
-1.0
-1.0
-1.0
-1.0
-1.0
-1.0
-1.0
-1.0
-1.0
-1.0
-1.0
-1.0
-1.0
-1.0
-1.0
-1.0
-1.0
-1.0
-1.0
-1.0
-1.0
-1.0
-1.0
-1.0
-1.0
-1.0
-1.0
-1.0
-1.0
-1.0
-1.0
-1.0
-1.0
-1.0
-1.0
-1.0
-1.0
-1.0
-1.0
-1.0
-1.0
-1.0
-1.0
-1.0
-1.0
-1.0
-1.0
-1.0
-1.0
-1.0
-1.0
-1.0
-1.0
-1.0
-1.0
-1.0
-1.0
-1.0
-1.0
-1.0
-1.0
-1.0
-1.0
-1.0
-1.0
-1.0
-1.0
-1.0
-1.0
-1.0
-1.0
-1.0
-1.0
-1.0
-1.0
-1.0
-1.0
-1.0
-1.0
-1.0
-1.0
-1.0
-1.0
-1.0
-1.0
-1.0
-1.0
-1.0
-1.0
-1.0
-1.0
-1.0
-1.0
-1.0
-1.0
-1.0
-1.0
-1.0
-1.0
-1.0
-1.0
-1.0
-1.0
-1.0
-1.0
-1.0
-1.0
-1.0
-1.0
-1.0
-1.0
-1.0
-1.0
-1.0
-1.0
-1.0
-1.0
-1.0
-1.0
-1.0
-1.0
-1.0
-1.0
-1.0
-1.0
-1.0
-1.0
-1.0
-1.0
-1.0
-1.0
-1.0
-1.0
-1.0
-1.0
-1.0
-1.0
-1.0
-1.0
-1.0
-1.0
-1.0
-1.0
-1.0
-1.0
-1.0
-1.0
-1.0
-1.0
-1.0
-1.0
-1.0
-1.0
-1.0
-1.0
-1.0
-1.0
-1.0
-1.0
-1.0
-1.0
-1.0
-1.0
-1.0
-1.0
-1.0
-1.0
-1.0
-1.0
-1.0
-1.0
-1.0
-1.0
-1.0
-1.0
-1.0
-1.0
-1.0
-1.0
-1.0
-1.0
-1.0
-1.0
-1.0
-1.0
-1.0
-1.0
-1.0
-1.0
-1.0
-1.0
-1.0
-1.0
-1.0
-1.0
-1.0
-1.0
-1.0
-1.0
-1.0
-1.0
-1.0
-1.0
-1.0
-1.0
-1.0
-1.0
-1.0
-1.0
-1.0
-1.0
-1.0
-1.0
-1.0
-1.0
-1.0
-1.0
-1.0
-1.0
-1.0
-1.0
-1.0
-1.0
-1.0
-1.0
-1.0
-1.0
-1.0
-1.0
-1.0
-1.0
-1.0
-1.0
-1.0
-1.0
-1.0
-1.0
-1.0
-1.0
-1.0
-1.0
-1.0
-1.0
-1.0
-1.0
-1.0
-1.0
-1.0
-1.0
-1.0
-1.0
-1.0
-1.0
-1.0
-1.0
-1.0
-1.0
-1.0
-1.0
-1.0
-1.0
-1.0
-1.0
-1.0
-1.0
-1.0
-1.0
-1.0
-1.0
-1.0
-1.0
-1.0
-1.0
-1.0
-1.0
-1.0
-1.0
-1.0
-1.0
-1.0
-1.0
-1.0
-1.0
-1.0
-1.0
-1.0
-1.0
-1.0
-1.0
-1.0
-1.0
-1.0
-1.0
-1.0
-1.0
-1.0
-1.0
-1.0
-1.0
-1.0
-1.0
-1.0
-1.0
-1.0
-1.0
-1.0
-1.0
-1.0
-1.0
-1.0
-1.0
-1.0
-1.0
-1.0
-1.0
-1.0
-1.0
-1.0
-1.0
-1.0
-1.0
-1.0
-1.0
-1.0
-1.0
-1.0
-1.0
-1.0
-1.0
-1.0
-1.0
-1.0
-1.0
-1.0
-1.0
-1.0
-1.0
-1.0
-1.0
-1.0
-1.0
-1.0
-1.0
-1.0
-1.0
-1.0
-1.0
-1.0
-1.0
-1.0
-1.0
-1.0
-1.0
-1.0
-1.0
-1.0
-1.0
-1.0
-1.0
-1.0
-1.0
-1.0
-1.0
-1.0
-1.0
-1.0
-1.0
-1.0
-1.0
-1.0
-1.0
-1.0
-1.0
-1.0
-1.0
-1.0
-1.0
-1.0
-1.0
-1.0
-1.0
-1.0
-1.0
-1.0
-1.0
-1.0
-1.0
-1.0
-1.0
-1.0
-1.0
-1.0
-1.0
-1.0
-1.0
-1.0
-1.0
-1.0
-1.0
-1.0
-1.0
-1.0
-1.0
-1.0
-1.0
-1.0
-1.0
-1.0
-1.0
-1.0
-1.0
-1.0
-1.0
-1.0
-1.0
-1.0
-1.0
-1.0
-1.0
-1.0
-1.0
-1.0
-1.0
-1.0
-1.0
-1.0
-1.0
-1.0
-1.0
-1.0
-1.0
-1.0
-1.0
-1.0
-1.0
-1.0
-1.0
-1.0
-1.0
-1.0
-1.0
-1.0
-1.0
-1.0
-1.0
-1.0
-1.0
-1.0
-1.0
-1.0
-1.0
-1.0
-1.0
-1.0
-1.0
-1.0
-1.0
-1.0
-1.0
-1.0
-1.0
-1.0
-1.0
-1.0
-1.0
-1.0
-1.0
-1.0
-1.0
-1.0
-1.0
-1.0
-1.0
-1.0
-1.0
-1.0
-1.0
-1.0
-1.0
-1.0
-1.0
-1.0
-1.0
-1.0
-1.0
-1.0
-1.0
-1.0
-1.0
-1.0
-1.0
-1.0
-1.0
-1.0
-1.0
-1.0
-1.0
-1.0
-1.0
-1.0
-1.0
-1.0
-1.0
-1.0
-1.0
-1.0
-1.0
-1.0
-1.0
-1.0
-1.0
-1.0
-1.0
-1.0
-1.0
-1.0
-1.0
-1.0
-1.0
-1.0
-1.0
-1.0
-1.0
-1.0
-1.0
-1.0
-1.0
-1.0
-1.0
-1.0
-1.0
-1.0
-1.0
-1.0
-1.0
-1.0
-1.0
-1.0
-1.0
-1.0
-1.0
-1.0
-1.0
-1.0
-1.0
-1.0
-1.0
-1.0
-1.0
-1.0
-1.0
-1.0
-1.0
-1.0
-1.0
-1.0
-1.0
-1.0
-1.0
-1.0
-1.0
-1.0
-1.0
-1.0
-1.0
-1.0
-1.0
-1.0
-1.0
-1.0
-1.0
-1.0
-1.0
-1.0
-1.0
-1.0
-1.0
-1.0
-1.0
-1.0
-1.0
-1.0
-1.0
-1.0
-1.0
-1.0
-1.0
-1.0
-1.0
-1.0
-1.0
-1.0
-1.0
-1.0
-1.0
-1.0
-1.0
-1.0
-1.0
-1.0
-1.0
-1.0
-1.0
-1.0
-1.0
-1.0
-1.0
-1.0
-1.0
-1.0
-1.0
-1.0
-1.0
-1.0
-1.0
-1.0
-1.0
-1.0
-1.0
-1.0
-1.0
-1.0
-1.0
-1.0
-1.0
-1.0
-1.0
-1.0
-1.0
-1.0
-1.0
-1.0
-1.0
-1.0
-1.0
-1.0
-1.0
-1.0
-1.0
-1.0
-1.0
-1.0
-1.0
-1.0
-1.0
-1.0
-1.0
-1.0
-1.0
-1.0
-1.0
-1.0
-1.0
-1.0
-1.0
-1.0
-1.0
-1.0
-1.0
-1.0
-1.0
-1.0
-1.0
-1.0
-1.0
-1.0
-1.0
-1.0
-1.0
-1.0
-1.0
-1.0
-1.0
-1.0
-1.0
-1.0
-1.0
-1.0
-0.036514873244294185
-0.03432916947916866
-0.028020664647703506
-0.022628279410094362
-0.004986753837790335
-0.00447980124501598
0.0007612024414540535
0.001557634462985094
0.0036074508735275544
-0.004732288771626595
-0.002237194500459757
-0.001445961246995251
0.005645814580662544
0.0008366413910492127
-0.0016934179868167473
0.010471623521567185
0.0030978763459481346
0.012404586348957537
0.009357855152425156
0.010689221336002492
0.009231447612197165
0.012414182355603345
0.01729789176738984
0.015031120878489493
0.011411725239913796
0.0034044493175548482
-0.00813689666134749
0.0002306514634284637
-1.0
-1.0
-1.0
-1.0
-1.0
-1.0
-1.0
-1.0
-1.0
-1.0
0.020217974675475307
-1.0
0.013125857604268806
0.01780677973461444
0.012627017153914191
0.018038555645329215
0.015481726037128801
0.02752108126651919
0.017837535732973912
0.020119983281142204
0.02037555033417328
0.01491462066960312
0.015799312293600886
0.019565794270811662
0.01970300402971059
0.02638459067924588
0.021464248802751617
0.017042777897693442
0.021768906590487816
0.025158887920458492
0.022114640621516676
0.028191418831715054
0.02665862915529212
0.023847060704103914
0.017692477022368792
0.02007715730853453
0.018460898573069054
0.016243943853481928
0.024661775603421632
0.02370684040396539
0.01902373295946565
0.024405649542263815
0.024285331369514482
0.02044483502008929
0.02095312493623938
0.023688697948891776
0.019578224352717853
0.03243465029570386
0.022857560777641818
0.023602665965720165
0.014272069811403694
0.029363055351125204
0.02860299722805762
0.02793080746660863
0.03216800162086317
0.02202857986227612
0.02532138991782752
0.020794566230609393
0.026010808344255978
0.01769111488394281
0.015687742248984234
0.019705669473235866
0.01713932861234094
0.01576289777116874
-1.0
0.016886003041721734
-1.0
-1.0
-1.0
-1.0
-1.0
-1.0
-1.0
-1.0
-1.0
-1.0
-1.0
-1.0
-1.0
-1.0
-1.0
-1.0
-1.0
0.0169507237558606
0.026723997505013954
0.025969498314368417
0.020944613463496572
0.026038762788666087
0.031050906236962633
0.03724180382699806
0.02437703338107381
0.02739141037676143
0.02181038309064917
0.01631804886100265
0.01697173508333766
-1.0
-1.0
0.018516440342543815
0.012741238850403885
0.020133332250577278
0.02056007412358895
0.023400912353462786
0.01873921593334109
0.021334302086044536
0.027760141179550283
0.032132632942886784
0.03536859976480277
0.023635055269697197
0.030635321658530685
0.027311461781354695
0.021032230484880197
0.018759105327231372
0.021673022990579226
-1.0
-1.0
-1.0
-1.0
-1.0
-1.0
-1.0
-1.0
-1.0
-1.0
-1.0
-1.0
-1.0
-1.0
-1.0
-1.0
-1.0
0.014443444958617447
0.02957391143995528
0.02193964321586061
0.03170259892419384
0.027023107772782228
0.015081105708126574
0.016426460867997844
0.018738887230195365
0.020066586182943616
0.016822825731562175
0.0256078547935535
0.02131472917562801
0.02752787785587732
0.017169527349058165
0.021109372796760655
0.019920065771801214
0.013262399861022971
0.008061065668534314
0.006524955831967279
0.00305282135301388
-0.0022964265151549507
0.006866065009929896
-0.008471967988240115
-0.0048100990643153005
-0.0038720371905768846
-0.009441646854606673
-0.0126203643500005
-0.017200751525252307
-1.0
-1.0
-1.0
-0.018154724026529876
-0.03144447031615812
-0.025205853966381198
-0.03735941819847542
-0.03851197799299866
-0.037655607901912934
-0.03980819921195276
-0.0429319708552963
-0.04482257827418447
-0.042709152231513364
-0.04178912081857503
-0.03134001861650231
-1.0
-0.04349532773609258
-0.03691522051186074
-0.03921068931277172
-0.027282561329494012
-0.02449665182520009
-0.03223393426690725
-0.03127442124452772
-0.03809585400842803
-0.03459361076419252
-0.02002088529916895
-0.03455045289028431
-0.02839763098891736
-0.034449313086673865
-0.032022568430903724
-0.025997980737673645
-0.02876291972087226
-0.0165549258381713
-0.025711873624744662
-0.013452076257809208
-0.01505253475940135
0.004106889657252347
0.0005912680147985868
0.008918950117073015
0.0034746537702214928
0.0036878322204019127
0.0034210714080195647
-1.0
-0.011503117597598934
-0.007081406712413185
-0.006645099926737773
-0.01339295659509109
-1.0
-0.02050415861084945
-0.006470118229048242
-0.006066069112813379
-0.010049892287728372
-0.01903050883558048
-0.013654380196795296
-0.014118856985743618
-0.01318759018602546
-0.005975505699313065
-0.004753439009002322
-0.0015397406891042656
0.013060859389211707
0.013364759467808079
0.011425284515301665
0.00835787420327386
0.015991363041722488
0.013115946490224888
0.015934616076755153
0.030637600860688
-1.0
-1.0
-1.0
0.010059140962231778
0.019476860785765843
0.021825410703665987
0.010830113550781718
0.01741326606692464
0.01598280454870769
0.018511273408111477
0.014169876607954294
0.018086735408699893
0.015255443788456299
0.025251174745117618
0.01482424931701645
-1.0
0.020926036508105213
0.01841638649622148
0.018876323957136773
0.022053366928265265
0.014038290558573134
0.01740789530233026
0.015493911548541779
0.0043588386346712525
0.024354886007170045
0.01752344268716893
0.005736693852492204
0.022352160173190052
0.014870833425691855
-1.0
-1.0
-1.0
-0.006914766058744099
-0.015025799998306581
-0.004806428237815386
-0.011947914740579811
-0.016031522609747155
-0.009776977811647958
-0.005859631997729009
-0.012591861781181036
-0.0017359794829500637
0.007997116327644738
0.009061294831094852
0.024117484692713884
0.013422198533579496
0.009023672974990335
-1.0
-0.0015426080849081762
-0.0021090848332598667
0.005911776233051987
-0.008049092782123212
0.0033461452775291394
-0.0070040843052517196
-0.013708489912298404
-0.01880645528247611
-1.0
-1.0
-0.02395668624507731
-0.018647665065878307
-0.02666190413563376
-0.0304380718974704
-0.016861670187653548
-0.01707145262534022
-0.020837819937092387
-0.01839743581056519
-0.01438531451173385
-0.01710715984124252
-0.015243341091941871
-0.0010685694073772174
-0.014669591222372515
-0.016148373582505707
-0.024860034364654317
-0.017570216392446127
-0.028682081176894553
-0.012605748341519799
-0.024387335884642487
-0.029855962086697635
-0.05019925299840599
-0.05450855600068436
-0.04727756481942382
-0.06029360153463878
-0.06291662400690584
-0.06104160192419014
-0.0645351099968726
-0.056604717001556844
-0.06669672571335397
-0.04717786851463005
-0.0548135842713437
-0.05756501837811518
-0.062412200376243725
-0.03830008193051326
-0.05899388106556702
-0.06934870608937033
-0.055678530947195125
-0.05380778189169406
-0.05953513225793134
-0.04961834451740937
-0.047018859755331585
-0.030191690855870885
-0.017960541246001813
-0.020965636876874895
-0.017691099556541426
0.0017169574786826329
0.0014243929726638978
0.007637746517846428
0.00413614550927239
0.007870599853172972
0.00648381676215991
0.004854260829111027
-0.002169624818915563
-0.00797540391771602
-0.0009103541918184145
-0.011590485170037947
-0.013518783731121368
-0.009884118347573495
-0.015991418344042316
-0.028493958219779566
-0.01857995387659087
-0.026968546750962944
-0.01912647599428241
-0.024150805022340353
-0.023647697794108177
-0.032099765242750766
-0.03289359086408118
-0.0328171809469255
-0.03536728543566888
-0.03202291779442736
-0.02792243252419027
-0.013588501390250283
-0.01912524611609013
-0.012087644093873926
-0.023257516143562394
-0.011296943640019166
-0.014724974662197651
-0.02211702044747291
-0.023818859360718873
-0.02106683188591407
-0.022110676078956074
-0.022998820823258975
-0.018754595904036896
-0.010081928899116726
0.00480363520564411
-0.002812194697562705
0.005244837190107229
0.008879304236724988
-0.0007146110354815288
-0.006169024900954832
-0.01742058252031835
-0.0075056084546332
-0.017769578213055408
-0.013364370979407967
-0.012742727476756373
-0.018366178375966966
-0.006923840506843554
-0.006546900747516065
-0.004604240799707709
-0.0038628320886484875
-0.015867478505021747
-1.0
-0.004343781247403817
0.0010586269436406786
0.010513417126268973
-0.0035098445521979937
-0.008347022954040753
-0.012067231131381433
-0.01691785601146107
-0.008643671528763554
-0.011833276597827472
-0.00617132337172208
-0.0055199830974988736
-0.00017292564850095057
-0.008743904986381118
-0.016974203326226338
-0.019335020103795997
-0.019222670129041244
-0.016574380158049448
-0.015990836275011962
-0.00864765874711761
-0.014222828137859005
-0.018248662669125264
-0.02125936721914279
-0.01868162994806409
-0.013895453031722705
-0.02435586196929646
-0.02352820516567898
-0.020622728250945396
-0.021849160784510494
-0.018144618451678883
-0.008330275468610496
-0.006879324629548375
-0.019758351723851462
-0.0020669740231058485
-0.004819575058431364
0.004157865740995451
0.012282898723826196
0.010906867898724014
0.023873722156763828
0.003889287218908528
0.008650655193911939
0.00413126761010822
0.018554386829481215
0.012757944452447231
0.013374264588419515
0.004161284304786906
0.00472383387005771
0.0011261321224317763
0.0020471873102321787
0.0044650728469234095
0.005046313901118443
0.001001724711430541
-0.009562718762789309
-0.0003575505104550051
-0.007909730343480761
0.0010226354242738674
0.0022851472805608345
0.01864144756873312
0.023457847985907544
0.02897590315135872
0.02156287903837244
0.01467449205852677
0.02435599143941606
0.0052104557781135295
0.012052520689326931
0.018554829231587702
0.014066785459089782
0.022513353608065195
0.020648528377199146
0.02427685911675467
0.02834882442719874
0.03101332251729171
0.03155719311522325
0.025259224617322967
0.0295008175276985
0.011160282644939849
0.024919506131198626
0.02662328165972812
0.021430381876841806
0.033281876638839955
0.026295711848732306
0.02940859043397599
0.01959790990729296
0.02238293389308284
0.026899946368052347
0.022037735856971552
0.022922001768221185
0.016768646562568372
0.02398735811172702
0.020498075294483886
0.02067338845389146
0.017409118837430345
0.024567097771721894
0.020564012812819207
0.029547275055073905
0.038949995291968
0.0313968249908186
0.026108046731516652
0.03026245431014571
0.037195945976844745
0.03007928040762683
0.03241650612478727
0.019476715358917217
0.032975434064137166
0.02160170864351324
0.015549625419621533
0.01018384476906553
0.014013089033329979
0.014995129445012243
0.02443756251496594
0.026901188388398407
0.026957739922933585
0.02568774830002096
0.016234278526015247
0.02456065148021472
0.02218256586655791
0.0254027806259031
0.010774018561141387
0.018721891075106255
0.025025602134978994
0.033708396613639634
0.019007952485299847
0.00956237224983696
0.020527223233152713
0.02573105236936867
0.025259852262647875
0.01657889307412712
0.019761452757806944
0.030017173572946185
0.022370462358431067
0.03228287681740805
0.02484584621045468
0.03382568420472968
0.036145361816761694
0.02869021472861615
0.025903612174685526
0.0351436551153784
0.035019772776435656
0.036455387678084164
0.03410776748624336
0.03316947482323239
0.02385073139438089
0.027139523230251223
0.02220443182245581
0.024515983875654516
0.026095211098654685
0.027545268356682858
0.018197551949715483
0.0168531807328679
0.019620568954290585
0.013640814875046637
0.018351195324111495
0.026499970076829797
0.022293977453466403
0.016965770029308262
0.016236379988236672
0.024074434067217355
0.014290735921060008
0.020277235214239103
0.027187558024783842
0.01969912838676198
0.01473492735190008
0.016100667505316617
0.016192655480587147
0.02208266524638219
0.012106984566534565
-0.0006840206535417074
0.014696604228462114
0.01722655952232366
0.008448446074981257
-0.010306572813017157
-0.011155889247076027
-0.01095109303466378
-0.00901102012893169
-0.013483933888930998
-0.012457047008804427
-0.02322824001298762
-0.02298172271011971
-0.007843928234159874
-0.011430139982478308
-0.011920203941094394
-0.006280709059105644
-0.0030384535192829586
0.0014736524883955451
-0.007715360166593173
0.0021142312684342903
0.0022679150030202057
-0.014608603022619055
-0.010292904739905401
-0.004484917731302389
-0.009605675386734432
-0.006558473279377957
-0.00734134475903029
-1.0
0.009117431813415828
0.0028120564642012138
-0.0008059103220082452
-0.008045008985713465
-0.004405198130327575
0.0012011414030686503
-0.006109172217353034
-0.01703644451422507
-0.02084759938021287
-0.02294805110215478
-0.008863099994192233
-0.017980639426547828
-0.008004087674669954
-0.018082419298068513
-0.022269836211041366
-0.03319093611748295
-0.02820194194801209
-0.030925166203959225
-0.035052422252898084
-0.04268830497487539
-0.03678858396750833
-0.03982564194514251
-0.04731017435386196
-0.06533188272562014
-0.06251103722948118
-0.06627196624783371
-0.06876842639072667
-0.05645743594964607
-0.053319041512375924
-0.0630537428021865
-0.056839114808784896
-0.05523909465572855
-0.06245495177556125
-0.06309345527006764
-0.05753907415867899
-0.06829386151455193
-0.06052445624048875
-0.05231159175540245
-0.06057130334855461
-0.0693798481901656
-0.06439019861635198
-0.0629313326498421
-0.056997674474477796
-0.06885703218379921
-0.05679523700380615
-0.05517648642632294
-0.05224296356973663
-0.05676818116618263
-0.0469189033995924
-0.05621810987700498
-0.05147395879174052
-0.05843016928369891
-0.06047335285932508
-0.05633284664420164
-0.05878574749480758
-0.05729238660547097
-0.061625954878924985
-0.05347038550694079
-0.059405879142878655
-0.05180257980399067
-0.05573991462028087
-0.05506789253083946
-0.05596543815735653
-0.06318258712414247
-0.05679309535670278
-0.05745442575042018
-0.052668511606478716
-0.061019019917496115
-0.052689876256180296
-0.04734334373342623
-0.05757594664138311
-0.05578204047637797
-0.06575606137518998
-0.06011807671147774
-0.04743338114243945
-0.05184513218173745
-0.055277281359794934
-0.046227916402720164
-0.05829885424267277
-0.05672252091885482
-0.053095678887471506
-0.06558734324796221
-0.055718414725280975
-0.06208043073449513
-0.05987362946462265
-0.05760464449341868
-0.05285361669153669
-0.06162323363633685
-0.06189414403089864
-0.06629045628845684
-0.06509392347151988
-0.059385538052478995
-0.0668709476070667
-0.058653592695729645
-0.06527887416959582
-0.06514339124686754
-0.0665053097518808
-0.07204777800506904
-0.070549754580443
-0.057220936847251914
-0.06475800325915093
-0.05985644021067298
-0.047869785973852615
-0.02705352762189201
-0.005120645213736721
0.0034318641607178897
0.004954731667392161
0.02233329566601599
0.020198214035229638
0.012849605023648238
0.011835047981451192
0.014101906773334144
0.008306695450118175
0.01584501433237953
0.015988126724569545
0.01282509741855505
0.013320398555830417
0.01532628030807096
0.01854668012628829
0.012174372717407097
0.00805284878360203
0.004470561105826161
0.013850175911096886
0.013222330017337542
0.01995509558034596
0.01479256795684553
0.022024686650833004
0.025283814330602422
0.026129414630881743
0.02216947580578956
0.011866395207447034
0.017888872600861715
0.018317726826773448
0.017511247454303894
0.02251407043848048
0.020206282677723595
0.010693884875125521
0.006230905153137316
0.018023184638949852
0.01296532741251131
0.01727279263312534
0.021402336805439837
0.022258642725878224
0.021944001249088272
0.025901254873339045
0.025148794621824122
0.0377435876048277
0.03291728861369853
0.03688383292390607
0.02736887987046967
0.030685136441913705
0.030872063254283925
0.03057983489702424
0.030607994957392557
0.030014068517761366
0.017569370212502468
0.009756025609312916
0.006728707930969366
0.020017095001142578
0.017548299262927555
0.015775844053207193
0.01407332902731868
0.019121560632439364
0.0216311316304146
0.015320591698793642
0.017730522072975628
0.017275490813634223
0.008973454468458934
0.018468147685366126
0.015669438577358242
0.013280141043770384
0.00845315288673315
0.019405641031310303
0.026502457866366527
0.026796168862858998
0.021492632654488295
0.0162331671267509
0.026272221847744873
0.02126569582332067
0.02674108039514805
0.027487202293899712
0.028880575981268856
0.027231697320277512
0.029674399878724972
0.026513045978203736
0.03144627975409558
0.027700598953080212
0.03286713541885882
0.02746597246569947
0.02579785117758811
0.028976774573981248
0.02684130652377546
0.031428874022313
0.03776789275965716
0.036780551950580505
0.03134757371026216
0.02942639151884919
0.03866426219356056
0.033262211958959544
0.03733136625685763
0.03474369150423369
0.0366671190737053
0.030865616102510134
0.02991277866874111
0.02699726796935267
0.023009838143711527
0.028814900523818163
0.02776051152566176
0.03238389321797848
0.03404051358457923
0.036329368156699196
0.035668551638269826
0.028216768730131125
0.023328600209250146
0.024792614039510556
0.03552559041584092
0.022669756935449082
0.03297704178229795
0.024892383642954315
0.028172381010818915
0.028651829812204963
0.027623849296750807
0.02495856477078259
0.02579350260699829
0.020338131342397908
0.03029472256677071
0.021928442913751713
-1.0
-1.0
0.020760496105794512
0.02384734220958607
0.025138016348627047
0.030692154696134816
0.022309138954262137
0.022162283498892973
0.026038568285860923
0.021614360650215537
0.028794025596015432
0.02743578702756728
0.025104418388731092
0.036828025352978355
0.03542423947419158
0.032193609822744405
0.03186200492947762
0.037560236312518015
0.016278548252616404
0.02892481454220485
0.028285367176750162
0.01971977185225718
0.02334155085583613
0.021197714732387338
0.019020411486772824
0.022703437705949344
0.024718381559966078
0.01259131591151111
0.02953417394320607
0.026040083636285377
0.02889104725528429
0.02872747457587917
0.03131016733664977
0.017394748783246514
0.041027263087458646
0.029897136061279892
0.03159981826301112
0.03130210350254867
0.03323503996333773
0.015988927356171603
0.018375505195716523
0.02057667726926287
0.029243612042609876
0.03089397681719219
0.023087708424579398
0.029339100426536004
0.025786130066484603
0.022524908785007156
0.020979984004243588
0.01114129712462893
0.01702949870494821
0.01211879024954591
0.006188677485792522
0.01237274921815968
0.01096931541565044
0.0006685899545695245
0.00965798500658654
0.009015967110089463
0.014491093504099222
0.00838458013255087
0.007095944950355812
0.013838351582127347
0.0125082514895564
0.015448291121584393
0.015781232745139456
0.019663391215679615
0.03078007016195531
0.02283213319894379
0.023131514187070833
0.018388935345053828
0.02125605300353127
0.014308818016879738
0.01901865283482832
0.026401291574634257
0.02156148852684741
0.02126709243495049
0.016817988052139434
0.015779293487974615
0.02950537237654979
0.029701041155612482
0.023519633405041
0.03294468453732679
0.020832942502945456
0.03199913288326889
0.021877353511437558
0.033584987433874156
0.027003915657376407
0.03197095093131244
0.0334324077248754
0.022895150402482994
0.029827717468917395
0.0328074797491583
0.027571506417721867
0.030001640052471617
0.024006411885030908
0.022498102244965547
0.021050368707381435
0.02126768683568876
0.02048217054914908
0.02837073613043802
0.03287388792149804
0.025091234383859976
0.03056793861152534
0.027088878379387667
0.024812195403962692
0.019538162612014475
0.022725476193039666
0.0249376149453254
0.021471051866739796
0.034103782971586144
0.024177330740738717
0.023923707329049745
0.016349544881008107
0.027989956369103827
0.031106828376311815
0.0238119869314732
0.035870018109410894
0.037239148462388676
0.023914772969025895
0.028378274557974422
0.030529001159739815
0.03282073827391807
0.03008874651517706
0.03405685289370393
0.027146798021396808
0.03406738842570307
0.03832463713167713
0.032203594054572016
0.03102340450320191
0.03693619782082441
0.04224171275312602
0.03348071252841888
0.030004649837386575
0.0340652158620502
0.016159902203135717
0.02802675600357307
0.025798913046304193
0.036509294715114805
0.024797184428232526
0.035750548444572657
0.03343839338855168
0.028575177018595847
0.01694051507373105
0.030743505289679722
0.029569743825735687
0.02466565274506036
0.02603611408445132
0.02012061381651521
0.02329832391682191
0.017607668547450463
0.019381339317566994
0.016838566283961978
0.02339191861075527
0.01837087723689048
0.023158259551060673
0.017505310393006037
0.03012699616433338
0.02606800483575872
0.026994826585251944
0.02649835834610329
0.030448923555668944
0.018477754715073243
0.02229394649979558
0.029547570403584394
0.030370849242513594
0.01587760322888775
0.024509769178705832
0.02868597739138218
0.022464806826026817
0.02745712798233711
0.03296846202891514
0.032835447720404774
0.030309697055153233
0.0200565382088834
0.021240682297722253
0.033161690608072614
0.028399437998386266
0.021894937561046164
0.027327528573552726
0.02609757658626027
0.023903056106702972
0.02501467732564011
0.024590270596893928
0.03628401936966607
0.03481462211348645
0.029168940656360064
0.026286382010398363
0.022903388350316408
0.01893595515629667
0.028801890635908618
0.025814752322731796
0.02729046635369114
0.025437292263683534
0.016445307594606013
0.007737511161269807
0.007794083032090526
0.0041263962632621075
0.009162116542149911
-0.005047699157543838
-0.008091024544113737
-0.002753025750139312
0.0029416504935436604
0.00040450883961503254
-0.012895001153366756
-0.015656545912835877
-0.0036336227963210616
-0.00038637537616469423
-0.006971629266334948
-0.0075657760229681514
-0.011784580514176099
-0.01303205395833938
-0.011013272623473633
-0.016731277047282313
-0.01919114323090098
-0.014426379811930021
-0.013110099087150722
-0.004817028873298863
-0.0029856739502835106
-0.00594299753145245
-4.692383266069523e-05
-0.003546022686875765
0.011833458990531558
0.01779444496603153
0.01995294144922491
0.017135283104711317
0.003235038276748818
0.01697416608954519
0.012867451837104707
0.0006555028411399636
0.0032658871210299173
-0.002859374383471643
0.006199457008153149
-0.0006130019683714876
0.002028448020536423
-0.002083821899111619
-0.008715107382011542
0.008423144052367515
0.0029005388311211956
0.01618800044999224
0.018625178183329504
0.017427899552013345
0.006407233817295841
0.004346621016877431
0.0018186566774093622
0.006278532317384939
0.005935116638051094
0.00032658047068264616
0.011193896312640813
0.004840661096654914
0.006783729197647417
-0.0013004041518693604
0.0105405344579456
0.0178650469893759
0.021742998415627636
0.021407064721705282
0.017032265320367147
0.01906886989833401
0.009641106379364613
0.012017890980685095
0.002027864799406178
0.006834381652955318
0.004162457507858088
0.0007810258376672408
-0.0007375581523238645
-0.000523910442075139
0.007291457325873446
0.009871216648242644
-0.006954160379772378
0.0001674647918108611
0.015079906747632871
0.023361667098550566
0.010906195524574702
0.02467145502707929
0.02190555834946681
0.02256269769453013
0.024786482986826657
0.021889273120316233
0.015694383363138355
0.015569799831617388
0.020434629179658832
0.007340350456958761
0.013028092163120954
0.01973449799961196
0.013864584888273888
0.01544935113016178
0.023439535434059876
0.02189869500313566
0.029414357033455654
0.016620853018174453
0.01761029798971129
0.018189687573265532
0.01037674062126622
0.01567197094955325
0.01278349972073774
0.023550995452981498
0.016505142616465993
0.01796624763554761
0.017437644045316957
0.005927863382539809
0.01168260032273393
0.007146616098133932
0.009376805251797746
0.01996864347553551
0.013258799035772538
0.017497849004750453
0.02020167443406507
0.027728938461302963
0.03458303312470312
0.024465685287015704
0.024951426225925392
0.01913673949549077
0.019477391572690753
0.012526717032325331
0.01431252692308576
0.00959875959692004
0.005788630054648858
0.016434758023243404
0.017080363783171796
0.013671708137095548
0.016163718636302327
0.01575511282081386
0.010681512155472238
0.01699231962188046
0.008398677054265441
0.013760043683981586
0.013608864358068778
0.014333066436495744
0.0217912411856052
0.00716609806793055
0.006440271226020635
0.0018925451458584052
0.0051368629892901705
0.012601963930005657
-0.004538318067314351
-0.005104181501326426
-0.00842449919619078
-0.01822527504392528
-0.026327393423655348
-0.031392867964780205
-0.04390717135163732
-0.04214912882800022
-0.03755652390384084
-0.03756229642141183
-0.030404073506721602
-0.033702451865289536
-0.023167533403826306
-0.034093349919549806
-0.025308533496032563
-0.036745720769272606
-0.03179734305233064
-0.03253036734934211
-0.03972725924608104
-0.033693482589467284
-0.047853191012307374
-0.04996383388015787
-0.06317232435899277
-0.05409914421569674
-0.047048087939282224
-0.0526372800932226
-0.0491229637014341
-0.046087167272993175
-1.0
-0.0554803230637874
-1.0
-0.05201548332904243
-1.0
-0.05227248087088419
-1.0
-0.04750755638457819
-0.046220260814970104
-0.052446296312820266
-0.047352842815752375
-0.059328950623955067
-0.05331030132923708
-1.0
-0.04378233917609473
-0.0620988833117121
-0.06009480043808957
-0.05969390507894438
-0.054516754760945876
-0.05111471157624255
-0.05420507077242607
-0.05101465313834221
-0.048203633254479406
-0.052801568016935155
-0.05689221428700839
-0.048953883836638803
-0.05197529422816827
-0.054964324516173856
-0.047131178947697444
-0.045822345890367544
-0.042600052834697456
-1.0
-0.051709113376350264
-0.047298118568980536
-1.0
-0.046464145572565584
-0.048326549380219457
-1.0
-0.04508204342525069
-0.04376434064683841
-0.05363758607738743
-0.052873224869023065
-1.0
-0.04252618842467624
-0.03455288293953804
-1.0
-1.0
-1.0
-1.0
-1.0
-1.0
-1.0
-0.047840943078561675
-0.044911485105626335
-0.04824757208487749
-1.0
-1.0
-1.0
-1.0
-1.0
-1.0
-1.0
-0.0439628451177243
-0.048401025895199484
-1.0
-1.0
-1.0
-0.04683766847618811
-1.0
-1.0
-1.0
-0.04421207894129847
-1.0
-0.05488637892825109
-1.0
-0.05053901412060638
-1.0
-0.04867014413197188
-0.05211093226837015
-1.0
-1.0
-1.0
-0.05881079717742629
-1.0
-0.060121851942048124
-0.04788948557785467
-1.0
-0.05022996632500918
-0.05344409030371977
-1.0
-1.0
-0.04682444253965444
-0.051054886587225
-0.048731614137948645
-0.03461738502287124
-0.0260756218664804
-0.014800678308551753
-0.0022790743617862423
0.0014422093479110757
-0.0026887292871201514
-0.004345654795072102
0.00348779240144021
0.010808106983812876
0.013721103793461429
-1.0
-1.0
0.002393851333674531
0.003928726839840424
0.001804934451167224
0.0026784576783130927
0.002366735631630172
0.006285870799283135
0.014115388878265071
0.021617415188076722
0.021927990197018833
0.021999007401928953
0.027621974292947438
0.025021817968174747
0.035777100133662275
0.027030065772677882
0.011900173775633231
0.020592995813914848
0.028619918736776894
0.022778228822325886
0.017067430784391834
0.0283966459454317
0.029568682715419375
0.028662374782303126
0.026615133830895882
0.02634629295011288
0.020971610183790387
0.022169683495927243
0.012997671184971405
0.0221528154330777
0.02480273852240676
0.014262444475843598
-1.0
-1.0
-1.0
-1.0
-1.0
-1.0
-1.0
-1.0
