-1.0
-1.0
0.004062465475895601
-1.0
0.016197242291864592
-1.0
0.013305495498061998
0.004273726787700524
0.014205385950592836
-0.0037814501742333586
-0.015804508366023266
-0.01100028397617817
-0.019181714523699274
-0.02205243043349847
-0.015549952246345672
-0.015975494435396247
-0.00149185687399114
-0.01709635456731147
-0.02830476021217348
-0.03247463443346276
-0.002564378630752924
-0.0010618806986534659
0.00475758947778144
0.0037111687332166497
-0.00916401520710114
-0.0066865908510602735
0.0031373297027495013
-0.0010768667356514127
0.0042542105596125165
0.005464090091466838
-0.009062139136499791
0.0035910067185199396
-0.014089686382304177
-0.009129198725630701
-0.004686218969753643
-0.0022824172133395844
0.0017488365555184558
0.0044097168280071986
0.011082210534313252
0.003290271682341914
0.006796113884644407
0.019786852086824683
-0.0026111787637805037
0.007287429839524386
0.0017634038884956254
0.00925208766275924
0.014011944562501471
-0.006828961683829937
-0.01707259042110901
-0.01655622151149219
-0.013915680226918341
-0.02767413092955807
-0.02888158506300483
-0.01641057493419837
-0.014586217441476732
-0.008731688695735483
-0.01110476271886369
-0.01663113882204796
-0.03581204654728843
-0.0024209482032729423
-0.013391619849966428
-1.0
-1.0
-0.0019937684359352097
-0.004281721666498746
-0.006116809109890917
-0.026861393463766297
-0.018110480280508896
-0.019464882018878842
-0.022881795739343392
-0.035548254190358654
-0.019333111099226592
-0.0212565152187674
-0.016342167464708485
-0.03273173529180063
-0.020792715388197727
-0.025212753973791645
-0.006422685114708748
-0.014428581360038634
-0.009475689903280673
0.007211292774904509
-0.01795590402432773
-0.030596086682505883
-0.012553741669344115
-0.020062747368026698
-0.013873188431473607
-0.01839623967519339
-0.004227128801502254
-0.006166524956858913
-0.0018220527981913394
-0.01631511819829073
-0.018887733013679246
-0.010369282157789676
-0.009180147919017017
-0.0007322026055410244
-0.002133370319230216
-0.02763771234086898
-0.024277063854926145
-0.016984091557312387
-0.008425285459783967
-0.005015130319586345
-0.016673309622236676
0.008831675632960072
-0.014883197209011528
-0.014790455478350863
-0.021533629025304524
-0.006624615459317287
-0.007257377037392411
-0.015731157539363945
-0.005728396772178351
-0.005279893683900759
-0.014991920060709908
-0.013709451424729376
-0.009781272365877275
0.002915862498792742
-0.010706896863120426
-0.009649546357767037
-0.0201762338370063
-0.011256813088106813
-0.020892862682018717
-0.0202501347459781
-0.01658427131158448
-0.03035313829943621
-0.01548043074214494
-0.015232983740151298
-0.012798061868920133
-0.02236378148915238
-0.020229731427422713
-0.004824587629141286
-0.025485330025059847
-0.011312128606716874
-0.01565675105042951
-0.018878144010897647
-0.008496110216207126
-0.014113898817208075
-0.009802541910443026
-0.01990873171997127
-0.01580282882654109
-1.0
-0.011168789813982113
-0.02533800251886829
-0.015119821227624473
-0.02481976961636239
-0.023090946099774533
-0.02276998053398192
-0.015935499486257665
-0.022245060192211525
-0.01898471158655007
-0.030286872035713806
-0.019481851459716207
-0.01875620554255535
-0.023071825748593445
-0.010091939462220532
-0.023239278831720882
-0.024360220753265705
-0.02524082316697562
-0.018447838127515187
-0.009208985193365684
-0.013072235097340417
-0.027133611373480016
-0.01679727157722411
-0.026165096883473044
-0.03083096421322264
-0.02833346416149031
-0.025092745076528325
-0.018906182331499415
-0.015768422905269034
-0.022067101941654496
-0.021766326066628306
-0.012418514386837148
-0.028296313844575597
-0.011632526733672098
-0.015719906693186337
2.3333490785820642e-06
-0.016598642839150843
-0.0165743922329766
-0.012000607412480843
-0.011348772104530527
-0.024973263876131104
-0.013040060214227246
-0.020731288444148822
-0.03132837669526273
-0.016425152232510537
-0.029417518418024678
-0.01818256272851229
-0.02335884534748954
-0.03259638595280888
-0.021378549492202078
-0.003273603003738987
-0.013297954876597178
-0.007900184225518903
-0.009265995599368236
-0.006318822805742232
-0.009376438190883582
-0.009477978454084856
-0.003609081404362933
-0.011136348410793655
-0.01161363127681271
-0.017300570866741867
-0.009661889912807262
-0.01455822874337082
-0.020677255433930727
-0.02789644956907812
-0.006988762858001161
0.007652872531088889
-0.0034020481647101712
-0.0022973682578490986
0.006043754855016172
0.008645652777782797
-1.0
0.006466528971315994
0.021009312835317578
0.01510043897218721
-1.0
0.012171892225855905
0.02775615605551008
-0.0008366957635875434
0.00263973156936635
-1.0
0.001407589512433151
-0.008679922318252
-0.004121518079349579
-0.013078137476436404
-0.0015800030314270476
-0.02109970807627094
0.0006301061229347343
-0.01642117920041969
-0.008839221550692593
-0.012272437685391454
-0.008814229444216523
-0.005479598558891758
0.0028953997141866216
-0.004021957650528391
-0.0027608337974934305
0.0055900434449515386
-0.006678114279660374
-0.004983051821916601
0.000505127003741408
-0.010960194045642111
-0.008716688576128659
-0.0071461512948760965
-0.013062301505165142
-0.003765158683852143
0.012960226028109681
0.029317131482360065
0.019900917916297365
0.04453885938761033
0.027390239398253965
0.017194776647182525
0.02262279633289455
0.014132785023392023
0.014040278669545284
0.019473029857345857
0.035051874953044085
0.02632588993671674
0.016683196684976646
0.01562792903495362
0.01666330400938722
0.014709472195121347
0.001322012701354418
0.0049396606754295224
0.00447064855224139
0.00833482549925844
0.013751727502619668
-0.005551191588640563
-0.009690520722795382
0.004912174877898487
0.0049704167669254945
0.00867192899667442
0.021402370836395606
0.015023982647823593
0.014594732823080091
0.01336962757753168
0.014290689396778073
0.011597905118143554
0.008017774352621135
0.008342153366205272
0.010128703110575744
0.011513795732167055
0.02400661395326074
0.018200928948910806
0.01643276174654395
0.017592491027900732
0.01947018996890718
0.01940503075887922
0.02793758560924516
0.017128112450192617
0.013183006664264387
0.014603220734861729
0.007641083824753314
0.0031629930227553152
-0.001844964863205708
-0.00409323781089534
0.0049799714678795985
0.006458060139516906
0.0038031961667383788
0.0027657240371391062
0.006100090637254417
-0.006281139620385886
0.01949120261990066
0.004710329675687594
0.005150187766274641
-0.0041603073587854495
-0.0033422478817502757
-0.007824012036990331
0.005289245173372403
-0.002544629623433876
-0.0017974940152183539
-0.000544210199160965
-0.009104745194264007
0.00943676752253231
0.004186820193053578
-0.01675160915222971
0.000699892688152328
0.0077970676145003035
0.0029161572024798367
0.03054524737182678
0.02499508239222612
0.022677389954032314
0.03307415289414578
0.04953819204746488
0.04410183959811635
0.05225847236226851
0.05558523927797356
0.0506738775437298
0.04882640019834513
0.0604358573526488
0.051351423126606566
0.053447091216766114
0.05324285143924189
0.053126386530319855
0.055351247675460756
0.04092975484354818
0.05553419934066265
0.051756605064484956
-1.0
-1.0
0.052356550902995756
0.042894524177208536
0.05593153761187978
-1.0
0.05956838277283323
-1.0
0.04088293196991167
0.05218856795684142
0.05106598643278282
0.041357907148772105
0.04123913386273386
0.06584489224330484
0.05138103333154935
0.06446511453972109
0.049750606958095474
0.06130017851599166
0.06386916366732753
0.045438387771691784
0.055147009712667304
0.044933980404758746
0.046945958009179986
0.024536179421882298
0.03314508696234544
0.01953803797637101
0.02434410978929419
0.0299457692858487
0.038966136829731615
0.03482736966882165
0.039860032174540594
0.02999861026115599
0.04059822135826565
0.04718707071872567
0.033894905232239605
0.053366395245827855
0.06376206695053427
0.06272830474949502
0.06090161284460445
0.048035917394470294
0.05378133203798418
0.046589872922686716
0.05157310074981469
0.05675807187319203
0.03797704657452015
0.0511764177720385
0.049669644997100554
0.048030014114234854
0.05490585193545686
0.06346178406145682
0.05618728291377983
0.07340009331767855
0.0579186958990802
0.05545866295697656
0.06762501117747326
0.0686126754246561
0.05707470659357562
0.06147668806069765
0.0599231412311286
0.053895257051861156
0.05037806528837148
0.03760845280034686
0.022820910473002415
0.03470120588508396
0.015048784205733363
0.020534497053101633
0.025696367439169455
0.0319262463881058
0.04200051951192002
0.034758182922014456
0.04547622250405655
0.03250109090854869
0.047285362766405464
0.03325272159794703
0.032446092833430605
0.03216232026015625
0.03515185079134285
0.04150730536377063
0.043027970687416955
0.016253573790319956
0.0005634825717169627
-0.002986902143292431
-0.013375256413787338
-0.01278463584416129
-0.007674433246485455
-0.0017505147288175962
-0.01645073988157302
-0.026748708299785186
-0.019298421898976452
-0.025591254716279377
-0.016893345143099273
-0.017281158958365427
-0.018201479861116948
-0.022453274427462325
-0.02719021203227786
-0.010029713925972109
-0.011595549554858767
-0.020143714939996463
-0.004890403996452614
-0.013593453667613463
-0.028759363482008624
-0.028743107340117303
-0.009798976903770781
-0.005435677581189142
-0.024863641339130497
-0.01892596852538982
-0.00763154668789145
-0.01821390694978111
-0.02450503787640901
-0.011033185088116827
-0.02580430541097514
-0.021953161441521808
-0.01485914789355675
-0.005798197431864237
-0.011549898755921937
-0.003514518180679453
0.004066422390336089
-0.0004840101062940308
-0.002079155996166556
0.0011681993041761478
0.0049601918930052905
-0.005664194573353416
-0.0016893350451011723
-0.004434643471388243
0.005404950090371324
0.0380735623278358
0.05768880761944398
0.07667615535759821
0.06415455169996293
0.06913241535667372
0.06826521500380296
0.05844905789711354
0.03680906741552635
0.028651513705885975
0.04060397955172805
0.024808365545554732
0.03903806708255586
0.019724757927010256
0.02201808513904657
0.028802344351091094
0.0507659328532631
0.04745510318046729
0.06531570205040055
0.06248864827222687
0.07093504890642666
0.05517142948389849
0.04410318441254703
0.04508503252978809
-1.0
0.043775383760402006
0.04655417568897036
0.05476282107877986
0.07490679027752604
0.055949689294998654
0.06664335371010419
0.06912384172841293
-1.0
-1.0
0.06491902087424642
0.06386201675277532
0.06329161799903295
-1.0
0.06294731847618106
0.06622257172642064
0.06477316253590386
0.05118386475540253
0.04965357402182851
0.06388972148442969
0.07995802822397359
-1.0
0.0648800001092027
0.05609197489628356
0.04779970452242742
0.04909405304968678
0.06973053260877807
0.04970539537108224
0.07130067683945279
0.07105964058782237
0.06267718115686147
0.07318386977490972
0.03937347793799254
0.037077063766544203
0.031229688511314215
0.028257817768339032
0.013260303431470678
0.026988362971055384
0.03796299161917132
0.03885138949245167
0.031110448006543466
0.039155126109041996
0.03400960287591616
0.02103130915845305
0.010859812824113038
0.010424150619590927
0.018106789183277565
0.029607635989089314
0.02574637804695891
0.011022701433279396
0.018249804828569558
0.01913617921344709
0.005534892859430891
0.018132978374626185
0.0173268200903704
0.018864528614647113
0.02292921197012205
0.03319278746012368
0.016257550003198624
0.017752498042514796
0.0028981108851044747
0.026590481096247804
0.027449199300804725
0.028870380560947744
0.027028053578702242
0.023618246820273053
0.02388914938697392
0.020405526022099184
0.04830806294164066
0.06149604144169806
0.04602266167433595
0.05850869704416451
-1.0
0.04742185801107543
0.03918864046472454
0.042662394111868666
0.04968254074523225
0.055208066120285997
0.048263528891848775
0.04491563520265242
0.045450334203493856
0.03931843862506743
0.0363213867919449
0.023046799112221985
0.018104991661978556
0.016354877365068434
-0.0008717191482171088
0.02684878722811035
0.01401545410911126
0.004302394490556274
-0.00016033035375885997
-0.005899418513379002
-0.017236304948721685
-0.013361018419222583
0.0110142647397095
0.0027377216506924897
-0.004405424487153419
-0.012172031320014836
0.0004886080484141394
0.003624109298524214
-0.0027739725451107204
0.008413805151118826
0.011953401523911363
-0.0015946493345128572
0.018822453129501194
-0.0007879078463953303
-0.008411897748321583
-0.0032837416804432137
-0.0010424201794040056
-0.009990428931263428
-0.017219571461833328
-0.00783044747335494
-0.002134134455712814
-0.004756960947039647
-0.004864210646855976
0.00015365015188795034
-0.0077927353734906345
0.0024705047808849375
0.0090509020316576
0.007111956799597451
-1.0
0.00833477354318548
0.0032809433858248093
0.0011287446414889784
0.017057365693067462
0.013462482215809875
0.02541948729928311
0.027222197072568215
0.016749337830778494
0.021686747884314354
0.026077432974553554
0.03970964744553759
0.044002246079398406
0.049071664642053425
0.034971363921875304
0.05183113585766193
0.04667826054637122
0.04455149589556592
0.04149993582039507
0.05347692355877808
0.026960191013590054
0.03172480201448881
0.026459616169354182
0.024083627270672623
0.036859408973956204
0.033731084502905004
0.027648924460637707
0.02194896545199522
0.02803181354693387
0.029209913578588823
0.03709241999184363
0.04328972996668842
0.04489627482491226
0.054633025502321214
0.058268904640464914
0.047685091983255795
0.05787729227125721
0.060008336547986416
0.04958645115767126
0.04910349697156624
0.07092622711364235
0.058467484791790265
0.05778657124051705
0.06391676106861294
0.04607053519036107
0.05242393651090717
0.05898609365484203
0.05878634773278752
0.038942116294796665
0.057876840404506066
0.057956264387923985
0.04237552295121401
0.0595830001638355
0.04313264382045781
0.05031932672768141
0.04724108883531344
0.047386934130389545
0.04466437359448196
0.03974943950530074
0.058059560561882426
0.061515777032105354
0.06807164870730689
0.05025698955955516
0.0637344194790363
0.06022319005515346
0.05406445317420869
0.06145524933342089
0.06574564912068108
0.061098371010832715
0.07334258330126762
0.06997658050573029
-1.0
0.06219083323302505
0.066095207788686
-1.0
-1.0
0.05689668308532928
-1.0
0.06030068645545113
0.06325933861822239
-1.0
-1.0
0.05875985080486359
0.08066557320467392
0.07527830272456701
0.05984346427037567
0.062308290117867905
0.06550007527567141
0.06444306989859828
0.07052443909128438
0.07124589996788454
0.0552341559804807
0.06801418650542924
0.05024278208318822
0.04412174810119487
0.007744785146267065
-0.018635130698633803
-0.02779151527408223
-0.03774521112681382
-0.028787641405878216
-0.0262318402366325
-0.015472331565669236
-0.02333604633471611
-0.0011773867376463447
-0.004649041443728907
-0.008388747596296275
0.005137981138780448
-0.00596719766587393
-0.019383803044074145
-0.036284008365692434
-0.031184647399359132
-0.01291675538818104
-0.022574421536709747
-0.015929515161213933
-0.030729033815816723
-0.006640967435370348
-0.018935175747161997
-0.0071013914666453945
0.0040920726632291534
-0.002812803792239715
-0.016365329150279415
-0.022252972248256463
-0.01994843794833489
-0.015723119092144213
-0.009337428196630627
-0.015071308095608943
-0.016948120868842925
-0.014263993203207415
-1.0
0.011129698122489776
0.012256531559253546
0.0062479044648453145
0.008739062498201344
-0.004230154129021809
-0.005373120329160491
-0.015521794473633894
-0.022988630570156966
-0.017428449039036994
-0.02296229166090025
0.009319274030926325
0.03127805853332512
0.026558469170605604
0.028815470901956287
0.023686048884689077
0.04101322284492553
0.042342736130925485
0.042315176330839976
0.04194928376181105
0.04613200940357838
0.04062478194728796
0.03231639459905184
0.029496524342536558
0.06044591176242465
0.03524157239071967
0.052235105063805604
0.04350899297273788
0.03240169617815498
0.04811966017222275
0.055605819957130494
0.033361791607708205
0.046363454351764505
-1.0
0.060202177912842346
0.061928526837608654
0.046404703581183454
0.05100712115774845
0.05582991042330087
0.046300896430404005
0.06420249781506021
-1.0
0.04795025414121529
0.05989553179420039
-1.0
0.03774167813383796
0.04460368999613621
0.05304650285168481
0.05603919716468318
0.04833380582723918
0.06214209359887811
0.05604026858233147
0.0618379548778519
0.04562685280377568
0.042596080335184736
0.01113464824045826
-0.01058950385695203
-0.017835315493671376
-0.00997232773020688
-0.002743695007965461
-0.0069071535369771096
-0.024216275251622045
-0.02005117359638121
-0.026008558773746443
-0.017009891883046663
-0.021320556834448518
-0.02199323446771049
0.006295790374964271
0.004157412557136395
0.03725850585970486
0.050071671341540565
0.045707622525348976
0.03354332974355849
0.04513203130256691
0.04799744415697734
0.04913545444268416
0.04174032811486041
0.03783837165212261
0.05882940654991305
0.0505658440280996
0.03815640733731396
0.05083461416470022
0.031380739464981044
0.03295191052055601
0.035555789831870806
0.03897592177275362
0.03669427347896625
0.008471601193710666
0.006993303180547807
-0.010111262473044887
0.024257318234491503
0.02738280608407964
0.0336201844321365
0.029837221511096464
0.033062584431739685
0.035333342189891793
0.03343481293520486
0.03486163591358665
0.037846078074840014
0.05025675855535045
0.059519983391069314
0.04660722791002249
0.049281737106537465
-1.0
0.04872705403859886
0.04492351966334281
0.055026822238063516
0.047794158376202135
0.047716280115233316
0.03613407270670887
0.04586352866157414
0.03634101775829249
0.023374664864857696
0.03122748444459449
0.02370425205642337
0.01696776793292586
0.033393414719060203
0.021369895328607714
0.017929149952187508
0.0017024891712156141
0.008881315912619302
0.010545587709858851
0.014390829393097928
0.026187316837989718
0.011409062040930425
0.014011374687255294
0.021011455776359225
0.039412978034370126
0.07318619666682441
0.045232251825035666
0.0528909833565743
0.05870409009439105
0.048340330553751205
0.04427061428160454
0.045303667762045495
0.050908723464046596
0.04767976429200126
-1.0
-1.0
-1.0
-1.0
-1.0
-1.0
-1.0
-1.0
-1.0
0.057617223732177064
-1.0
-1.0
-1.0
-1.0
-1.0
-1.0
-1.0
0.04172513871071188
-1.0
0.03652208073974705
0.0573277105952664
0.00856149674968481
0.03960050025196877
0.023103987811459867
0.016411829164450418
-0.02356344778990063
0.006625555353338261
0.01587347935407793
0.007198630716990474
-0.002147460243772136
0.015621327466302222
0.030218583305900187
0.03774560075730923
0.023839583712241017
0.014694254197509098
0.021453074433645285
0.019429360958457487
0.0008262839321739207
0.012078124352854026
-0.00419195916668413
-0.01856088264161718
-0.0038776279665912613
-0.015630049734095923
-0.014540465131946652
0.004150144635460976
0.005876689538640144
0.017263917645770302
0.011026694460819246
0.011898297544651219
0.015003107204212501
-0.005924247573138174
-0.00931463420763262
-0.005908668774059815
-0.0138249178165839
-0.006185104694515939
-0.001416807288916633
-0.0013287087250112113
0.002474678625738326
0.011725324300165874
0.015947650045848253
0.012519781977977694
0.025440277370145092
0.012019488826810042
0.013248596541528223
-0.023152061523906996
-0.0011278708100970337
-0.016763246370288802
0.017245289097875368
0.001923203096022709
0.0006699223649562724
-1.0
0.007553301494219843
-0.005669187951161469
0.0073881374254609515
-0.0002716440385827596
0.008304589409263811
0.0012944936728169177
-0.005455178078457764
0.013746245884043601
-1.0
0.015904027809452208
-1.0
-1.0
-1.0
-1.0
0.01748736492546018
-0.0028634213351700247
0.011087577159716706
0.0038547372359052376
-1.0
-0.00918430308446558
0.020756714475708676
0.007351180982592915
0.0034516479715765323
-0.010580140159150313
-0.015267086957411061
-0.010365536813499136
0.00037942041963701117
0.010467998745713724
0.010376098781010206
-0.003450973833236812
0.013975966949488881
0.01846077927749415
-0.007405977841645131
-0.004187092600617976
-0.010801121643649712
0.01203044706236887
0.014188338694450634
-0.0003225749960152409
0.0008577893290701949
0.0007950640224229079
0.0033241556825522826
-1.0
-0.0012017827838471337
0.001147250145956347
0.015186346107010845
-0.012496669159189419
-0.007523646281574321
-0.021477392128860764
0.0013662396453072833
-0.01177092282069195
0.0015183744771140868
0.015675739548482018
0.0016240503641080303
-1.0
0.016681920628650457
-0.00862562173452349
0.011261258986005296
-0.01418843617801315
-0.01015831341714762
-0.02621158276144619
-0.020317378896099483
-0.018395914192941853
0.00413628651420637
-0.0029747202910793413
-0.00032454889296514966
-0.004042999787363883
-0.010324286721829728
-0.028567845077168794
-0.02532421558098016
-0.009376298561797503
-0.010669597068628972
-0.014124153530382225
0.0014124985757910744
0.008921471377792728
-0.00994759864897984
-0.005648889370973656
0.011675357259010583
0.008350916994414244
-0.004033526507446577
0.014638698227108874
0.011118864506246433
0.005236212688878851
0.019226404921373907
0.02707106423495715
0.0009398007392034055
-1.0
-1.0
-1.0
-1.0
-1.0
-1.0
-1.0
-1.0
-1.0
-1.0
-1.0
-1.0
-1.0
-1.0
-1.0
-1.0
-1.0
-1.0
-1.0
-1.0
-1.0
-1.0
-1.0
-1.0
-1.0
-1.0
-1.0
-1.0
-1.0
-1.0
-1.0
-1.0
-1.0
-1.0
-1.0
-1.0
-1.0
-1.0
-1.0
-1.0
-1.0
-1.0
-1.0
-1.0
-1.0
-1.0
-1.0
-1.0
-1.0
-1.0
-1.0
-1.0
-1.0
-1.0
-1.0
-1.0
-1.0
-1.0
-1.0
-1.0
-1.0
-1.0
-1.0
-1.0
-1.0
-1.0
-1.0
-1.0
-1.0
-1.0
-1.0
-1.0
-1.0
-1.0
-1.0
-1.0
-1.0
-1.0
-1.0
-1.0
-1.0
-1.0
-1.0
-1.0
-1.0
-1.0
-1.0
-1.0
-1.0
-1.0
-1.0
-1.0
-1.0
-1.0
-1.0
-1.0
-1.0
-1.0
-1.0
-1.0
-1.0
-1.0
-1.0
-1.0
-1.0
-1.0
-1.0
-1.0
-1.0
-1.0
-1.0
-1.0
-1.0
-1.0
-1.0
-1.0
-1.0
-1.0
-1.0
-1.0
-1.0
-1.0
-1.0
-1.0
-1.0
-1.0
-1.0
-1.0
-1.0
-1.0
-1.0
-1.0
-1.0
-1.0
-1.0
-1.0
-1.0
-1.0
-1.0
-1.0
-1.0
-1.0
-1.0
-1.0
-1.0
-1.0
-1.0
-1.0
-1.0
-1.0
-1.0
-1.0
-1.0
-1.0
-1.0
-1.0
-1.0
-1.0
-1.0
-1.0
-1.0
-1.0
-1.0
-1.0
-1.0
-1.0
-1.0
-1.0
-1.0
-1.0
-1.0
-1.0
-1.0
-1.0
-1.0
-1.0
-1.0
-1.0
-0.04767957575972741
-0.042414227905605756
-0.01738410311784757
-0.010298297617680191
-0.0054523166741895415
-0.01855922169452733
-0.01500777275273936
-0.008513619887850427
-0.002512393006128078
0.004927432934747757
0.002202787546792355
0.0043317483808690315
0.002159320902718089
0.007106694940091368
0.0064068384475292756
0.009057107542697153
-0.0004068769732952231
0.006847762277572257
0.003697756374669382
0.00450027218750822
0.005309164370108527
0.004058083956746612
0.007769815461792955
0.00359057827696909
0.007808099387962812
0.01615339092451911
0.018963850470966388
0.01490367815335533
0.018758339448142144
0.020473793672991493
0.01963600991461534
0.017485453287500695
0.02088274284747153
0.023864348432473554
0.026551050726920055
0.016004724646736638
0.02545227654330169
0.024781553908709227
0.027977002979143482
0.02342287460948966
0.018732757035151867
0.016790584795199178
0.00697329041919993
0.015032307153882664
0.02098926407082625
0.010591815250979525
0.014850810911816675
0.008148402587961687
0.013406487230801243
0.017481065422436142
0.010683969421577656
0.009504791861983058
0.019693463696828513
0.008654625060548633
0.0076112218491590986
0.004748415325914806
0.005800447173724353
-0.0033736545656081196
-0.011849027272910267
-0.010799688757802156
-0.006600106588518255
-0.013974318589032739
-0.010103708086739332
-0.002882010200449666
-0.0056083761339143934
-0.01804471733004065
-0.019125298200022987
-0.0042902683166725734
-0.014194969247912501
-0.019386357048412697
-0.015089339607355595
-0.004481375113707551
-0.00037551077196156657
-0.002573051651520332
0.003974448687208633
0.016168028788441417
0.012660839219421275
0.01678206947529823
0.024165999132656088
0.01513765713191835
0.025603981312836584
0.023097130742076755
0.0196694030791113
0.025422741655512057
0.02080072803201999
0.020371722515775202
0.01854204771921163
0.02420071841366591
0.021821344069043788
0.02358168398589002
0.011185883229863563
0.021446119874247955
0.026968672722945945
0.03219759283467779
0.029272985908124695
0.017123813276315295
0.017870936939116972
0.029438507866814026
0.012650449846950414
0.022833647821566928
0.03120285859482026
0.024492110479933868
0.02620991061666666
0.023155042665956502
0.03002234056800434
0.028761796936793163
0.0223311431652536
0.016641867974603687
0.029426268943472573
0.020516220941100755
0.02343402214892742
0.036451046156033624
0.038185645069554935
0.031405852167537975
0.024517214283196937
0.03396173079185281
0.02767664558266857
0.03387244734235404
0.02843971628661439
0.0322962396279207
0.030215543957901655
0.04121931453411195
0.03481206811087951
0.03153129365217212
0.0317436523789471
0.02715278761657362
0.02859140104204222
0.02281708856226188
0.026180719517453578
0.03488892546460046
0.03344452695745968
0.027117357167422675
0.043379655433826145
0.03247717041317961
0.03201529643083551
0.024823615544162573
0.028427925536171655
0.03708798776993891
0.03570731785869807
0.03214809870618978
0.0290552740713549
0.02969137763252164
0.03054745879845974
0.02837226688315833
0.038880536260127094
0.033313023093102134
0.030128799626306855
0.02677645339710056
0.026357012194165242
0.024487811569882532
0.024014093095933726
0.028768210533313424
0.0373585078696737
0.04049166358285925
0.038726503311142337
0.03189334534539062
0.027832370319479625
0.02827866643635449
0.03844242094072828
0.03739660178378462
0.03083386782690217
0.029282783073590158
0.028059084852794097
0.031711431963557406
0.026469794911343745
0.03269665336383467
0.02615807596880113
0.025158138491051644
0.03505159637637616
0.025115255154392484
0.030425196299189668
0.029068515657004742
0.027340779157118585
0.02889097993738052
0.030359256331333042
0.022413783399164538
0.03718620364445319
0.029674308705163067
0.02853405499459441
0.03796359638535459
0.024412726997262272
0.020968418833176503
0.025067733920438887
0.03200546661307532
0.027557615656456882
0.030982280432029236
0.030728227761519667
0.029867515991072645
0.02725738711597417
0.027789675042644162
0.028064139285830465
0.023838750629254658
0.006385284151798422
-1.0
-1.0
0.018871222356719498
0.01771046833061567
0.02496248629597918
0.021949030734363387
0.023414236207121637
0.02651379668512263
0.034082284498166776
0.02757558467697731
0.02855039834528054
0.023418195735288246
0.024860427985346774
0.025328404404232518
0.029167636023982174
0.02531202999753119
0.02902413037422805
0.021354576033116957
0.02238498630448531
0.0223922019228266
0.02735058261340677
0.029141834017958692
0.040375980519369054
0.03887504798871886
0.028373039708971225
0.029922855541919025
0.01598949424977784
0.023652125220472765
0.018996006776060788
0.02103854224946085
0.02483872644529571
0.026296239192465216
0.030521001570225477
0.0241896172325551
0.018693893983785178
0.03373719464439904
0.0357430125495468
0.03179607090763767
0.032997536045245406
0.03131126508486278
0.03946531714023785
0.032698369115688915
0.035490053201779656
0.03328426942542161
0.03360071665491822
0.028449224400594057
0.019967472634331702
0.018886885808364014
0.022155154355253715
0.03141195982315512
0.034176485843933326
0.020817046575105705
0.016220681674903238
0.009099340063830166
0.009472200534622178
0.01240501304393286
0.02511767919366418
0.017008580588329304
0.01605888612021044
0.01955023852116525
0.017367239968608155
0.022846444217750027
0.010650746716751876
0.01585262001548802
0.014438751105308284
0.02185223958058408
0.01215088592609231
0.021007474847971015
0.03107127972285133
0.034599722464977195
0.03195457288221452
0.02706028672064822
0.02252904981923111
0.0323382098856595
0.02961512409856281
0.029138329681477896
0.03748015070890547
0.026956378875052305
0.03023175883543744
0.013633698406025189
0.02086262676697154
0.023641622054139375
0.02227974534695356
0.022294125838505045
0.024426607431985593
0.0216419908163447
0.029749236305764475
0.029037332199541122
0.02953321169190217
0.02661311418433499
0.022223608749959513
0.024779303282141483
0.013195097164527197
0.009451627802980943
0.003527393077403826
-0.005430958281873237
-0.005068301377340649
-0.007045138766211813
-0.0053681952073289605
0.0009332360702164506
0.0009654950777996867
-0.006543866097185484
-0.012740446216266672
-0.01695558135946939
-0.0068866894334553555
-0.008091956041308782
-0.010636851044092429
-0.002783841983064802
-0.016219881659852806
-0.008364168130449963
-0.022450400859051253
-0.0285207052643591
-0.03892777885033019
-0.046857174230040176
-0.045442511129978116
-0.055359483971573344
-0.052886386407423464
-0.05463867586257357
-0.0500461655892406
-0.047181278765380676
-0.04440675254240413
-0.05412167967494049
-0.06611332387270001
-0.0509040630529347
-0.040144516871790575
-0.04845360209041586
-0.05358935958964856
-0.04666403122290549
-1.0
-0.04058861141694446
-0.053146560537180275
-1.0
-0.04305019462461842
-0.04902285123885113
-0.0505185875481824
-0.03885066745409712
-0.047488145421536385
-0.04569852567849262
-1.0
-0.03718055226826809
-0.03700648140504089
-0.02851447292279198
-0.033832626546578703
-0.03763741986593
-0.042906887636772736
-0.04130715964326524
-0.04496327942007459
-0.043963443643667416
-0.03765245664023693
-0.03269472028515357
-0.038584293449440955
-0.049743767289120035
-0.035736754638750624
-0.03923060822940536
-0.047311057064971664
-0.044051895721143465
-0.03937223071333761
-0.03353082614338248
-0.04190325346362035
-0.03285275393776682
-0.03120257497119685
-0.037064298043886855
-0.035152756641303705
-0.042826692786746674
-0.04257270047654795
-0.03546412990473425
-0.03996649825171686
-0.025427262460685603
-0.03406355339093465
-0.02444594731319217
-0.02236985762998896
-0.03062339076365354
-0.039781171122217754
-0.025729511863965673
-0.02870010489742329
-0.037699661547042296
-0.039218789374073956
-0.04189855283432558
-0.03557696499998168
-0.041705012958834296
-0.037451515889518595
-0.045720492069827486
-0.032301146378989884
-0.04367746491425434
-0.04588428256674802
-0.040614687524714914
-0.042521442217951906
-0.02934004573992045
-0.010186490534401722
-0.005043484754052142
0.0019365725695195345
-0.0036900242064544933
-0.009094489340257014
-0.002881942065755361
-0.003544484978398667
-0.0002016486212817688
-0.012825835516203773
-0.011316437745517969
-0.007193521746672029
-0.0011648018415709557
-0.002426635354778252
-0.00609943054153178
-0.01317739776893841
-0.017997267737113184
-0.015051457363401686
-0.025620536912471938
-0.02675319062092713
-0.03387542361455937
-0.03382072368023479
-0.03542009294029233
-0.032567169912783495
-0.030431532557669737
-0.030482452108169408
-0.04038142035004692
-0.025333842087570817
-0.03831037264026562
-0.0423843019823935
-0.05120690871247001
-0.047400711763528426
-1.0
-0.041367932757735336
-1.0
-0.05411279171792398
-0.05224428584983236
-0.051357878489981586
-1.0
-0.050292113977536745
-0.05037536151404744
-0.04675867508127431
-1.0
-0.0498168155054989
-1.0
-0.049283508807574004
-1.0
-1.0
-1.0
-0.05267947392729472
-1.0
-0.041524715430085284
-0.042771249172767555
-0.05327281875589038
-1.0
-1.0
-1.0
-1.0
-1.0
-0.05140992288235375
-1.0
-0.045092763125178605
-1.0
-0.04416110127882902
-1.0
-0.03979444107637963
-1.0
-1.0
-1.0
-1.0
-0.0500740331006764
-0.04759339739025332
-0.046103317589388376
-1.0
-0.041953795472837875
-1.0
-0.05169863280816911
-0.04186054380728668
-1.0
-1.0
-1.0
-1.0
-0.0519735506855645
-1.0
-1.0
-0.052350134711598835
-0.04950558714574092
-1.0
-0.05323387238399777
-0.051972737920507446
-0.04752589896560733
-0.03916627304748438
-0.05257819041408263
-1.0
-1.0
-0.0515288114487143
-0.04686111093630188
-1.0
-0.049356416998920384
-0.04218715873681528
-0.015670008859710996
-0.00451461505064032
-0.00014598849911053518
-0.008672002950661211
-0.004248953284192165
-0.008493754971204382
-0.0017714822136582107
-0.009184940538830684
-0.0028748698502319256
-0.006186266948832387
-0.013681577235621379
-0.01363036859686515
-0.012176003390938488
-0.014266969682696948
-0.01293675976966328
-0.02265005109448947
-0.00919918970722184
-0.013973312105384534
-0.01070985860614059
-0.006676506614143231
0.0013168802489817286
-0.003469493269266171
-0.011516637686460296
-0.017971491497527983
-0.0169495321498146
-0.007477943231514862
-0.001391837291278095
0.004231960070633981
0.011146662929399939
0.010308301604430544
0.01937915995159799
0.007320858352128182
0.005258144811240633
0.001560406826517549
0.009644443499081098
0.01388547687714841
0.005926136615120861
0.011301709775389728
0.0201764847174333
0.015027784578741859
0.014510859409957357
0.033572766893128464
0.033946789708619265
0.033033201002223046
0.02941306479165606
0.02988233885842802
0.027459681582740113
0.03467069172598229
0.029024602050687822
0.029752652551080266
0.036379964120445675
0.028945859374650534
0.024507163334408163
0.015651464156032507
0.020945499036757572
0.017249889878542216
0.02385403118731352
0.038995618074505946
0.03857422737383383
0.045320182945294246
0.04595525240865568
0.03704143631084646
0.0411359352663602
0.035657599182372615
0.039550405233955366
0.04397504275345962
0.03243541673747582
0.035830672115124404
0.037734824517280524
0.026407231741418118
0.03367640288422942
0.033559681735971465
0.03615532111851707
0.027434749393516145
0.03139659125590328
0.048669234773941854
0.04058237658687097
0.03318462748818214
0.04599919088512497
0.04192729275168814
0.03005009200878355
0.02623520083680572
0.04149775515335211
0.030066212561732353
0.016047630785369475
0.014713524353426752
0.020073978404991748
0.01891101882749268
-1.0
0.01146610149696999
0.014049433665132
0.006993441224166181
0.01937534852392555
0.03582067642654756
0.03944401747553283
0.0406233013906775
0.0376142766518809
0.0331576798250962
0.04352201361294807
0.036714683713209545
0.03833813471303342
0.03205000107821226
0.027369399190233318
0.02065780390060545
0.026797878618147815
0.024871694835838284
0.019253401414515883
0.01724286682381785
0.007641875579852674
0.00977868482713176
0.007759035219681086
0.008577699968375332
0.013584141429618564
0.00245661374314875
0.013671048407450424
0.01884422232731715
0.02319078018191535
0.020358703533867824
0.02478044882577381
-0.0007514793081769085
-0.00738959211592808
-0.004676720735103537
-0.00576124596161645
-0.0025330659613880756
-0.00782502896570988
0.0014996947442999478
-0.0030208751537062232
-0.008351826006786623
0.004217815202425658
0.004458065545925546
0.009600760547566228
0.007449671219217311
0.0023166746856991137
-0.004418716694350873
0.0024590689526655324
-0.00388391445773255
-0.013987379278895654
-0.002192643640175451
-0.003284264871062282
0.0010395391133396002
0.0165381289093601
0.008496144860726166
-0.008120371855123822
-0.0032014959297166547
0.00476652225680476
0.0020734994805197537
0.004179351019761359
0.014019244583533205
0.008747906016578233
0.014471974680119707
0.026663636559934974
0.013950716693880254
0.01975605956828558
0.02482445927491045
0.033674470741579574
0.03896060454976271
0.03262635570831612
0.025382192535167818
0.02142401092801006
0.02099163756180283
0.027901714457109553
0.021219990947574787
0.021903814579626493
0.020372723505087384
0.020359361888627688
0.021198623857830407
0.02226620276753294
0.017452826263849166
0.020146044319233298
0.015270801704364872
0.003955713699624542
0.00964321045903256
0.01604422400324044
0.011182829492963137
0.016080526583522874
-1.0
0.012656646770121826
0.008178762231821476
0.01517484913472689
0.00954189858437866
-0.002127513863407377
-0.000606231168901676
0.0050821478960779674
0.010203482846663385
-0.0015985027834768903
-0.0038776800944898115
-0.006010099581273365
0.006811485249327428
0.0010236895444840606
0.003276937298740865
-0.004250111678706556
0.003877954045228126
-0.002059158520910568
0.005992868142490415
0.0008807947790841643
-0.005494418787454298
-0.01275174311968653
-0.008107973227600807
-0.009636174580959334
-0.021069583936196283
-0.01210589092168471
-0.006248478694518442
-0.0035991974427347978
-0.004923689444668259
6.930732010113919e-05
-0.0009043402230948433
0.004489416458269194
0.003039514294449605
-0.0005703914882006836
0.0003306445273851335
-0.002736444835139321
0.002641345814673972
0.004721582180517072
-0.008357923741712188
-0.006546572104554124
-0.0022460258159413705
0.009106940085925958
0.005006128591508871
0.021702445490916322
0.022362146371366486
0.028572959702125856
0.03137022280757749
0.0245054325190347
0.03279362326205084
0.02684829894489867
0.024437857549123004
0.032423414202063995
0.04005325054372221
0.03647752612795805
0.03769466917714711
0.035648270232900334
0.037828315355949445
0.0434586148233418
0.03970069337302434
0.034829881895854946
0.039667684383141465
0.029524636708542426
0.034009755523337355
0.030759812916004974
0.02989603601934087
0.029514100365503136
0.027778229989080888
0.024754615502870864
0.03218695105279126
0.031207645928479997
0.032788042888250664
0.03596483863657451
0.03064678759487217
0.0327640259274724
0.03576259637041392
0.03424787327816108
0.028012929178022075
0.03132368151846898
0.035596306149678736
0.032491065630294434
0.033239612184803986
0.03848594766364543
0.034624859258209066
0.04152063981770283
0.038761252802229536
0.03351138032997101
0.02564534684343137
0.030086694732629593
0.0261151006476799
0.03665555851022526
0.04370904524864695
0.03385700502412511
0.03827867447357373
0.030943885263005157
0.03083903880113308
0.02353347163675373
0.030192564943732313
0.027260505662574982
0.02455325222407394
0.03201064487223927
0.03531597896866471
0.030053833845187027
0.023184694893587213
0.041495749547319154
0.039908976057506096
0.024044163324506172
0.03397205718730393
0.030816887455461312
0.02840956542235507
0.027866619597680574
0.022068365722128128
0.023144507720007427
0.02177838312644923
0.02485293935066442
0.021007520123348382
0.02877571373829237
0.026897445626305153
0.014060153404813208
0.019080012350102763
0.019900434630142592
0.02783184577678221
0.017248507512487094
0.01774984379911828
0.02167807827003678
0.018495144806328828
0.0037354107444411613
-0.009459014063744567
-0.00690366026334511
-0.009783574886898223
-0.01629980258640051
-0.016650413252335457
-0.02158003690061742
-0.01980514389620916
-0.019011630791419678
-0.013994388834515543
-0.013192077747475687
-0.0010402322339817108
-0.008408760885589062
-0.012507481292494767
-0.011748634899119294
-0.01019029358607534
-0.007801290879395732
-0.01150970977244593
-0.009872293374519447
-0.002515311402393106
-0.004994416966437615
0.0017305113284319055
-0.002000108900299354
0.0007878316613873736
-0.0032188683362221614
-0.006809767530875532
-0.01552881781781609
-0.016240536221714855
-0.01414155217154109
-0.02309995735912173
-0.032369911558814864
-0.0150481337311397
-0.02223052442311517
-0.028994654397517083
-0.034510508233563726
-0.0407417722976656
-0.03468687222852155
-0.033735006422815926
-0.035736918165750337
-0.03534591830052995
-0.02919355525873775
-0.033661457943998656
-0.034969634182714544
-0.030712732022979614
-0.036676533088928515
-0.03402561576147252
-0.043299302590192164
-0.033294607321226986
-0.04171564822778638
-0.04606450039696867
-0.04855310775350003
-0.05636783467138563
-0.06769244986663375
-0.06214241143573737
-0.062475216748116784
-0.06633642512188147
-0.06136487941285238
-0.06796744592047134
-0.0530834526484992
-0.050034405452045294
-0.060359549492985054
-1.0
-0.061458495078300084
-0.060867768322456356
-0.05505781902193854
-0.05067530838951025
-0.04952982291095466
-0.05062906373317307
-0.05822969229644944
-0.05013197518757934
-0.050416642316541485
-0.04957271410134851
-0.04570864472446233
-0.0437054919735339
-0.03174379464797774
-0.02740546727321842
-0.029524431200086885
-0.02284062915765337
-0.016249382988782833
-0.016728707381650686
-0.02819618164074325
-0.030701583833841636
-0.020455554802942238
-0.023869559754857023
-0.030827343685563897
-0.03497441099277105
-0.028252265073167946
-0.02690573174121303
-0.035399910122724795
-0.04063536192596853
-0.042958168417975146
-0.05182289407824155
-0.05851702999951409
-0.04599758082713035
-0.05879286674465998
-0.05705862524833927
-0.05918411160948656
-0.06331691938216756
-0.04910278632250816
-0.05900023881550694
-1.0
-1.0
-0.047006869558552905
-0.05338789848746038
-0.03989630157560333
-0.007745500502272801
-0.0011194284384180785
-0.0063815134053719965
-0.008825654651967958
-0.008424528976452144
-0.008493215387227603
-0.0016688243186956874
-0.003352675632609189
0.006643402828512055
0.0028348620065371953
0.006693489572787845
-0.003294536402345075
0.002966701140383861
-0.010117621514908219
-0.03801241805184995
-0.04142664382620779
-0.04198324457888296
-0.03902214906230219
-0.04130920214686787
-0.04660929088219547
-0.032969154039419316
-0.0132709137615842
-0.016324398012656637
-0.015314406264269805
-0.03455878514649168
-0.043759464940247586
-0.04264784758999262
-0.048274418435087285
-0.04567320087207805
-0.04320232019047284
-0.052937997717005386
-0.05516189653231766
-0.0546773644135546
-0.05295581249226425
-0.04916027522293263
-0.0542555648264682
-1.0
-1.0
-1.0
-0.05322755805521403
-0.06413282172530593
-0.05410167271139625
-0.058031322055762495
-0.05883052314163373
-0.05577853681988893
-0.04848199374920318
-1.0
-0.05770066777733407
-1.0
-1.0
-1.0
-0.05908626389736295
-1.0
-0.05208065184015253
-0.050140599828112926
-0.05313960498725902
-0.04915689794896183
-0.049221970887891105
-0.04135740409477653
-0.02617416296830708
-0.04092028856427785
-0.034564021975923
-0.029745860404304835
-0.03160676540414544
-0.03324636693101615
-0.02399754564668923
-0.029242612429537282
-0.03867765821238497
-0.035687987480194
-0.03722876650481029
-0.040920509133176214
-1.0
-0.04993605219386249
-0.04523997097095745
-0.03858906642040483
-0.03931878917383229
-0.033527959903999205
-1.0
-0.03488561527580321
-0.03980563295739486
-0.04479217497859725
-0.04684372156976809
-0.04752747297066268
-1.0
-0.04029717747270865
-0.04824321784453706
-1.0
-1.0
-0.04535989449996454
-1.0
-0.052090622074538316
-0.035971268325003004
-0.05102090665467655
-0.05477531364522699
-0.05250973136577197
-0.05002902837483646
-0.056608044645400334
-0.053486666200004654
-0.05921130065107847
-0.051777928143953864
-0.055433096129286874
-0.06742798796176379
-0.055413134957988726
-0.029676389946557313
-0.03965353414734462
-0.032061260441328475
-0.033228852288593874
-0.03709000357042733
-0.04088135209144108
-0.03253859765338044
-0.010106503926282585
-0.020151347282226423
-0.010868540886975659
-0.005572015598118001
0.0010406913444544641
-0.00675581216652008
-0.0021757452785471565
0.005823148298441956
0.002449463815576458
0.006319407315453037
0.013496095176139238
0.012250569247745
0.008409190357234182
0.012760887216534665
0.006264880677020463
0.015256372777914697
0.016990724690356174
0.013723474519668395
0.012245814339448921
0.00342708788708325
0.002269832677756246
-0.0034022680286743745
-0.0066783983750864995
-0.006034055671836426
0.005864524449090774
0.00011649659823538634
-0.006783416396177494
0.0024055722929946263
0.006623870758185802
0.003889515338564898
-0.004911612819560337
-0.00238028551635967
0.008817071769608838
0.007903719273075895
0.0034838098418599893
-0.003099739113846581
0.004482133136430676
-0.0027615899235272747
0.0076191496200147
0.0204645018472523
0.016108988607262988
0.011967440738812082
0.014259862272315854
0.008536481276384468
0.005492842964740788
0.011950228994127997
0.010363869936165598
0.005013056949313588
0.0012264283063445085
0.01407313324851696
0.01894142482891989
0.022858996879868917
0.030599990992362217
0.0319885321443273
0.025577110581225332
0.021479247210667466
0.01827234681922817
0.014360788185068725
0.008764829058061165
0.013549576735552132
0.00837177707322737
0.014358740334320247
0.01192974772063908
0.015554776542238767
0.02014058134945295
0.0247231593956344
0.007179938421233903
0.019766763350348472
0.01727426284658803
0.02230187624104904
0.023285256495741948
0.01927153628221841
0.013483160742309602
0.012247227732674809
0.016029873988437436
0.004502448763212863
0.020379070771860477
0.025142140387481315
0.022979549206176304
0.01668996497760142
0.012243236395103132
0.016157851837444035
0.012161957499665376
0.007263738243145523
-0.005468061294819374
-0.00803618534524929
-0.009892313398093561
-0.009838123494627753
-0.008765738848625792
0.0025503940425519777
0.005582503271075249
-0.004989332220659671
-0.00037831430769475545
-0.0005122285881110374
-0.01717038037168307
-0.009367705511206824
-0.013242841627254396
-0.0044836434176701466
-0.007127221257819541
-0.010923383996595669
-0.0005810680103938983
-0.006311847785887829
-0.007456746024269656
-0.008189736104690981
0.004064093310516456
0.012110324724547377
0.012007114805495824
-0.01711687984350848
-0.01357385856861253
-0.015639996412906018
-0.0194921425524436
-0.01910348856297601
-0.02393463699134919
-0.019609761425352736
-0.027239015738081695
-0.031207089511273597
-0.02430230118692265
-0.031159866037386692
-0.032557585961142464
-0.02176228137270506
-0.016647351321079664
-0.02339448624536673
-0.024160867629031017
-0.01852085411014187
-0.026640260237492358
-0.02297265489705397
-0.02079191422922352
-0.0444865482798361
-0.02026197313988146
-0.028850250698262518
-0.02676308162855226
-1.0
-0.03258953989264358
-0.030975660661678617
-0.024338727014478357
-0.02587855246987058
-0.02514616833170924
-0.01063524786413648
-0.01270880515102456
-0.019136252981775362
-0.01556091706735991
-0.01540915708126217
-0.00402703182130781
-0.004479062722919658
0.002054726341014055
0.0007354739790067105
0.0029450279736954704
0.0045538450217954855
0.0077100990757251135
-0.006365178817573965
-0.0011321755035085662
-0.012849255278527172
-0.017261724915964245
-0.014756981276628835
-0.007695060815150968
-0.007123038472224703
-0.015344700221192487
-0.02076275381686153
-0.01975182938896148
-0.02559939358120963
-0.005094424625587383
-0.03670760201840735
-0.021873710148807065
-0.02179021025778732
-0.024117715037442748
-0.01838638260669227
-0.02317837174952827
-0.017283572376535217
-0.018323618052401857
-0.02509376244201537
-0.025432204425257465
-0.023040427054045805
-0.020684761248398253
-0.023442011161246785
-0.026312449866637316
-0.02326487536296992
-0.01953687127724078
-0.0197589030995379
-0.016444126438266173
-0.01569466673415533
-0.02212419895904107
-0.02241395190642849
-0.019437007557043355
-0.015287208183835485
-0.029227523764715015
-0.021429482751973438
-0.02046953208297406
-0.023790422591524415
-0.019580449889274782
-0.021981939778300326
-0.009229634973554302
-0.011650435044733736
-0.009802664277841471
-0.007789984283026683
-0.004140951275879513
0.008530910306504757
-0.008692875275772793
-0.0030025429403620087
-0.001726875675652879
-0.002521496975742418
-0.01146534018907402
-0.0003381287525749559
0.005543193860029634
-0.013405376986976037
-0.007471578723111193
-0.0004734713113685481
-0.011118429206549972
-0.008532667908465097
-0.015042210934644324
-0.0012434351174415328
-0.011560907557651578
-0.007758782466668648
-0.015300418009989838
-0.002750541322243667
-0.007202536519920081
-0.0021373758930623384
-0.004340341832781289
-0.004935884489529415
-0.011803853285953963
-0.004528646470554855
-0.008108009782250883
-0.007337287254910677
-1.0
0.0013333511075482617
0.008991147943860285
0.02469380752314033
0.016965522184907388
0.022182385225089914
0.0163720368827424
0.01914929592194585
0.034678218968546566
0.032946322503453467
0.021674129523028173
0.026045871210582053
0.02373324669275678
0.030800709700341725
0.024738608963068152
0.02721299101636387
-1.0
0.03005664453694506
0.034621170588427744
0.02343035560364053
0.017315034062678866
-1.0
0.021069039622926868
-1.0
-1.0
-1.0
0.010700199427940474
0.03324550723024999
-1.0
-1.0
-1.0
0.026589020072115527
0.025886203761614553
0.030816807308634033
0.02997429159266387
0.022953246017700293
0.024251842430749196
0.02758891075170085
0.016926384001377425
0.02933049388118473
0.035103748119546384
0.024856204261745247
0.03195014360705679
0.02457580603258261
0.014042941286147375
0.02232799847251697
0.02117463751285564
0.021039030347265647
0.01764613847204241
0.02379866655413525
0.018756165422904175
0.019439125607228495
0.02678953896092591
0.0315258045575654
0.016277492253035514
0.02074928751381533
0.02707015274712692
-1.0
0.02032252073258667
-1.0
-1.0
-1.0
-1.0
-1.0
-1.0
0.019712392637014138
0.027445904318409393
0.02482802047623589
0.022183013378547365
0.026334876392828326
0.031129733084171177
0.02576910822106122
0.027519469932143242
0.02709863115672921
0.01952274165114181
0.026295319368778786
0.01542388399823543
-1.0
0.021329791606944145
0.0222894008623066
0.02425931079980427
0.03341315313508092
0.03108492189741905
0.02171309454986863
0.025422818412881156
0.024024042880852678
0.017461469076292393
0.02807497821778104
0.015355824689465652
0.017217746864080802
-1.0
0.013327386169795598
-1.0
0.01401203029083101
0.016720617705840272
0.02088918482108219
-1.0
-1.0
-1.0
-1.0
-1.0
-1.0
-1.0
-1.0
