-1.0
-1.0
-1.0
-1.0
-1.0
-1.0
-1.0
0.006458315717905597
0.006564620973408626
0.002564788696619368
-0.002120125191373576
-0.006823794260359475
-0.002529333280463677
-0.00398952770500637
0.010992776465047273
0.014197205674899597
0.021660676134048575
0.022247631279566752
0.025258964939007804
0.01187103460340457
0.025054548022843792
0.02210695536074987
0.02701503014700039
0.022156566561014633
0.023681158572955042
0.031186428575020693
0.04437444253006653
0.031003381333724014
0.030336318059709086
0.026455242882854394
0.009136514935837952
-0.00555283406420563
-0.007721065083942407
-0.002711883188909497
-0.02415830954893991
-0.026896716755469584
-0.027953974180914394
-0.01704157003260038
-0.00874436442443293
-0.019843616924218054
-0.0185987719408554
-0.031029857784846404
-0.02576072435772084
-0.02392873821936158
-0.02815116624084451
-0.035582103782619334
-0.032502890621558096
-0.036520200444562
-0.027329854084729734
-0.040588242154655736
-0.031606802541678705
-0.026682881550650274
-0.02714290845882047
-0.026091387703647162
-0.029370841827136594
-0.027768355895919115
-0.026873179705788272
-0.0218441808674163
-0.027791377818724244
-0.03077918717104986
-0.03156692157575558
-0.02996974479719317
-0.03245136215048803
-0.0235034116035844
-0.03200629039853746
-0.025841489724857555
-0.02514981110563855
-0.029301714592793123
-0.02998682346987816
-0.014541269986045277
-0.029620037807475148
-0.0268611183909144
-0.03166851777271146
-0.036741541189324226
-0.029724412777104473
-0.02478281645544124
-0.0160251349543717
-0.023719920096433596
-0.014492250438783248
-0.00952070154833065
-0.011532874017174045
-0.010398073353855975
-0.008301116164184393
-0.010207682962733392
0.0010680313436283362
0.0010314717444009946
0.0036471307667864045
0.004873941460603043
0.004411555132918432
0.001442886344765715
0.007504340701979386
0.004179763995039209
-0.0004512628822362187
0.012332757254151073
-0.007781759167275085
-0.0066214306638376075
-0.01393989680769627
-0.009727445587058766
-0.009413296978133721
-0.014979236736797184
-0.01315611701827861
-0.001161442027538548
-0.00978665939424876
-0.00389815161739999
0.007922466665438268
0.003785080454201513
0.012762086339852848
0.0015816190122183273
0.007765053109576962
0.007336970457594126
0.004128360447274166
0.007071572641018889
-0.0004632472346730848
-0.006415299036370446
-0.014387446914105536
-0.020271068145139407
-0.023904464191622458
-0.02010238272726278
-0.023376399214405152
-0.016665122251734537
-0.023080803286060037
-0.0122769999371786
-0.018940189663401528
-0.021953497121964864
-0.027681026891529733
-0.007140443136852321
-0.017468443974679445
-0.010995024579274067
-0.022331796445525375
-0.01583023834178745
-0.008674735709180491
-0.011378197971632085
-0.008126888670906102
-0.011833311900541772
-0.01579434284624229
-0.007238904274082552
-0.0031915414715767802
0.0003531220472754264
0.009326036779782386
0.016231671983923543
0.0023455923603025557
-0.017451979867182055
-0.01087830189482132
-0.012648951408828211
-0.0181753260086395
-0.016908895682339768
-0.010079678312502149
-0.010999749346171074
0.013937707329245923
0.00988260470490298
0.008533196709140036
0.00917516476098936
0.007384509723135556
0.005598569626564138
0.018490453892930747
0.007783270010342234
0.0029647933144754486
-0.003255672592220032
0.001048998600278423
-0.007289884707748145
0.0024733940856875615
0.001757864433951273
0.003402596049118797
-2.412775462160215e-05
0.005681849596172637
0.0030990850791332257
4.0036065581333e-05
0.00025501244783378263
0.00754949912116385
0.01624936882692941
0.016953743344744417
0.017933508329348806
0.011103792481890078
0.0024615782967010408
0.001357876437744626
-0.01003099727792945
-0.012908070087866905
-0.01290142911006971
-0.017797953295456283
-0.013462251244151464
-0.016368577844778756
-0.008857968431641357
-0.005963252885972989
-0.006937397799161364
-0.005304337396124183
0.004417483908551914
0.01716097877182662
0.020949665816452374
0.008007776967058544
0.007941797267524735
0.0055351098300361595
0.015054798566713852
0.013769810799276225
-0.0010029415268099535
-0.010393279411801716
-0.009578935371020945
-0.0030682008447706914
-0.0006270935984949766
-0.005843378373950262
-0.008647063510099166
-0.010079927557587692
-0.012629208212666205
-0.011358781757911834
-0.012491000920342022
-0.01179830414362797
-0.022335604943061877
-0.004885655360315812
-0.012181579818430753
-0.01548776190752677
-0.011012715774809891
-0.010448084629831636
-0.007387904974587308
-0.0026186058596958475
-0.0030430257691015203
-0.009544093775042447
0.00010063642586606725
0.02199890398416883
0.018122029630317015
0.01934883608110978
0.020965667497101884
0.011026579653537651
0.024339363238246887
0.004418440953938156
0.019292465493767882
0.01718936857075782
0.012959440355455609
0.015778997567596632
0.015056797375207754
0.020704054388686884
0.02336979364834226
0.02248034981562855
0.031706849729006316
0.03096241983244292
0.030611228757649597
0.027180684664995503
0.027318485405202163
0.026453207490388903
0.024509217278482095
0.032209110028530094
0.0367566370966144
0.03534155270143171
0.030907193866388953
0.038299915459648046
0.040830942111553616
0.026304267420210053
0.029147487969169224
0.028171526885080827
0.01686743077454201
0.03381607197849875
0.027005660325765662
0.013538255117467632
0.017443970195067934
0.02420395591632564
0.01928308155818472
0.023543757661100208
0.03497694223148405
0.03679269504999896
0.03717490903458517
0.03710877848651759
0.03978695725666384
0.030647810985280508
0.03556847820574863
0.026012724877955834
0.01568417343482288
0.03077454809146353
0.02612170602883684
0.030999701207093742
0.021735930394071085
0.0192165025362891
0.017452497289886352
0.015661342137869853
0.003913884615481423
0.0026245743606811782
0.0019286758556005886
0.0013253185261315813
-0.009763099512825541
-0.007347229268358532
-0.007539248443329152
-0.015123890645041455
-0.010471479287620601
-0.01435848552068468
-0.014278819294306352
-0.01957342946979069
-0.00661557628560261
-0.014401300372876341
-0.018301643888304495
-0.015978713689439445
-0.009220449587700642
-0.019672670663036934
-0.02264298590637162
-0.026535361614974013
-0.029080964623090923
-0.03327903554231967
-0.023649170009647814
-0.03842498557584553
-0.03262468700170747
-0.026795014573925455
-0.031174185689994454
-0.032833327774042666
-0.03684440066746668
-0.03589704427458456
-0.041404192704591995
-0.03438726511503088
-0.037807471734377596
-0.03694989187731398
-0.036800733432972584
-0.04012400667879099
-0.03762784659396534
-0.03652414416247989
-0.035522318774127086
-0.022991826801190055
-0.027955078765399585
-0.031925908746356944
-0.030651325109375845
-0.03628945583670336
-0.031339953674057716
-0.027750532371035294
-0.03414439443881929
-0.026315744885273294
-0.032112320675793504
-0.034640083842256954
-0.039192444492967646
-0.0353350841118737
-0.0345368131867008
-0.03986422462243203
-0.035440299617268946
-0.03907210691110023
-0.03261369249475142
-0.0402259010133592
-0.03528495985780797
-0.03526356512660759
-0.0263427025355981
-0.03363032883271402
-0.03822098483793012
-0.03604130807739917
-0.03738345731150594
-0.034983766007967085
-0.033738927936648455
-0.03377580885250937
-0.03244746365459477
-0.026938875432075314
-0.0311733383369175
-0.033902390973917694
-0.03135449872201683
-0.035175786421234104
-0.02921025864905845
-0.032777328251243604
-0.03379305374964681
-0.031248829341456587
-0.03430045195069261
-0.02958324701029195
-0.030885975337704322
-0.029479808633935418
-0.029948940338977124
-0.03184383219907865
-0.028410952142125814
-0.0205673727142973
-0.02963468302415395
-0.030661068183050026
-0.031217658806021953
-0.031401708482753504
-0.02915929481705722
-0.03416566712129217
-0.030037751778934873
-0.024059045053090273
-0.04015175105875911
-0.03081992147871794
-0.031065235181317572
-0.03500322876669537
-0.036775992804983004
-0.03183193315640221
-0.02369601752738198
-0.03434011459025625
-0.023904766994392264
-0.0316295445554321
-0.02989781946263041
-0.03229221098180627
-0.02897744484405749
-0.03227607690279567
-0.02890870368676868
-0.038737323766858706
-0.03342718318533179
-0.035460787927568925
-0.03617203098661399
-0.03468830754141635
-0.026447900468205176
-0.03453786876027741
-0.030349162818389234
-0.03065742765187413
-0.036166448845744374
-0.036736613196004464
-0.03572857683704014
-0.031561630276853776
-0.03325448304949489
-0.03498978089597487
-0.026303550916170308
-0.03004154002755216
-0.0365482746688269
-0.0348689786100299
-0.02766895722820834
-0.027272186678071006
-0.020046147593246643
-0.028576644911016906
-0.027517386380432822
-0.031130080916701705
-0.031542459726357414
-0.028029354744406307
-0.025823059924091653
-0.012908736613461798
-0.013119382565365451
-0.030341389498701948
-0.033703613607586225
-0.03974852497241918
-0.03145410878695424
-0.03794665646575693
-0.02232374241654507
-0.036026707020222135
-0.02694720107790573
-0.018641662819602684
-0.032532395494600894
-0.022287392883365703
-0.014385331719707144
-0.01789989657169811
-0.024062099593254293
-0.025764463722908165
-0.028951540572903108
-0.02952889516016376
-0.0278241121040623
-0.031054863523247492
-0.026621366144909335
-0.035942121260623135
-0.03306499153286007
-0.03337371442607469
-0.03098987355680413
-0.029892980888812586
-0.03303304544877454
-0.029962899200784373
-0.03637723112182628
-0.02483895037946809
-0.023936412636501047
-0.03026459516060725
-0.022185687608128543
-0.035132204990864384
-0.027198828839907235
-0.03244848454184385
-0.031589406479207806
-0.032174843706161006
-0.03540711781581702
-0.03173900187353853
-0.026172024120271267
-0.03187499875606072
-0.03299842367536504
-0.03569890264375367
-0.03669383695773795
-0.03964273563090494
-0.02817342813618275
-0.02749099544552806
-0.03357923960976882
-0.039171291495926096
-0.03781119631084684
-0.03151146865133978
-0.033446300305351326
-0.03060891464250389
-0.030722628350806414
-0.03651159948655724
-0.026400968056037026
-0.03409277529072609
-0.03320588273513927
-0.03371695808823653
-0.03269735578792075
-0.03776941694590732
-0.030397047708197945
-0.03410488381034426
-0.029987805688476893
-0.028596840987383885
-0.029364616670967205
-0.021671632622512874
-0.034336189719738695
-0.03400802830371844
-0.030546730802611447
-0.040101660447325375
-0.03811728824337478
-0.036024634660601434
-0.04266870288721638
-0.03427411161283996
-0.0361317372473672
-0.03717683430779036
-0.037588544441052925
-0.03534514296945526
-0.041186192495935414
-0.041240328905895254
-0.03960137092885096
-0.03615698095539317
-0.039382298629061244
-0.04306122081941704
-0.04434897457407246
-0.04294508986089977
-0.04224610387202858
-0.03435914011188715
-0.04088651551251989
-0.04554236459908636
-0.029832234459413964
-0.037511990092169406
-0.03636659901314038
-0.03150822669857389
-0.029800645345813583
-0.016669576541593407
-0.0028491409126436234
0.013924692584067646
0.01937698332231268
0.0323024470386378
0.024119910235524084
0.019394936157661885
0.012997768953224693
0.0021582486052751228
-0.010993156001690343
-0.006827624024965425
-0.020621248346747154
-0.01872011387196778
-0.017488764035067283
-0.012985390169203461
-0.003061086733847921
-0.0015100455754476195
-0.008136387497889483
-0.01429654101071249
-0.010681958751725399
-0.0038485891378993993
-0.009207820548354858
-0.021217413128072037
-0.01981204609885839
-0.009836997494194802
-0.010905061917605758
-0.01429067830645805
-0.00963394203656744
-0.014596429453700184
0.0047661723784025965
0.012683356898581513
0.021869653569112156
0.015492212990083194
0.017849355700220476
0.015884755748680687
0.004157267230139489
0.005672048498817879
0.007938268682953008
0.008002524832696672
0.005527637792549771
0.01018174178557487
0.017011753235445962
0.013938966423450244
0.016512428708168075
0.01397746106080309
0.019638491861919478
0.01773846566636382
0.01688588147542514
0.021694057156104774
0.01925334776430629
0.026458051496503727
0.022713690117561677
0.010675871263900565
0.019670225436533004
0.024639871592214334
0.019322909772100414
0.033985670066425715
0.03179181116119568
0.040444644717923
0.04417981931425217
0.04987268805541902
0.045855836782606754
0.04619404980936686
0.04052093603501008
0.03217960152814416
0.0423675242588588
0.03370595001443918
0.01636222700282519
0.004901899510069446
0.01420994837423802
-0.012565126413159482
-0.019596878377406833
-0.021441044891378363
-0.025701949936031507
-0.02863329248888478
-0.02042834897005916
-0.029903500937779492
-0.024077167740382627
-0.0286695004447576
-0.016018320799239486
-0.016705556510801915
-0.016075502699214594
-0.015410520965019636
-0.026205954097515614
-0.03225726753405829
-0.034373459160427305
-0.03864932518302766
-0.03714415592628953
-0.035051896676076014
-0.03222869637250145
-0.039122117446388695
-0.026286135008327098
-0.03763537970076283
-0.03841123970066817
-0.036508665035860074
-0.03627715851990302
-0.03905828422041428
-0.038632046767723846
-0.02712894466822112
-0.017865887318223125
-0.019385442318389214
-0.012392146207107576
-0.012217428073069223
-0.01154621350934772
7.125355568351133e-05
-0.0024374792943859624
-0.01370134449497685
-0.014200520023566669
-0.017060588723417595
-0.014158814705761375
-0.009443567494772742
-0.0034964824720264817
-0.005380600854196904
-0.0086710968364001
-0.008241111850406985
-0.016419502313516472
-0.024975540177225877
-0.016405718606681607
-0.0190465370656972
-0.030090179529655734
-0.029041387838616657
-0.041989706655971765
-0.015473051693471388
-0.03671318314119912
-0.025082887269379198
-0.03221330481750459
-0.029607972721569443
-0.02777820006194196
-0.02461360690463415
-0.029771348107974275
-0.025810975554834005
-0.02986541297503137
-0.016877854642279092
-0.012491287445631638
-0.005725455292160885
-0.01239043607454653
-0.019552564925605247
-0.009603159933891756
-0.009378735702781969
-0.016073628703572315
-0.012089248463887035
-0.01458607760458972
-0.019361627919917503
-0.011191537485915648
-0.011520509698612773
-0.0045457622816281
0.008563985938018702
0.005571359531748959
0.0007542843404365842
0.001907856204122424
0.004576879099196306
-0.0007056609588397414
-0.002283303474934754
-0.005556474932418127
-0.005081556700210992
-0.016711632249133614
-0.01721122284366709
-0.020870655468098253
-0.014188193218547016
-0.011508852633949124
-0.02814664753725238
-0.021138243702571065
-0.026291030089096414
-0.029745739093011262
-0.030855333664131828
-0.03282134409513619
-0.03400335633253908
-0.030819132136246524
-0.03191012451630585
-0.029189473061601
-0.03632738199677171
-0.03025448249055551
-0.036675801089708374
-0.03458243814360269
-0.04261577055061718
-0.04068818771535507
-0.03539853343407306
-0.02940364086992853
-0.02732825870792943
-0.02703422341841349
-0.03532967282878135
-0.03296799179396698
-0.03045490303823818
-0.016734913141948388
-0.035977068467345386
-0.02796814857596146
-0.027859547665022105
-0.03084081264334931
-0.03328410566670327
-0.040588876902025485
-0.038653767507816246
-0.03951955189653766
-0.041095639007813975
-0.03920513782488588
-0.03201877379153983
-0.03779759291136185
-0.037193944005132894
-0.042564988602401606
-0.044124137011053194
-0.04193358130914444
-0.04580476092422436
-0.05167724655237629
-0.03853137175550288
-0.029043983892293054
-0.03705375833491645
-0.029295433326453794
-0.03529946107962814
-0.046350805838256105
-0.03868676843820554
-0.032521429488235006
-0.039595906052564016
-0.036952859714547114
-0.040174365912138646
-0.04239935534603774
-0.045219075000847264
-0.04267522971185116
-0.033146604317242166
-0.037334867620658296
-0.03464918211110003
-0.03131528271316555
-0.029168897619454046
-0.022135524103049902
-0.009898157085941205
0.00017633273494589328
-0.002327454972519025
-0.005796399471792776
-0.0010756675994377872
-0.0013051583372338874
0.0022151432213912115
-0.0015568897087589629
-0.0024748496071534854
0.01262293885049625
0.00766584187130699
-0.0023144957586955636
-0.0015154647347289884
0.0005380070646982672
-0.00919425491669392
-0.014895280395550763
-0.00901268405072523
-0.00463855167091025
-0.016998658873239515
-0.01894148991486833
-0.02567976771566046
-0.021724312239530176
-0.02776060546337393
-0.025054178869407612
-0.01936808579210062
-0.030638072256990632
-0.04001659920559129
-0.027249983709715722
-0.028184995090535445
-0.031463285816548454
-0.029927290194127272
-0.023987680665026982
-0.007822177842331503
0.015202250408321275
0.019189973974061775
0.024451803827805752
0.02565855257187661
0.020267786031536384
0.016792901837848397
0.0056199538751034415
0.01539994589365813
0.007754456477729714
0.008553749613728916
0.012988418204232303
0.011693454595091376
0.012470441659628477
0.02875104425866105
0.01126943924187585
0.004046190504450541
-0.00046721993294832265
-0.008904405784251418
-0.019308273402166537
-0.020518666054833663
-0.02774032245970436
-0.021432901858482907
-0.02587551293451337
-0.022796774204029036
-0.03361296384090314
-0.021004237638103218
-0.02401927120192967
-0.028196009758169625
-0.022746099211198394
-0.01870871665289219
-0.03236811067716046
-0.023151743906866463
-0.031358633081082804
-0.02415616591710003
-0.02006027776815532
-0.0057679471764439235
-0.0003087880747141299
0.005874415953155514
-0.0037043690475236286
-0.010228383970469811
-0.018315865711939668
-0.024033674987245617
-0.012840734709998983
-0.01644579307500063
-0.012341190666131159
-0.018817313758242884
0.0009905356736329158
-0.0010804470765018758
-0.003881908272026343
0.0003795996489460619
-0.004853673080193917
-0.0037394629320689284
-0.010489466075668155
-0.01330346578907149
-0.016960345630758274
-0.013182784497003611
-0.0062357932708773855
-0.004070167002368375
-0.005649531585926315
-0.004841763679445379
0.0007620332437548665
-0.002686951346686409
0.00604946624704743
0.0053702451804445986
0.0013196666999433764
-0.0003989571713097501
-0.006284102883884794
0.002526113955924562
0.003035253669324542
0.0035052176019318444
-0.0028049661168223685
-0.007169362939672445
-0.0024673087643650965
-0.00704170425957235
-0.0033633080828285736
0.0004408819498121142
-0.004514784518868146
-0.011385103227005863
-0.008748215963583118
-0.012740875994315023
-0.011678862307800351
-0.008277392062103244
-0.010831528079860457
-0.02000887193753284
-0.021861639882463767
-0.015671195795721717
-0.017149733525751356
-0.010123838365856265
-0.014643350907613203
-0.004369494608971043
-0.00026475664879217883
-0.0032576426911119383
-0.013115495588165174
-0.01042499046631637
-0.006069932120484527
-4.793042200329681e-05
0.001465065393010432
0.00720929300627028
0.016112417626304245
0.024860835734933782
0.03616312877406493
0.03493270914290108
0.03763062905370911
0.027047369732778125
0.030749753487584706
0.036770636638199024
0.023638917898969405
0.0292187469313037
0.0316926588908349
0.021091714888966304
0.01065930346436174
0.004715938118674301
-0.007680494940087116
-0.005586797012494227
-0.006590168831780359
-0.010856262393658542
0.0011557630334733389
0.014260866603986382
0.020593882034608425
0.02589945887923862
0.02233320701417239
0.02504317502559703
0.02189018697586768
0.01666154218579026
0.012101096106574647
0.01322039165902703
0.01188336182974677
0.006714854741526894
-0.016550210263543565
-0.018909584359953227
-0.03717551604258851
-0.03595220009401684
-0.027110963981154597
-0.02603568372150948
-0.029055571023900103
-0.02276980931072356
-0.03591471018751553
-0.02475233162002833
-0.03452570631586422
-0.04603904981927592
-0.04490998437090407
-0.050680741669264194
-0.0434565623976239
-0.04044759305629871
-0.028003884270620248
-0.04364129851394244
-0.0379904509967506
-0.030632135501631713
-0.03599711824025079
-0.035070178547698394
-0.048481245893447045
-0.03591278945005341
-0.0423991860327461
-0.035336288499273096
-0.04136638574993924
-0.04340552431421072
-0.03939070517348882
-0.03599828074658414
-0.03465362553023177
-0.045810920585073085
-0.035981335165799676
-0.03875692072881707
-0.03480939466890814
-0.041888532947771624
-0.038843879898143925
-0.03907433477686386
-0.0392523105607632
-0.040464981902364784
-0.03237939783279849
-0.03764304026119607
-0.035378716654302894
-0.03642818165330069
-0.033225110793346516
-0.029529474811990076
-0.029631947870632325
-0.034053963664379745
-0.03494086192896862
-0.034486401208648695
-0.022034922118562648
-0.022044128011471698
-0.015917520786654173
-0.012917659229614346
-0.00873075984742955
-0.015217531748731592
-0.014707083720837741
-0.010644434308264433
-0.01146907848424326
-0.0160882435691721
0.008651801350211062
-0.001166851949396564
0.002079356656088725
-0.013317920096367128
-0.0307185158178423
-0.03221005589657776
-0.028316045592288924
-0.03025069184761595
-0.03756290966433106
-0.03344950915725032
-0.0394846735255502
-0.03948306871037108
-0.0314611053672037
-0.032403062861750105
-0.03373094117880199
-0.04233982013238834
-0.03279967451775639
-0.037822013234976484
-0.039301052153945415
-0.03756239750551718
-0.03403473951038213
-0.03602158098376771
-0.03689336147443731
-0.038804498718134316
-0.04638634408452106
-0.03782543776139216
-0.03268354575241571
-0.03530582667833169
-0.02864133091156169
-0.029402951568020638
-0.03027618394812261
-0.02762179030680645
-0.02566341442460827
-0.016102641088056917
-0.028851959749351508
-0.029925199048217537
-0.02719677969103988
-0.034555321264734484
-0.03906666865330161
-0.041975559097559026
-0.036089781187998056
-0.029012175519619605
-0.03540873034752767
-0.033300892345500106
-0.03280189407940032
-0.03641318361568236
-0.03232716773220833
-0.03055531371440383
-0.03653325865346172
-0.03644730395196531
-0.031740540995922766
-0.03263507219900201
-0.02886719730825469
-0.03184864495132726
-0.03287452690673906
-0.035331866342119565
-0.0349838030140164
-0.03750052640667584
-0.04180169465776302
-0.03310228992360243
-0.032449462887016646
-0.03360226775689547
-0.03929298591465909
-0.036327034353094916
-0.03893336350651479
-0.03757738093759699
-0.03620747476562803
-0.03879839674520585
-0.03550113431695938
-0.026195027359626786
-0.03569236020105287
-0.03509800788029328
-0.027710078449228074
-0.03191916980684058
-0.028810796543251513
-0.0321552857134576
-0.01959648354660426
-0.023388160042950912
-0.03019636139233495
-0.03768222927163586
-0.03822518144243626
-0.03554380090087181
-0.03151727465397136
-0.03410387023679706
-0.04056616722538707
-0.03233237428772722
-0.027571416928793346
-0.038299091111008154
-0.034398252709324714
-0.030105359808068655
-0.03525242139179443
-0.027084950083798343
-0.036060524056028026
-0.029461931109379932
-0.03147668260658424
-0.027820548757151335
-0.026262117772334444
-0.03145003204549319
-0.02863667484034385
-0.02825273403091116
-0.016588866798961054
-0.02140899752841913
-0.022048713816205368
-0.03743738467089465
-0.0352378532414163
-0.04563823203413924
-0.044946443460445774
-0.0347198460203438
-0.04174853197975044
-0.03286402599803747
-0.03744139613774305
-0.04265708526210136
-0.041307579668411455
-0.03911750785504709
-0.04202258343809602
-0.04224624685886252
-0.032155869074962935
-0.036506282194388305
-0.036431498966682685
-0.025871178397297787
-0.018128139102414953
-0.014223349417000517
-0.016784427030909668
-0.01632650231359147
-0.0151696144652051
-0.005489827759239294
0.004988132070220371
0.010463911416241988
0.01644761615258247
-0.004103020858953933
-0.003923946843782558
0.0015365227832853771
0.0026406591493184158
0.006029883708635114
0.007897971154723703
0.009483932447798772
0.007307726507889272
0.013395092186510735
-0.004629092451670933
-0.00019571954153926904
-0.0046911678257970275
-0.008464126138650784
-0.005541506999770629
0.0070705420530510175
0.008589759442754497
0.01712526221428757
0.030019327165843896
0.030148197574707665
0.029238689855796317
0.03182801694393253
0.02936875726181655
0.011493387223974692
0.00988759150996681
-0.008586888114056068
-0.003564530620553029
-0.001648826982125574
-0.015710993018702806
-0.018089365714800236
-0.017776186115327164
-0.017646713746658885
-0.006328777381206436
-0.005670086614109883
-0.014097791573882471
-0.015376228773024227
-0.021029228486683867
-0.025966797464398037
-0.030228491874043695
-0.030013468923607796
-0.0268707808640603
-0.024216433734401528
-0.02416679270647396
-0.030983407556233713
-0.026356730340530234
-0.021932484458993286
-0.010810731228809623
-0.017696747287170314
-0.022585123214595316
-0.01655904331803583
-0.009175045893640967
-0.014168266821398937
-0.0094440972418344
-0.019062077282240086
-0.01472507592301518
-0.023654155380178715
-0.024661231708406357
-0.022281605659218096
-0.022265341489751046
-0.02864884329277981
-0.025175120499276768
-0.028034626476424938
-0.022366785026937
-0.02279630053121374
-0.016630829844648747
-0.021657861938145517
-0.022090375784033407
-0.021182266096836454
-0.017803145808550993
-0.013702403671023365
-0.019391954995020628
-0.010262397594613063
-0.01114081955745344
0.010330833648850237
0.005069060973402476
0.003664406203697528
0.0036610876896783196
0.0070330358016055675
0.007574559368166872
0.006894937996500336
-0.0021841658083110544
0.0031997588783066106
-0.0008295685082852145
0.0012789384945611991
0.003967651818988803
0.006802030733420476
0.006854194647338184
-0.002499705666931275
-0.0032768496281645404
-0.0026916938838642997
-0.005770528722424836
-0.016948467735017902
-0.0224887772960733
-0.02081235010866765
-0.020292651192977202
-0.014464348366603257
-0.022162158324661688
-0.026368205150647674
-0.023827957029017653
-0.028917427329229743
-0.030354391604825087
-0.02409015255365491
-0.025681527713697295
-0.018906048008276662
-0.014959764893595144
-0.019756125766443436
-0.02692964784276222
-0.024597610402366212
-0.016050880306580962
-0.018470449701606256
-0.011974735998635602
-0.029096222374008482
-0.022513455901644136
-0.014931876591183875
-0.022695549170818206
-0.02101903339576337
-0.025547627313738615
-0.030697665979579503
-0.03576137856655313
-0.029571082158964843
-0.03197427454002362
-0.031584885764408245
-0.030488802232950744
-0.031986345241739426
-0.026933014865061864
-0.02997580829820966
-0.023070698356715342
-0.034472086485206214
-0.0301426035818867
-0.035166847082273564
-0.034272391190017654
-0.029432194282747855
-0.03218630682608227
-0.034126970604859974
-0.040589433009271064
-0.03271981626246259
-0.027982324306859856
-0.024039669141879657
-0.024324988562450103
-0.029041861940541962
-0.03134015606798631
-0.034077846938641396
-0.028046167299152644
-0.029858981167890566
-0.03578768526072214
-0.028440159496322722
-0.02724971814933637
-0.025328349352785703
-0.025994998011338515
-0.012198239187927635
-0.02250163743523719
-0.019904602651134886
-0.02049513247798418
-0.025238432019148847
-0.0309144064545645
-0.027727590960254542
-0.023237055569540293
-0.022810664479014055
-0.031160714337730246
-0.02381196672372642
-0.029037770045853038
-0.018220052539686796
-0.02920291291842929
-0.020964338111954174
-0.02211006091026986
-0.023332737618617788
-0.012146199379165152
0.00014804188699571357
0.0004418115385958481
0.0035377698664667396
-0.0015267069938666013
-0.011711562834679745
0.007429010149135292
-0.001583674781328687
-0.003534439058145562
-0.009169682015752634
-0.007753435778423148
-0.011009763984510113
-0.02034275758519271
-0.014676585427454003
-0.010904031813397318
-0.00788907996794986
-0.010082226037109322
-0.0014709345026585664
-0.002943835811465938
0.010326205092523345
0.002417029855720235
-0.0034681887515105943
-0.00898678120220127
-0.0015080358104349613
-0.006013376241705888
-0.012646884237139024
-0.010878574296182901
-0.015414243762770091
-0.017342154917684677
-0.02855831116854941
-0.029329705983986314
-0.024727375492241545
-0.03152007182764386
-0.02415755527758359
-0.03517388338219685
-0.03346747966266682
-0.030836909714227527
-0.03787960680925789
-0.03586202821620989
-0.036379640410314044
-0.02817872392091316
-0.031165762789303213
-0.02841793542069198
-0.03364791636894013
-0.0376825969074068
-0.032670567760611564
-0.03212817430551001
-0.03363166952102199
-0.027553107505632245
-0.030823290635847867
-0.017287145491537623
0.004778730172580938
0.002662676761190575
0.0023012496224638075
-0.010956763206890888
-8.57703729417889e-05
-0.001064251327341908
0.008439533444872416
0.005782616152854559
-0.012255115006889163
-0.005202165302319102
-0.01320116521674627
-0.007980608255184369
-0.01159167009134322
-0.019182746733815658
-0.008368232408660685
-0.019081436941329067
-0.017910897711606456
-0.016948979060531198
-0.027831948874831793
-0.019249828545770318
-0.012499095301536934
-0.022664475407446667
-0.02244878098534653
-0.009148250662859396
0.006790231531585167
0.0228391442395886
0.030462580038993357
0.02723257482301832
0.024383102007692566
0.03313452948315054
0.02814438405950596
0.034680876264760525
0.033374726446304154
0.025719171625646357
0.038466718132569175
0.033980519269925055
0.03647126442546501
0.032323839339603505
0.03822508185834027
0.03543061679145258
0.02649813771025834
0.02957364571140232
0.033662068725822794
0.04103426895989932
0.02663073899006202
0.03142424660783102
-1.0
-1.0
-1.0
0.03074252327324306
0.03110590481384062
0.025264755845695142
0.028666957886218244
0.026909955975457856
0.024563640787580738
0.035759328230526015
0.029841790492083946
0.037174480050151865
0.03135531489502009
0.02933508580063942
0.027013513434330443
0.031285974315713595
0.03068198732850629
0.03157724178882682
0.019136075877590506
0.034608565755450224
0.032661311932321
0.032708252793339256
0.025219118013815465
0.022991463336787924
0.03220379367024696
0.036894192555263786
0.031232167396654312
0.027817622750200808
0.02865159385605795
0.03374866383013196
0.017517645017767224
0.033472361017678344
0.03802966979432913
0.03089417255930311
0.028338071381718753
0.026218985794373414
0.036597791674268236
0.03546697942082564
0.03277649094735342
0.030841483887927453
0.025390607131862863
0.03191315931627438
0.02103404958119669
0.030400692183026875
0.038757894188032556
0.03367261787356227
0.024722904943488222
0.029859793311496456
0.020592776692772336
0.015702100106760524
0.018869349947672923
0.014886498550138698
0.023689435107090578
0.013255744318642128
0.025238939595686655
0.012746105614414931
0.021962163769770136
0.017349945073537015
0.029584923198947302
0.01867393141972073
0.025002945040276458
0.015185988596265703
0.02118961742939263
0.026641114858144396
0.02757310163475978
0.01896735761660198
0.020971330074438018
0.015154409999774547
0.015300654574486712
0.020512167496814986
0.01401854951518878
0.014413470585963734
0.01788297028639717
0.014619948187644415
0.012939728368484737
0.020411113696354122
0.016693092459588273
0.020980580170524087
0.02094157038561852
0.02190316700387951
0.024936108717675206
0.023835066915811845
0.010688309819010373
0.02721393188527391
0.022488058338131205
0.038075488660318874
0.02565294740413348
0.018484378834169833
0.027869428459453945
0.020003770197735693
0.03155162257720868
0.030671099663929165
0.02511059060447613
0.023028864280634914
0.014075471155501847
0.02516572042295755
0.023100620656563674
0.02371916899252148
0.020176089208018957
0.02366502586603947
0.01925804320647406
0.022624076900102413
0.01765820672364183
0.023693318696557032
0.024544280822983742
0.01757925932437891
0.029007120063926358
0.022344664774875855
0.021158475455480344
0.032263767770281074
0.027713650533068884
0.016413014837255525
0.031188075340002112
0.02305931105654115
0.0182871814310117
0.02053070542231772
0.02814906326028462
0.018540988830335826
0.0216778526603764
0.026114212951385277
0.005347987674408029
0.03018374140277158
0.0267701749136574
0.021825002615955654
0.033340340451354665
0.020129460131247095
0.011886878265046252
0.02176942345016382
0.017930597781091625
0.0147101980869892
0.017620155599052834
0.01652668088535178
0.021310318110072567
0.01679523971544404
0.018058343949895247
0.013791051032661225
0.03243155161286949
0.028087254455885162
0.018889889974577787
0.026114012554706387
0.02593342428578085
0.028174115487422716
0.031045920760362555
0.02756000491813588
0.020970187843420415
0.02922613214441247
0.025020281569772044
0.023920320735769763
0.020071680255305778
0.013538543559333326
0.015684443983943943
0.016274704748409172
0.02845951981623663
0.029360082994828583
0.02900688883552627
0.029827966984441307
0.026375682051835766
0.03604874730406542
0.03157648493852415
0.019986409649834044
0.02854337009449595
0.030134716219258072
0.02080364084364676
0.020799078059464016
0.022152922497914646
0.026193907468544324
0.01384832533269817
0.023123345209915526
0.01906290456788437
0.025199980098817507
0.026936880983256986
0.028059953635886873
0.026156404995130614
0.027097201945033747
0.022367839746045077
0.028347223057547707
0.026788880449437506
0.028092341903497405
0.02585571267226865
0.029514996014681782
0.028513721129224272
0.02892746147755401
0.022851242463031194
0.015819896824689383
0.024804318400049017
0.023106134015225235
0.0265496558514913
0.024442374113324093
0.025142218032404295
0.028197564678542626
0.02328127710558028
0.02329678649860441
0.02112055773140403
0.02355231533202896
0.023932707385821293
0.022311719880669535
0.011383377884720375
0.014355243655766176
0.014874262280320778
0.01925509926427858
0.013062220925395798
-1.0
-1.0
0.01570246460637317
0.014907695536135185
0.013695654167066166
0.01999088490097775
0.011398821742722621
0.018258709934390285
0.00867604536465774
-1.0
-1.0
-1.0
-1.0
-1.0
-1.0
-1.0
-1.0
-1.0
-1.0
-1.0
-1.0
-1.0
-1.0
-1.0
-1.0
-1.0
-1.0
-1.0
-1.0
-1.0
-1.0
-1.0
-1.0
-1.0
-1.0
-1.0
-1.0
-1.0
-1.0
-1.0
-1.0
-1.0
-1.0
-1.0
-1.0
-1.0
-1.0
-1.0
-1.0
-1.0
-1.0
-1.0
-1.0
-1.0
-1.0
-1.0
-1.0
-1.0
-1.0
-1.0
-1.0
-1.0
-1.0
-1.0
-1.0
-1.0
-1.0
-1.0
-1.0
-1.0
-1.0
-1.0
-1.0
-1.0
-1.0
-1.0
-1.0
-1.0
-1.0
-1.0
-1.0
-1.0
-1.0
-1.0
-1.0
-1.0
-1.0
-1.0
-1.0
-1.0
-1.0
-1.0
-1.0
-1.0
-1.0
-1.0
-1.0
-1.0
-1.0
-1.0
-1.0
-1.0
-1.0
-1.0
-1.0
-1.0
-1.0
-1.0
-1.0
-1.0
-1.0
-1.0
-1.0
-1.0
-1.0
-1.0
-1.0
-1.0
-1.0
-1.0
-1.0
-1.0
-1.0
-1.0
-1.0
-1.0
-1.0
-1.0
-1.0
-1.0
-1.0
-1.0
-1.0
-1.0
-1.0
-1.0
-1.0
-1.0
-1.0
-1.0
-1.0
-1.0
-1.0
-1.0
-1.0
-1.0
-1.0
-1.0
-1.0
-1.0
-1.0
-1.0
-1.0
-1.0
-1.0
-1.0
-1.0
-1.0
-1.0
-1.0
-1.0
-1.0
-1.0
-1.0
-1.0
-1.0
-1.0
-1.0
-1.0
-1.0
-1.0
-1.0
-1.0
-1.0
-1.0
-1.0
-1.0
-1.0
-1.0
-1.0
-1.0
-1.0
-1.0
-1.0
-1.0
-1.0
-1.0
-1.0
-1.0
-1.0
-1.0
-1.0
-1.0
-1.0
-1.0
-1.0
-1.0
-1.0
-1.0
-1.0
-1.0
-1.0
-1.0
-1.0
-1.0
-1.0
-1.0
-1.0
-1.0
-1.0
-1.0
-1.0
-1.0
-1.0
-1.0
-1.0
-1.0
-1.0
-1.0
-1.0
-1.0
-1.0
-1.0
-1.0
-1.0
-1.0
-1.0
-1.0
-1.0
-1.0
-1.0
-1.0
-1.0
-1.0
-1.0
-1.0
-1.0
-1.0
-1.0
-1.0
-1.0
-1.0
-1.0
-1.0
-1.0
-1.0
-1.0
-1.0
-1.0
-1.0
-1.0
-1.0
-1.0
-1.0
-1.0
-1.0
-1.0
-1.0
-1.0
-1.0
-1.0
-1.0
-1.0
-1.0
-1.0
-1.0
-1.0
-1.0
-1.0
-1.0
-1.0
-1.0
-1.0
-1.0
-1.0
-1.0
-1.0
-1.0
-1.0
-1.0
-1.0
-1.0
-1.0
-1.0
-1.0
-1.0
-1.0
-1.0
-1.0
-1.0
-1.0
-1.0
-1.0
-1.0
-1.0
-1.0
-1.0
-1.0
-1.0
-1.0
-1.0
-1.0
-1.0
-1.0
-1.0
-1.0
-1.0
-1.0
-1.0
-1.0
-1.0
-1.0
-1.0
-1.0
-1.0
-1.0
-1.0
-1.0
-1.0
-1.0
-1.0
-1.0
-1.0
-1.0
-1.0
-1.0
-1.0
-1.0
-1.0
-1.0
-1.0
-1.0
-1.0
-1.0
-1.0
-1.0
-1.0
-1.0
-1.0
-1.0
-1.0
-1.0
-1.0
-1.0
-1.0
-1.0
-1.0
-1.0
-1.0
-1.0
-1.0
-1.0
-1.0
-1.0
-1.0
-1.0
-1.0
-1.0
-1.0
-1.0
-1.0
-1.0
-1.0
-1.0
-1.0
-1.0
-1.0
-1.0
-1.0
-1.0
-1.0
-1.0
-1.0
-1.0
-1.0
-1.0
-1.0
-1.0
-1.0
-1.0
-1.0
-1.0
-1.0
-1.0
-1.0
-1.0
-1.0
-1.0
-1.0
-1.0
-1.0
-1.0
-1.0
-1.0
-1.0
-1.0
-1.0
-1.0
-1.0
-1.0
-1.0
-1.0
-1.0
-1.0
-1.0
-1.0
-1.0
-1.0
-1.0
-1.0
-1.0
-1.0
-1.0
-1.0
-1.0
-1.0
-1.0
-1.0
-1.0
-1.0
-1.0
-1.0
-1.0
-1.0
-1.0
-1.0
-1.0
-1.0
-1.0
-1.0
-1.0
-1.0
-1.0
-1.0
-1.0
-1.0
-1.0
-1.0
-1.0
-1.0
-1.0
-1.0
-1.0
-1.0
-1.0
-1.0
-1.0
-1.0
-1.0
-1.0
-1.0
-1.0
-1.0
-1.0
-1.0
-1.0
-1.0
-1.0
-1.0
-1.0
-1.0
-1.0
-1.0
-1.0
-1.0
-1.0
-1.0
-1.0
-1.0
-1.0
-1.0
-1.0
-1.0
-1.0
-1.0
-1.0
-1.0
-1.0
-1.0
-1.0
-1.0
-1.0
-1.0
-1.0
-1.0
-1.0
-1.0
-1.0
-1.0
-1.0
-1.0
-1.0
-1.0
-1.0
-1.0
-1.0
-1.0
-1.0
-1.0
-1.0
-1.0
-1.0
-1.0
-1.0
-1.0
-1.0
-1.0
-1.0
-1.0
-1.0
-1.0
-1.0
-1.0
-1.0
-1.0
-1.0
-1.0
-1.0
-1.0
-1.0
-1.0
-1.0
-1.0
-1.0
-1.0
-1.0
-1.0
-1.0
-1.0
-1.0
-1.0
-1.0
-1.0
-1.0
-1.0
-1.0
-1.0
-1.0
-1.0
-1.0
-1.0
-1.0
-1.0
-1.0
-1.0
-1.0
-1.0
-1.0
-1.0
-1.0
-1.0
-1.0
-1.0
-1.0
-1.0
-1.0
-1.0
-1.0
-1.0
-1.0
-1.0
-1.0
-1.0
-1.0
-1.0
-1.0
-1.0
-1.0
-1.0
-1.0
-1.0
-1.0
-1.0
-1.0
-1.0
-1.0
-1.0
-1.0
-1.0
-1.0
-1.0
-1.0
-1.0
-1.0
-1.0
-1.0
-1.0
-1.0
-1.0
-1.0
-1.0
-1.0
-1.0
-1.0
-1.0
-1.0
-1.0
-1.0
-1.0
-1.0
-1.0
-1.0
-1.0
-1.0
-1.0
-1.0
-1.0
-1.0
-1.0
-1.0
-1.0
-1.0
-1.0
-1.0
-1.0
-1.0
-1.0
-1.0
-1.0
-1.0
-1.0
-1.0
-1.0
-1.0
-1.0
-1.0
-1.0
-1.0
-1.0
-1.0
-1.0
-1.0
-1.0
-1.0
-1.0
-1.0
-1.0
-1.0
-1.0
-1.0
-1.0
-1.0
-1.0
-1.0
-1.0
-1.0
-1.0
-1.0
-1.0
-1.0
-1.0
-1.0
-1.0
-1.0
-1.0
-1.0
-1.0
-1.0
-1.0
-1.0
-1.0
-1.0
-1.0
-1.0
-1.0
-1.0
-1.0
-1.0
-1.0
-1.0
-1.0
-1.0
-1.0
-1.0
-1.0
-1.0
-1.0
-1.0
-1.0
-1.0
-1.0
-1.0
-1.0
-1.0
-1.0
-1.0
-1.0
-1.0
-1.0
-1.0
-1.0
-1.0
-1.0
-1.0
-1.0
-1.0
-1.0
-1.0
-1.0
-1.0
-1.0
-1.0
-1.0
-1.0
-1.0
-1.0
-1.0
-1.0
-1.0
-1.0
-1.0
-1.0
-1.0
-1.0
-1.0
-1.0
-1.0
-1.0
-1.0
-1.0
-1.0
-1.0
-1.0
-1.0
-1.0
-1.0
-1.0
-1.0
-1.0
-1.0
-1.0
-1.0
-1.0
-1.0
-1.0
-1.0
-1.0
-1.0
-1.0
-1.0
-1.0
-1.0
-1.0
-1.0
-1.0
-1.0
-1.0
-1.0
-1.0
-1.0
-1.0
-1.0
-1.0
-1.0
-1.0
-1.0
-1.0
-1.0
-1.0
-1.0
-1.0
-1.0
-1.0
-1.0
-1.0
-1.0
-1.0
-1.0
-1.0
-1.0
-1.0
-1.0
-1.0
-1.0
-1.0
-1.0
-1.0
-1.0
-1.0
-1.0
-1.0
-1.0
-1.0
-1.0
-1.0
-1.0
-1.0
-1.0
-1.0
-1.0
-1.0
-1.0
-1.0
-1.0
-1.0
-1.0
-1.0
-1.0
-1.0
-1.0
-1.0
-1.0
-1.0
-1.0
-1.0
-1.0
-1.0
-1.0
-1.0
-1.0
-1.0
-1.0
-1.0
-1.0
-1.0
-1.0
-1.0
-1.0
-1.0
-1.0
-1.0
-1.0
-1.0
-1.0
-1.0
-1.0
-1.0
-1.0
-1.0
-1.0
-1.0
-1.0
-1.0
-1.0
-1.0
-1.0
-1.0
-1.0
-1.0
-1.0
-1.0
-1.0
-1.0
-1.0
-1.0
-1.0
-1.0
-1.0
-1.0
-1.0
-1.0
-1.0
-1.0
-1.0
-1.0
-1.0
-1.0
-1.0
-1.0
-1.0
-1.0
-1.0
-1.0
-1.0
-1.0
-1.0
-1.0
-1.0
-1.0
-1.0
-1.0
-1.0
-1.0
-1.0
-1.0
-1.0
-1.0
-1.0
-1.0
-1.0
-1.0
-1.0
-1.0
-1.0
-1.0
-1.0
-1.0
-1.0
-1.0
-1.0
-1.0
-1.0
-1.0
-1.0
-1.0
-1.0
-1.0
-1.0
-1.0
-1.0
-1.0
-1.0
-1.0
-1.0
-1.0
-1.0
-1.0
-1.0
-1.0
-1.0
-1.0
-1.0
-1.0
-1.0
-1.0
-1.0
-1.0
-1.0
-1.0
-1.0
-1.0
-1.0
-1.0
-1.0
-1.0
-1.0
-1.0
-1.0
-1.0
-1.0
-1.0
-1.0
-1.0
-1.0
-1.0
-1.0
-1.0
-1.0
-1.0
-1.0
-1.0
-1.0
-1.0
-1.0
-1.0
-1.0
-1.0
-1.0
-1.0
-1.0
-1.0
-1.0
-1.0
-1.0
-1.0
-1.0
-1.0
-1.0
-1.0
-1.0
-1.0
-1.0
-1.0
-1.0
-1.0
-1.0
-1.0
-1.0
-1.0
-1.0
-1.0
-1.0
-1.0
-1.0
-1.0
-1.0
-1.0
-1.0
-1.0
-1.0
-1.0
-1.0
-1.0
-1.0
-1.0
-1.0
-1.0
-1.0
-1.0
-1.0
-1.0
-1.0
-1.0
-1.0
-1.0
-1.0
-1.0
-1.0
-1.0
-1.0
-1.0
-1.0
-1.0
-1.0
-1.0
-1.0
-1.0
-1.0
-1.0
-1.0
-1.0
-1.0
-1.0
-1.0
-1.0
-1.0
-1.0
-1.0
-1.0
-1.0
-1.0
-1.0
-1.0
-1.0
-1.0
-1.0
-1.0
-1.0
-1.0
-1.0
-1.0
-1.0
-1.0
-1.0
-1.0
-1.0
-1.0
-1.0
-1.0
-1.0
-1.0
-1.0
-1.0
-1.0
-1.0
-1.0
-1.0
-1.0
-1.0
-1.0
-1.0
-1.0
-1.0
-1.0
-1.0
-1.0
-1.0
-1.0
-1.0
-1.0
-1.0
-1.0
-1.0
-1.0
-1.0
-1.0
-1.0
-1.0
-1.0
-1.0
-1.0
-1.0
-1.0
-1.0
-1.0
-1.0
-1.0
-1.0
-1.0
-1.0
-1.0
-1.0
-1.0
-1.0
-1.0
-1.0
-1.0
-1.0
-1.0
-1.0
-1.0
-1.0
-1.0
-1.0
-1.0
-1.0
-1.0
-1.0
-1.0
-1.0
-1.0
-1.0
-1.0
-1.0
-1.0
-1.0
-1.0
-1.0
-1.0
-1.0
-1.0
-1.0
-1.0
-1.0
-1.0
-1.0
-1.0
-1.0
-1.0
-1.0
-1.0
-1.0
-1.0
-1.0
-1.0
-1.0
-1.0
-1.0
-1.0
-1.0
-1.0
-1.0
-1.0
-1.0
-1.0
-1.0
-1.0
-1.0
-1.0
-1.0
-1.0
-1.0
-1.0
-1.0
-1.0
-1.0
-1.0
-1.0
-1.0
-1.0
-1.0
-1.0
-1.0
-1.0
-1.0
-1.0
-1.0
-1.0
-1.0
-1.0
-1.0
-1.0
-1.0
-1.0
-1.0
-1.0
-1.0
-1.0
-1.0
-1.0
-1.0
-1.0
-1.0
-1.0
-1.0
-1.0
-1.0
-1.0
-1.0
-1.0
-1.0
-1.0
-1.0
-1.0
-1.0
-1.0
-1.0
-1.0
-1.0
-1.0
-1.0
-1.0
-1.0
-1.0
0.0065263258183260835
-1.0
-1.0
-1.0
-1.0
-1.0
-1.0
-1.0
-1.0
-1.0
-1.0
-1.0
-1.0
-1.0
-1.0
-1.0
-1.0
-1.0
-1.0
-1.0
-1.0
-1.0
-1.0
-1.0
-1.0
-1.0
-1.0
-1.0
-1.0
-1.0
-1.0
-1.0
-1.0
-1.0
-1.0
-1.0
-1.0
-1.0
-1.0
-1.0
-1.0
-1.0
-1.0
-1.0
-1.0
-1.0
-1.0
-1.0
-1.0
-1.0
-1.0
-1.0
-1.0
-1.0
-1.0
-1.0
-1.0
-1.0
-1.0
-1.0
-1.0
-1.0
-1.0
-1.0
-1.0
-1.0
-1.0
-1.0
-1.0
-1.0
-1.0
-1.0
-1.0
-1.0
-1.0
-1.0
-1.0
-1.0
-1.0
-1.0
-1.0
-1.0
-1.0
-1.0
-1.0
-1.0
-1.0
-1.0
-1.0
-1.0
-1.0
-1.0
-1.0
-1.0
-1.0
-1.0
-1.0
-1.0
-1.0
-1.0
-1.0
-1.0
-1.0
-1.0
-1.0
-0.022358328048526947
-0.030364355551868737
-0.025433364983175444
-0.028266405499201248
-0.030959467877629838
-0.02950533295067158
-0.022366503086488923
-0.025615407507366923
-0.02684652726665209
-0.029737204504047033
-0.027871311661234553
-0.025073980831054412
-0.024073707407254688
-0.03195653143913678
-0.03018036531299598
-0.03179023285414485
-0.026084708431750876
-0.02198003177726215
-0.029084651867559194
-0.027423437517283163
-0.021788050053947104
-0.0293299034011007
-0.026309286319436746
-0.023294226071294676
-0.01698198709499648
-0.009876205305135438
-0.009337568521390584
-0.002335776325190686
0.0016527986199131937
0.001405860519652051
0.0009869718652596407
-0.0017692937863453709
-0.008157778002276867
-0.009850137394582728
-0.013814872213846098
-0.016882961045924818
-0.008278603983017037
-0.009310580441346186
-0.01605446607589562
-0.013817312616768227
-0.005869542077278938
-0.012177156550500598
-0.01656995242461754
-0.008742341600672957
-0.022317252649306576
-0.014498421412566277
-0.01524115879531552
-0.009905645961586333
-0.01215121312122958
-0.012592022713482056
-0.00717733466427017
-0.011411872484956793
-0.0054528521130085775
-0.012460138367962871
-0.014606338124827378
-0.010739649526731843
-0.013574933394472993
-0.010515159326712526
-0.012100124783398251
-0.007268215813193311
-0.010563509671404065
-0.008194703925736863
-0.0010626763854353109
-0.008483065590085272
0.007948580042694829
0.001852785229906297
0.006294951716714537
0.0014002780778027634
-0.003579165768704304
-0.011330982902009212
-0.007803656471418209
-0.008851872831161952
-0.008578414826458082
-0.0015431853181017557
-0.005182775052600074
-0.000735578423741537
-0.00910024375656995
-0.009057116806407283
-0.011426501529696174
-0.004163760316374667
-0.004846448768008089
-0.017855311330134946
-0.010740247647433854
-0.010957120656358333
-0.017387500029614804
-0.0162719439434999
-0.01089428657961657
-0.01304875001125829
-0.028608889840457275
-0.024123542145871174
-0.03354886599352477
-0.02315848170622802
-1.0
-0.026603060652826777
-0.027427987756801893
-0.029959908785239502
-0.0325841131782996
-0.02181216511405881
-0.03049447562603469
-0.02795601599419643
-0.025257744297807118
-0.023128636737585
-0.019535520500139455
-0.031824385834362985
-0.03198114595537814
-0.029603010777429845
-0.021780496705605425
-0.03166264799327442
-0.03649504533444631
-0.03206544667969814
-0.03208809210554329
-0.03205207356670819
-0.030709473863664977
-0.03030957884724565
-0.031347567698485165
-0.024314779368265364
-0.027288811781122385
-0.03214303285421289
-0.02321133619661626
-0.033152181812217366
-0.02214481345982479
-0.019137573746250493
-0.02100798373068454
-0.018115526597066983
-0.018707287762878298
-0.020596391442551636
-0.01996862655028846
-0.010604539313544903
-0.013046318756049632
-0.01394864025271752
-0.009736034269738394
-0.0025188000200948913
-0.00824362651861132
0.0015658293200204118
-0.004109582029024291
-0.0011132904905443385
-0.013789368623920465
-0.0052466228541308306
-0.005149382235834339
-0.004814929833869661
-0.0025877599236434675
-0.004216238510284418
-0.002666178628715873
-0.0018968252703214748
-0.008358798962370266
-0.009517635105652194
-0.008775923939573629
-0.008296605574214718
-0.011874371899240295
-0.009709902056859433
-0.01118359859625876
-0.009531368475501302
-0.005226613940618697
-0.004555841984627604
-0.0020026154413063705
0.004888564045687562
-0.0001690775362380909
0.00905151007252144
0.012820564609109302
0.008051494927148272
0.014249708765019952
0.013033583149950055
0.009935582437714589
0.007501201248809089
0.011151148072908373
0.013180392634133361
0.00903608129841835
0.007661011282214371
0.007830421242375945
9.438434722951602e-05
0.0030630124891500004
-0.0044221361231030045
-0.004233976106132237
-0.011042003938071554
-0.010064430847329239
-0.0064047915308202965
-0.009076735747645632
-0.006969327600034977
-0.00980056821440037
-0.01002502791127062
-0.007519506729778415
-0.005246676297390211
-0.008964771394552583
-0.004884036261035505
-0.006114357770293264
-0.004287843696014511
-0.005740155743826832
0.0005130532085667187
0.008658890452121901
0.013241141691718696
0.01306724442290228
-0.008174859137390845
-0.01360128402735984
-0.02413654407229117
-0.019552481485764755
-0.019097372667488996
-0.023290922805685847
-0.026518731945222227
-0.030357720857665617
-0.026278538289821882
-0.025474330265098964
-0.027537488776331057
-0.025853468764595045
-0.02893795104774504
-0.0266142709475426
-0.02766365480064531
-0.02909039762939926
-0.025527158842997603
-0.02128334484002961
-0.017546361970360157
-0.019212760394957184
-0.013752086720084331
-0.021055478914834697
-0.02643525785412758
-0.02470174015931501
-0.023911459290715996
-0.02524152674334415
-0.017472661226963473
-0.019059472793192384
-0.024352961862676437
-0.021992984122326614
-0.026655305447245835
-0.02313046561081558
-0.022997432672272496
-0.01933107034837502
-0.02792593866911643
-0.030009695503408568
-0.021606728060650945
-0.02975069075641523
-0.029774731319320378
-0.02126901622050282
-0.02237405693357815
-0.027879246551109783
-0.017634275462300248
-0.02583233462862507
-0.022507868858921667
-0.022420486560148733
-0.021035093090944965
-0.028192003165794337
-0.02803901616189797
-0.022297392963040046
-0.01962675206654833
-0.018520284327344743
-0.030577125241225668
-0.02501729242065635
-0.026248808965237014
-0.02570261432228019
-0.021578714503749864
-0.02779724176138282
-0.020336340425666056
-0.02095571761385869
-0.028809170272401548
-0.028544353932072126
-0.020287952098844025
-0.020156252184300505
-0.021563946089526248
-0.023244265332195892
-0.01951683728881336
-0.02285077255429926
-0.02392724239159194
-0.018355194482036773
-0.020831804159224417
-0.02306411529269932
-0.019348116902641398
-0.0171537361773208
-0.011958880125423729
-0.01710633068847162
-0.019398888686505304
-0.023971978775331703
-0.02160062324049291
-0.021615388021354324
-0.0219406765240706
-0.026474143837816218
-0.020280608344247636
-0.02601543230409309
-0.0370051342878878
-0.03570065164540111
-1.0
-0.02936805519782722
-0.029618516471983956
-0.03902064391487472
-0.03893007808675899
-0.035084565835456626
-0.03841380239198265
-0.02736806141225908
-0.03557158121904557
-0.035070481556641775
-0.03450995464117291
-0.0317154547919861
-0.02971855538434418
-0.03794163377272627
-0.023737713202932286
-0.03035576557879054
-0.027922876071560587
-0.02971673268246942
-0.03227581495238696
-0.023084120014512478
-0.02347094338603955
-0.02335693379439403
-0.022007032998490036
-0.019691197650315802
-0.02505256385188751
-0.020405219385518113
-0.03359658082493739
-0.029894020585092863
-0.032494555767647426
-0.029631977022072157
-0.0299679486405836
-0.028922882755100524
-0.027957976581525944
-0.03205963145908694
-0.02847591985790188
-0.027183604437442825
-0.02283032250060225
-0.024550855924251585
-0.026916170631462587
-0.022079800171133274
-0.02543228696987301
-0.02851665952731452
-0.014222500023834357
-0.013831738699881689
-0.01334358240246186
-0.007033576296503939
-0.009394249203599755
-0.010085761051407146
-0.005728634184308741
-0.008899489170172808
-0.0123550518383158
-0.008594908831111634
-0.015271399210305991
-0.011893821963744972
-0.018456295373434104
-0.018065878408912345
-0.021909031911722273
-0.01948612196213838
-0.019366978508157197
-0.020240752629480212
-0.019587291723924427
-0.02787264059060535
-0.02783525039291541
-0.01885349967605499
-0.018768292290641465
-0.031238990043076446
-0.01778658283397406
-0.010006692658486286
-0.020790222760998196
-0.017657691617063855
-0.015744957846021704
-0.01565350705040628
-0.017344805036079276
-0.008455567143430338
-0.009367182311046817
-0.008117831448157935
-0.005145953751012279
-0.007903999607547913
-0.005528005548830052
-0.005945725219382113
-0.005714353815131134
-0.0018863587377692904
-0.008666800930269702
-0.007897088689422786
-0.013625849015572566
-0.013932580782450101
-0.014599746697240743
-0.015239905823886743
-0.01434917136338656
-0.012349388413442625
-0.016262867622003113
-0.015511969455669933
-0.016181036823821913
-0.018599549711706062
-0.007445395177784195
-0.006885882516087011
-0.003181271748010875
-0.008853737002983315
-0.0018657574878920952
0.004263720051349167
-0.00046089471216915725
0.0009652313255206947
0.0027101351109754383
0.006106926987067328
0.002874292985123586
0.004049030283367637
0.0038650889784835767
-0.0024486102959213763
-0.005497388802267499
-0.014150648436903043
-0.013298572262810214
-0.017956077574465802
-0.014656385988767454
-0.023081056683568482
-0.02175802429084924
-0.02387237806740721
-0.020869809227620467
-0.009080153920884404
-0.013292592859629799
-0.022575847357536566
-0.03060681690012547
-0.02706121929487623
-0.031637309839161944
-0.026526177167816245
-0.033430525783162544
-0.03925495404157163
-0.02977871792528174
-0.02551096333541353
-0.029176409920374655
-0.03232082585423331
-0.0381181178684611
-0.022229966193845634
-0.02605130925173389
-0.022648348987323316
-0.03260663419357961
-0.03786188243976363
-0.023530113845535383
-0.027512895701637903
-0.026504400765626105
-0.027532594351481653
-0.014990917684797885
-0.01336434271313617
-0.01492119859893139
-0.021919776314840805
-0.01773886384915622
-0.01161207949764066
-0.012165857719758654
-0.017126530758363283
-0.015307738174946102
-0.023758895689669723
-0.019014873003647435
-0.026607184663168894
-0.02830236985857709
-0.02974694923990206
-0.024169686784746677
-0.025945408696150904
-0.0314216419187744
-0.031587622367757126
-0.031089246011110093
-0.0338544345770841
-0.037179132523801624
-0.02852328284258199
-0.031182527346459047
-0.029072253850491645
-0.030031849864337625
-0.021443624051504028
-0.025866172681492272
-0.03490168867644035
-0.021554397272304734
-0.017754467985468047
-0.021495519082438207
-0.014871490269160108
-0.010383009522207137
-0.01331647075215596
-0.021072218210905932
-0.024746577407248713
-0.026069343412074224
-0.025871319530392435
-0.030279917582302095
-0.03882241921915538
-0.028950317040022107
-0.026443248412553758
-0.030906315681757748
-0.03287206157039994
-0.03538937183565594
-0.030350975459573996
-0.03576487670472488
-0.02681630318922371
-0.033043097107972916
-0.028776563894890375
-0.027592914078809608
-0.02852748145972326
-0.029197078832307467
-0.03308362710015072
-0.030472875711296473
-0.031657259513190476
-0.03655418016439059
-0.03542379944776621
-0.029611390722501827
-0.031107323020589335
-0.023846541759808722
-0.040529450976544576
-0.026728015510863668
-0.03562281501825615
-0.02713317008762068
-0.028936214922352106
-0.03355921299079354
-0.031230964388024033
-0.03549150434084207
-0.03152164779956536
-0.024977032860028434
-0.02094398863224174
-0.028594482740568392
-0.019708969326779575
-0.02712751150252664
-0.02743535190804096
-0.018119442244707407
-0.030897129711676737
-0.02756408615325615
-0.021768381390173164
-0.026152859509720197
-0.018305540449929814
-0.017818044648661192
-0.025174654357063696
-0.021725586818587734
-0.0211309467175622
-0.02114397440187598
-0.01972327243059813
-0.016105969271061123
-0.022563820125119833
-0.009756131934561743
-0.016508105110159176
-0.015310266401802448
-0.02126387095767704
-0.021684015909903702
-0.015326386111603335
-0.01835717889775136
-0.024021767843316465
-0.018631480681986563
-0.021392424793495957
-0.021198865554100166
-0.017607627369850425
-0.019049576321843887
-0.013202292289104078
-0.01044770105394767
-0.014104829476183056
-0.013308430167894625
-0.013794471768757945
-0.007126878291474498
-0.014472780831610006
-0.0082005846029557
-0.009032199392181202
-0.00900627816894709
-0.004200240837402984
-0.007207413113695919
-0.0121844980708749
-0.014278650535378941
-0.019952819791065945
-0.011963010486985596
-0.013305829317982647
-0.015236284792167962
-0.014627747801011445
-0.016439780065178683
-1.0
-1.0
-0.02262278926688104
-0.016560036585906553
-0.017263134128548203
-0.02080259126095269
-0.02433372293467728
-0.017804007030082766
-0.0187859365916054
-0.019548350018218256
-0.013293658480763915
-0.015481414613152522
-0.019607348520854197
-0.01737958380425174
-0.018564184023183227
-0.019033493372120472
-0.0174999816731481
-0.013916660304531368
-0.010054054233460284
-0.01635992256513029
-0.016056152151377154
-0.020039434272355966
-0.01487577953566117
-0.012164006105415348
-0.02158248718082396
-0.02356611981134158
-0.026710371009041584
-0.03040728725380777
-0.031231370400642822
-0.037802086246447354
-0.03306482696114631
-0.033320642871524433
-0.02201466496897569
-0.03266050495257535
-0.030924207986458976
-0.03835565448652465
-0.02603560894131875
-0.03374019215615808
-0.03391957711661696
-0.026009801251452108
-0.031246991350211167
-0.031984934175642986
-0.03057598088638637
-0.02548441128561452
-0.024083672529273483
-0.01132934742306566
-0.019423844813531824
-0.02963767609015085
-0.020144671547710716
-0.021724604060846524
-0.020782770084925902
-0.024537874887780798
-0.02643564886729453
-0.036981102904268204
-0.028947140914618242
-0.03312679685496102
-0.0342149303713475
-0.03535866975486909
-0.035186616286805986
-0.037026353855285854
-0.029299699029174633
-0.030739727076497636
-0.037581693700280264
-0.037847062385577536
-0.03314787401946267
-0.03935125141874952
-0.029940900037655246
-0.030676905170161726
-0.025416465881123732
-0.015397046860662504
-0.017916567189402047
-0.01169009995668149
-0.017744245789358244
-0.024136524965966338
-0.02616341937481369
-0.02086068488575176
-1.0
-1.0
-1.0
-1.0
0.0011230363912024294
0.0030848394751379557
0.0030547415230882747
-0.007522590996691819
-0.012461894657596706
-0.014061405451017315
-0.003751871843096544
-0.01019476801121912
-0.0144297253838784
-0.007197439356476341
-0.009634379446247631
-0.0074102911649533785
-0.007142243979890439
-0.010487435224513513
-0.0007630625687917836
-0.0006489635706899376
0.0002859439053565647
-0.007861786426154767
-0.0021635115376647455
-0.003649129432801073
-0.006953118151066624
-0.0076352663953348455
-0.012647836707324622
-0.011765749780259037
-0.006272831875422942
-0.008844906511711667
-0.00935553928635274
-0.011884726670569041
-0.01335150556961255
-0.013105801730831437
-0.0060047759449125245
-0.0031983553701758153
-0.0025979625890819296
0.0011601315537852436
0.0011538114802216947
-0.007595399166632671
0.0003871438000312859
-0.0016456381302857818
-0.0030965188793335876
-0.005614736962767937
-0.0027982141819776667
-0.002660012337273586
-0.0010987897615565886
0.00019789575161439888
-0.005503197935956308
-0.007628668110491853
-0.0006959690160748329
-0.007963960972510944
0.0005817360324601608
-0.002940794354542655
-0.001249989965470398
0.005256053139303108
0.0017364197235517995
-0.004829363270995075
-0.007903082928163873
-0.013957630205445921
-0.015345079953176065
-0.011669816250460466
-0.013744338276210254
-0.011806063142784914
-0.01223204859110816
-0.013055447355422477
-0.006273813824493914
-0.009491270037925131
-0.006889887488219207
-0.0075842762644058835
-0.006894410458765235
-0.008262919373701183
-0.004778878117215726
-0.00252526951781762
-0.0036832725837584513
-0.0034308512898367075
-0.0046649595649860594
0.0007938213156172546
-1.0
-1.0
-1.0
-1.0
-0.006784024261375777
-0.0010082088705137431
0.003947699928665589
0.010733814526526884
0.009591230747054652
0.0063498462128270695
0.009016262669402466
0.010114417637806608
0.007679897993191486
0.010200734048745514
0.009865218642457818
0.008342981110790735
0.005759811742784465
0.00494713145138352
0.010415701805471909
0.010959681518721969
0.016720112216379326
0.017649911921627515
0.01938816397784095
0.02692806963259887
0.017045764135678317
0.023968076202395126
0.01691129578062088
0.01965017005929971
0.013807104229142357
0.01745141776331323
0.01803712620232167
0.015696912944326798
0.015103861381420117
0.011720641700198866
0.013622581218004809
0.020242392114288056
0.016219103096866888
0.019624428570576353
0.019202771850665174
0.021291089544576886
0.019407343982709387
0.018324853078543236
0.011993116502185009
0.017080426201892256
0.020257664733282783
0.01005938212017319
0.012016026261398563
0.01398651515239834
0.018230367185436476
0.022666897126534108
0.013691441052127653
0.0188455961972
0.021378955347471845
0.017073848445038346
0.021153723880682228
0.020316411259777543
0.017096689138835428
0.01769853592782295
0.020813383776616262
0.01782302799347765
0.016582286944589606
0.013737237559790302
0.014752194360154413
0.015492572163780395
0.016548005149022587
0.01800758050826763
0.007364344153161903
0.0050014012450099446
0.011594570634164806
0.01584923198983442
0.010352178392461013
0.009139597211754983
0.005803827288990856
0.011226107813307412
0.010602978856804467
0.0077527782618657115
0.009867113829897915
0.011689608169734
0.013836008138615359
0.010390859469852274
0.01244123696057642
0.010083756054110063
0.0047246833360498645
0.006413566628724886
0.011222429811052873
0.007491344660882367
-1.0
0.0038763299184782726
0.0034123286383506662
0.0021458047986018937
0.006944865938455028
0.003736452772566105
0.012566568463176907
0.0027670330636453164
-1.0
0.00133335978749676
0.006298056573113522
0.0037093310889180693
-6.818375848643846e-05
0.0015782501169400297
0.009180224248212715
0.004073916351441543
0.0018851912332898348
0.009269471729468738
0.006651072657304268
0.010498118072680876
0.016751606853089705
0.01066448294691436
0.0158678072611726
0.015038546431142535
0.012463468950193148
0.007011971764793814
-9.057589216608879e-05
0.0027577413703455005
0.007556713043685293
0.0015510808440155472
0.006067741878567819
0.0005334174716981707
0.0028132301810988216
0.004128963669201993
0.011254671818483983
0.007689186165826154
0.006973842914193342
0.004129406566165339
0.005588122365158233
0.002296638681257336
0.0013320247415412676
0.005971557049111911
0.003404407527219523
0.004541220949161592
0.0024297727728682245
0.0012839203651747787
0.001923794035232057
-0.0001072604074462433
0.0007208341365690161
-0.0025608491302075093
-0.0014992584108613162
-0.00581985548201144
-0.008571461090884783
-0.00791208075275305
-0.0014917291542756153
-0.0025630965421463503
-0.001195148647755305
-0.00868169421566933
-0.013611429431177208
-0.013146789210234742
-0.01713314008929067
-0.01958344068176045
-0.014655942630665577
-0.01808172746697398
-0.014546836050833891
-0.009272728872162581
-0.01951101756698034
-0.011675107791207746
-0.017647033928214605
-0.014810222669644752
-0.013365296339250135
-0.011783123480415651
-0.01305573784862301
-1.0
-1.0
-1.0
-1.0
-0.014885217305726022
-0.017629084081922444
-0.012849939862726714
-1.0
-1.0
-1.0
-1.0
-1.0
-1.0
-0.013126172734499836
-0.00931751949373843
-0.011112334263642309
-0.008024061902306718
-0.016367403912564155
-0.014645027627967596
-0.01596321541162205
-0.016878378816908905
-0.01576242724508758
-0.023330742505726792
-0.02545514231858324
-0.019524036743841625
-1.0
-0.021810414571566777
-0.02252364485690635
-0.022362786504712028
-0.02523126536556721
-0.031868888511373546
-0.028262454125561866
-0.028228823167570825
-0.029440787569839078
-0.03350261561443775
-0.030367354210822445
-0.025984088048718615
-0.02794335307950975
-0.028801476137474635
-0.027642419131349634
-0.029289456642891554
-0.02598252493152244
-0.0194031909186509
-0.02611506399676948
-0.020005127246569332
-0.02253843392335139
-1.0
-0.020594477403933543
-0.014152282200042464
-0.0178474997854654
-0.015134422808356182
-0.02004252421028856
-0.01715631969860119
-0.007157234851886641
-0.000978962107467272
-0.0005774367764430201
0.0024450027200993377
0.000640209761819134
-0.0005821517714663215
0.003966507124001188
0.0016947938111533186
0.0039043011202226866
0.004448743250890892
0.0030744633257100626
-0.006167097311963558
0.003609915009870397
-0.0038546281214713704
0.0027803798226852714
0.0032146677664750614
-0.0010038156032998512
-0.0026947541198756348
-0.003409368569707046
0.0009244045256634952
-0.006071761263422149
-0.012096742459759207
-0.013858338192061772
-0.01627467954963468
-0.018799255460327888
-0.014229225002428873
-0.018889181536938807
-0.010247088529362404
-0.015002322979792992
-0.015419563886527831
-0.011733138046247238
-0.010017213860567413
-0.01491315857392094
-0.012580145348287995
-0.011674999730120915
-0.01062070659023387
-0.013367083522261708
-0.0143127699479081
-0.011051433779770106
-0.013971750877796445
-0.011582330904305313
-0.012183560467867416
-0.01398674645289217
-0.015277518098851207
-0.0002869074563550443
-0.0024002311973831355
0.000122682148470972
0.0006671132281016533
0.010585675547057522
0.017927977518921202
0.011744572140974456
0.01466697695810528
0.014498886211002154
0.025327954083547995
0.013961208502502001
0.024566047252928606
0.01801730390908762
0.01288143551393687
0.016326954023754597
0.01825846897914426
0.01283422659505437
0.013048301050550262
0.015353453163229986
0.016429137999752326
0.01395105488041946
0.01395979975248685
0.011987771478546861
0.018524111370591855
0.020616065967627988
0.020934149610528457
0.02148012066419312
0.01936603037691922
0.022392258143212277
0.026028425762575063
0.027775255022967658
0.016975135032782102
0.017182217264310823
0.013307215240624223
0.015047960505849962
0.016298883546116683
0.018128949543753527
0.01842509226178751
0.014979426923255917
0.013767606518336133
0.008659933151748553
0.013574517912880916
0.01853548105753741
0.016646547429339333
0.019878180338437943
0.019998122853520203
0.01200623612266534
0.008780450474938044
0.012647785824564887
0.014108164774528479
0.0075134425297324605
0.006141331775198643
0.007434451845020997
0.0072404969056428315
0.007971004542127902
0.0076721520694664844
0.01009385662197503
0.01886260246724889
0.02076797729176602
0.02055321853761591
0.013267754640699271
0.01018318004390836
0.015164993912684104
0.0035533300344507772
0.004844938906396753
0.0029686941104790578
-0.003199633000982627
-0.006376478047677608
-0.006268750765015226
-0.003050813937549349
-0.0018308020220255718
-0.005553893012471185
-0.0024320167826596727
0.0035500408951954438
-0.006840040397678909
-0.0009018636549513956
-0.004116327959096853
-0.003606050562482962
-0.001857484265251481
0.004830814080029072
0.004047148690244729
0.0066922660049482975
0.01011365709068008
0.006981533415240961
0.011815527552620542
0.01589585080731672
0.011380465951341472
0.011986444800591562
0.0042329303993510975
0.010671797477846337
0.009641155491846874
0.013696868841572323
-1.0
-1.0
-1.0
-1.0
-1.0
0.013103311645539273
0.005891948292196493
0.00104354098616888
0.008592742909534788
0.006016955254779271
0.011553330117780048
0.004513385711118982
0.011039898484750834
0.012873758280903775
0.012054656216238102
0.013615686886737251
0.016782023817327126
0.012787712451294396
0.015424808449895744
0.017139249008750402
0.014265238960094883
0.01867147759455198
0.019746144746711478
0.01949724798910618
0.024059930394351756
0.01714021050851917
0.017869627900162596
0.02021814946227513
0.02405727043489467
0.021570662951215604
0.013748069236643744
0.020516087553690623
0.013820474069200037
0.007197205428004477
0.005212137047245798
0.003645097623843923
0.0013968130538276834
0.005920654160512253
0.004887743531890045
0.0027497856751158467
0.0033426032203236625
-0.00254055306067755
-0.0050362978503858844
-0.0007293673881460368
0.0028453713937254114
0.003215389131217441
0.0008693016158783903
0.0042405743098685705
-0.002104445714541451
-0.003793791230748985
0.002602054922320069
-0.005198524428790109
-0.0025943432343465992
0.0001875803694290517
-0.004719725730918148
-0.004968247957006377
-0.0004817730623566158
-0.004182243493326843
-0.007661755637994705
-0.003092618553205233
-0.0036589940672358146
0.004493266015785085
0.008229836175869285
0.004021232063559696
0.0025998895308453223
-0.001029043018029688
0.004711738101695997
0.005711955816624673
-0.0016714129839826457
0.002988396570835139
-0.0014566202896202488
0.0019251159299153876
0.0006314051785053184
-0.004668676750893396
-0.0018846689538323993
-0.0027211836127695884
0.0054330800904321104
0.009348678008146991
0.005969944024727209
0.006777773245561456
0.005179635364900302
0.01675582876669371
0.01124966748438092
0.015510590389829642
0.01736821421376783
0.012344015312813343
0.01092894020319621
0.011080749161878557
0.012229644537360841
0.012263885212294733
0.014148878464955328
0.009593287184005782
0.01101476984671618
0.011740903511935198
0.004562119672700912
0.00463972956770469
0.0054508434427432695
0.0014083536722051396
0.0024807590280164988
0.0014342277406546161
0.0032630272052166435
0.014208910059502488
0.020381784991044205
-1.0
-1.0
-1.0
-1.0
-1.0
-1.0
0.02356232009155058
0.015099360949371091
0.010956592236386209
0.004240130526014933
0.006102843505512625
0.0004924906396087677
-1.0
-1.0
0.006875121795227544
0.0025142316395330923
0.0034187183737094612
0.00463978369930386
-0.003554684009946765
-3.894916204849632e-05
0.006489778196475195
0.007561765732069386
0.009835450793907102
0.0058606772742434065
0.006412132549258246
0.014225164274449226
0.0066766319438336975
0.00582510206545979
0.011461247462297404
0.01748198591442909
0.026551053302481246
0.020099351750400046
0.02225084645617715
0.018499423093900347
0.022238551007939148
0.020836509563866883
0.01934594004010912
0.01955545122779183
0.019091702506240316
0.020233891670798986
0.02597462180443625
0.010632178550885513
0.020412277402689537
0.023909320393601646
0.02287436233999762
0.024070421950135812
0.01667688744844164
0.017899654299807683
0.019041423619784895
0.015186635626377452
0.018195150739797546
0.02181288010163591
0.01762771035862069
0.016633631127366336
0.025267838137761532
0.009864836400531284
0.007168487671874588
0.005102755618804045
0.0010699915719224245
0.002972723444024176
0.002487199732208835
0.001190694422138779
-0.004460328938208583
-0.002901949160269989
0.0019758195271632434
-0.005137816712144216
4.2550734275141216e-05
-0.0019688962629482855
-0.0037872067215462936
-0.006792349543865744
0.004055766765357965
-0.003296385792036263
0.001362685993727786
-0.0032002458662608512
-0.0035890909664481646
0.0070666184637799955
0.004298589878099505
-0.0009251389594098115
0.0003905944011804507
-0.011712275404068759
-0.009070071587052276
-0.010850095884718839
-0.007750475393251867
-0.006484411903831334
-0.01103012323044767
0.00019471852376376316
-0.004655357236272906
-0.0031533562058421788
0.0014617091335084808
0.005701978019264089
-0.009150469067477124
-0.011623926051228223
-0.019352570165892667
-0.023152948170373243
-0.01904512482959725
-0.019861050227980518
-0.024772092347652645
-0.02555222190000243
-0.02557434691956956
-0.02944467902666386
-0.02793104068165313
-0.02357339356418284
-0.03067647814468291
-0.032452633915846414
-0.026013917748121618
-0.030473246237010948
-0.03497035203645527
-0.03368352603439031
-0.031787563339291156
-0.03326983321815559
-0.029508968054863888
-0.022071133703432402
-0.03120209443509706
-0.027866545052251897
-0.025319920288911623
-0.02466978935418204
-0.019978961931889104
-0.014742350473697981
-0.02490849329447858
-0.018243566416968178
-0.02190132567173502
-0.015653904524546725
-0.013078200259249355
-0.017834552562968186
-0.013431174059842201
-0.017620216748806598
-0.018243377639890656
-0.0073959584516141465
-0.0051989745960872615
-0.018438190499025457
-0.017896676206041916
-0.02059964203189384
-0.022746472110964915
-0.018415462017154795
-0.01748968455062916
-0.01924421068032772
-0.019268843695492723
-0.015036954590377016
-0.01397166517543178
-0.026841075187424186
-0.014053567155662916
-0.01942917936921413
-0.025239241383566598
-0.02040084873066985
-0.02954040357658654
-0.024945490050024468
-0.03153998498026568
-0.03625452236186566
-0.03165288067219598
-0.031047263835384892
-0.02796760571651811
-0.03767073054873804
-0.028794303612685597
-0.037218618043390925
-0.03959287420418873
-0.03457547455728326
-0.03378109042890834
-0.03851237557388766
-0.04083196650300767
-0.037152205052999626
-0.037911563144000016
-0.03902728887982508
-0.03925750166376762
-0.037426507222919236
-0.03617394720877365
-0.03933416141667731
-0.04058101390494937
-0.03871210901901366
-0.03504565515357024
-0.03244513002853297
-0.035228002558556314
-0.040076760036133974
-0.038168592016857475
-0.040405078696203627
-0.03737874243181762
-0.03701923065496318
-0.03711194706285047
-0.03636478929845372
-0.03939951070686458
-0.03722095310533175
-0.035814370221296334
-0.04230783854788113
-0.03973180863108865
-0.036127259624986814
-0.03163412185110093
-0.03409770524219784
-0.032954253110193
-0.04406346952335624
-0.037930752599846754
-0.035257272578216904
-0.04015289602328537
-0.04336326846662922
-0.04527833754931186
-0.038599594372139494
-0.04427693364927949
-0.042942426679020325
-0.03854964298132742
-0.03859270015726237
-0.0391751036869619
-0.03795895635325562
-0.04281850914585122
-0.033898076795755655
-1.0
-0.03551990732290451
-0.04008055900616568
-0.04023437488690043
-0.03512469387248977
-0.035165746664634755
-0.03948445316355252
-0.03038273611415363
-0.036946457788440946
-0.03370936870876303
-0.029847605841633883
-0.02920926945169738
-0.03460096288042731
-0.0383548216954657
-0.036413326791483396
-1.0
-1.0
-1.0
-0.03627808223619759
-0.03550807911100805
-0.03643115005842043
-0.04075937173047725
-0.037243249746806255
-0.03257873284988547
-0.036432899634725076
-0.0376748030814952
-0.030596402848232056
-0.03530401133499227
-0.037097180412087274
-0.03140940197547631
-0.0344029514705001
-1.0
-0.0337800878064164
-0.03833130818201579
-1.0
-0.03128386808845693
-0.03285991927065149
-0.035218073874877
-1.0
-0.02939407862334425
-0.035227321371399015
-0.0372731595854586
-0.033013752574986295
-0.03378703188383859
-0.03303452168467205
-0.02883067313124262
-0.026956096671469743
-1.0
-1.0
-1.0
-0.033290123204381766
-0.02886326151348832
-0.027822082691326102
-0.035943799770491516
-0.03963383947590468
-0.03508404252051745
-0.029749154681160152
-0.035735761971326045
-0.030678432390524972
-0.03002522704358817
-0.029323578223603333
-0.03512139566239777
-0.037720945601310875
-0.03907847243217445
-0.027913105576001972
-0.03221192929190099
-0.02561340134067436
-0.03802234382135833
-0.033220248099002946
-0.03210681106805812
-0.029975799541115296
-0.034742629519536924
-0.028778786744477022
-0.03485093419014315
-0.0270490678967765
-0.031220292160272747
-0.028381456146925336
-0.03285363616558795
-0.03492440897915756
-0.03356037983122392
-0.03867809261502438
-0.03506965378341661
-0.031062135555362188
-0.029546768940529457
-0.02508814192045725
-0.029073879511704447
-0.03301825458050936
-0.03326822273575834
-0.029970217272510143
-0.03660780255212522
-0.03680316340047826
-0.03546202112261158
-0.03221700938282923
-0.036087824660720656
-0.03904801257322658
-0.03367026193122315
-0.0380876856712512
-0.04275947530034829
-0.037153906323714465
-0.038944581322725345
-0.04049774548994269
-0.041302963152043376
-0.04237849059876699
-0.04500003672368767
-0.04070501972709338
-0.04663259919937576
-0.04322891851570686
-0.037352510836409884
-0.04485110645750165
-0.039362101492712694
-0.04008529945889984
-0.038659397713694935
-0.028609378096331097
-0.016081562799723156
-0.013267679514097458
-0.017334381293134506
-0.012763938751079833
-0.008361386248964913
-0.008326514387505332
-0.00430813003710188
-0.010190276849677023
-0.004941704303672623
-0.003848130192482376
-0.0017366404781761853
-0.004862490063542163
-0.007232156637371874
-0.013259357611897074
-0.00989732969851431
-0.012859713933423248
-0.015590326138036742
-0.018743369020636575
-0.014980772816898236
-0.00817990092039782
-0.007662124002344659
-0.007672161684465842
-0.012610352120722782
-0.012617076128189929
-0.011320610677212512
-0.01302582920884067
-0.012043857851540335
-0.007408915416556203
-0.0104594757648493
-0.009400295357499805
-0.012004001236981674
-0.006922245457275034
-0.008877494433004292
-0.014445640875176276
-0.010643327643884157
-0.00862571767965487
-0.009074228485831962
-0.006581198186343698
-0.007375434938648717
-0.005500200356519831
-1.0
-1.0
-0.005930241073992654
-0.00585252529796015
0.0013928559698094625
-0.0020788805677102768
-0.0018653443615971514
-0.003924619892437876
-0.0031495157553181104
-0.002500344440899262
-0.003855218545898484
-0.006969950491635099
-0.00558394565749645
-0.0010507398707277444
-0.006462933144361088
-0.0018022577006373904
-0.005934539467978796
-0.002346987484464137
-0.004204968643748101
-0.007714250689329222
-0.0030215166240960614
-0.005246840164280337
-0.00851496381117362
-0.005165678879502846
-0.01130448200155511
-0.0022729240780465093
-0.004724058496169766
0.0010052773421639846
-0.005143180280868589
-0.005813111968918644
-0.0032834864162225364
0.003315476321068228
-0.0035350548660568154
-0.005437791504008588
-0.0015240285317105928
0.005157538932333026
-0.004955582057535421
0.001950379265186536
0.00172787763322151
-0.002191510096653933
0.002461611893989627
-0.0005525546912881649
-0.003508977963976104
0.004620719362586845
0.011688487739167919
0.008750315127480507
0.006445508086826847
0.008327939319099432
0.0032135842891183202
0.0018847832079347984
-0.0012002770699503166
-0.000713335173039963
-0.0010497230229939947
0.0006945266633240865
9.046938041954378e-05
0.0029167159404873385
0.005584157584551852
0.00800850601967109
0.010852345318990835
0.015741271560852647
0.020545348827798838
0.01540285858916558
0.013515014813502767
0.01910664417936121
0.01810386320198532
0.02189962848781379
0.02232265699676003
0.01823304667005204
0.019463308354530705
0.022589347709833084
0.017758383426980155
0.013050733089895395
0.020324352632164734
0.018813707929260962
0.016725984547631398
0.01126419436984261
0.012164377955076567
0.02565754921250183
0.023837982752767904
0.02278354940485072
0.01698724666742482
0.022039159700516047
0.016681832649101256
0.01626198195485249
0.013975192684275573
0.015644550029161357
0.0192251434330751
0.016966761398563648
0.012679234732920618
0.014717585418499608
0.014064986271954894
0.021238696526986317
0.021959182542275444
0.016970921150668037
0.014680749969287097
0.01784212557386612
0.011839620141125518
0.01640991024046286
0.012942019388281049
0.018030389257076583
0.02077099189347153
0.018960493517445064
0.012489933216676024
0.018047049426677647
0.016919335401224467
0.014079598057885586
0.015134574768234585
0.02133018776238242
0.01591233126484844
0.01903643790461194
0.026232498410335883
0.02808671293325292
0.021473663762671263
0.01856050121675726
0.019246582634570453
0.02213127490347601
0.023709525598853684
0.01889188337888737
0.013939580356965766
0.017058949938455113
0.0156458906860852
0.02091267590449006
0.030403448415649195
0.01836246618025663
0.024264691752840135
0.02273473786751784
0.02234206071328346
0.022134331210202488
0.019863833677571333
0.025604306178250404
0.024243220002221757
0.02385985169019356
0.025974914897959948
0.024791567476271186
0.023751897470326667
0.02387126195439321
0.021783973967928947
0.016141141849963424
0.017146495628215453
0.020976113091207248
0.022962365547965713
0.022644196538055814
0.026118205416217066
0.021139776346251228
0.016552941415325997
0.01844048066426187
0.022265530954885288
0.029274587369108433
0.03067402981271283
0.021906281324665787
0.020106948416269445
0.01911062170186145
0.015309619613921679
0.016706662417303248
0.017916495536374845
0.011635374334110738
0.018574931515244236
0.017286863688879616
0.017222462655144665
0.011833139956394652
0.02089130659419024
0.01809279747440612
0.015193941421757699
0.01563729872056626
0.018832836586449183
0.014716184078907617
0.011999288764443632
0.01503975539060977
0.016499416231307795
0.012455256287741133
0.020650646251036762
0.018967643477901003
0.022698513054028938
0.013296693922008952
0.025492289998379443
0.02097441039122608
0.014679077525002115
0.014146393735061378
0.010646333674463304
0.023926378988177274
0.012982012959272595
0.017967676570258283
0.011905676281976923
0.01015812696349509
0.012229721353759389
0.008127442609969338
0.00874723788895021
0.009797008951955904
0.00429118731737731
0.00544964496173014
0.0097636773446647
0.012781044704423762
0.012949419776133364
0.011194389484187505
0.01213170647239039
0.007334367550756393
0.010471962276509664
0.004405681343863406
0.008882924690728962
0.010309553234617241
0.0065531890862909736
0.0032308276667798817
0.0047201090320798085
0.00916679631682242
0.0038916356192956283
0.01258221016016074
0.011843123774343668
0.00791715772233722
0.009701942648222557
0.005908605793440899
0.00884233831527171
0.011205248480313342
0.009297994575184635
0.006950177436115485
0.002737529340159997
0.005269036371339985
0.0052352025342745565
0.0029606812121277517
0.005201256691541085
0.006002889853588299
-0.0026981713820666054
0.0071879616079956665
0.008561109771496727
0.014324894181037669
0.015205685051533482
0.014657946672534231
0.020799082741433217
0.018231362054795284
0.017523260262287
0.0129390478087381
0.020996040655914785
0.010827621760375414
0.01797171489853854
0.02012913679400876
0.021834951020606876
0.016330624855523234
0.014423241858124925
0.014443870159855874
0.02202677139571253
0.021574131872093998
0.021039549650484
0.02036811266146433
0.02084079126622651
0.017407697534870852
0.021089965854634764
0.018248576916251116
0.02512344516663393
0.023672855332000968
0.021724210774155487
0.021666888785713063
0.026903946440231457
0.024050319901229907
0.022204271235210165
0.015305912972361743
0.024358338256410417
0.024171298337858894
0.02319564424573637
0.021376820203088457
0.02168083866736445
0.020279476558320006
0.016376954042093904
0.023854996567401348
0.015857785737595935
0.016685346863839753
0.02034099333994818
0.02056549617629102
0.022971833760528523
0.014188068327713802
0.013319637511950375
0.013347162301549371
0.008177180364916282
0.017411523926700995
0.010405476945806551
0.015474855128088633
0.010448004919981659
0.008444011354874811
0.006128353653475656
0.014495790815755617
0.017804464622405262
0.015028085004376962
0.017483837998287725
0.016272052084255396
0.016849249169394172
0.016568719317815152
0.015746974670405117
0.016543568575224852
0.011736517390703135
0.00833720438961087
0.0045172525293388005
0.0069856965907544085
0.005674735685195554
0.012205280524614939
-1.0
0.011609204157528393
0.011727141934146009
0.026054499217773874
0.020904912693517186
0.02450755440534899
0.023025369403858166
0.015567263870852478
0.01940746968608895
0.021489921610067162
0.015863737007705485
0.02088923262255109
0.02319244938078306
0.02019539412723357
0.02042111004313055
0.013978320060065
0.019673977207115646
0.01686732764863669
0.01751187414828368
0.023058551341816856
0.025373100450396414
0.02126783758903291
0.022007872392268993
0.020926622163942508
0.011074556949211662
0.01906114893715815
0.009676527349901659
0.017693145936623186
0.016035400949586172
0.016514242727319585
0.013534172410734494
0.012176495206348262
0.017005060321651614
0.01698140169836332
0.019750926860976455
0.01943116094098916
0.01448704415780836
0.016223128102686418
0.01671011027804307
0.011273107207509132
0.01784415355760116
0.013167893360902178
0.017309267887599577
0.0160153440681233
0.018754868663685444
0.01803395666831667
0.016257246349098316
0.017053517013103866
0.022361754542268086
0.01721790086864393
0.01561096134848184
0.019017651073796833
0.02082241708572982
0.01240823871208671
0.019191356712150335
0.014848990152809185
0.015143391150165218
0.012726702277381203
0.013214804508000975
0.01727420711044719
0.01078795363429487
0.01706605016083157
0.01344776965079976
0.012426890423443046
0.015595778094645449
0.014898158953315012
0.01520211007001725
0.014690249168106266
0.011347641426683746
0.01455620756436563
0.009681616680243265
0.01307595439908916
0.011624575206438063
0.01589797499378742
0.005581468170702117
0.01192613886426149
0.005858127169543473
0.011323160864632175
0.008484921210787253
0.014025740677023855
0.0072167900714543605
0.008625404477139503
0.011238760303851437
0.008110774795623606
0.0014450493337731308
0.010321164698451036
0.008963759244986923
0.011207207779136141
0.004618366039766099
0.0029796966204229686
0.004233854252443322
-0.0025992232876755846
0.004332434474562033
0.00305453418599179
0.0018220599789865873
-0.000307687584364175
0.0008332316803159285
-3.213707487220438e-05
-0.0038967482528407924
-0.0008330473715238548
-0.006469911470921413
-0.007295704691792079
-0.003189402148100523
-0.001307411906122717
-0.001813403768944594
-0.008801734643510629
-0.008339732060472706
-0.009864232540497333
-0.008016071496706825
-0.012009112983329814
-0.011716488463947832
-0.007238775862176828
-0.007065407477553709
-0.011009962769700286
-0.005760650824902792
-0.0033319093985103732
-0.00834415087714411
-0.0009705223651917893
-0.004602302383628287
-0.009537210212976497
-0.005253871291116633
-0.0007485882415346108
0.0004610737378650626
-0.007228499505375484
-0.011409865970494237
-0.009370445697910413
-0.016429423362729338
-0.010511534647129018
-0.015667636702140515
-0.015211694428090497
-0.012045179298897129
-0.018367114887518632
-0.011605810468685277
-0.017321539489980213
-0.012362098739295595
-0.010979968550913703
-0.005802230321348961
-0.00943539225548297
-0.013699678244533726
-0.010831412885557496
-0.012300052077133186
-0.011608664523662614
-0.01439297577039164
-0.009412356355926091
0.0016692911123899865
-0.016859800338257992
-0.02121666222321474
-0.022359419407490422
-0.024787917912316913
-0.024615227580912207
-0.0212350249518547
-0.020987937076704263
-0.024373651498552047
-0.02384685059201406
-0.027652597301155678
-0.028035493163530656
-0.025873264682317248
-0.03094747486933457
-0.037388486562166756
-0.035911784570313056
-0.02721577998824981
-0.029286079575571198
-0.03437144738447603
-0.03702467775313933
-0.037031378496513466
-0.03357488874316574
-0.03953304722848168
-0.03440000178086337
-0.03598751758817072
-0.03282117171059165
-0.035300041590934965
-0.03306209493529084
-0.038992621235459796
-0.03552262738464727
-0.037327570092168076
-0.035696205972974945
-0.03760473200133797
-0.03957040710724281
-0.04101645445286904
-0.038993830932435046
-0.03686514961906367
-0.03457239543090891
-0.03607425065232348
-0.034668329952996825
-0.026363548427299238
-0.026847844405097316
-0.031172357842490245
-0.027940779416955303
-0.03661694407440412
-0.041566074187601984
-0.03682777671363703
-0.0332513952572248
-0.035219475184964405
-0.03424081106503839
-0.033153525222780166
-0.033579138806791704
-0.036793123521381275
-0.03855699257298094
-0.03411526129216348
-0.03431356493116458
-0.03312443021243318
-0.04060519330622036
-0.032101960693875754
-0.03258373727102375
-0.02649132433188843
-0.033802824952619125
-0.03592754169804743
-0.02974271335179646
-0.033145964459943195
-0.02778028739659063
-0.02868364887869404
-0.03283908034558843
-0.038204707582671346
-0.0282019664605319
-0.03248350934290171
-0.03353673622959125
-0.029788617597497038
-0.028179240443636018
-0.03451676782171393
-0.029825243039809622
-0.02934692201480165
-0.030018775217056128
-0.026771573030816773
-0.030865428589165137
-0.030788860987740987
-0.03166653335562107
-0.032159635115292906
-0.03128963777234873
-0.03668282163012777
-0.02846877753288369
-0.03008529469408961
-0.03416736778597724
-0.029946194232554162
-0.026894922539457775
-0.026765193609012545
-0.03104098666254864
-0.031482149276440524
-0.02954522290127475
-0.03217158925492248
-0.03127187351421396
-0.03089366322024735
-0.03085509473683289
-0.02893818792575307
-0.02971064228929413
-0.024536660675014154
-0.03450486303022503
-0.032211412369135
-0.033464806552972265
-0.032232693064763555
-0.028674878429102053
-0.03238263118076253
-0.03328679300430351
-0.02983051829505069
-0.03518510506731103
-0.03188479090532299
-0.03609026330510982
-0.03329456605544945
-0.03711853480763633
-0.03582121179277056
-0.024502182331254722
-0.032557723734007504
-0.03130343254295956
-0.026035996841245506
-0.03252681527497739
-0.04047617405587302
-0.03483621590420572
-0.03324507696375482
-0.03318001305308835
-0.03584886881097279
-0.038319708758088974
-0.02741459619204797
-0.032887817313519044
-0.03328046183450549
-0.032949339807001904
-0.03726107627770204
-0.031807499942354614
-0.041130556661612264
-0.030168210078127762
-0.026328556625715486
-0.030246367238734355
-0.03238890374797769
-0.030202048619337046
-0.03979522020623786
-0.03358671664823939
-0.030357620590322834
-0.035067092345363926
-0.035562673371171555
-0.038793942732844054
-0.037904800745850696
-0.03517134369061192
-0.030755166182382023
-0.033203512413619
-0.028917517323083664
-0.02865597620854766
-0.023194336866378392
-0.030816869693638425
-0.033530788310599385
-0.024514396489174438
-0.01976070640317374
-0.018519465764440034
-0.016543484678026712
-0.013212465950596037
-0.008698143104125044
-0.005020195467794407
-0.009058098447856447
-0.010493279535162943
0.001527254601459022
0.0019590237234555796
0.008406343179469975
0.0014577020718140273
0.002010587655365598
0.002539313811186381
0.0027050357610320388
0.0037726663927574264
0.0011383818809145828
-0.007269028442969463
0.001979246086071207
-0.005225184654250664
0.0005591435945462492
-5.923063744649329e-05
-0.0013615552327307645
0.0033242649143291015
0.009353448146785287
0.00959850617787855
0.013263172840996564
0.007899820250127516
0.011402992770862857
0.007482416814795381
0.01790054884460563
0.012664236266602869
0.009515447681962514
0.01804607396884095
0.013777069299302985
0.01112227103355752
0.004689382558450662
0.003199122219049877
-0.001348301864203921
0.008963145614980227
0.00573078049234508
0.006571318524408252
0.004469313845628024
0.004539201411522507
-0.0008604459569907353
0.0051446761038010935
0.00208605314546867
0.010090853755142366
0.008634006733221225
0.00736883858652087
0.006485985003452584
-0.004621307241928571
7.521581465860863e-05
-0.003754829248432013
-0.0004179969828375445
-0.004671432207351286
-0.0021253523627671367
-0.001696415090314447
0.00134250376020586
-0.001052944022003841
-0.002596276084602379
-0.0009737516248888485
0.002496003032235317
-0.004325802643228357
-0.0003005996758854087
-0.001867762244601622
0.004174681942592642
0.002614159845777734
0.0042266912769862875
0.005427573861275592
-0.0013867331639777403
-0.0034016076317468923
-0.00226412735472283
0.001255703390153117
-0.0017811215506463632
-0.005920448123237677
-0.008581757798934681
-0.013675188528244304
-0.01788856095090937
-0.02090274283324859
-0.023748315864331633
-0.022361682135840152
-0.02990908563415673
-0.018439528126429634
-0.022818705026552345
-0.021137111472242797
-0.021215026190090584
-0.020714382792212244
-0.021007923857779668
-0.021577625824496002
-0.01505905658337877
-0.014859824458143137
-0.007345929365965168
-0.004574348159654295
-0.003007785171911267
0.008385815706716128
0.007850536634833491
0.006452434738188625
0.0016332450272088608
0.0005114345482129757
0.0012514264086600226
0.004402516764166521
0.008367752653796908
0.00483919994371583
0.0011428491554715163
0.0016994844799036002
-0.004572899621952356
-0.005498105058526159
0.004685884431332595
-0.0003833366378369511
0.003427557226568532
0.0005508503417336462
0.0018160577808578147
0.004630554137439952
0.0049821093066707055
0.000413154552357849
0.0029334382287321734
-0.0024782318022569727
-0.003645275761169269
-0.002146942786158197
0.00330622918685899
0.00010646582315148243
0.005566189246919448
-0.0017807805848576587
-0.002698018373843877
-0.0034386294013202447
-0.00043151017046577634
-0.0011925786230272523
0.005799011244696581
-0.0013272087000516164
0.0007774450124021918
-0.0006960789109606515
-0.0022578650534279083
-0.00563728205740799
-0.002212406599063044
-0.0004972793657813028
0.009635820255585023
0.0038409816085354944
-0.001052212243588278
0.002686731728381959
0.0007731615566252654
0.004748343588951519
0.0026710490144522003
0.0056868453935690145
0.003363750755919017
0.006887988660808869
0.0006235034652772273
0.004330154436480731
0.006718777996805272
0.0001154119512777032
0.01693360818568655
0.008193327080751501
0.009404958252853507
0.017929334858456828
0.0232215310588592
0.021692564507284916
0.022700315909432854
0.018633509154544304
0.019777166544779987
0.015156186556661707
0.013272782867398875
0.016576001352993187
0.01611094232883642
0.016535702221089812
0.01459054279490828
0.023122016332970317
0.020042501777777565
0.016359164188351646
0.021202892921457505
0.020199969017212514
0.02445807230207279
0.016021908864370535
0.026252379927423672
0.01921396443783466
0.02255423783579018
0.009011891840169926
0.023506979745849324
0.015551333119443879
0.008855898951892913
0.015406487534088622
0.010279377528387146
0.0151131947037491
0.012822731468398268
0.017783408513452257
0.01925412772424331
0.02114217117617059
0.015756676709253247
0.019628857621358745
0.013284576476408636
0.016634932245011464
0.022112651122459217
0.019280597307845974
0.015436698253139702
0.02092262836817623
0.023935632760165804
0.019061458722417463
0.012396792805652727
0.015537443790062772
0.01675040615808781
0.016257436387365376
0.0156958105034196
0.013720283178324095
0.014500816345244597
0.0135523136034671
0.016104141754121688
0.018380563053120733
0.018532513810787646
0.014562715153643588
0.015292498370624647
0.016507507050283955
0.006813013582098723
0.009715190480937093
0.014071673151573608
0.01526604340779282
0.010347230511768436
0.014391757778322628
0.013291526527952447
0.010843483843593368
0.011886810107915837
0.006142491339005021
0.007675507713983397
0.011795823581490422
0.007047158443188361
0.003407249093143888
0.012817158334102546
0.008363283583139204
0.008000837181791204
0.011485214288170809
0.007572841918794345
0.013378325022908276
0.014371621295238024
0.012254605620820322
0.01390397503779047
0.015338662278896712
0.010446861942107845
0.015635963789152923
0.014034904121806214
0.012770158927621587
0.019435010692591997
0.01858771968295572
0.01868149861375852
0.014723387487649968
0.014072377258920377
0.020744774956431324
0.018683349448813533
0.019727105042552776
0.014537591382842717
0.020676262435384157
0.023719061714603498
0.01727330965679358
0.013966927226300939
0.022486589039831417
0.01625173839046506
0.01941911704617605
0.01814295010042881
0.010104826204869775
0.011388728098842466
0.016049642112153092
0.009731672569804799
0.012978240177429337
0.012924396971146706
0.00840295038934466
0.009916353275224077
0.01895434672166289
0.01885734496625486
0.007270024274991837
0.017571318573781754
0.01451043149784219
0.021337383088990507
0.0122418186304567
0.015004340895932961
0.014758502165498589
0.018833463692476852
0.01995951029547888
0.00780825668496121
0.016470096203517665
0.013902223812116974
0.016187707250701507
0.009815761037198136
0.014271636669712602
0.01753224767643631
0.01923527830423939
0.020628824803237834
0.01693835281088127
0.009928869668201709
0.012317665908199401
0.013102121595724723
0.01531694018471443
0.01614897053751131
0.013494747081074242
0.013250927447307227
0.011938428128298685
0.011806322483309718
0.012548543448059116
0.011111967650247958
0.01526566384588761
0.022021526135156774
0.011181502286796747
0.01720467832387373
0.013939514566496418
0.00995713703954804
0.013565365401774918
0.009583104926957872
0.019950988428043052
-0.0032367452136232043
0.020000431952024438
0.0158917209733322
0.009488383486342454
0.016208427949817025
0.017494439914337082
0.021659231887936285
0.012720258866905036
0.018831552924084338
0.018444000878949398
0.01670807509983786
0.01349412969834808
0.012311428621991461
0.00901832292940991
0.013358521709045905
0.015134152145423428
0.011692924853280747
0.015494016320108087
0.011074904376147469
0.007598232468121875
0.012778432490886558
0.0164274388533191
0.01429781611806053
0.012523889529300926
0.013190594433292487
0.0170718964834341
0.016685328063215783
0.012332995402145663
0.00804720837912376
0.007138728271637917
0.013916647730457718
0.018992965052102722
0.01909175399850595
0.012599921035735324
0.014403911333053665
0.014133947892342923
0.011372938539364226
0.012478961471881588
0.01046607578103067
0.011193691760549162
0.01848647966666959
0.008449603688505003
0.01399932564124704
0.0067243333836929835
0.01011251527250025
0.015426756859912702
0.014087407548683607
0.009941367511498198
0.014550283459235574
0.007537239863442986
0.010363142389387413
0.01055464386411454
0.008343066489773423
0.007383716411736564
0.006593862201608824
0.010045471835622015
0.014928049037190676
0.014344764565629166
0.012788263148348127
0.012436464848536912
0.015792087493873952
0.009023718454323797
0.010683870506075837
0.01598115626036084
0.015199807739155006
0.014263361107647863
0.011757352152300754
0.0168078148755337
0.014710754346705988
0.012404621298744634
0.010964012848242282
0.011329263230390862
0.012153516489107717
0.008502075300856891
0.006166112261537312
0.01480978026805094
0.018986642994083595
0.017625253216636907
0.011441298942564333
0.010984324609965656
0.007440119308056496
0.016406277020189843
0.013117828460806124
0.015945863284954145
0.014263504315050616
0.015440351818703776
0.006015590037826124
0.011080199991704516
-1.0
-1.0
-1.0
-1.0
-1.0
-1.0
0.011594189940717824
0.00838592615079791
0.015426159325983865
0.015017939018439308
0.0040763149795985465
0.017285950825753762
0.010199314210969635
0.013339382953755622
0.009722100283389998
0.016461141661799905
0.014574929625389144
0.012994760099892935
0.009189603740896127
0.014664686280333463
0.015167989462711282
0.013253137385200859
0.01253831534611637
0.014550715661811464
0.019396485635029295
0.013232213800997424
0.01494561316411459
0.011609599500752398
0.010084031831685871
0.013722452306780618
0.012044107894042358
0.018696129027317737
0.008291266880229449
0.005088316926976524
0.00227876548780382
0.009773124989114068
0.01647011738661991
0.012372414832379103
0.0156498024777188
0.013552069487857895
0.013301892740050914
0.006976161499806272
0.01915796950718075
0.014548532362181456
0.011158164897087144
0.006068163489668846
0.011603985669428047
0.01095273164796882
0.021300474668189233
0.0140974919126524
0.01768383117864291
0.010930146849783431
0.01329014789737998
0.014480032680809898
0.009994539627406892
0.015596612139938524
0.01349529441647726
0.01567294642706396
0.021371762156766675
0.01455654540694249
0.02538157977049303
0.01480966234686683
0.006706766579894774
0.009758461861237957
0.006866349865308202
0.01685226290774615
0.009588900535643813
0.008424877869320604
0.008123824923518678
0.010563984774956587
0.015199385563874759
0.014718504255743173
0.023562229155800998
0.015783068756435713
0.00954298446639243
0.0161608299517619
0.012382088324065753
0.013250703181161349
0.015264581784481503
0.004738426493288512
0.013072642425850663
0.011806781075150503
0.015897148411208692
0.013930811388289423
0.015008652724046515
0.013080674206711381
0.014007109772186666
0.015098382324918974
0.014673451265864107
0.005500179571564749
0.0026396108700782986
0.013425780745246666
0.009670168784416117
0.006307217760188346
0.00843340189434515
0.013671045224509478
0.013933105703887139
0.011388843394575786
0.015334590631094219
0.010316624310119064
0.00820707641715321
0.009134106256045608
0.011359266471357592
0.009241343727967274
0.008362193221820288
0.013516725350834069
0.012759961165941443
0.013432147046125805
0.014674200146908541
0.010686558220321385
0.014587416716119633
0.015500535958316861
0.016828874070260156
0.015791737206603165
0.016428174337110007
0.013550035077067984
0.01651127781362855
0.021638026101268453
0.008554725193214669
0.013261066004162715
0.013020544046193133
0.01708200718791975
0.010516767920663311
0.013104129180147714
0.009364197269735273
0.013633424681625933
0.022235685384336158
0.016565293348665112
0.009437046848931386
0.014457501745522386
0.012945055396884399
0.013180759292852933
0.007000058580549918
0.007412500476107569
-1.0
0.006779769474236991
0.011418322728677092
0.005546222132809677
0.007113683742027799
0.009728871285681921
0.006981477337991544
0.005711561030331485
0.00492817034942854
0.004990437492644886
0.006994918398215305
0.006941030041939282
0.013876122345626636
0.010149400829084337
0.010896414843677859
0.0069963627365531855
0.012011028431422741
0.007841540732399052
0.004502558701061411
0.005888990453618591
0.007802853515431054
0.00961852792665533
0.00809845481460606
0.005484520261866318
-0.001985558682701745
-1.0
-1.0
-0.004842808386619159
-0.007347114146956442
-0.004417601794534016
-0.005828931574864704
-0.001681983208596353
0.0050247412321296585
0.0005983947466403034
0.004432613969378691
0.000136892840272201
0.0009311204229578167
-0.0035048126883441564
-0.008740019474058003
-0.0083965460430856
-0.006243459520043442
-0.012800036097425808
-1.0
-0.007656641660047614
-1.0
-0.007075558190634357
-0.012014291621592803
-0.006594236500823183
-0.008752354327831651
-1.0
-1.0
-0.010566823345391314
-0.008857425070971868
-0.011273036540989895
-0.011526348144183234
-1.0
-1.0
-0.01164204301077881
-0.010517260863294055
-0.011511033946951306
-0.01140622472941534
-0.007756327999041373
-1.0
-0.00919113236957916
-0.00843771640289733
-0.008945433965373678
-1.0
-1.0
-0.01385614374064826
-1.0
-1.0
-0.015119446572537736
-1.0
-0.010630410159487107
-1.0
-0.0106122908343681
-0.00636790354589506
-0.012850576061440008
0.0004405224726883643
-0.0065379863013622945
-0.0030403541130009006
-0.007500730332580036
0.0026154053003870728
-0.007192272377070753
-0.006195236831270525
-1.0
0.002103088814218276
-0.0007709818867463838
-1.0
6.629330565077743e-05
0.0006819165855889115
0.0010802754796860252
0.0019471668133687395
0.004032087358520129
0.0084553577271846
0.009807365132540453
0.002934213113527532
0.005783390665896014
0.006005132418330349
0.00315838964803466
-1.0
0.011759300744766997
0.010921606548935321
0.00885410885006836
0.011089286846557246
0.007254478636433232
0.008311803977138411
0.014862326818031648
0.008573523529681791
0.007118183487822759
-1.0
-1.0
0.01386119155455028
0.008546051846122766
0.011669293932303712
0.01574573127743345
0.013120567840555803
0.01615049806116072
0.012188181224206176
0.010378414590773764
0.011631170199830431
0.017034395118936292
0.009268245740503377
0.01822608834610231
0.00993735762164953
0.009514420410787485
0.018747358681970604
0.00729707193945005
0.012377673769058104
0.009712940236704229
0.017171454714179243
0.013520389912014706
0.013255586984354202
0.013822754691092808
0.02021501480381829
0.013332229654363937
0.01043530746347319
0.014936800643804342
0.015119787843294196
0.01066629348408531
0.00915579407000365
0.012800374205390248
0.01121517585177692
0.017887343845398966
0.010190950911005836
0.0108310757919818
0.016302811200139072
0.013317615424200615
0.012110873453084824
0.008726008314790852
0.009246238023983116
0.009667195970457327
0.009493319177714041
-1.0
0.010705463981947818
0.009341516857681153
0.01173973401266753
0.008420848971770622
0.010024092517486094
0.014848624060586025
0.011612175189303162
0.008880184606866091
0.00977135850891697
0.011028916580986982
0.0016815186355212286
0.0032583528274073635
0.004351568694281663
0.0059915915520807736
0.0016606566398162017
0.002028940006819964
0.004613004983878437
-0.0014851696062857908
-1.0
-0.0030159819758213626
-0.0022448248068302396
-0.006530170195504926
-0.006380431229828253
-0.009287021114303273
-0.004955087105659211
-1.0
-0.011626764975072914
-0.008783385746432792
-0.008062060520926062
-1.0
-1.0
-1.0
-1.0
-1.0
-1.0
-1.0
-1.0
-1.0
-1.0
-1.0
