-1.0
-1.0
-1.0
-1.0
-1.0
-1.0
-1.0
-1.0
-1.0
-1.0
-1.0
-1.0
-1.0
-1.0
-1.0
-1.0
-1.0
-1.0
-1.0
-1.0
-1.0
-1.0
-1.0
-1.0
-1.0
-1.0
-1.0
-1.0
-1.0
-1.0
-1.0
-1.0
-1.0
-1.0
-1.0
-1.0
-1.0
-1.0
-1.0
-1.0
-1.0
-1.0
-1.0
-1.0
-1.0
-1.0
-1.0
-1.0
-1.0
-1.0
-1.0
-1.0
-1.0
-1.0
-1.0
-1.0
-1.0
-1.0
-1.0
-1.0
-1.0
-1.0
-1.0
-1.0
-1.0
-1.0
-1.0
-1.0
-1.0
-1.0
-1.0
-1.0
-1.0
-1.0
-1.0
-1.0
-1.0
-1.0
-1.0
-1.0
-1.0
-1.0
-1.0
-1.0
-1.0
-1.0
-1.0
-1.0
-1.0
-1.0
-1.0
-1.0
-1.0
-1.0
-1.0
-1.0
-1.0
-1.0
-1.0
-1.0
-1.0
-1.0
-1.0
-1.0
-1.0
-1.0
-1.0
-1.0
-1.0
-1.0
-1.0
-1.0
-1.0
-1.0
-1.0
-1.0
-1.0
-1.0
-1.0
-1.0
-1.0
-1.0
-1.0
-1.0
-1.0
-1.0
-1.0
-1.0
-1.0
-1.0
-1.0
-1.0
-1.0
-1.0
-1.0
-1.0
-1.0
-1.0
-1.0
-1.0
-1.0
-1.0
-1.0
-1.0
-1.0
-1.0
-1.0
-1.0
-1.0
-1.0
-1.0
-1.0
-1.0
-1.0
-1.0
-1.0
-1.0
-1.0
-1.0
-1.0
-1.0
-1.0
-1.0
-1.0
-1.0
-1.0
-1.0
-1.0
-1.0
-1.0
-1.0
-1.0
-1.0
-1.0
-1.0
-1.0
-1.0
-1.0
-1.0
-1.0
-1.0
-1.0
-1.0
-1.0
-1.0
-1.0
-1.0
-1.0
-1.0
-1.0
-1.0
-1.0
-1.0
-1.0
-1.0
-1.0
-1.0
-1.0
-1.0
-1.0
-1.0
-1.0
-1.0
-1.0
-1.0
-1.0
-1.0
-1.0
-1.0
-1.0
-1.0
-1.0
-1.0
-1.0
-1.0
-1.0
-1.0
-1.0
-1.0
-1.0
-1.0
-1.0
-1.0
-1.0
-1.0
-1.0
-1.0
-1.0
-1.0
-1.0
-1.0
-1.0
-1.0
-1.0
-1.0
-1.0
-1.0
-1.0
-1.0
-1.0
-1.0
-1.0
-1.0
-1.0
-1.0
-1.0
-1.0
-1.0
-1.0
-1.0
-1.0
-1.0
-1.0
-1.0
-1.0
-1.0
-1.0
-1.0
-1.0
-1.0
-1.0
-1.0
-1.0
-1.0
-1.0
-1.0
-1.0
-1.0
-1.0
-1.0
-1.0
-1.0
-1.0
-1.0
-1.0
-1.0
-1.0
-1.0
-1.0
-1.0
-1.0
-1.0
-1.0
-1.0
-1.0
-1.0
-1.0
-1.0
-1.0
-1.0
-1.0
-1.0
-1.0
-1.0
-1.0
-1.0
-1.0
-1.0
-1.0
-1.0
-1.0
-1.0
-1.0
-1.0
-1.0
-1.0
-1.0
-1.0
-1.0
-1.0
-1.0
-1.0
-1.0
-1.0
-1.0
-1.0
-1.0
-1.0
-1.0
-1.0
-1.0
-1.0
-1.0
-1.0
-1.0
-1.0
-1.0
-1.0
-1.0
-1.0
-1.0
-1.0
-1.0
-1.0
-1.0
-1.0
-1.0
-1.0
-1.0
-1.0
-1.0
-1.0
-1.0
-1.0
-1.0
-1.0
-1.0
-1.0
-1.0
-1.0
-1.0
-1.0
-1.0
-1.0
-1.0
-1.0
-1.0
-1.0
-1.0
-1.0
-1.0
-1.0
-1.0
-1.0
-1.0
-1.0
-1.0
-1.0
-1.0
-1.0
-1.0
-1.0
-1.0
-1.0
-1.0
-1.0
-1.0
-1.0
-1.0
-1.0
-1.0
-1.0
-1.0
-1.0
-1.0
-1.0
-1.0
-1.0
-1.0
-1.0
-1.0
-1.0
-1.0
-1.0
-1.0
-1.0
-1.0
-1.0
-1.0
-1.0
-1.0
-1.0
-1.0
-1.0
-1.0
-1.0
-1.0
-1.0
-1.0
-1.0
-1.0
-1.0
-1.0
-1.0
-1.0
-1.0
-1.0
-1.0
-1.0
-1.0
-1.0
-1.0
-1.0
-1.0
-1.0
-1.0
-1.0
-1.0
-1.0
-1.0
-1.0
-1.0
-1.0
-1.0
-1.0
-1.0
-1.0
-1.0
-1.0
-1.0
-1.0
-1.0
-1.0
-1.0
-1.0
-1.0
-1.0
-1.0
-1.0
-1.0
-1.0
-1.0
-1.0
-1.0
-1.0
-1.0
-1.0
-1.0
-1.0
-1.0
-1.0
-1.0
-1.0
-1.0
-1.0
-1.0
-1.0
-1.0
-1.0
-1.0
-1.0
-1.0
-1.0
-1.0
-1.0
-1.0
-1.0
-1.0
-1.0
-1.0
-1.0
-1.0
-1.0
-1.0
-1.0
-1.0
-1.0
-1.0
-1.0
-1.0
-1.0
-1.0
-1.0
-1.0
-1.0
-1.0
-1.0
-1.0
-1.0
-1.0
-1.0
-1.0
-1.0
-1.0
-1.0
-1.0
-1.0
-1.0
-1.0
-1.0
-1.0
-1.0
-1.0
-1.0
-1.0
-1.0
-1.0
-1.0
-1.0
-1.0
-1.0
-1.0
-1.0
-1.0
-1.0
-1.0
-1.0
-1.0
-1.0
-1.0
-1.0
-1.0
-1.0
-1.0
-1.0
-1.0
-1.0
-1.0
-1.0
-1.0
-1.0
-1.0
-1.0
-1.0
-1.0
-1.0
-1.0
-1.0
-1.0
-1.0
-1.0
-1.0
-1.0
-1.0
-1.0
-1.0
-1.0
-1.0
-1.0
-1.0
-1.0
-1.0
-1.0
-1.0
-1.0
-1.0
-1.0
-1.0
-1.0
-1.0
-1.0
-1.0
-1.0
-1.0
-1.0
-1.0
-1.0
-1.0
-1.0
-1.0
-1.0
-1.0
-1.0
-1.0
-1.0
-1.0
-1.0
-1.0
-1.0
-1.0
-1.0
-1.0
-1.0
-1.0
-1.0
-1.0
-1.0
-1.0
-1.0
-1.0
-1.0
-1.0
-1.0
-1.0
-1.0
-1.0
-1.0
-1.0
-1.0
-1.0
-1.0
-1.0
-1.0
-1.0
-1.0
-1.0
-1.0
-1.0
-1.0
-1.0
-1.0
-1.0
-1.0
-1.0
-1.0
-1.0
-1.0
-1.0
-1.0
-1.0
-1.0
-1.0
-1.0
-1.0
-1.0
-1.0
-1.0
-1.0
-1.0
-1.0
-1.0
-1.0
-1.0
-1.0
-1.0
-1.0
-1.0
-1.0
-1.0
-1.0
-1.0
-1.0
-1.0
-1.0
-1.0
-1.0
-1.0
-1.0
-1.0
-1.0
-1.0
-1.0
-1.0
-1.0
-1.0
-1.0
-1.0
-1.0
-1.0
-1.0
-1.0
-1.0
-1.0
-1.0
-1.0
-1.0
-1.0
-1.0
-1.0
-1.0
-1.0
-1.0
-1.0
-1.0
-1.0
-1.0
-1.0
-1.0
-1.0
-1.0
-1.0
-1.0
-1.0
-1.0
-1.0
-1.0
-1.0
-1.0
-1.0
-1.0
-1.0
-1.0
-1.0
-1.0
-1.0
-1.0
-1.0
-1.0
-1.0
-1.0
-1.0
-1.0
-1.0
-1.0
-1.0
-1.0
-1.0
-1.0
-1.0
-1.0
-1.0
-1.0
-1.0
-1.0
-1.0
-1.0
-1.0
-1.0
-1.0
-1.0
-1.0
-1.0
-1.0
-1.0
-1.0
-1.0
-1.0
-1.0
-1.0
-1.0
-1.0
-1.0
-1.0
-1.0
-1.0
-1.0
-1.0
-1.0
-1.0
-1.0
-1.0
-1.0
-1.0
-1.0
-1.0
-1.0
-1.0
-1.0
-1.0
-1.0
-1.0
-1.0
-1.0
-1.0
-1.0
-1.0
-1.0
-1.0
-1.0
-1.0
-1.0
-1.0
-1.0
-1.0
-1.0
-1.0
-1.0
-1.0
-1.0
-1.0
-1.0
-1.0
-1.0
-1.0
-1.0
-1.0
-1.0
-1.0
-1.0
-1.0
-1.0
-1.0
-1.0
-1.0
-1.0
-1.0
-1.0
-1.0
-1.0
-1.0
-1.0
-1.0
-1.0
-1.0
-1.0
-1.0
-1.0
-1.0
-1.0
-1.0
-1.0
-1.0
-1.0
-1.0
-1.0
-1.0
-1.0
-1.0
-1.0
-1.0
-1.0
0.023871784560326115
0.023837536196692998
0.01647549118943709
-1.0
-1.0
-1.0
-1.0
-1.0
-1.0
-1.0
-1.0
-1.0
0.007373976316439563
-1.0
-1.0
-1.0
-1.0
-1.0
-1.0
-1.0
-1.0
-1.0
-1.0
-1.0
-1.0
-1.0
-1.0
-1.0
-1.0
-1.0
-1.0
-1.0
-1.0
-1.0
-1.0
-1.0
-1.0
-1.0
-1.0
-1.0
-1.0
-1.0
-1.0
-1.0
-1.0
-1.0
-1.0
-1.0
-1.0
-1.0
-1.0
-1.0
-1.0
-1.0
-1.0
-1.0
-1.0
-1.0
-1.0
-1.0
-1.0
-1.0
-1.0
-1.0
-1.0
-1.0
-1.0
-1.0
-1.0
-1.0
-1.0
0.017132431561265007
-1.0
0.01843103958943155
-1.0
0.01675621233158534
0.010632744163198688
0.010738843831361955
0.012089647992163157
0.006099112786419833
0.016932447926093223
-1.0
-1.0
-1.0
-1.0
-1.0
-1.0
-1.0
0.023305718573144837
0.021278518781206242
0.019003704753747023
0.006594650394971558
0.009734185592544973
0.004714299154189386
0.0035915835877719238
0.00197924799780215
-0.002911450853059795
0.0005448816730254978
-0.00012671484006734378
-0.0014999028631376243
0.004370143792867041
0.0004356810727042496
-1.0
-1.0
-1.0
-1.0
-1.0
-1.0
-1.0
-1.0
-1.0
-1.0
-1.0
-1.0
-1.0
-1.0
-1.0
-1.0
-1.0
-1.0
-1.0
-1.0
-1.0
-1.0
-1.0
-1.0
0.020314524938801325
-1.0
-1.0
0.025051883200243104
-1.0
0.022051524676973557
0.029036623874144196
0.030135764268869904
0.02303026575564655
-1.0
-1.0
-1.0
0.02092599354487045
0.027348332847879384
0.024319094456905922
0.0217305599229933
0.02365710073716545
0.024875562264426263
0.02479321839354357
0.023781207219526354
0.013448293030583926
0.024156296606584762
-1.0
-1.0
0.02647749018221519
-1.0
-1.0
-1.0
-1.0
-1.0
-1.0
-1.0
-1.0
-1.0
-1.0
-1.0
-1.0
-1.0
-1.0
-1.0
-1.0
-1.0
-1.0
-1.0
-1.0
0.024710591534003488
0.023610785365126046
0.02385139616247664
0.024171497872538916
-1.0
-1.0
0.021470659299590862
0.025149059740758185
-1.0
0.022129879207028417
0.013134626956253033
0.0216343061814659
0.01798125563092198
0.02026436024421907
0.02076623335956231
0.022089328312705964
0.022583359098429085
0.021403313490283328
0.01910558687562316
0.01756652176902483
0.02191627278494674
0.02537722857024418
0.023969047967313476
0.020714667778647503
0.01718298240907171
0.01905849270635965
0.021070804194951498
0.025505511840441253
0.014288348584094576
0.0210756492908086
0.01450950107334415
0.008686882993895242
0.012136571529531879
0.01574781238233256
0.014705149411486035
0.01877807984740203
0.02162160879266891
0.02160279910319538
0.02032263101478747
0.024569787965376903
0.023877113106677474
0.02489622828928426
0.025659124103681655
0.016805177816952004
0.025544056104721057
0.01480792036171231
0.023160149662720092
0.02046770446518442
-1.0
0.026625084311304927
0.015314541143311359
0.022360222720422377
0.027040329138776992
0.018876435014825364
0.02518091722650277
0.018426563535888438
0.024535327144971884
0.019109724804099604
0.019361508209855993
0.024932248258162933
0.029304954260074713
0.023827946142757548
0.02397702813787346
0.022494123989073387
0.026329373646632855
0.027664190655404614
0.019485267983829803
0.025974635133260083
0.02506543179470204
-1.0
0.02542967921451508
0.024181647616744
0.019529550978271845
0.022849910203957966
0.0208116788734233
0.028163900004785646
0.027773152562206624
0.02256389313397043
0.02874901277849527
0.027269430977415382
0.023409204919909186
-1.0
0.02103161067304932
0.02226348406346527
0.021637199893563632
0.023017777964409913
0.023272466965791754
0.024218633797397946
0.020328712295124413
0.024484660183354566
0.02683460162231031
0.027830713215260088
0.019570323607893743
0.023750903363841697
0.027893794055085398
0.01991473371988108
0.024448804724227984
0.023920162860746608
0.027731419372388665
0.02247668576232075
0.024980624385441387
0.01771492057592131
0.027479361078386097
0.024604815472836022
-1.0
0.026692650109066178
0.02893468160046662
0.028384505030262446
0.027794126042729343
-1.0
0.022718121208118842
0.024891916345539708
0.02503661916472668
0.021850042253527716
0.02206354089656351
0.024272588132470636
0.022225995261080076
0.02837294719921504
0.027129880898178624
0.027752270504532255
0.021193139894269287
-1.0
0.02802398317059612
0.029669398008919785
0.021281848555789372
0.02121280810112353
0.024904410654588968
-1.0
0.02084292340129359
-1.0
0.020891340779403036
0.028891996896416642
0.023232172108447476
0.02906278861829655
0.025674334647425055
0.02891726821692578
0.034137394081730735
0.02144227311157506
0.022108961360806555
0.021659228011057765
0.01466358071618333
0.013150663003062281
0.012874112960166086
0.01929655819617589
0.0052036947399300435
-1.0
0.01271587990074895
0.019879240376652393
-1.0
-1.0
-1.0
-1.0
-1.0
-1.0
-1.0
-1.0
-1.0
-1.0
-1.0
-1.0
-1.0
-1.0
-1.0
-1.0
-1.0
-1.0
-1.0
-1.0
-1.0
-1.0
-1.0
0.02007190134317894
0.02235941646938916
-1.0
-1.0
-1.0
0.026090301290425236
0.021488261956990516
0.02681228331471384
0.027219149926870773
0.02326829088552447
0.02752645255537432
0.02242436395042715
0.019626938301366397
0.027794204569381628
0.03267562710878652
0.023607748595063042
0.025187025030294057
0.02965385036179843
0.02954402609592606
0.017282138987061362
0.024413744142675428
0.029368598685768375
0.022280553030587846
0.02213800868144967
0.029300687512016196
0.020412203926771587
0.024851050473501123
0.031041814057590322
0.02388048738905996
0.021778917811944187
0.02587121912510135
0.022865512438146902
0.021853859850895167
0.023183667579013724
0.010502060042650432
0.004444448284637644
-0.0005646535884762956
0.0020507252903904445
0.0011196027785029604
-0.002313928661019952
-0.0036629034447727797
-0.0015155600881925592
0.00026565572714508606
-0.0018251050237625553
-0.0015864706517605862
-0.002004159997670558
0.0055944686799249965
0.0050792227445573485
0.016600487187615986
0.004887977556259013
0.009946485086747031
-1.0
-1.0
-1.0
-1.0
-1.0
-1.0
-1.0
-1.0
-1.0
-1.0
-1.0
-1.0
-1.0
-1.0
-1.0
-1.0
-1.0
-1.0
-1.0
-1.0
-1.0
-1.0
-1.0
0.008511495090406251
-1.0
-1.0
-1.0
-1.0
-1.0
-1.0
0.010915244341591468
0.013047239170630545
0.008178766209696228
0.0048919274054896765
0.00036666756909601943
0.006230831527549523
0.0006266623537837824
0.003441075981167879
0.0044368033097406286
0.008304238390003936
0.01128098792261918
0.006892021456159786
0.004659020284047023
0.007770848792269116
0.010799116113806915
0.008613163064092412
0.014507240022014466
0.010787226944969332
0.00787582685005527
0.011609942598279592
0.002590187790246649
0.0025536263341381154
0.0023062193971929083
0.006382692015942599
0.004864286567857754
0.00618459107096923
0.016996375521140732
0.01950108509837175
0.028764301582975053
0.027337628133265256
-1.0
-1.0
-1.0
-1.0
-1.0
-1.0
-1.0
0.031559684251344845
0.033563635909154343
0.03240823940101238
0.02785688038705893
0.02853142656708209
0.03327634633247068
0.03653634806793293
0.03220653068726389
0.03501480123513194
0.0292163922286839
0.03365476855056989
-1.0
-1.0
0.03187611357572506
0.03799306447142982
-1.0
-1.0
-1.0
-1.0
-1.0
-1.0
-1.0
-1.0
-1.0
-1.0
-1.0
-1.0
-1.0
-1.0
-1.0
-1.0
-1.0
-1.0
-1.0
-1.0
-0.0009704789167304935
0.0039395511509183806
-1.0
0.0011575470758787903
0.0021778958645561584
0.0007362429678625834
0.0026760756349386255
-0.000318850419920244
-0.0019363262967668
-0.005050290496365317
0.0016122416112328672
0.0018164091397457082
0.0005332469724706203
0.0008193094454285261
0.004591039373024136
-0.004096097202062158
-0.0060352423174523055
-0.002755622026466933
-0.0044636628786956685
0.0007630696379894528
-0.004809000967915544
-0.008130792328927782
-0.004401464940039158
-0.00040953705375299475
-1.0
-0.0031535134394051548
-0.002603947270362534
0.0030753351197222757
0.0008140341004696904
-0.00026528066579875284
0.0005327887549409619
0.0001672432011753881
-0.004091156791014829
-0.00029590250959768454
0.006989632113206704
0.00018338935989076682
0.0031765378978714193
0.008741535797075326
-0.001600930086770404
0.00011074208771079038
0.0034578949211629996
0.006825172662718808
0.00479355185761984
0.002522063600819587
0.005414391821937562
0.003148067739854812
-0.001969408248099193
0.00047742068396256914
0.003082504295044094
0.0001662247943829408
-0.0004474019266387219
0.004543844624335556
0.003903410090804552
-6.972451392250428e-05
-0.0033800822560644227
-0.0062500918394471265
-0.008801130681418341
-0.004221730442069136
-0.010788413949043526
-0.007650964308166174
-0.006467767597089386
-0.009481675798041767
-0.011144101392571928
-0.012834263221491471
-0.016487917367083813
-0.013148801534630883
-0.011561569160992258
-0.014190604697504671
-0.015242409821225433
-0.009999965569925153
-1.0
-1.0
-0.0023727032463384205
0.00240903802483151
0.002222609431985109
-0.003148787342569749
-1.0
-1.0
-0.0024708199713679123
-0.002605715128402717
-0.0008497132439539097
-0.0005139750405139031
-0.0007200234981477798
0.0050658920066683965
-0.00035963039514463283
0.002625580482700186
-0.001568863820015896
-0.0015678673790930427
0.0013768223058879831
-0.00611457940714081
-0.0032163543450669284
-0.0020194071023105276
-0.0008089216343613072
-0.001617716569769722
0.006755731535757214
0.011794213159217228
0.0059958072110353755
0.013711479662749843
0.02002532931013935
0.015427141085240651
0.020163908662092545
0.01874694223150187
0.021424229317432587
0.018069896813091513
0.020589049111167802
0.013347231942892088
0.02034835250084677
0.018895185914734935
0.015617175674381735
0.01828661192614977
0.016408728675941266
0.015056579525102535
0.013060928921388437
0.017865724168674265
0.01198705829606127
0.010806298218469169
0.005651246722981609
0.01321593723559123
0.016253260555571553
0.018315772122536413
0.014873242611398801
0.014745827946668432
0.016456279197982447
0.015384814881550194
0.014509460606915483
0.014305498846895135
0.014281421884409111
0.016860864687794616
0.016246542014372173
0.017859016073625764
0.012159107429756018
0.02019986482770233
0.019862909167890283
0.017902516722959273
0.015988796929712244
0.019837619987603743
0.017466097961384503
0.020111096411239104
0.011489250937307585
0.013875188716328552
0.014992249883422591
0.015715912755421408
0.01698571461588232
0.021944060229758065
0.02051131861539663
0.01580856550915764
0.01815244457555483
0.01758565086078107
0.014786066282611744
0.009593674220773262
0.010819620557314611
0.011001992945740346
0.011127031184417827
0.01376290103797551
0.01435903060051513
0.017069142199890464
0.017476769847308078
0.013380159771724453
0.013567941132698083
0.010751351469478013
0.00966699199264812
0.014372748147210552
0.01750522641446825
0.02343801885034151
0.01443354818726177
0.019900091579984732
0.0174295252978093
0.01791360814976833
0.013923317410906046
0.01814313081599065
0.018048540585423867
0.018272701557558
0.018892517549624982
0.018677839513472495
0.021693197531075147
0.02029652939798497
0.014112888876752732
0.012677805866698063
0.014074671209124052
0.012752949933514099
0.025164404955133817
0.023826542791123076
0.02239599627265203
0.029841399142902802
0.024786035686254208
0.030801277283449696
0.027976181807511883
0.019253683515838466
0.027095194885274683
0.02686264689469556
-1.0
0.026090039334296468
0.031072221636709734
-1.0
0.03500484932177557
0.03007614022313774
0.03054358077041103
0.03159250607453257
0.029294838726837778
0.030887507800073308
0.02837796832021126
0.025907721378803362
0.03240896740687115
0.02638856436707118
0.03041686598243248
0.020677558290269498
0.02970419128738712
0.022512294637585455
0.022331723010700612
0.025420926082155418
0.02120545026983601
0.01706109602619714
0.01455168528596329
0.010200317555834431
0.0039016088799197365
-0.0005902340497005866
-0.0018426060472615331
-0.0011520469244526957
0.0006582893845987421
-0.003561529364437996
-0.001548796134502382
0.0009078665460842621
0.000359266216603289
-0.004033118378703703
-0.006904419259439796
-0.0077635535482216715
-0.004213015059827796
-0.004749213002827347
-0.0005814982137247762
0.00407672825828797
0.0013020003771920495
0.005414139041990239
-0.001502742975851337
-0.007601283378301994
-0.003385390576303423
-0.0031485056855260827
-0.0025409889243425887
-0.0038534443971589014
-0.0038032531410712306
-0.0015041566791093824
-0.007020105479756806
-0.002506291343193759
-0.007544420823568051
-0.0074503884372092355
-0.006227235113431339
-0.005078207572137477
-0.004189512964478673
-0.011790507405966
-0.007586554121075921
-0.011936664701553988
-0.007621895618314577
-0.006167255783404697
-0.011061966865342087
-0.007799947566141287
-0.007880797427244174
-0.00865774236372528
-0.008471782686530786
-0.004858750812984878
-0.0061371848606318795
-0.012519079040212554
-0.013288353220486215
-1.0
-1.0
-0.010151080804153131
-0.012414816399421996
-0.015980559346052102
-0.012528001237428373
-0.010142002439828898
-0.013493669559469195
-0.009531858971147864
-0.014647546483446948
-0.008381259438401187
-0.010789279018852587
-0.014108486034277902
-0.010483362228355985
-0.01106606537256469
-0.009971470360903066
-1.0
-1.0
-0.013245216890140125
-0.017527947850833295
-0.010039634856506321
-0.012930595982274945
-0.014731890981397799
-0.01427573349791837
-0.013182966049381373
-0.01810591608360205
-0.015437065346356117
-0.0173627851854953
-0.016936473815448407
-0.022895537626912203
-0.021255574193418763
-0.02183087588390297
-0.021928243386217253
-0.019246882273218198
-0.021140072266496873
-0.02383637811916602
-0.02282611488247394
-1.0
-0.02314913024827107
-0.017673421716786524
-0.021890737210799167
-0.025186406887139894
-0.019138298713254887
-0.027660686016536658
-0.0193423362388024
-0.022420333432823996
-1.0
-0.023772544163706825
-0.026904310264765217
-0.024986133824698078
-1.0
-0.024165664593759656
-0.026647735003352088
-0.021801139440505587
-0.027813857123641456
-0.024410384493312835
-1.0
-0.021770682506221353
-0.025727767530781105
-0.021458326361574163
-0.022439522986485928
-0.02486811866891408
-0.02262571263071938
-0.02413585977087975
-0.02323600697433442
-1.0
-0.0187108915381783
-0.025183990920058515
-0.02593749554272396
-0.023546467394575634
-0.021744673526753633
-0.023200445112085112
-0.023172857528029805
-0.01962052676358971
-0.02392459823660043
-0.01879072874764872
-0.017786235756610314
-0.022824749947586733
-0.02689753144179032
-0.024239939950454086
-0.019118383600406692
-0.0224001024412707
-0.024037856939199263
-0.02433641884330908
-0.018816285968736763
-0.01993090990664004
-0.022007623688222802
-0.023597373269871838
-0.019873451222878223
-0.015906434029893245
-0.025187336993839366
-0.020959438583172132
-0.0222512109634967
-0.025750131517862186
-0.025172081127689434
-0.024997852425689852
-0.020249566507304542
-0.020074557106588477
-0.020460127168836488
-0.025047341593226028
-0.020102787423059085
-0.0257940614622459
-0.023580254294807347
-0.019667469517957777
-1.0
-1.0
-0.021675236105285284
-0.022125077884848823
-0.018729653665794783
-0.018933233720189818
-1.0
-1.0
-0.02262181473420704
-0.021014741822065496
-0.019470156206699493
-1.0
-1.0
-1.0
-0.0202218292866396
-0.020160850499041115
-0.023563606502620474
-0.025225464147563638
-0.021002516936032965
-0.017386476985081615
-0.023214890113223082
-0.022519819280208006
-0.020693898736195693
-0.019103125390057426
-0.020132681798630224
-0.018064324070178463
-0.021395408780366845
-0.01714262701364862
-0.02003286239602479
-0.025582566817229615
-0.022585606203514515
-0.026959035516263306
-0.025651051389773943
-0.02169369648584183
-0.020958522106565174
-0.02511549198244056
-0.02291591416662356
-1.0
-0.021204547745488325
-0.024542554797497954
-0.019037191162981554
-0.02477556998643486
-0.020881003617703644
-0.020265354217906872
-0.022061156728220097
-0.02194121204088414
-0.021893837665600095
-0.02338497288734451
-0.022851640557791413
-0.0189962541448901
-0.017797268985873135
-0.018802978814351178
-0.018039860693597344
-0.023665627784735317
-0.024207190610578886
-0.025381550270818575
-0.02235822683685431
-0.02521999726905723
-0.019053368322582434
-0.0254291992972274
-1.0
-0.025788330361282724
-0.02540799364370337
-0.028543860649862356
-0.028084227406517986
-0.02085527966564214
-0.020680111036431602
-0.024573499093200602
-0.021038112489626108
-0.027068934674860382
-0.028345798106763992
-0.019686772595342805
-1.0
-1.0
-1.0
-1.0
-1.0
-1.0
-1.0
-0.02501828538990473
-0.02833129733280737
-0.025974392928375462
-0.02646098489629842
-0.01872633211976379
-0.01998437396197943
-0.024359378041046802
-1.0
-0.02284222287644941
-0.0189210361532473
-1.0
-0.025347217158436755
-0.023342278586956176
-0.022441222220510572
-0.020671277618470357
-0.022355942837419648
-0.022408578501661926
-0.02378069039514605
-0.02517424027643602
-0.019183224625862482
-0.021296623575340144
-0.021871764925052647
-0.023085334596005567
-0.020157335523883005
-0.022311711326890065
-0.019534633265672865
-0.014100656025226145
-0.02550017423929128
-0.02518568865714416
-0.02345737670284683
-0.024500153793744723
-0.023531017420943316
-0.028974349036364932
-0.019716749631464695
-0.018556020638108676
-0.020917710063689286
-0.020672792702588837
-0.019713131080823374
-0.016879501880981505
-1.0
-0.010694372640536676
-0.01879825752872513
-0.014568583306651216
-0.011946456248464396
-0.005755256250194709
-0.009102235631168592
-0.008542981315830573
-0.012185427117562386
-0.009811997817236342
-0.010835317250871335
-0.007379892544385364
-0.011049325257183362
-1.0
-1.0
-0.006598304279307415
-1.0
-0.011426465894322436
-1.0
-1.0
-0.0011363236349614641
-0.002429750169794961
-3.6777821684607965e-05
-0.0008783308998079216
0.0037462843253705446
0.006327714986448963
0.006813712092940744
-1.0
0.0007411965541496579
-0.0005133180057354168
0.001409004220417348
0.008143809540474107
0.006780582302755504
0.01156465690384387
0.006293576130153895
0.008990994968279719
0.005392582991530492
0.012247746237470998
0.01678829760094943
0.023692631438150594
0.02960792171333494
0.030922699628975106
0.037923058335685385
0.03252931399009543
0.032678049825387995
0.026851754505941475
0.0282159872268262
0.03023016384444003
0.03302473749371301
0.030793114813466072
0.03288216636591639
0.031874790948758974
0.03538334501316707
0.035770712238977154
0.03676107753500806
0.0315788256110576
0.0335418375328904
0.03202136006266698
0.03727724526591866
0.036804090852438485
0.03322083323535605
0.031956588273760335
0.034036171535222585
0.032910038057604785
0.03901333813414829
0.0291345787945452
0.0273693730884965
0.03431631457364639
0.028498705602182154
-1.0
0.03531911621569761
0.03241422971004491
0.031208110058427413
0.02754257098076649
0.03618508520471789
0.03919331309046359
0.029534008741801614
0.03382303790686815
0.035037331370620116
0.028495934147326592
0.030076733101804972
-1.0
0.03514537170562716
0.034670482313925596
0.03078703440605059
0.0314348903034967
0.03642990068429773
0.03309848839569722
0.03717520616843017
0.03911886989918511
0.03624005895558292
0.031831707956452675
0.036550157183203834
0.030316824754033894
-1.0
-1.0
0.030173367580838946
0.03122471583306427
0.025692975336896354
0.02962285327563084
0.028213598659230878
0.03346328784852416
0.027742322346810875
0.0248176560019728
0.024465699301945733
0.02078509098337957
0.021437535773767977
0.015894571143825604
0.01883810870340387
0.014854363215899282
0.019101384723002976
0.02062240366617799
0.02444500282150386
0.029299566503545753
0.03286230872472788
0.025707013449709312
0.021912630630254348
0.03331342843913048
0.019065238536201155
0.01922269145760109
0.022949464618934004
0.022417407906146554
0.022825732790550828
0.022916440605036656
0.02211638090977648
0.024494216778347514
0.02792854560658586
0.032349689640605424
0.026383254672960967
0.030396973422019694
0.028436354271532446
0.030646581267886386
0.031040106031553705
0.02712639415403822
0.03423121606183212
0.02725502815036136
0.029653117558349824
0.02003616083469852
0.023615189230624264
0.025854629073567285
0.02757800093498149
0.025191857753594993
0.027283429010833547
0.025113299825646786
0.018316240769724428
0.013092715985381058
0.01656513879590284
0.012053164705724116
0.010381379649236706
0.017769585298273206
0.01281830061156088
0.013443898264404952
0.013787579090676377
0.013448946441975935
0.010639548423999588
0.011553738896915234
0.013195088625799607
0.014167380579708446
0.00703332345989208
-1.0
0.0015923763215501745
0.005812538543693831
0.009200777369282482
0.00759352006094988
0.008097481710232939
0.011124519837598459
0.0034025824535097037
-0.0011097321377585578
-0.002322668333694651
0.00031757194229432064
-1.0
0.004239822856486083
0.004276492310246996
0.002939598495323947
0.00550564865512134
-0.000919557416396281
-0.0028188216080015796
0.0022114714128290175
0.0009208560495640555
0.005168365629687621
0.014894487395256064
0.013323807502743576
0.008961131292561668
0.013644600157193364
0.011408749890119928
0.010495719899878037
0.01094211504465549
0.015049902921489272
0.012880572118829864
0.009130141060158088
0.014230874587153683
0.00874708523780497
0.018465467177639635
0.014988923764281768
0.018653101935478044
0.015784932066665692
0.012092366598606063
0.015124084203857965
0.017960774279870396
0.018592451224097233
0.022878477879028327
0.023111247435314872
0.017037610574607967
0.020580026019092427
0.019567803735113236
0.01594433097991194
0.024458681772265227
0.018557135017279253
0.02546349735191648
0.018736670686297953
0.019775025729962804
0.017693549239487266
0.01749495510483384
0.018769450826298474
0.02174998801673871
0.015166522016110223
0.01180564538288148
-1.0
0.00986247755812465
0.01033901616060655
0.00903182173568673
0.00587301155397928
0.007497955078732579
0.004174258332597376
-0.0014267568549193271
-0.004099809195184725
-0.007632882424976717
-0.0038563098636666443
-0.006737239279575574
-0.008485720718238375
-0.01034489350476863
-0.014377819196559576
-0.012805095195462867
-0.015248272525346619
-0.01637927844495785
-0.016732548750489754
-0.0170075093812253
-0.01649536036322916
-0.01274111653917964
-0.015729989911587795
-0.009837179411967769
-0.017161655557869783
-0.017534089279665578
-0.01409040792568505
-0.012375712131262167
-0.01180825013394175
-0.011896960520730408
-0.014275661814961227
-0.012888501023928415
-0.01749505702566232
-0.017682422706069838
-0.01264822775770362
-0.019859427243424543
-0.01339740352148954
-0.013719358922952759
-0.016209177366746826
-0.012921999342088012
-0.008673440252614196
-0.0081514412440785
-1.0
-0.012069018716902087
-0.011965098115070655
-0.00767267587600849
-0.01115921421363786
-0.007547093680150268
-0.007995307297476755
-0.006005437243028274
-0.007543535922502079
-0.00832503871191533
-0.007279197135083145
-0.009299359911785893
-0.008364248208214188
-0.00903428994275803
-0.004721709596340457
-0.011678537111068458
-0.010470962746863386
-0.010901197020302946
-0.00897835752218219
-0.006475364014130774
-0.011391505627289111
-0.010907629801424054
-0.014167327265749607
-1.0
-0.013856215765200132
-0.018130505154186967
-1.0
-1.0
-0.018203578104039143
-0.012501385330626464
-0.009501904276472654
-0.015919456776175712
-0.008809492095521109
-0.016092674043671193
-0.018091746105725646
-1.0
-1.0
-0.010050319880622388
-0.011289215204684722
-1.0
-0.007038447558463406
-0.007350684855843901
-0.005459229916122973
0.0020063310624393537
0.0012431220838400327
0.003494103418744208
0.005843339175113609
0.0021836125982248153
-0.0004336312474018925
0.002429300225359885
0.0035791400707953476
0.0061641602734721105
0.0019282024800875903
-1.0
0.0018480264393051454
0.004118410762463957
0.006616463231857092
0.008309945478649683
0.006822667631028318
0.003740653712489374
0.01560640625056201
0.011696855645088466
0.012635683715829677
0.02333064663057927
0.02647298413415172
0.029556293201955932
0.031819268682660384
0.03706350312570384
0.038222757908399935
0.03415525326150464
0.027438984508612946
0.03363346074795854
0.039190998653402837
0.03324653974960201
0.03583459156211464
0.03600444248294292
0.03812251090075559
0.03238209331196486
0.028758713433068878
0.0356645790923525
0.024773501175558123
0.034585626038139555
0.03603842383446102
0.03242784053769163
0.03132605761277133
0.03528025432436123
0.03569223366722834
0.03586289222408901
0.03304822758585866
0.03133379808103752
0.03423065265781546
0.0333648713759671
0.025022519136991352
0.026858728911322814
0.02734795053225279
0.02804010421933061
0.033178765000786474
0.028668532610973067
0.029553437456635665
0.026272432162323778
0.02798757436711729
0.026941723059417423
0.029696691608133537
0.031007209202668883
0.029352931643493306
0.026005444531680893
0.03250719648233051
0.027646189738588504
0.02629319069191632
0.02629057867924264
0.030519270256265205
0.02826212314137867
0.03070328586086681
0.033597550280393816
0.032352410081524605
0.032521794038138846
0.03279170146692254
0.024176702928479638
0.025474433904686702
0.02344400484413574
0.0325742177036293
0.03108423615695295
0.030321178680767513
0.03316350060544615
0.029114782419149117
0.02916291541619553
0.0297563632037325
0.028961969975528152
0.03451848364147049
0.0299933577721203
0.0316357201627735
0.03189851385010825
0.03217151510222125
0.03034337638090227
0.02861750724470336
0.03002737940173728
0.03660525501241838
0.03198377503824956
0.03528036974111695
0.035973471588570866
0.03534628669243187
0.036158664241340746
0.032088976013707256
0.029457362385500105
0.0338842287004051
0.03179221048255866
0.03072007239954657
0.034962771179250465
0.034836085611758216
0.03252889268636914
0.033321103083004844
0.025230455264081998
0.03289103611793773
0.039647893935722
0.031159516282786803
0.027754292995231092
0.03139874917911826
0.03502920939908948
0.025339408577025532
0.029264783992124427
0.019807400390448662
0.016010475100317747
0.007139336400323988
0.013392794665689217
0.013369630945022965
0.009599816411560436
0.008022741182563685
0.011448170209201643
0.006165496287960966
0.010779365882105383
0.01095886841879476
0.01945724058305991
0.009830324502593257
0.0155789624472257
0.00987126449989722
0.010203749542531254
0.011072979201597414
0.008830147477448858
0.0033338465128534543
0.009947802711967439
0.014680155893684549
0.012161321930160379
0.01397872256418461
0.013254063314502103
0.007490882232410274
0.006263324115894288
0.001420626294277228
2.735971317121589e-05
-0.0011987712289351646
-0.00384733434529414
0.002165987768996201
-0.0009297335426122584
-0.00799238743007999
-0.0050250506070923335
-0.006599807826325321
0.00016609942619170238
0.0009176475419834906
0.0011311417406593856
-0.0030578479891305525
-0.0035003890874407513
-0.005677769198211078
-0.007682646432390832
-0.0005883523243640975
-0.0014684552079449586
-0.0010589070927614626
-0.003798597747201172
-0.005827810903084244
-0.0009696107776341716
-0.005306980402203501
-0.005084564043549271
-0.0020587832441618676
-0.003951825206026282
-0.009007890036718438
-0.001499754861726504
0.00132115394182291
-0.006485008911509287
-0.006609854175118883
-0.006387594234228094
-0.00933017671628279
-0.009250358662714014
-0.00360516158816503
-0.009455527701575366
-0.011089985855236484
-0.011144907187393454
-0.011254370671123858
-0.013461972267677152
-0.010233269835172717
-0.01020608466847809
-0.012964276998207848
-0.01934512882802907
-0.014980002999704421
-0.020911763391396325
-0.023737736000566143
-0.018300611578930065
-0.018195858052487593
-0.02231410906062945
-0.022214780852579826
-0.017147851774258097
-0.01800591013126437
-0.014726572110724328
-0.012659046844229844
-0.013226902286774787
-0.0148066390987253
-0.01839386350484654
-1.0
-0.014008611939382314
-0.01026401697904025
-0.012272114505560639
-0.01121040822921786
-0.011574301763900896
-0.01416605308911903
-0.009577366678046382
-0.015787988465463657
-0.01778704916206936
-1.0
-1.0
-0.02383595076654845
-0.019456652303763897
-0.02104852574074759
-0.026320033452797525
-0.021528332960402855
-0.023636481900342503
-0.01607131522812018
-0.016820394368938944
-0.018555454766276368
-0.014595172438899991
-0.012151313900641456
-0.01615441919343822
-0.013238152805470579
-0.01535121085882059
-0.016448810645757695
-0.011838554788415783
-0.010816519332719595
-0.015431962050243627
-0.017036361050726923
-0.014637104728169205
-0.015286484287009175
-0.014530142384038717
-0.018552839775640997
-1.0
-0.018883862776060925
-0.019585267228499164
-0.025668677483514292
-0.016084065967022314
-0.023412356276970206
-0.02166790685947273
-0.019251621441953387
-0.018734937711779732
-1.0
-0.02088924477784682
-0.021387393266480374
-0.0229084123626083
-0.026047297538459205
-0.021117339055024956
-1.0
-0.015380213578147192
-0.02177153621128683
-0.01872102317354019
-0.020393950016637095
-0.02082557062159015
-0.020638927540896024
-0.019667124453504586
-0.02845262259597634
-0.02344804047143994
-0.021273405850191024
-0.021359869085763775
-0.02330932780905396
-0.025906351666101068
-0.02593564009347768
-0.025460465034562438
-0.023955751624449576
-0.022262932379018423
-0.026196407594279363
-0.023121423894249073
-0.02256495204074187
-0.022459889165696915
-0.022583683480995684
-0.022441050409382757
-0.019607555069921172
-0.025374581806815462
-0.02604298577884859
-0.01833589371560108
-0.02073812790701991
-0.025522577653113956
-1.0
-0.02563368170824944
-1.0
-0.027193563066118753
-0.023182740408370154
-0.019142571777870557
-0.021481259249065306
-0.019052187886732644
-0.01843028588498446
-0.02068562928779916
-0.0242528655281582
-0.022274618432332336
-0.021235869128365784
-0.02033783426984957
-0.02442012327009517
-0.01835641767985945
-0.021307907498622356
-0.004119597518050537
-0.007418236692303882
-0.002217914724348211
-0.006497919628011942
-0.007443664677621905
-0.0042998159753641855
-0.00477948485178833
-0.008544140798011825
-0.007382650374698574
-0.0026327531256607997
-0.0027096898426325275
-0.005447306673296431
-0.0066189466107976595
-0.01469286857976768
-0.014973401718963006
-1.0
-0.010363101467909506
-0.014032099611346669
-0.007797922326755625
-0.0051251956180155996
0.00023930357237303418
-0.0015780901070739054
-0.00435301917771122
-0.006437674969768727
-0.007130255588088728
-0.013113982716636005
-0.013832099968094667
-0.01826983862843733
-0.017113593736011002
-0.013279514381464552
-0.0072092981679742945
-0.005365945865980662
-0.0019152948788629005
0.0005052235683606475
0.007688061234528981
0.012335200038568016
0.012603272521882685
0.01815765279050159
0.014430894321376606
0.0188832464218334
0.020153052383906907
0.015598211961732708
0.01992835794242609
0.020967638241665837
0.018548688425887982
0.019004835592345955
0.020190327472792625
0.016237501644546917
0.01497603093413062
0.012820517287729417
0.019408841787039915
0.016498271802717276
0.022436987241785847
0.019045526762479528
0.0229820607663152
0.018199108244758698
0.017596158622501957
0.0151090772829714
0.022740748987356035
0.017852787083525848
0.012571066621398527
0.01923893165069421
0.018537805653852147
0.023344463591555013
0.01964173423328442
0.016830576606608222
0.018781903565724806
0.01806296894437789
0.01700896988476916
0.016089749247489925
0.0217341719072025
0.020973106929360604
0.01597126437762661
0.02078446350825639
0.021913278242615825
0.012961700249745724
0.013618630435174897
0.01742135412600476
0.013912946407738333
0.014321321070963646
0.007840446933941241
0.012548144637233086
0.009809752678668283
0.008938558484821857
0.013290944553713985
0.004810670624338138
0.001599927652198332
-0.004874911587671026
-0.0031776951130020195
-0.00870204846523561
-0.005634246736296798
-0.00025193350707528413
-0.007876741199389909
-0.0033111019232303623
-1.0
-0.005173137297168288
-0.0067483456933119315
-0.003840840260805521
-0.006909451262962466
-0.000764581395180758
-0.0022786472460948407
0.002368635326749087
-0.0034990074070464206
-0.0015437744899376975
-0.0072398531347985145
-1.0
-0.01197581440670006
-0.012542046354724156
-0.012889087379208006
-1.0
-0.007497625912922016
-0.006296586610507352
-0.009424995873098772
-0.003192633448839525
-0.009641816002449129
-0.011598510761149693
-1.0
-0.012570046526702662
-0.010046811951809956
-0.007593029933211482
-0.01420015265521716
-1.0
-0.01732717977725717
-0.0186757280831484
-0.017602161628786746
-0.013430944689670824
-0.01872563153905266
-0.02388383286917943
-0.022927931793872584
-0.024474788398064
-0.023344757808119898
-0.01845141258908683
-1.0
-1.0
-0.014624503302365033
-0.01397167982301055
-0.022065747721992785
-0.026819211605724695
-1.0
-0.023933568820919075
-0.022040241129434205
-0.0275146783931673
-0.019087037402509242
-0.01795531091413725
-0.023162784892925975
-1.0
-1.0
-1.0
-0.020341502471646386
-0.02481773907066664
-1.0
-0.02930677173270809
-0.03027676025770459
-0.024686499323390405
-0.024191912574014842
-0.030829727995410942
-0.019990708627971466
-0.025549912666029982
-0.024288225116067937
-0.02209803437495744
-0.02479057004192478
-0.019271761822652236
-0.02693143319668539
-0.025349330438392485
-0.024474818918636492
-0.026337979430879198
-0.01707990186310726
-0.019511029503197354
-0.017795226959341586
-1.0
-0.01698162388583097
-1.0
-1.0
-0.020458904358644624
-0.025993668993296064
-1.0
-0.027427192351666487
-0.02762813259590472
-0.02890843244775378
-0.026606029272568946
-0.029324995173501726
-0.02977060168125369
-0.026945189512260295
-0.02269499416817201
-0.020661732737243928
-0.026217566809988966
-0.019837794137136995
-0.022349243399177623
-0.02668903057801275
-0.02294336785733382
-0.021348393682108974
-0.024592009769289692
-0.022666786322198977
-0.0206892824643756
-0.023803245768860296
-0.020005913552672294
-0.026413309188429514
-0.024021810595006136
-0.022558725092621898
-0.023516402415771645
-1.0
-0.014623597783156063
-0.024298651795255574
-0.01946806658449242
-0.022100623390474937
-1.0
-0.02283504543869051
-1.0
-0.023945561838304895
-0.016032941758070057
-0.023458028210999265
-0.026623021471409918
-0.025843568371029368
-0.024436785669294633
-0.02058185248373039
-1.0
-0.021930012408583024
-0.019444362680900933
-0.021924675916779362
-0.020695302171080333
-0.02338377806684153
-0.019226549810859528
-0.024157877633547816
-0.025810151284760215
-0.018174188615467473
-0.019781026684531286
-0.02085438237538516
-0.021177180199760677
-0.024567682295560774
-0.021840102888988622
-0.023540188481418697
-0.021710461438125907
-0.02398657420007187
-0.019011600296005626
-0.019325521914130103
-0.022058152861293617
-0.02528069458525753
-1.0
-0.020989151445808197
-0.013385124276017594
-0.016350842615841084
-0.019917385937905513
-0.01867305378984065
-0.021424018925196093
-0.022190514353539626
-0.0217301972689491
-0.023499396092528418
-0.01610331524524466
-0.019542316549050358
-0.017993388296312755
-0.012016828020802426
-0.015760764169177214
-0.018983511731051457
-0.019747965558944505
-0.010532074197763022
-0.013443988234450066
-0.011818595308670916
-0.010082320828629554
-0.010168103587194893
-0.021960428788612884
-0.013296575802179234
-0.013829193281969143
-0.013923817606270318
-0.02053806320340756
-0.024047800031507898
-0.019395347424442932
-0.025761331108464038
-0.02604196499255206
-0.021660319075211786
-0.01880571395443355
-0.021312479533384304
-0.020883062885670056
-0.01919741488007249
-0.016300189440213872
-0.01840482545360037
-0.01741453503220407
-0.02037117176801467
-0.02128195447787713
-0.01651054416497658
-0.0187687435622581
-0.02518247397487333
-0.018243818749491502
-0.018719460529960298
-1.0
-0.02026839469299523
-0.023447658538005577
-0.01759455197536416
-0.023160679910915475
-1.0
-1.0
-0.018711241310481155
-0.018602730828218814
-0.018423584123565862
-1.0
-1.0
-1.0
-0.018244737923357995
-0.0240704510575685
-1.0
-0.017308532078902865
-0.022720717646362246
-1.0
-0.01980831285942767
-0.013096461631776104
-0.013463676510897703
-0.017191236126570267
-0.015294455149952911
-0.019630963354597547
-0.01105188089232831
-0.014778937011830258
-1.0
-0.017196686797269198
-0.022855154027598662
-0.017003549835525326
-0.015359944002185244
-0.01517158034057423
-0.018237565777089407
-0.015889952082461387
-0.02005820741329683
-0.013398794716681433
-0.015400674991315744
-0.016352397327479787
-0.015691827265920024
-0.015618283587425624
-0.009499697974162264
-0.01795774788664566
-0.021317269520755
-0.011696724323336438
-0.01579509963300172
-1.0
-0.01597016210317322
-0.02418949153830704
-0.020752799675626276
-0.021438305340965306
-0.02217548342197313
-0.02270824071952955
-0.02040682582617682
-0.02150238027342646
-0.020279575348485106
-0.02057855972854077
-0.022342470344266483
-0.020141741543252364
-1.0
-0.02153183686763423
-0.015392962387558311
-1.0
-0.019268826409743343
-0.01890570944307412
-0.016727223732176097
-0.015338047354101563
-0.020942559176817303
-0.017406674328787116
-0.019565254489227607
-0.017198381971192125
-1.0
-0.025159469025365647
-0.01930581640887447
-1.0
-0.014810311218378157
-0.011533393191848438
-0.01576140757888079
-0.008176358330982698
-0.018183655235386793
-0.020227291246095295
-1.0
-0.014878497846497772
-0.015855912520006052
-0.017054539696995552
-0.021115001230463556
-0.019925098941379674
-0.020080581312448706
-0.01994226429613552
-0.02265036601082204
-0.02047234370024124
-1.0
-0.02104704521470135
-0.019720448683402475
-1.0
-0.022122040610957763
-0.017230959164061144
-0.015308071125118877
-0.01653634426586907
-0.015134786940734023
-0.020102010792221722
-0.01990547940653815
-0.021973179352172998
-0.015922147680485964
-0.022746483267203233
-0.029934662479505467
-0.021617090051086762
-0.02430994691618986
-0.017487323564958617
-0.01296758588345146
-0.013026170780190248
-0.00582246821142523
-0.010803077640272676
-0.009913209779498769
-0.017939958655104768
-0.007807039751946296
-0.00789101606187657
-0.013405204019601945
-0.012215544022243454
-0.013387804773175733
-0.008656886050349888
-0.014450931652358364
-0.012205631853636495
-0.007823172022639675
-0.00900536523519866
-0.006620075604803537
-0.010659326482216692
-0.009658396689502228
-0.013449073806112936
-0.01656657072821979
-0.014052753379439543
-0.01613661968183734
-0.017756477938711848
-1.0
-0.017246664146630925
-0.01135905408595496
-1.0
-1.0
-0.02088882445993495
-0.01434667709549229
-0.01774456044178991
-0.017085934593583083
-0.017003765682840344
-0.013923955980657623
-0.015871763140001004
-1.0
-0.019283372565183615
-0.017754983983431605
-1.0
-0.017465714749496142
-0.01957015635272986
-0.01725151478757343
-0.015850576011312567
-0.015257238759575208
-0.01617129169226723
-0.01978546353169967
-0.021818432531007827
-0.019713590436343627
-0.020056308546160116
-0.022555208004397937
-0.024250285739934915
-0.017914879264631076
-1.0
-0.026501487370320823
-0.02099133212647559
-0.017941198876678943
-0.02237800461922602
-0.01491550936876423
-0.014494825571124994
-0.021942771405485686
-0.0266830853444289
-0.021504857947913538
-1.0
-0.018028811382326287
-1.0
-0.016261307421616425
-0.015939809438386597
-0.020527860618281567
-0.022455025710646392
-0.014274755126460285
-0.01753269334759955
-0.018201334796144546
-0.021751402940914353
-0.012555279460004095
-0.013059052617079084
-0.01395777083025013
-1.0
-0.02203379002167563
-0.019925727413082298
-0.02224453655932577
-0.01901532724571999
-0.017139408781006026
-0.020270989204894452
-0.016771321356256877
-0.019628380799704085
-0.01342420299570696
-0.022064872792530756
-0.01929613056772614
-0.02179094787855105
-0.017729510502108716
-0.01924784619973691
-0.019568126079123026
-0.01610540346582376
-0.017131402550080343
-0.02013737447747916
-0.018088325441330072
-0.016745072829491118
-0.020316761531155823
-0.019958373879832562
-0.017166556522695813
-0.020552528115749865
-0.02104114292324471
-0.023445373675368905
-0.02155706208454526
-0.02493710534300112
-0.02551123843412752
-0.025503337841911774
-1.0
-0.02098347493038169
-1.0
-0.02067901580160416
-0.02207542875565998
-0.02195645838301244
-0.021545763279296772
-0.018746108965087542
-0.013743009687686252
-0.01231265639078253
-0.018937274111694727
-0.02305919449893924
-0.025757125093962628
-0.022093516171755007
-0.018745669299696552
-0.019531034126199758
-0.02090893133087001
-1.0
-0.018409468912750398
-0.013644013969731535
-0.016619188011368483
-0.015138247146423551
-0.010502027315986599
-0.006989538575651851
-0.0024388883949301525
-0.003850760100222526
-0.004962353389223614
-0.0011275091509054876
-0.005262166363727607
-0.0001106922123282062
-0.004305330569745618
-0.003327084890293096
-0.005378646641754182
-0.00834393671299335
-0.0017374261053333534
-0.005618033425575677
-0.0038115212100012182
-0.005725387510000276
-0.007875075161379544
-0.006293792790649434
-0.004080274483743358
-0.008368611456322967
-0.008070989797887914
-0.004917078019914786
-0.009294009753311546
-0.005171077072097607
-0.0022713741730285204
-0.0010551202499521877
-0.005144059704282555
-0.0016730835691240325
-0.005146980177106801
-0.010249580475026053
-0.004737759590732228
-0.011341404699273045
-0.01590865276787476
-1.0
-0.01988533058017788
-0.024134019953634282
-0.0170903801192025
-0.018061568978421247
-0.012163131312109816
-0.019012631584180126
-0.01803947413505717
-0.01862035649917166
-0.011486991675320392
-0.011064008857639232
-0.014252062291497366
-0.01617839779961627
-0.01650107812640036
-1.0
-0.01978293340997148
-1.0
-0.022739466412634177
-0.02446512040920499
-1.0
-1.0
-0.01641970642392276
-0.020305643876562068
-0.02132337677664697
-0.019048344106469387
-0.01581346394622667
-0.019084703868939488
-0.018782270770145743
-0.019008712169968883
-0.01898886177190959
-0.020521231002679913
-0.025475609765733594
-1.0
-1.0
-1.0
-0.025346434497349135
-0.027533864720341684
-0.02837161391562537
-1.0
-0.027557825455244885
-0.0256292587160128
-1.0
-1.0
-0.022279348391761836
-0.02472395206174932
-0.02468429901666693
-0.025049451208641247
-0.020157083242540254
-0.024230093477079884
-0.020577562820742145
-1.0
-0.027040976836725537
-0.026102277592862277
-0.02147499188463619
-1.0
-0.023249741355406583
-0.02074165162517213
-0.02341648970323155
-0.021318917897810808
-0.025632478503867514
-0.01986101636874413
-0.02323013279205962
-0.021500961366379828
-0.025553638995039336
-0.023281687755474623
-0.02284908632696855
-0.014172167985106305
-1.0
-1.0
-0.028807978205367207
-0.024858730325070074
-1.0
-0.026184929847979353
-0.025685318943837288
-0.03011915975716004
-0.023659665204726132
-0.024906834247691256
-0.0275941882272314
-0.023787541754856617
-0.023764167993505714
-0.026948139772780842
-0.024066729097749276
-1.0
-1.0
-0.01990486332761801
-0.021718913810889695
-0.018209999196388812
-0.01825428302087768
-0.013613848866563125
-1.0
-0.024267331629905752
-0.022322237429634146
-0.018823417498137807
-0.021078929246931055
-0.01811238738092751
-0.01496778393795122
-0.013496710581978379
-0.01564492522406023
-0.008373837256385607
-0.016198099764664374
-0.010009210910159197
-0.010122177034548796
-0.013516948622387849
-0.012676564829988987
-0.01531951867425101
-0.006472158818386809
-0.010549193951086716
-0.0034398598182921267
-0.004290911479227477
-0.0010272857178210753
-0.002599671853017891
1.5833523100698045e-05
0.0016151996665044804
-5.083110336184969e-05
-0.0006329427318275173
0.007853049709598672
0.002899715237342544
0.006361630141620247
0.005777192323320988
0.007945553512032497
0.005787268387657087
0.0015395245619188192
-0.002766209880240636
-0.0035182733288473826
-0.002106381830421735
-0.001466089957503817
0.00011236058363474847
0.0003529846151855929
-0.005541878923406118
-0.0028497083008380514
-0.0023215759378582574
-0.008880843308728629
-0.0020929927603601053
-0.005178593460545025
-0.014598035226064881
-0.013259109067163032
-0.011451301595495986
-0.010051323801908934
-0.016120291882965616
-0.017873749240039486
-0.011209510347119213
-0.005745112566392709
-0.008986061268323872
-0.007255541258358747
-0.006968510990172993
-0.011478748999940903
-0.011909468024618399
-0.010777374577317828
-0.00983290300293707
-0.012436068233353085
-0.012598067943822273
-0.015026084033573316
-0.010890836120240733
-0.010401978147406527
-0.013221450744593482
-0.01099245880329522
-1.0
-1.0
-1.0
-0.014080639098165745
-0.011756238526802213
-0.010946764371612058
-0.010310544748805555
-0.008748504406097476
-0.005880648056811312
-0.005979626617525911
-0.007448310622828616
-0.0056237863356716055
-0.008882809919274561
-0.009869642266380681
-0.013245440648499437
-0.01573699353792606
-1.0
-1.0
-0.014661217941673861
-0.0162655395175934
-0.01706436742443177
-0.022601886843201257
-0.015933460309950492
-0.017871152957043408
-0.017029832013774653
-0.017535998981504115
-1.0
-0.0158501777640309
-0.01378016575766601
-0.01513773439070394
-0.01671770656559104
-0.016199597303053655
-0.019655667606006604
-0.01894093068575374
-0.012795415889649454
-0.014915717539708257
-0.01934538907314465
-0.01650908042944121
-0.025084240755631235
-0.02179878237338358
-0.0193233833603878
-0.024175404473944118
-0.018280790095933572
-0.018516220136774387
-0.017187603591605632
-0.011326957438380511
-0.015637307732738408
-0.014082869100354408
-0.018544420634010975
-0.02093309965201278
-0.007678365295356188
-1.0
-0.010115613665654902
-0.016659137544759735
-0.017603485503570403
-0.017464432553464217
-0.022370766757364317
-1.0
-0.007435171907056242
-0.0049662422444651895
-1.0
-0.0027507777805148193
0.0029661919142217876
0.004578810569532587
0.004605269049033949
0.007949791988218486
0.00284989511204262
-1.0
0.006974486026630985
0.004895807887035775
0.01196238067738743
0.012141663494398658
0.011740068156100238
0.011446660614392248
0.017219177366768357
0.01152425821730435
0.01742542831485941
0.017555568055777186
0.016135959286967268
0.023711452475950405
0.017198876258648545
0.020834196967080214
0.01920765682654052
0.015759053073518662
0.026126773070772002
0.01832678883638541
0.021927806978888506
0.01942244571293317
0.021442489736866722
0.019247299139359804
0.019164330705590534
0.018311994132252617
0.01820129796660456
0.017563327715533372
0.016640520033428856
0.008811085846543314
0.008043663367659697
0.0003624466461959782
0.008661651573824656
0.003921858482168056
0.006071526370941767
0.004394278653227004
0.002028511038123924
-0.005871461148226966
0.002941588449198939
-0.005333037936520064
0.0033738101648345437
0.002149176864829039
0.00475404177524788
0.008553376630766104
0.009956105020350955
0.01150270869273427
0.011078411346806484
0.019564462840303987
0.01610817628748559
0.018623771987599593
0.016898927359312758
0.014797528194362995
0.007586053313463759
0.010509222118018793
0.00918593189122862
0.008598770670562533
0.010675331187302755
-1.0
-1.0
0.0035189213884418077
0.008440720916152167
0.004534036280317256
-0.004688210746207968
-0.002290016949260152
0.005420018068036201
0.004387443500253382
0.008494703561207304
0.009997928499236121
0.00863696656338824
0.007831903893438383
0.014555918640887313
0.01315604035483499
0.009034383328982825
0.006914183285232481
0.006464685120258143
0.0072783957660361425
0.00927384251701855
0.005493722118692822
0.013069788898304296
0.008716064593537973
0.009677784925942257
0.005702569633186685
0.01246345978777506
0.014790279520821297
0.008552146449999914
-1.0
0.00783955631709813
-1.0
0.012987499369414178
0.014583527927341348
0.01714462041071687
0.02054349333714052
0.018981499471689128
0.022805061103717793
0.01932643142835139
0.020761828906615147
0.030488924548282996
0.025065629992817383
0.02418579071459215
0.024331883016541142
0.024587587108185573
0.017411925920384545
0.01910380563575663
0.024388475782113606
0.026548781423318398
0.027611553091356513
0.024867871019756075
0.02029933983077942
0.02527441195068783
0.01980730160823204
0.024040972361001053
0.01861855352322884
0.022452917359797236
0.02869740824652674
0.0181950065317698
0.024776696421299888
0.019992366839251062
0.01651821817268756
0.017907132899812852
-1.0
0.0006815606670873919
0.00018297305467270973
0.005124927455007885
-0.0004135046241283286
-0.004896072344408694
-0.007120021438196567
-1.0
-1.0
-1.0
-1.0
-1.0
-1.0
-1.0
-1.0
-1.0
-1.0
-1.0
-1.0
-1.0
-1.0
-1.0
-1.0
-1.0
-1.0
-1.0
-1.0
-1.0
-1.0
-1.0
-1.0
-1.0
-0.013867144224154524
-0.012060088924357195
-0.012518580480851804
-0.008995472106756938
-0.011424812925836185
-0.012688890241091749
-0.013140116633168789
-0.011716308766355378
-0.01387123977906688
-0.016796846369493697
-0.010095147279437378
-0.014987485791197679
-0.013080851371995526
-0.014419864526035522
-0.011672004301891595
-0.015306611815277543
-1.0
-0.02057282967954802
-0.013183454636133476
-0.01645864996985176
-0.013837478292754087
-0.022121073742392767
-0.015981127685304804
-0.01822966801859484
-0.018572029055170643
-0.021137797364002592
-0.018391007948682706
-0.01260932834113769
-0.014127836750672609
-0.021036502482536253
-0.02503518604885198
-0.026132238430796356
-0.021583154307227636
-0.018585758429528587
-0.008603706421355033
-0.00937478297523892
-0.012704753393105115
-0.012648647573426377
-0.009557828594748453
-0.012460541730278206
-0.015258252124814048
-0.01145729634963076
-0.013613324710041074
-0.018209408263612843
-0.012323664763721272
-0.010072397234565898
-0.01442246003035858
-0.016175495738380834
-0.010659949710332246
-0.011234375716082013
-0.012349487528401901
-0.009870594952072625
-0.02048975879077454
-0.015977490371859
-0.012649712732878616
-0.009646928770449061
-0.017563969242264478
-0.015608181759212122
-0.011579912190326287
-0.012533722444849321
-0.013717898836798083
-0.014982388572619538
-0.012641836769759041
-0.011571094799835261
-0.016350009626688033
-1.0
-1.0
-1.0
-1.0
-1.0
-1.0
-1.0
-1.0
-1.0
-1.0
-1.0
-0.01769101483983675
-0.020453169208384588
-0.023230343505658294
-0.02440422698743916
-0.022615563472267463
-0.025857734295251924
-0.017676518779402375
-0.02339035393439517
-0.021970962662766942
-0.014171462846029869
-0.019012564361323685
-0.018109327095013856
-0.022173300932906485
-0.02131617291873554
-0.02135650516749047
-0.017135575537802362
-0.022444966808428564
-0.01608902797751641
-0.018621467826912375
-0.013233950031723856
-0.01873683936248347
-0.018179435667596305
-0.019166770389600248
-0.014750924505680722
-0.01749367693554143
-1.0
-1.0
-1.0
-0.011733823772418195
-0.015297722534744509
-0.01182015751304589
-0.013730252414759505
-0.015292576475258552
-0.02219724612139563
-0.018018131377501682
-0.02074283295033613
-0.010729406963750583
-0.01401673116479357
-0.013825224087066604
-0.012569343921393543
-0.017569076328876658
-0.012321655076669425
-0.012832580134680516
-0.011114101676356599
-0.012485000558142346
-0.004494852137593367
-0.0024044093343496124
0.0032690994049239712
-1.0
0.005409882518671876
0.009466016987787375
0.012338379924527916
0.024998470502471327
0.02120216005454218
0.028720325733587196
0.02810416809490818
0.028574081545992985
0.025932820595689136
0.02966197624762814
0.030817045707048695
0.023022823527035594
0.02788381566032163
0.026714282526686384
0.02173189307627781
0.02609504313924721
0.020007027434426134
0.0197816516343954
0.01908086285733166
0.021587982688777953
0.014870530721316916
0.012752614646998563
0.013962840376792135
0.01770056152857058
0.017615360604386714
0.024077973338738783
0.02265069047370778
0.02067309260568289
0.021829119760479347
0.024655115277717368
0.02106522289157252
0.018881395142656604
0.021995528970540513
-1.0
0.02045113514531088
0.026266695197636497
0.022155308970904477
0.023011306404266067
0.019537692745200032
0.02200593876656959
0.022527076111921986
0.01797946132180047
0.02069804600312325
0.019888613503223997
0.020196394507489543
0.02179756290118404
0.01980213572712301
0.020475478068228088
0.017754710769374203
0.017085387567333934
0.014663173008558027
0.009117738735233152
0.01354624814329606
0.013179475828326917
0.013051783600547543
0.009716922142420962
0.005274759799688452
-1.0
0.010605542915554463
0.009549778879676885
0.0084783831606262
0.008625811694855972
0.004852614561729918
0.0030082838173427382
0.011013571315683033
0.01538182475043138
0.010898215064345325
0.007787905946247173
0.008756057630734034
0.00871139273395594
0.012606265923222391
0.011644260615562979
0.014808750372782972
0.017373926161833326
0.022053964792770952
0.024098885165251955
0.023030207282945508
0.02272791559667616
0.027363178257512506
0.020873579968872007
0.02533402363639756
0.02083329507637007
0.014167806287092374
0.018174129060484146
0.02022137059647473
0.03175591030388739
0.023821496991807394
0.0261337216510463
0.022065107252895077
0.02488286170448348
0.028212377953360342
0.02585009824203958
0.026050923270651092
0.029746564628443366
0.02302109412191116
0.028101139282643163
0.02646804684803594
0.022340579078386043
0.018787499280476714
0.022840152531759906
0.0219183434395738
0.02910969120971628
0.028446575295722996
0.01798595607316381
0.025045964907205568
0.02304232514712287
0.02333293717264548
-1.0
0.014730596687182088
0.009752035516636013
0.010335453418803911
0.012683217943239391
0.01313513560716069
0.004371178132678134
0.002102436521189295
0.0007632237659128512
0.007864151616316251
0.003504500230697303
0.0007180971214858184
0.0056433571828683905
0.000409779835871074
8.502894366030612e-05
0.0026145361052843444
0.0022408563104528894
-0.006168700405492956
-0.007895413298678178
-0.0005119735869162169
-0.0034169591676023125
-0.004340824344241843
-0.006831792319640771
-0.00820702210196867
-0.015106882323376966
-0.018375366305723596
-1.0
-0.010867952633503958
-1.0
-0.016974124018340524
-0.012759786209267078
-0.015468918846825979
-0.015154688699494809
-0.01631708298167683
-0.020769697328445347
-0.021987503111131013
-0.02312782660187523
-0.021092636377996483
-0.01913461552164905
-1.0
-1.0
-1.0
-0.02207186498277687
-0.018995379969298606
-0.01977122405417312
-0.026983617106762676
-0.027140559634119387
-0.02456590984011051
-0.02135427833114229
-0.02378623675601046
-0.02040305720079387
-0.022977047403212412
-1.0
-0.024693190179675355
-0.025448557146012643
-0.026734283397147028
-0.022034469780500554
-0.02640839857392502
-0.024130341180709277
-0.022517650954483624
-0.02199284430512059
-0.023047285686319686
-0.026978223902888156
-0.025230272554675918
-0.026011370444445587
-0.02555704995702739
-0.025413634711205488
-0.019813312332797383
-0.024738633499001197
-0.02978253201569621
-0.024317035764809775
-0.026802630939386226
-0.025899023160441365
-0.01387462877115469
-0.021988185796026367
-0.02437463296224775
-0.02513646261227146
-0.0263440330078868
-0.023232127027891097
-0.022565407606109273
-0.021314662059243025
-0.016993137434526566
-0.01763468551168447
-0.019665507863378437
-0.020572212933561682
-0.02184353941157773
-0.015122638056741492
-0.015024426141876093
-1.0
-0.01572157592330685
-0.013067644010072708
-0.016003197576245663
-0.01656301334746169
-0.015419193237470432
-0.015790949596399366
-0.017015310623851934
-0.01862385377446222
-0.017283334511239354
-0.012726853681578469
-1.0
-0.0073252685120162074
-0.005865997319381793
-0.0039123305200363095
0.009179768649351085
0.006655214301376518
0.01019314547320319
0.010822158087417566
0.009096395055934249
0.01015153607919406
0.0077981195156859515
0.004765057634915103
0.010185304758143245
0.007965308112678846
0.006609434157735527
0.007574527061002385
0.007310607529694748
0.006212921324434753
0.009658923681840438
0.00616070834760707
0.005992831105201846
0.006783239055239541
0.004333782543577281
0.009560139778246114
0.004908358498223234
-1.0
0.010787546387086278
0.006247598817390924
0.011309551194514435
0.011457327887838325
0.009919874160698717
0.011897903690467346
0.013642707463342237
0.01035359756068549
0.012639744244508977
0.012409218833032228
0.009679899717020398
-1.0
-1.0
0.000784539878403202
-1.0
-0.0004221266345351202
0.0014155470773239
0.004544249526919328
0.002655468082184762
-1.0
-1.0
0.018236555171041273
0.01665320652095838
0.013635989769508139
0.019538553600860945
0.018857149328944764
0.019920838195752154
0.014714727854180596
0.014072614406539967
0.019278746688400156
0.02110734186387363
0.014580165953615208
0.01592890531328123
0.016305273221031123
0.015680029148939144
0.013523512022717364
0.01229171951796054
0.012331711027572752
0.021757397546207174
0.02042181916464452
0.013396084469537146
0.013255819781699414
0.010007422784406078
0.01639837862188364
0.017812757285827943
0.011828343350465429
0.0078484474161484
0.009192699365813347
0.006092431577981895
-0.0038516839293481096
-0.0037676008215663235
-0.006708772264356291
-0.0037644818701976965
-0.0026870485772464013
-0.0034436994468369803
-0.0056979151571696866
-0.0034207418709155633
0.005981257861802114
0.013101853965930462
0.01861659968372183
0.02418136540426029
0.022947676388887974
0.029707936082792277
0.023967245437000215
0.022551201680443736
0.02542325214781103
0.024777100769213987
0.027291453792193398
0.024809550787736258
0.02402856553833575
0.030109858038258046
0.024647046076649755
-1.0
0.021536747896923655
0.02809053793313656
0.02194374985130621
0.02708363487459315
0.02510663115315335
0.026322068065665265
0.027990232915273278
0.021858917174759136
0.019327673315845274
0.030802151663536205
0.02330687867792098
0.021784935192668067
0.020815195893881065
0.02491673878471235
0.024194701091327882
0.01723078291148384
0.022111203578160172
0.021863890910735796
0.02052384740294664
0.02077108389601295
0.026940531456778282
0.021812258596041082
0.02489719149083059
0.020295927818355392
0.027156149162958453
0.02354740193573437
0.02369799714555211
0.019964554877532743
0.024548526637398232
0.024612542009083783
0.0242475125903677
0.02066889965775403
0.01313408736510801
0.015753861133037565
0.019662575983314237
0.0177576158855122
0.022936339905154684
0.022358962951991145
0.020205518151636768
0.02584034737908283
0.025453637860562033
0.026035488464387555
0.020019018059401355
0.024147033183185944
0.028021795971476596
0.02742630741721428
0.025952734836269496
0.02525197033004151
0.03154858762747466
0.02687882846367058
0.024043535012950527
0.016459536459309282
0.016792659273754455
0.017647734186650454
0.01244430805277688
0.014913750327492143
0.014047506809359251
0.013851828350627229
0.01678231890646436
0.019952869281573995
0.021259768950771883
0.02001885790737787
0.0194863107110473
0.02200129746696437
0.017976090060408945
0.018432768496969575
0.020486977374137082
0.011838543853868346
0.01236028944599111
0.011926266256160317
0.01319239292611565
0.015580689295236249
0.012195748591363197
0.012000559249370215
0.02315692806045447
0.021408357084111353
0.014630828865316818
0.02029939898779054
0.025383916958030692
0.023191886384788307
0.025530686776554058
0.02436542903236135
0.02392417787920921
0.02354486156750741
0.02409224266261137
0.017312644312661822
0.019926614080508945
0.0195588491083481
0.0182261105073971
0.022280930161248137
0.014391425217785097
0.014034248730415744
0.019937653306643325
0.020943181642290577
0.015724443428310874
0.01677872322777527
0.019987475561376953
0.019380376182050872
0.014588437744062462
0.021772313531879525
0.019994887770542896
0.01979876443738573
0.02067145533520776
0.02252294668937337
0.014704908008689467
0.02106751064814033
0.015377695638878936
0.02235094555008344
0.014930784271179042
0.013064703114123952
0.010160162014816097
0.012549626780380334
0.01245389153039704
0.004516221595276887
-1.0
0.006526212380313515
0.007155349361286364
0.01142957753508478
0.01763301138195367
0.019656407264595988
0.02027849116622385
0.02614960147038621
0.024235752324771754
0.02567710414268926
0.022817675008423237
0.02839822449235151
0.022094502864262826
0.025357649121715446
0.023431223412457024
0.021149679019888852
0.024269342243048768
0.027246755671207885
0.02819345837970044
0.023089458864296877
0.024872161711772856
0.028399181376098676
0.02410506631551142
0.02457364431860836
0.02440869492102969
0.025590715584669556
0.021474515597410652
0.02701899735988556
0.02746963008396979
0.025222968029381364
0.023325417057017336
0.02508143794966222
0.02764373965713454
0.025745401217985006
0.02324916170927063
0.02986532184283755
0.02796311207152731
0.030861450637529778
0.023739446192481358
0.028452452909596214
-1.0
-1.0
0.034563817045617375
0.026713555251460488
-1.0
0.026613174813799302
0.02407086308379319
-1.0
0.029805190140939665
0.029651768469866023
0.030737097124459222
0.02566529605838816
0.02767718176753511
0.028971188880160263
0.029620415027941653
0.025763319189031703
0.03408209164350454
0.02701324584247554
0.03600794398516378
0.030572906754838883
0.02566437291685055
0.027805675464736238
0.030782013365240397
0.030926820820391866
0.026874053877539116
0.030837518653608103
0.016380249795344973
0.01176417040225932
0.011555725542639676
0.007506866960317385
0.007426993700951193
0.012463312455018898
0.015495842638136357
0.012970750404608097
0.016182836919348884
0.018281533519906086
0.017671970351268145
0.020167797842696674
0.01970942926452127
0.020598008021310805
0.028912242220610666
0.022302014523328917
0.015371473608131849
0.022569574504419466
0.018238277050392725
0.01927344772738188
0.020070028074709985
0.011395856533335316
0.010393877202450582
0.007023255655412045
0.0011943597900715291
0.0016507679146034208
-0.0034903872754119256
0.0008393842596295368
-0.0042881652743044655
-1.0
-1.0
-1.0
-1.0
-1.0
-0.009558840595739535
-0.0001526805169007797
-0.0037496357929831395
-0.00748020426107829
-0.008107139787729428
-1.0
-0.003331114638136558
-0.005204514290665019
-0.0011054752982851824
-0.004947414465907386
-0.006710670738066963
-0.002659412213432958
-1.0
-0.003893393941440498
-0.008101946922958805
-0.006342788881489303
-0.000941961871191098
-0.0013485620516031276
-0.006521835195462816
-0.014016038427811496
-0.00543342063768467
-0.010674749179714563
-0.005577400564048344
-0.004422859318016296
-0.00911112304932479
-0.009082116667351607
-0.00875818376435589
-0.013352372640949548
-0.012160340270796844
-0.01224985050486864
-0.0073405414678154495
-0.01114228201439983
-0.013036858619423027
-0.008993116315369023
-0.014087734798056766
-0.009204208745369266
-0.009285160279129465
-0.012874143223771199
-0.0036232765028428988
-0.002290967763816422
-0.001880860853504251
-1.0
0.007187570536689769
0.004468857029359352
0.003374584149387519
0.002677437090941792
-0.002185598556183885
0.0038264175414219038
0.0032649516341676
-0.007256555271001034
0.0029945840367037874
-0.0005463265565854981
-0.000608193718564192
0.0045423588391395615
-0.0012382188237767585
0.005871916949692841
0.010211133580017837
0.0017276289928480914
0.002399046982160948
0.004790908622083433
0.0002673259495806738
0.0013880377634532732
0.004116469639693012
-0.0005040489895324507
-0.0007795416716371536
0.005611223832382372
-0.00043003150737180146
0.0065382948788992685
0.010512745674631542
0.0038890921749252924
0.006770903427310639
0.004667116404534863
0.0016980640963107343
-0.0015274849667339468
-0.00837589977432504
-0.015848374978163278
-0.014340457726440032
-0.015640660106408712
-1.0
-0.01150176229037337
-0.01328274106349855
-0.009235821961955847
-0.012095992673072094
-0.009415402298355706
-0.011860625818630479
-1.0
-0.012592341945365664
-0.01178130681555942
-0.006930969586423577
-0.005258393632237888
-0.011192938898441824
-0.00892089329349909
-0.0066343618369375055
-0.008149795670612558
-0.010872549607814573
-0.008001053168598903
-1.0
-0.017395805071692746
-0.018638334497782134
-0.015152137682556374
-0.007433670986378179
-0.009629554584278428
0.001215522360258349
0.0007289027545278486
-0.0009506992824327816
-0.0042389902047950965
0.003572091229610273
-0.00302308213017054
0.0005512007988405149
-0.0022352764170731516
0.00172031190877856
-0.005254569649260129
-0.0006347540088481754
0.004137909806070988
-0.005257168455834067
-0.00407278158718505
-0.0022971404945151645
-0.006180538090018662
0.0013920714218142217
-1.0
-1.0
0.0059719579596022926
0.009714272463016928
0.012093651413654292
-1.0
-1.0
-1.0
-1.0
-1.0
