0.03881593850598641
-1.0
0.03870608777096624
0.041058160320970774
0.040998968091680715
0.04059135362090834
0.041958633702281416
0.04289047395821988
0.04000699322956057
0.0431840981984288
0.043437343802894275
0.04063348930033615
0.036188965341418106
0.040488442004478785
0.043334328983933745
0.03846920478980021
0.03677403345969179
0.03265393939238492
0.03819381917090009
0.038931153041030085
-1.0
0.0443966874362281
0.042247588906720195
0.046110508506336266
0.04617892593409092
0.047064551105366975
0.04470759359780311
0.04685078297745291
0.037098128198155535
0.03055217412417131
0.017435848712427694
0.016235069090350624
0.0034268952188926814
0.003877459583782778
0.0072973078864003406
0.0012061178336365535
0.0028706802144962216
0.001992812890722567
0.004755161691918369
0.0009601342612062567
-0.0006074563250712082
0.0012508405823663676
-0.0052960004258247985
-0.007966506316778175
-0.00260123098574454
0.016836218852237336
0.04040698919953626
0.038348586329901756
0.032969542591506015
0.03338257893017243
0.0364663527106746
0.042250884456073896
0.043450516954376496
0.04431563822221997
0.043844543085624695
0.046307001069372855
0.043902628357331636
0.04256168853587758
-1.0
0.03771025555916055
0.03977068440658506
0.03982402145109312
0.03885049578669298
0.046935364452426916
0.04348763490396817
0.041418594630672635
0.031846612138125036
-1.0
-1.0
-0.010062608623819136
-0.003603727178129408
0.006516500979768167
-0.009590902898799701
-0.004293330568071148
0.0010307844439847978
0.01289251638296908
0.011454147445326007
0.008963399093259036
0.0035875220826843924
0.006048175030599619
0.0034929427075281404
0.003851488924810046
-0.011524370901407356
-0.019829987316700597
-0.03205637282843118
-0.02914414454257882
-0.029037981246415826
-0.029764720402715255
-0.028732645011127735
-0.030762055433113833
-0.027894049708994704
-0.02748786227515631
-0.026774075948353192
-0.028078449672061506
-0.02192643991477892
-0.02392647201583082
-0.02361392301923307
-0.024304373918149016
-0.022655552964962498
-0.0226627491808374
-0.00498180831894689
-0.010678322804439545
-0.0211295639430276
-0.02534641519685823
-0.0261870280186749
-0.028580728227326182
-0.02870893530489794
-0.025948849440239233
-0.008696172857691347
0.0061105283609309705
0.005280312664526786
-0.0066883865269180415
-0.016868111123004074
0.0005318602756984117
0.009212394218175542
0.010436379051313619
0.009383169423889356
0.006196234676148681
-0.007900021729851462
-0.013863092433523485
-0.013580161147117313
-0.005569503708249041
-0.008072188743403111
-0.010642531846664806
-0.005377873124560647
0.0024349936234367704
0.019762075391214152
0.005185859321744354
0.0023095162502620057
0.005233647063032918
0.003467322133692743
-0.010401312219204645
-0.013569496604692586
-0.021273982694827435
-0.023169470210604518
-0.022973146583650145
-0.018698759211722912
-0.011385308562969532
-0.0022256837330982926
-0.0035179493538527095
-0.023213123078127604
-0.025477649633614284
-0.02112535303778062
-0.01740897999535054
-0.01976557481492479
-0.01629167003169122
0.0021799312524299684
-0.007535118270736955
-0.004902239585607617
0.005094367272086103
0.004958028234867166
0.001372588001289401
0.009143239124743787
0.011327029948010704
0.0191583456426663
0.023996574702675147
0.019467365193563412
0.01649977019894222
0.019184233339429334
0.01703609712511458
0.016609252113437837
0.004136056235374976
0.0002625978199598119
0.010210451605216093
0.004747520332059557
0.02365866575321528
0.03311741166381035
0.019748596445883206
0.018622279651096703
0.02984474395003691
0.016828099139103377
0.017831126834900082
0.022446398511706284
0.02279891315954764
0.01866448745535586
0.009680620779435488
0.004581370890673996
0.0075968916212566595
0.012388267898429183
0.009315952540277596
0.004824534410354793
-0.005751100070848809
-0.0035601881913346913
0.011056544177139239
0.006996708716591429
-0.001000373148033655
-0.0040712497688642725
-0.00970657003452673
-0.0030514616918391043
-0.008775559389545598
-0.012519627738985758
-0.022826479548297796
-0.027358192971678456
-0.012795888459534919
-0.026213253599978763
-0.023380670429423954
-0.005439107317418226
-0.013885519494367378
-0.00933457447871834
-0.006394396694645547
-0.010209653327955804
0.010311132563315516
0.014554592624767566
0.013226374146297957
0.017732463889331748
0.0014355581477637457
-0.01098240365846008
-0.004088748772422121
-0.016363437346441467
-0.02330396565402661
-0.015568675583082954
-0.009687602806226952
0.007653428306851776
0.007769721338853785
0.002125204430727069
-0.005521218975769548
-0.01225537180620208
-0.0008528889339765801
0.020038629202481898
0.0077147516670380166
-1.0
0.03733998659090055
0.031317434187962755
0.03786070351388416
0.03258503240887459
0.045607132687222905
0.04412801154630244
0.035116131392682805
0.031156252638774532
0.0351482645344773
0.03402775916481986
0.036633069779332283
0.04439614765874605
0.04341065122217853
0.03702378158005242
0.015835655659616855
0.013223290475228806
-0.01542001169477959
-0.020297076894463896
-0.024207130902469818
-0.02449913521957628
-0.02240220118091673
-0.01789629407682209
-0.012094542244094626
-0.012050897210854025
0.007166981392155647
0.021194850973927787
0.025782983403581268
0.03593513738709288
0.023309578471990736
0.016704184641869887
-0.0042925685789411494
-0.005443210875155887
-0.01362102284548226
-0.014156749486112992
-0.012366254533652333
-0.011637495131846955
-0.000989038195447083
0.010162726214020524
0.004724136462325949
0.017414234293215963
0.020882884812465412
0.005729684012137752
0.022263727389664072
0.010354957668704517
0.009476292399167127
0.02089841376673624
0.020538025164669627
0.019044384149866027
0.022871376628655748
0.033065703859261344
-1.0
0.005524363745735094
0.013803099974691955
0.01578114209728895
0.02714197121884082
0.03541753770582414
0.0329959705125228
0.035685482716513436
0.027604395148891705
0.02460024278876233
0.014568971826328882
-0.0005090959215719659
0.005608441729211158
0.005731443038037951
0.007472380366829271
0.014760320895439178
0.010385286807181177
0.00969079289529954
0.011277741614554582
0.010772580760142788
0.015753251084081033
0.01484583177641579
0.003986516147146269
0.01062002644387189
0.014121857674779003
-1.0
0.010105244695752698
0.022466397561552772
0.02900306889281856
0.022418056974040645
-1.0
0.019148111515329195
0.02766948825699098
0.03975528378703885
0.031811138308467275
-1.0
-1.0
-1.0
-1.0
-1.0
-0.01614930511547366
-0.020159613950887025
-0.018370619233386593
-0.02436535108699837
-0.02050985482674914
-1.0
0.0060019232776824935
0.003803608695182244
-0.0032505697946842225
-0.009073398943668945
-0.00787110078733166
-0.010501371998029271
-0.012009597899561162
0.02274375929243489
0.0197827478736746
-1.0
0.023375450259570444
0.03797034339353404
0.03432175147857153
0.01808925763630189
0.0014889027097976925
-0.008468278630399942
-0.0009166361746344943
-0.00048584059253537897
0.0037043403902895385
-1.0
0.011524552054695342
0.00435814711555705
0.008330374209120271
-0.0044683248613619836
-0.010167090489725613
-0.004882055162813561
-0.014788855143072521
-0.023980684694427302
-0.02258959359304022
-0.012544928705187058
-0.011983768684827572
0.0012871658355914546
0.014942850296562766
-1.0
-1.0
-0.01603719298291059
-0.014698289137623924
-0.010383619370213076
0.0038149973812354977
0.007931465066169789
0.012925173519724243
-1.0
0.005483870424790323
0.003485867675940832
-0.004037412582018318
0.008081456214320978
0.01956911494545792
0.0012218573903734025
-0.01214674771462513
-0.011219670466964937
-0.011230152905009965
-1.0
-0.0021431809755101186
-0.00013396400853161048
0.0009438306034445264
0.008532745951394125
0.01478098213027806
-0.0036430258065283196
-0.02141515503238908
-0.02066015451697301
-0.016665653589624956
-0.01693875661770881
-0.022398391215274586
-0.015117797636781057
0.0048235290826843125
-0.0009335529918301881
0.009790758849685196
0.005467182235091511
0.005219130531740935
0.00100008480743488
0.002764747174526778
-0.0015947136237198466
-0.015565076991165765
-0.020157166978000456
-0.01488723293133333
-0.018449664318078665
-0.009803060729497248
0.004666868607878692
0.039434696828289234
0.035465303733411856
0.016642765878029996
0.014060585617105784
0.02656577090743285
0.02433813359917799
0.008601946525763736
0.015094407315890993
0.005538035506109511
0.0021371047965319722
-0.0018615083917137359
-0.004073605139430835
-0.004864676120492562
-0.00601213618506772
-1.0
0.005980155965922625
0.012994222364134972
0.0037333106983127667
0.00037209530510435326
0.006586845542498504
0.011077917849315624
0.004175399719214336
-0.015376882026267141
0.0005568051449778265
0.011078572798647724
0.002921802705163098
0.008107043701284648
-0.00868038936073726
-0.013367072125992058
-0.017565543377505835
-0.019269225937494167
-0.015070827002346332
-0.01217946645962445
0.01291857743371492
-0.003433825258962108
-0.007043687112204033
-0.0011945546220036548
-0.006450806012548166
-0.005058947913758945
0.009938880213907916
0.03803094060065756
0.02844575790239298
0.028754822551369106
0.04729581624368148
-1.0
0.05438113465772749
0.05336542721252509
0.053028043659522434
-1.0
0.051286292379556044
0.051585168798764264
0.05116045845385546
0.04857829487649459
0.0459503223863124
0.0485200641708926
0.04323574742201428
0.019256712974263422
0.0004666191725275972
-0.010947383844818168
-0.010342253501737972
0.004567065253998225
0.008843863297265461
-1.0
0.014581920810873719
-0.00846154094833322
-0.01208787886416492
-0.011954789816073784
-0.002732267233834648
0.0034127044093012005
0.01088659940079017
0.006982015213737753
0.012176362454633731
0.016781163255538953
0.008175493915474195
9.115944221515458e-05
0.004331600934362726
0.0019706787927906964
-1.0
-1.0
-1.0
0.029534866489820455
0.02291043533949313
0.026482963066237836
0.01892647050988094
0.01660845976738798
0.016253035564729165
-0.004722938817059731
-0.011946945289725149
-0.02354637533917702
-0.02734467606094721
-0.029927901722568873
-0.02895512758678558
-0.026283210708840127
-0.02594098355557574
-0.029190114348930808
-0.029246010515722953
-0.0298842016866204
-0.03159228457472992
-0.02923607814580362
-0.02833219139331105
-0.03069740109799341
-0.027159237355640322
-0.027754645522449446
-0.02919368381484952
-0.026014535937122184
-0.01635339648765308
-0.011815643732666144
-0.011421762128207646
-0.0043867050930600174
0.02688678604989373
0.02411156399857128
-1.0
-1.0
0.024970444156785714
0.024167588310879822
0.015485405135680358
0.002094118334301285
-0.013661554857598119
-0.011922639882395858
-0.021050474100111
-0.02673545896491329
-0.02878592702067644
-0.027070916393853756
-0.026115134663815286
-0.018421170070561033
-0.011055770160355801
-0.011601716588757522
-0.004306445328330861
-0.01304941939302062
-0.010219048790034161
-0.011425225958435082
-0.0071393430427227084
-0.0009933377020667935
-0.00039238951124817524
0.0038488305827530686
0.0030418779904523787
-0.0005525271032462372
-0.0027325142148298576
-0.012560520355700924
-0.021432925370458662
-0.020641272031385008
-0.0228332136230693
-0.026948758422030726
-0.029505036891009945
-0.025579455259060743
-0.028108731041906705
-0.025901863090186508
-0.02681738835597393
-0.02818064482073215
-0.026848666855074442
-0.020615769342342175
-0.014469400280022804
0.013207352117340523
0.00925933799114386
0.026530499736165097
0.03663170355771996
0.03378784878607036
0.016082467099414185
0.026263392435698737
0.036294861303325626
0.030631859665395014
-1.0
-0.005173439116034829
0.0017448990467094523
0.021654567740058823
0.026972026308582572
-0.012834260864834857
-0.015173486949736373
-1.0
-0.01804900915061654
-1.0
-0.015289680332465513
-1.0
-1.0
-1.0
-1.0
-0.01444267407345541
-0.01586780184200658
-0.017014245634698274
-1.0
-1.0
-1.0
-1.0
-1.0
-1.0
-1.0
-1.0
-1.0
-1.0
-1.0
-1.0
-1.0
-1.0
-1.0
-1.0
-1.0
-1.0
-1.0
-1.0
-1.0
-1.0
-1.0
-1.0
-1.0
-1.0
-1.0
-1.0
-1.0
-1.0
-1.0
-1.0
-1.0
-1.0
-1.0
-1.0
-1.0
-1.0
-1.0
-1.0
-1.0
-1.0
-1.0
-1.0
-1.0
-1.0
-1.0
-1.0
-1.0
-1.0
-0.025635500334882908
-1.0
-1.0
-1.0
-1.0
-1.0
-1.0
-1.0
-1.0
-0.02462749633419406
-0.021496287451375648
-0.02244438358107378
-0.01859443233260232
-0.02060891149566586
-1.0
-0.009104015230476797
-0.010492221116348573
-0.01102920881603793
-0.006880399544592441
0.0047201793013345655
-1.0
-1.0
0.004935128589078243
0.010602985073886378
-1.0
-1.0
-1.0
0.03437431896242325
0.03131221144785566
0.03705923758176354
0.045141908892170554
0.04489601511770543
0.0472917121899598
0.04712348529404912
0.041283538447602915
0.045483962149190024
0.04852188621785588
0.0453679535413253
0.04806196915359365
0.042830458328580685
-1.0
-1.0
-1.0
-0.009031986427147897
-0.016906390711634328
-0.01919229025370925
-0.020603880636227
-0.022042139984883156
-0.0208233080974196
-0.02304987171914498
-0.022945558571794932
-0.02244739874843963
-0.024043633671557086
-0.02724904240154184
-0.02543174226018334
-0.023811690294043255
-0.0268463572985802
-0.020212694406933976
-0.025295743509182875
-0.025355648535468265
-0.02618267890691694
-0.02533478443124832
-0.021051746072348134
-0.022159286604888605
-0.02527789415145298
-0.015595094421043879
-0.016946647480418332
-0.021934301961453104
-0.024461377748937394
-0.02983967596563558
-0.02710663797832079
-0.027079017965519536
-0.03031616582584076
-0.02560758983238795
-0.023785602031705703
-0.021840711990186057
-0.006149347905804708
-0.01267938904822518
-0.021751603409141226
-0.025732719443768603
-0.023145888819308635
-0.02320973983704566
-0.02523441501254522
-0.02161128900383741
-0.023906355128690545
-0.02059033431306122
-0.019981245056758936
-0.019928478840850722
-0.023235730672221115
-0.027540457896004816
-0.028973895448708382
-0.026360313418318005
-0.02347558577685379
-0.021631323227245574
-0.01848882387444068
-1.0
-1.0
-1.0
-1.0
-1.0
-1.0
-1.0
0.04583116142833023
0.049619796178911595
0.05336142896858551
0.05059144763819866
0.052424580343783556
0.051512552306246774
0.050836859733982886
0.05117012894807138
0.0503592164701479
0.04753142317672392
0.04955240443814636
0.046664354503363994
0.04940445742176644
0.049643971965088414
-1.0
-1.0
-1.0
-1.0
-1.0
-1.0
-1.0
-1.0
-1.0
-1.0
0.04315177916302534
0.04920673436366467
0.047717376504894715
0.04670121111657376
0.050087480136203795
0.0522444649858709
0.048680182819183196
0.049997058054066325
0.051001317284153476
0.04675238546610197
-1.0
-1.0
-1.0
-1.0
-1.0
-1.0
-1.0
0.03412764289383848
0.035008120977025534
0.03957979410327135
0.04182329112631638
0.04295154589788193
0.04161071962062045
0.03301737747324566
0.02410764721471009
0.0058350995110037175
-0.012323321446016985
-0.018777136079067558
-0.019469556064327508
-0.024654580831094737
-0.0281077539051332
-0.03090741434965381
-0.03249163183093137
-0.029797118293331943
-0.024026702387107586
-0.024928036830940387
-0.012912803723268184
-0.010215374278363111
0.0021024899737134995
0.008775293826755938
-0.009350868876770347
-0.0006940672073463374
-0.009353382486274103
-0.018911880084859143
-0.020968786234494857
-0.009623567693951472
0.008845792450669888
0.004471164431043543
0.008819241876931139
0.0013446838173345294
-0.015873828048554497
-0.017159796279942366
-0.014981709525222904
-0.026409593081264254
-0.005924256645610581
-0.021326932358848034
-0.019495501880740517
-0.01970104333893479
-0.006102373425001289
-0.014319803101361125
0.00037075121462114155
0.009496696671886434
0.000583298995847783
-0.0039624571802321295
-0.004949924666855833
0.007869780282749973
0.013083521441719063
0.007034064530015978
0.010077278122053198
0.013697556591191856
0.003984505893708023
0.00045459728985241773
-0.010281728794552442
-0.010989971980232667
-0.027139013908906325
-0.02450441734949143
-0.02195383320952327
-0.0238241303521412
-0.018973592417274077
-0.021340394432889827
-0.026692256829124825
-0.02789085241998565
-0.0336398735034522
-0.029888593592202514
-0.017666548984594882
0.006334323959104901
0.012207222994875573
0.008764041764715123
-0.00036851325932491826
-0.0005617723975742054
0.003985152392839124
0.009834569633898284
0.008545553670246748
-0.005694831238700087
-0.0038256846639757873
-0.005586614704291239
-0.0025194758344081183
-0.01944299631291588
-0.03322808213954402
-0.02977383983775975
-0.024627438853160148
-0.018104369396433756
-0.026493164752384852
-0.0339757064678171
-0.03849465620520867
-0.04126847243174209
-0.042674748353986616
-0.04325035676044068
-0.043502533065386866
-0.046004902315157546
-0.04183217940423112
-0.04357216449159675
-0.043347238596110664
-0.036256030729837074
-0.014070889295681663
-0.005223771447482987
-0.008781834119051549
-0.0017818018190531905
-0.019334140534862355
-0.024144244102774555
-0.02678873803294557
-0.01634259843133793
-0.018188671971246934
-0.011929169376406553
-0.007699878331410754
-0.026930569923310523
-0.024967524379640102
-0.017889442327560776
-0.025896970430917085
-0.02416852436479875
-0.03434993223072298
-0.02801093102041891
-0.025069696671150565
-0.031972019937087426
-0.03671347001545873
-0.04406792978141537
-0.04788649168695329
-0.04413448619218935
-0.042182338775522195
-0.04088541684212562
-0.044894286791253
-0.041593593701843526
-0.042865855696755974
-0.0430541788178935
-0.04220358130946794
-0.04239052309154874
-1.0
0.006978860553022172
-0.0006523515551920577
0.009618182890108963
0.0016671387840363513
0.025115779439007786
0.017937424628688955
0.012334771054903158
0.0020394596724892943
0.0005178967760467477
-0.0023010887698350128
0.004907086835069509
0.001308432782068829
-0.009514661607821365
-0.008830045578862073
-0.009851186494700329
-0.018296658247186577
-0.006304327754958976
0.014839073094203327
0.023306477178017516
0.030474339137410798
0.022739525502763817
0.022135553290978754
0.02431744260824093
0.024348539997091894
0.029864488043499077
0.031171429198866677
0.028785201454581407
-9.732143017691522e-05
0.007830810228700504
0.0009943173462242767
-0.0052550179981024955
-0.003966499584411779
-0.014257471826090285
-0.022623561078413474
-0.021844872032443532
-0.015080759257594195
-0.006384802406203306
0.02472529609037933
0.018841043659713713
0.01660849350372378
0.011126742422842997
0.0025492590910465803
-0.005124324603849103
-0.002016415003171038
0.0009191788892821448
-0.010035817987803853
-0.014265630700893189
-0.014755540195572715
-0.0169558193206416
-0.01829203801505653
-0.014163566620144898
-0.021653719908360586
-0.0034266245394325707
-0.010225068446593712
-0.01654291313386956
-0.014097206486355662
-0.01540211113746623
-0.0099324327778908
-0.014912426260938303
0.0017202917138302394
-0.002636100536029328
-0.0029690380548022294
-0.009782962971358576
-0.021776864787825197
-0.01896717243349227
-0.008637030116638435
-0.023143129700576692
-0.025441430883139823
-0.013829163134965195
-0.02271317161089898
-0.03381114718174368
-0.038379634082310495
-0.04365384132826342
-0.04180838901111595
-0.0399726770004657
-0.03934474343570198
-0.029688219349044365
-1.0
0.0014348546070304124
0.017286721302223695
0.0353809313461369
0.025570269599814996
0.01256082262614753
-0.01052979130304765
-0.015114077311700074
-0.005985267554807506
0.026246452914269205
0.04899297785982542
0.048666477938771734
0.04494946000583019
-1.0
0.05301435471379098
0.05196349897440623
0.04676523007061461
0.0372206854363064
0.029646680188214973
0.03642653067243057
0.04277577251987434
0.04778832978689428
0.049823774412226574
0.044052078006952
0.04503488873929474
0.047476369036464114
0.04963075970842899
0.04675192071905312
0.04335774528162936
0.04742719096363513
0.032305360523409495
0.03772373214959575
0.04299770897370384
0.04420232958381493
0.0446484947230612
0.04047592878810153
0.039252981674369115
0.041373560834931135
0.040615172741792195
0.04339989849278101
0.047180865290131116
0.043643401362076825
0.04378602194476847
0.045042602622782715
0.04377460999332623
0.04843526737091942
-1.0
-1.0
-1.0
-1.0
0.038604125085343895
0.03524739421270043
0.034688787950908864
-1.0
0.025329364143410485
-0.003061170097978378
-0.020694638725228098
-0.0059904993679683344
-0.003908133876294618
-0.01836106530694436
-0.021308181349724956
-0.017711627450017493
-0.009293006528484127
-0.0009403742275934204
-0.022874648059126514
-0.02944028683750545
-0.03209669995676743
-0.02656553336478453
-0.02038663188115472
-0.006090409738682009
0.02413678023021522
0.04196518045203507
0.042224633361446384
0.041067766019699706
0.04257347617450174
0.03836592281624485
0.0459200008800726
0.044373839161684164
-1.0
-1.0
0.041473493696116186
-1.0
0.044768424265422296
0.04475492766853872
0.04223549967313282
0.03949309210903908
0.04104576694694278
0.04678833039068247
0.044226753877131625
0.043926237066236974
0.03841122271826621
0.04127958123398589
0.04257256574269027
0.04575396805003171
0.03960227903065194
0.04187239248226558
0.0369843396517663
0.048714312342616424
0.043696527470728684
0.04276844332642743
0.049565128272647696
0.05101891357772074
0.04784477632163196
0.0433165994159143
0.044483413243451356
0.043427816614443934
0.037890914343655026
-0.0024404336295705195
-0.026211627054529715
-0.03303444814756438
-0.03855296786516281
-0.03832587255383439
-0.03991197680063012
-0.043664409589817585
-0.04174761204301747
-0.0374348035969788
-0.04007663174793392
-0.03909741971293112
-0.042004015016524246
-0.03592805842090739
-0.03202385542630054
-0.03168018479621634
-0.02496589769189695
-0.02483353247892879
-0.01504719199636767
-0.025339155834495256
-0.030175352274273346
-0.027072558177665903
-0.030006144826240956
-0.017094028614932578
-0.014524269668230602
-0.011683240690291216
-0.005309909362108676
-0.002646176570493938
-0.015729027124943857
-0.008168367107365702
-0.009236786612124997
-0.00904075623001381
0.011347915558652623
0.0433713773765315
0.044982707252774284
0.0474614144683138
0.04822258966759479
0.044014063658489526
0.03686605404643576
0.04099097624611397
0.010842472957267273
-0.018994843738033052
-0.02398144087900651
-0.013193178670267645
-0.014636692173913597
-0.03135719443288141
-0.030944673723828236
-0.038907552605650805
-0.044745667555471096
-0.04329882834445517
-0.04171021993890389
-0.04300154067426694
-0.03094341870091985
-0.01269555748958491
-0.01673428151603353
-0.02068046442222727
-0.01751223388514874
-0.01935689286448302
-0.015979412881624223
-0.013597109503982475
-0.00686980006698849
-0.016000360970115618
-0.017830022537288024
0.00016862253222795737
0.004736118249316911
-0.002024574684182912
0.001735318146150637
-0.00176753285272521
-0.00395253825739491
-0.01144813243450678
-0.017893537140452335
-0.01665687219462747
-0.010513620982632033
-0.014222545762584115
-0.006562453402527991
-0.003240740685737578
0.013094339152473846
0.03647018470160459
0.04921655457467167
0.04470355539335421
0.04638907864251458
0.04371165538640181
0.04481689670110721
-1.0
0.040668116892712915
0.03783642618476978
0.03565185979748123
0.013672038002162322
-0.002076467714506605
-0.012291668093859402
-0.022464315977505027
-0.0035707908772827507
-0.01857089315327265
-0.030946617151486736
-0.03198888936094359
-0.03911095165966997
-0.032887967497067544
-0.021914933306755816
-0.036219740617846045
-0.03617707811907915
-0.04280087045478286
-0.04300423394681029
-0.04179929549965945
-0.04191962756183627
-0.04151469810254207
-0.04302483636554339
-0.042940597973146845
-0.03951155590817691
-0.035814659180718855
-0.03944675713351699
-0.028899878437225704
-0.02686385452722257
-0.013538541032872792
-0.032507149119852155
-0.031925522476110774
-0.03355367091574267
-0.04247063430949719
-0.03772502897443765
-0.025961559359754156
-0.031078524702520226
-0.031761272406582254
-0.018161588822948837
-0.02391689159088165
0.0015828763186816902
0.007272813780776451
0.008877042691276468
-0.0055265395285100955
-0.028149945861076175
-0.022550908549456166
0.0020165762634838536
0.0032013364056345194
-0.02372174931120441
-0.035914932017111954
-0.034580299609099606
-0.02681019696691873
-0.01647860285687811
-0.002056786253651547
-0.012835699156286542
-0.006443340559637546
-0.007469587681414158
-0.006572056514561133
-0.010187741362824779
-0.009023509235853098
-0.006702996166544421
-0.010784651473259218
-0.010675405956954027
-0.020123766742957006
-0.024852882015871006
-0.0290626690580139
-0.028429828576680475
-0.010412784926963492
-0.0018702188955154585
0.008431550508578285
-0.01526863173600327
-0.028464216431646684
-0.02689068901070038
-0.020322049333830704
-0.03186426752796108
-0.03719606531123005
-0.0390309322503396
-0.03633258247429334
-0.03360502906035853
-0.027048639580342624
-0.014377387394385476
-0.011556141012889766
-0.019861131741100994
-0.0031859803712813183
-0.012891323965315667
-0.010174971070832248
-0.003439544734986264
-0.01690431131854822
-0.021082667962900814
-0.025781215112631813
-0.034282288747919464
-0.035622957217398984
-0.037034832346265416
-0.037151457921555046
-0.03928304606380757
-0.04023235370656224
-0.04168989418034872
-0.037963086427860636
-0.0361183225259359
-0.026411272063114298
-0.034027928389374365
-0.032307152274981626
-0.042914336368971844
-0.042506194861472585
-0.03419609881333679
-0.026928438494426193
-0.009694418043489004
-0.007632033635523644
-1.0
0.03972950540634178
0.04281866134533677
0.04517182714959964
-1.0
-1.0
-1.0
0.04461790058705917
0.051297788825093386
-1.0
-1.0
0.05000679817277227
0.052238406701601965
0.04948026649762371
0.048177666632910676
0.047327583937724245
0.04606324606449743
0.04835368401030354
0.04434849003644918
0.04290870879677982
0.0446204873407315
0.045997048774358756
0.04812849429056947
0.048050616344299184
0.046060166860310614
0.04294349054391722
0.03412417898964151
0.035124312015477895
0.0414682889886481
0.02954483714318187
-1.0
0.031262028078028636
0.033928798446182164
-1.0
0.049077197286942355
0.044582826602982815
0.03455466956644369
0.038853306242008175
0.03560676638695524
0.04115726224491156
-1.0
-1.0
-1.0
-1.0
0.014929607729056781
-1.0
-1.0
-1.0
-1.0
-1.0
-1.0
-1.0
-1.0
0.008848029922997215
0.011815093110002636
0.013741430561617507
0.004804681269439616
0.015063069473551129
0.01491449044880335
0.011215095497611469
0.008075005665962604
0.006759337581094549
0.006370304223479024
0.006339260937342257
0.001963781848548651
0.0024725711836958105
0.0022110572286799354
-0.0006741704587921591
0.010881613588771768
-1.0
0.025213421952864228
0.043646572487742445
0.04213995756581336
0.044690002007326556
0.032713479347328954
0.016327619303529033
0.03225466033917441
-1.0
0.03138337384645232
0.03352288081443032
0.032342551627544486
0.028166037947994767
-1.0
-0.004633511860092824
0.010786521786240337
-0.020121620630041928
-0.030565463804413637
-0.041125857232977084
-0.037177718124196235
-0.03458254111782618
-0.03725949935247752
-0.03356455434245584
-0.03092871135809363
-0.018408507414046475
-0.010617493341943854
-0.02477023830699085
-0.025810081232202513
-0.033279079143868545
-0.033798353324839006
-0.01862935902184068
-0.01068324269117976
-0.014638704623707111
-0.016169414310284402
0.0014986007049946218
-1.0
-0.01855004537119979
-0.015950711082118478
-0.01776928002118592
-0.015481307190875097
-0.001409634630263409
-0.004500438613902229
-0.019128860329637235
-0.008432941422876126
-1.0
-1.0
0.034493832863413114
0.030681083001524004
0.03158923461213167
0.040440180061759104
0.040983964969058415
0.04038904483383544
0.044273839921476224
-1.0
-1.0
-1.0
-1.0
0.029306647000211048
0.026409722772155968
0.028355203337472597
0.020918258993796447
0.009464064979959955
0.012633011791608197
0.00943078523964149
0.0026094725932408968
0.0004798746780058491
-0.012219031329807664
-0.021236482920074653
-0.01970279687712077
-0.013495210160943627
-0.020202609868568092
-0.005091016701954
0.008339387912201906
-0.004539256673182241
-0.02889037283675072
-0.03063866429772081
-0.031200621141118916
-0.03427413360512034
-0.02949459646572266
-0.018143767220168645
-1.0
-0.009842411185896096
0.0006152012921626612
0.006269872784557136
0.005769523917751029
-0.006292529469027504
-0.010919463318475977
-0.012149677126483077
0.01902210886936486
-1.0
0.02735188672104351
-1.0
-1.0
-1.0
-1.0
-0.01039725089741819
-0.012015491909589985
-0.012019199887035066
-1.0
-1.0
-0.018544369797957996
-0.019478402012430528
-0.021221934469373455
-0.01869306745208108
-0.016806034888390275
-0.032117532215699615
-0.0350591327162848
-0.03570836555059835
-0.03371411682850631
-0.03519679506038638
-0.03791670380756295
-0.03601357776140284
-0.034920242773789724
-0.03738967495969323
-0.03493421735221573
-0.03541822217092636
-0.03328131527942623
-0.033765774461347015
-0.03287058340971
-0.037178865345254004
-0.036280541214033166
-0.036410896172872916
-0.03591406731607457
-0.037707342461681954
-0.03606183214152525
-0.033706353338124315
-0.035031540056540904
-0.03671958274087393
-0.039637495554404455
-0.03691308383248905
-0.03699083516909063
-0.04047843512699944
-0.03460028875227553
-0.03899918859880079
-0.03481477483796086
-0.03533479605965117
-0.037139399441417024
-0.03388350822618757
-0.03422973371462739
-0.03118508860358981
-0.026830666922933673
-0.014175669249944716
-0.008659573890474675
0.016545457165592622
0.016447507797623117
0.009061210628989335
0.02547265833563625
0.03396379944154844
-1.0
0.007216527400272264
0.020152677752747778
0.01218369315481995
0.013523743387570081
0.02619817781978829
0.02134533876245617
-1.0
-1.0
-1.0
-1.0
0.027740163860561873
0.032739690092900176
0.03330765123456808
0.03043809134686809
0.027078702781299112
0.025716258625188605
-1.0
0.05068415687215841
0.04971455031485132
-1.0
0.04401095046294017
0.044918417557866894
0.045023118201954315
0.045506067945652255
0.042689009527679345
0.029466079733038178
0.022706019232246764
0.022730045139400235
0.03777471392764399
-1.0
0.023925681618893992
0.023131948513867344
0.008661270124011383
0.015645326356362177
0.013735606828545051
0.00018605824712872733
-0.021686291469172295
-0.024860165575162376
-0.028118260805602743
-0.029280025625887385
-0.03196874020909718
-0.030796628505478953
-0.03130535601661603
-0.03352252468449695
-1.0
-0.028360727608670335
-0.023704262860269717
-1.0
-1.0
-0.03019256473508282
-0.029674341184387564
-0.03024657913695912
-0.026139658126653087
-1.0
-0.02991803617840971
-0.025176050087011466
-0.019102577475468074
0.004278635246412898
-0.006937613985407242
-0.0008958741012923573
-1.0
0.00293061646325974
0.0034381824768959473
0.002900449345987941
0.015189078495364742
0.015249901213661111
-0.0008603408318567178
-0.006708479704568488
-0.011316661730175445
-0.015673983551765698
-0.020761386007150044
-0.017359353385342297
-0.015937248952477005
-0.012899142952648842
0.0021705520630856275
0.006688142870534862
0.012833077936890279
0.02884505853270762
0.012345345793384794
0.030960422433962614
0.03652174058280592
0.03382464021987105
0.003884001096602563
-0.006046610065106322
-0.007232828640277904
-0.009661181881769287
-0.01331021237033591
-0.012432116480694685
-0.01598391687566512
-0.01964575423704617
-0.018699427013729095
-0.010426358916151922
-0.010584328159777976
-0.008189945999032756
0.01945327844395516
0.025228011286504582
0.02148345689252848
0.0038628856910992
-0.008472687223646117
-0.013032429725565403
-0.020617538624962347
-1.0
