-1.0
-0.003465424856426492
-0.004406218056273662
0.0008652118126216416
-0.006487035516079455
-0.01768103767863337
-0.008423315359989811
0.006114841206508609
0.015571183649432566
0.015498834957960056
0.01871675686288307
0.01111201301602136
0.002973277767891618
-0.0022350332910637807
-0.011817611473137979
-0.028974715086326736
-0.028867303283047336
-0.027166295481835148
-0.0263641202346948
-0.01662271367492166
-0.023771624279456623
-0.022170365602115685
-0.010599529132944532
-0.017301357949107
-0.024380646986902167
-1.0
-1.0
-0.04509153814319263
-1.0
-0.04170424954284268
-0.04310555669617739
-1.0
-1.0
-0.03514357064687502
-0.031562312720700716
-0.035701542345314786
-1.0
-1.0
-0.04142314544132225
-0.03921570569655362
-0.038379802175865466
-0.029400900006186382
-1.0
-0.018755213316395222
-0.02088980653792983
-1.0
-0.0223524615324823
-0.031118283343063234
-1.0
-0.028525805506403455
-1.0
-0.0322582978913498
-0.022080718671337263
-0.014218593899522102
-0.003887065190011774
-0.0076261885671121766
-0.004677752293396846
0.005692590584262394
0.002188110887126712
0.004366467089544988
0.011885188336713622
0.009492793951705903
0.008103711802510762
0.010126024136681174
0.006960911421484084
-0.012019213768494972
-0.011636863101027628
-0.011168740263852159
-1.0
-0.012870030599252348
-0.022607440349664276
-1.0
-0.012664162308846923
-0.0038244924538758046
-1.0
-1.0
-1.0
-1.0
-0.03991606945740129
-0.033215521250570694
-0.0033707569387430307
0.007798150924776093
0.015608201659820962
0.011216455769380034
0.020838379744094835
0.029958844498129203
0.030575534789289562
0.028301403767174535
0.02447510752828531
0.03168611695986716
0.026861311921565226
0.028934958378510848
0.027757449100555574
0.02106473214374139
0.012522699790177946
0.01692470158885103
0.02778140513671498
0.024679047107718097
0.028391663326885003
0.025692720540857205
0.026230998459047465
0.029896692827788555
0.016897467949257942
-0.0031311655509975063
-0.01240941593978849
-0.010900789624081435
-0.020604813360268075
-0.0028899604353611478
-0.0002820739000748206
-0.008349309827532436
-0.027773004917224633
-1.0
-1.0
-0.025306271333672373
-0.02117971921163881
-1.0
-0.02771299035267959
-0.016607157690221756
-0.02073779364557365
-0.02867082916389345
-0.02339967162603054
-0.022748451798424375
-1.0
-0.029352318041904593
-0.033031939885343906
-0.009457704166045664
-0.0034890951703529668
-0.003298399983660286
-1.0
-0.011016748743053301
-0.013050062120696067
-1.0
-1.0
-1.0
-0.03214932961946465
-0.02725980333290875
-0.014279572609803564
-0.004507671823843185
0.0019577899059100828
-0.0006165784742320126
0.002548199861000974
0.00899088242457281
0.019571803800814865
0.019846052271851808
0.014578913012382115
0.016196575483958982
0.01410200709068769
0.005109585464506275
0.010458966128465605
0.010838110802051229
0.012038844020000872
-0.011469394011434077
-0.008369372278591032
-0.009620459828656322
-0.0076376308767063614
-0.009553120415500115
-0.0060914887025552335
-0.007664077829665821
-1.0
-0.0031399024642544595
-0.01277023767021749
-0.03149079095470151
-1.0
-0.016858568114458475
-0.021636093021503742
-0.03050817358184052
-0.03163553540267893
-0.0026788851146869186
-0.006252822885015485
-0.011517380782010134
-0.004473656625416829
-0.006651216164648184
-0.00870173294013397
-0.013723906741250208
-0.016688630882042553
-0.03129504787703578
-0.030572256525014007
-0.034243432032779526
-0.03313153967908242
-0.01830698827002088
-0.02358530251567934
-0.02012100170269782
-0.018815254640393304
-0.023562465048045857
0.004891872135541696
0.018167498546826005
0.02670137309730695
0.03096818854719704
0.03489683915734419
0.033728949847364895
0.03440371696843536
-1.0
0.035826006103358884
0.033984501703345736
0.03393298064398628
0.03268771338687636
0.02865453350427199
0.02501858318528688
0.02846670769940277
0.019186155713024306
0.0031021697158955105
0.0013724366578942234
-0.0022591927301450353
-0.015104992240389746
-0.013308845632251837
-0.022709537274954346
-0.0220229412974322
-0.0211090749460172
-0.022558295451826145
-0.02669760777929059
-0.021606832499094095
-0.01232283469816069
-0.006126629802153953
-0.004044681308457594
-0.013155516359124902
-0.024419212541086744
-0.029586927694312877
-0.029965481901406445
-0.025553590489867255
-0.020720923501430833
-0.017534786025019428
-0.002344465797663452
-0.004873755638044665
-0.011430082854642674
-0.002690062833623252
-0.004068036761853048
-0.009405446732356115
-0.013780837908680944
-0.0021796523628839696
0.009492800272314347
0.012655186541473617
0.0132255587033805
0.00807986762457499
0.00984636576753982
0.017992979425228824
0.025511619912251888
0.026273403149274725
0.030894749979551946
0.03030167160484725
0.026077021825002412
0.02150934284059151
0.013746648663529237
0.010102858391543545
0.00270047700279606
0.0036785562005623544
-0.009257295923896803
-0.01928524182595176
-0.003066350164164637
-0.0037401069120230343
-0.013489800547167625
-0.012122287664438996
-0.009105392272368043
-0.0005962575152983434
-0.0045197194791545955
-0.0002805537469314036
-0.0003554705934055006
-0.002598605628367814
0.003814638394273743
-0.01664855314089955
-0.0393582101254342
-0.0382070653816411
-0.0374234870782376
-0.04046200741707051
-1.0
-0.03223088816075986
-0.0070525346571145295
-1.0
-1.0
-1.0
-0.005713591411260024
-0.019709917504314934
-0.008089400458277055
0.00862419051517992
-0.008480070349675543
-0.012875509089888259
-0.0064487564319433395
-0.021091210911136724
-0.028947075830347994
0.011637478358686509
-0.001941017645651945
-0.011213585551328745
-0.014485884492788129
-0.014399748779640304
-0.00042848619250417585
0.004115186094888981
-0.007841103826182591
-0.012450351399258026
-0.02139051584744643
-0.015428674260051237
0.02590059765791973
0.034571025059117584
0.038511794720882085
0.036649241416689515
0.028033792611942422
-0.0003886182883018719
-0.022942997670423924
-0.027475049388907446
-0.025454862579791297
-0.03267967149665973
-0.035586711996329956
-0.0361864120944562
-0.03700981964745613
-0.03555021282854238
-0.039685554565381094
-0.042852248996667536
-1.0
-0.03982269478388317
-0.037224345963077735
-0.034372340096523894
-0.03690551660191191
-0.034262803896840624
-0.033842680249507776
-0.034747242047327105
-0.03922952161694874
-0.03850587007732905
-0.03854756544680886
-0.03646495996128853
-0.03596577172283988
-0.032838745996004164
-0.03341997430306706
-0.03510557526979023
-0.026252942055915232
-0.02745098973187813
-1.0
-1.0
-0.02120452809428801
-0.024423731610830134
-0.0316056003575595
-0.0333787699628719
-0.032732693295864895
-0.03190006559257621
-0.03772211821915808
-0.03318836264609362
-0.03122787805981782
-0.03363013685857492
-0.035579083713113434
-1.0
-1.0
-0.028313716573120165
-0.03105585311467372
-0.03220796156702395
-0.036268238510672374
-0.03331703398957461
-0.032055349064414755
-1.0
-0.03456639557966568
-0.03252743421455193
-0.0330116273210061
-0.036021245572567605
-1.0
-1.0
-0.03637964014017864
-0.037399158202636076
-0.033248370109459205
-0.03230299807342892
-0.03584364149712583
-1.0
-0.036414799545299414
-0.035862195990013744
-0.035519592742331144
-0.037310382580070904
-1.0
-1.0
-0.03719883483362388
-0.039541587997449223
-0.038840816183862814
-1.0
-0.04041308924647789
-0.04017080807439059
-0.03889913047128185
-0.03726030321644345
-0.04089929775496317
-0.038218396633950664
-1.0
-1.0
-1.0
-1.0
-0.03532094499851541
-0.03485617137237105
-0.036633269550516184
-0.0361598275543101
-0.030670631046357946
-0.03053394144471131
-0.032803519217291494
-0.0308161170505463
-0.03424604252200604
-0.028373926492707056
-0.012042956493401771
-0.005630730312397009
-0.007646331036190592
0.0020335149682180705
-0.007091356479788065
0.0031980469212024723
0.015670755502738585
0.02045475920808007
0.018373075257253266
0.007502084852011579
-1.0
0.00845079215125324
0.0171099301325815
0.021599125980772745
0.011652591154409624
0.007831711790449569
0.0032484505226719543
-1.0
-1.0
-1.0
-0.013739008514349003
-1.0
-0.017422268554077292
-0.010632613240030972
-0.01468475437065525
-0.030749279500865898
-0.03127707110776347
-0.040908747572202885
-0.03966573478636258
-0.04099984230072266
-0.04276752220059278
-0.03833979919881507
-0.04372231502065544
-0.03949338015885718
-1.0
-0.042507573143989195
-0.035207864608923174
-0.03976914101719824
-0.0422818757745031
-0.04156762318399439
-0.04049693854964001
-0.042357235607265765
-0.04127395500162696
-0.042870112128596746
-0.04338232002246903
-0.041237868021556025
-1.0
-0.04237503145979294
-1.0
-1.0
-1.0
-1.0
-1.0
-1.0
-1.0
-0.04102315181978861
-0.0196430020959582
-0.00411111182977494
0.0008151916488340693
0.004775381785250121
0.0038963355969538734
-0.0033883695401590998
-0.009220428245273032
-0.007069987549209998
-0.00557453160726643
-0.01284391736161544
-0.01583222009809503
-0.0018894205774014983
-0.007301658955445802
0.008080419841235328
0.003579551025597043
0.002343578886358487
0.0017614324318673223
0.003389128529567316
0.0010014960606515495
0.007241774140921642
0.011364693580388503
0.013174922431163544
0.0069352516816574734
0.0045396572665942145
-0.021975472850953894
-0.02112008283904131
-0.00733961733005921
-0.0075041542849846555
-0.012617137618729827
0.003658106374235434
-0.005804924337006026
-0.004601244754712002
0.015191144306016811
0.016027622948197796
0.03277334380249709
0.027124061686637554
0.018418556484395932
0.026457985877044614
0.022014099197328264
0.018076217029725953
0.019399834250967127
0.028385399650572123
0.03168664069210254
0.018634383556215297
0.026096246833939088
0.030874379056569905
0.029465107230361397
0.026321723169121087
0.010241175976866726
0.01503779158736773
0.008252014169899314
-0.0028061354650020394
0.028180348136150574
0.037017826970747424
0.03818771867467087
0.04599808149407614
0.046329976759841414
-1.0
0.04532358658581768
0.046274356328500535
0.048628895342088536
0.03722421870178747
0.020901094605553717
0.031034532037680914
0.03131550075440819
0.039284149193172004
-1.0
0.04541641814428188
0.04464023777003527
0.04527867096922024
0.046339395969138664
0.04542752423805788
0.04751655587210207
0.03777465427163629
0.03070530953513169
0.024424512960894283
0.015402457165659961
-0.010316545481243722
-0.022357484077542678
-0.03520299930251495
-1.0
-0.010846527585375444
0.0017270995890927834
0.0033562104326784734
-0.015097171922154153
-0.013606079661341907
-0.007164978492181376
-0.025306591549438873
-0.015424804768834564
-0.004679034868947593
-2.072009156923232e-05
-0.005238422748204755
-0.017502540010850862
-0.017665542506336545
-0.004954732401401017
-0.00527486144307826
0.001014920017713181
-0.01174462658049192
-0.00725949775825113
0.004076222727601253
0.020432837172462585
0.018866572131513146
0.0299189939044646
0.03354424969463405
0.03340521589896895
0.032238719107228954
0.033156578747225766
0.023864684453958333
0.028121752715921607
0.02130969437335372
0.02016408382807118
0.010825322296762438
0.012236282658998185
0.005073812606632143
-0.008734298744007253
-0.014841655314828887
-0.007274925264306307
-0.01003883802869938
-0.030964833697453138
-0.03401345428653418
-0.0355887144397279
-0.04199742717049552
-0.039129736517928344
-0.038433547761290494
-0.02772737155527273
-0.03269494846093673
-0.02700149546322388
-0.018564766562844733
0.018694226193034097
-1.0
-1.0
0.037088138087517784
-1.0
-1.0
-1.0
-1.0
-1.0
-1.0
-1.0
-1.0
-1.0
-1.0
-1.0
-1.0
-1.0
-1.0
-1.0
-1.0
-1.0
-1.0
-1.0
-1.0
-1.0
-1.0
-1.0
-1.0
-1.0
-1.0
-1.0
-1.0
-1.0
-1.0
-1.0
-1.0
-1.0
-1.0
-1.0
-1.0
-1.0
-1.0
-1.0
-1.0
-1.0
-1.0
-1.0
-1.0
-1.0
-1.0
-1.0
-1.0
-1.0
0.04669649769748658
-1.0
-1.0
0.04646838004011436
0.046997275266917674
-1.0
0.04598676827869381
-1.0
0.046327416385229955
-1.0
-1.0
-1.0
-1.0
0.046847111291527445
0.042686296197965615
0.029831121526685895
0.034858667113077356
0.020210221160740442
-0.00025383188073918535
0.0023444189353421237
0.022836324877939136
0.03233802289397707
0.03890188618958073
0.040033434965504745
0.0291673897410619
0.030407540865967243
0.017924424716646084
0.011932983686623176
0.023929912760215465
0.0180563172014713
0.011928165014910576
0.008501061569558216
0.016273469231744647
0.011520388695111785
0.005989196991960185
-1.0
-1.0
0.031189812443885433
0.03930115067813986
0.044358274254439854
-1.0
-1.0
0.04176406965310439
0.04302671414857495
-1.0
-1.0
0.04241183925682009
0.04258052229987394
-1.0
-1.0
-1.0
-1.0
-1.0
-1.0
-1.0
0.03922120251763709
-1.0
0.037222585034825645
-1.0
-1.0
0.03946183568772909
-1.0
0.04522394670198853
0.045022135970833925
0.04554308876783345
0.04502569741133036
0.04555609632082725
0.04634677036857975
0.04714553595920747
-1.0
0.04906602904759122
0.04255269039074758
0.04406085243061203
0.049292730253555954
0.05045759115276935
0.05156966856510687
-1.0
-1.0
0.04902766083896173
0.02995401256169387
0.03403208829168026
0.04516782326818808
0.04677126627430328
0.04860416742862244
0.0408592819174703
0.026645050928501803
0.010296820890001742
0.007104958805752025
0.010155677419532936
0.008351007821478374
0.015043115738904865
0.023485609128832196
0.03285200011550055
0.02152247666424801
-0.00021289984936462552
-0.005121371143921269
-0.02357533133022826
0.008580726741705387
0.028488283613770773
0.03547959916240942
0.03618557319848521
0.04029993292349333
0.03294211865195326
0.028546380371417882
0.01510116109371348
0.008946285119194175
0.025989007503234077
0.03495232989272621
0.026149217510660645
0.02714673277242762
0.018714769950105688
0.007027549663355311
0.023084769392498483
0.022384038918363335
0.00038018974382699594
-0.00849085734121711
-0.028012398763307213
-0.03819952766361822
-0.03471330436790192
-0.028139261925073232
-0.018376475594277398
0.007248311361159051
-1.0
0.008574911358655159
0.013020980125165223
0.010370172986930002
0.008664081452965851
-0.0011370525735562925
0.0004683056743736654
0.003947792094200384
0.005843680876333976
-0.005295940940935364
-0.004610980039274978
-0.014758253896185748
-0.02558525974215274
-0.030048744543414156
-0.02825875523871605
-0.028643363219114443
-0.0398404389586528
-0.040154947071782195
-0.03414927732311496
0.0021333751510346287
0.032033759700321796
0.036804080469207884
0.03748799471232325
0.03388614399352732
0.03312482017389619
0.025776227299744235
0.015350682875737168
0.006392114113256689
0.011927588127838593
0.006807602549011576
0.001023107355509697
-0.0007933400936759365
-0.006313997929738208
-0.005720141911914896
-0.005934421705164764
0.009470354186219186
0.01948196748049526
0.01769488570879022
0.01695129517308362
0.022331095246732578
0.016969065645072993
0.016567183142590487
0.005485633487330746
0.0032603923402672857
-0.007610673816721822
-0.016735033722471707
-0.008565124127133084
0.013554659867661583
-0.0009392107898015264
-0.017057732386340948
-0.026152172074653094
-0.011188517452149715
-0.01232015445560214
-0.007773993169434357
-0.022494172027611076
-0.024850092731209198
-0.029670799346513926
-0.013422872438950528
0.0015270551859063659
0.004058661931518052
-0.005826478543598956
-0.010232074147598857
0.0064390395761166315
0.0025249909299229108
0.0045486300821657565
0.00712625288421658
0.007124041547774844
0.023024231774604467
-1.0
0.024868392592720116
0.027964962535592337
0.02490388910843928
0.015432116345659547
0.017480114341806758
0.0196587143222028
0.012741032720556534
0.0011491005869819636
-0.01284825340383614
-0.020279432183253565
-0.014433760679608207
-0.012601090458011844
-0.005116607028782531
-0.008565824325245058
0.020543954471050226
0.03044811284179162
0.02918445574429949
0.034556480759376056
0.02850357535125837
0.017018400811354757
0.012674506423991688
0.0032049972302556824
-0.01417478532474091
-0.012727201682730468
-0.0069077270166377205
9.66613073566844e-05
0.013370405276051442
0.020309656499402612
0.02081101101692728
0.0014680970823258827
0.004695022563224571
-0.004570691001367252
-0.002193335027007021
0.005262760464570318
0.017499850626108638
-0.008631431073701762
-0.02085770350411559
-0.028783183207181564
-0.02259345403806997
-0.0024752071290079815
0.0005082439960839035
0.015330146093566886
0.024069953823728653
0.02352937002930971
-0.010277899313645386
-0.034385929384091546
-0.024788798686169275
-0.027457401528317476
0.02951206728417181
0.029419574903472745
0.041230461577894235
-1.0
0.04881241879111584
0.04740355533212938
0.05131810287904514
0.05231872771618247
0.04927624760293873
-1.0
0.050090395023414475
-1.0
0.04206987241600232
0.024435141724049363
-0.003306922725240008
-0.00872919363644643
0.004673211588801157
-0.005285657414772231
-0.021820526702269666
-0.021233191201603382
-0.012644208540617914
0.008995440205036323
0.011353930104279413
0.025035705942907497
0.02348776079025975
0.02524404612840739
0.014435473798275636
0.015355099812953294
0.014567132035809716
0.00588206389042357
-0.0047803110030693995
-0.006509141293532149
-0.011265543974977671
-0.013123404174885292
-0.014414713055161616
-0.01404182322537003
-0.03502251304933335
-0.01553052570542169
-0.005522285655767434
-0.029713922503842978
-0.03702763045377335
-0.032501757007075506
-0.008670048188050929
-0.012407864160407588
-0.007538247823839855
-0.02406985880750222
-0.011789624418523919
-1.0
-0.016327858346902216
0.018879644202289776
0.03569576899814062
0.042544958740520604
0.038601067371134404
0.03974067786181952
0.038541914851764614
0.0330696555670932
0.025512974606676907
-0.0004602170963013531
0.017713431379828396
0.03265983818140558
0.036723114102019686
0.03537498999325675
0.04079854589953992
0.03422767082258891
0.029060643889232057
0.022315740873453054
0.013687193036999393
0.009779497706574755
-0.008291573335640862
0.014809682910305435
0.02316981187265872
0.031831907580021836
0.021388505719651275
0.01676990767146446
0.026747888854395364
0.022553332641060127
0.021503711648031564
0.017460955331345188
0.03037536128729527
0.019418450313168748
0.015590979981803052
-1.0
0.03549819812383389
0.0324326046433045
0.029951786672663433
0.03453115629963366
0.028154578433727602
0.029312330904820418
0.021151234136388718
0.029544837161642253
0.03763818996731211
-1.0
-1.0
-1.0
-1.0
0.044092996636447196
0.028158389090112132
0.04737659124243726
0.048260194238081026
-1.0
0.049339793812119226
0.048368431035531415
0.05001805924652149
0.04942882944122173
0.048458153039255575
0.02554715427433129
0.0423157992919769
0.045927332705694796
0.036784451786559334
0.022758768505045428
0.03503428134003429
0.02490976885386872
0.0015287450387909752
0.013804294976795866
0.02683457431853086
0.03798898970025468
0.04691042233312652
0.04744941495126603
0.04721720083563379
0.045666589263799844
0.04943459224604897
0.0472762277505382
0.049454773591482315
0.050852102394418446
0.04747192471170376
0.05064629861708655
0.051040333303531506
0.04672471914562911
0.029270066564354876
0.006844001937044353
0.02393509860495893
0.03546121313540122
0.03617034503744331
0.017090735530999376
-0.011985633955123774
-0.019482509230324133
-0.0018291451947014608
0.0258443954431857
0.027398074771331354
0.03450550039591182
0.030545679291729386
0.010250357408825517
-0.021927185385551922
-0.03252458670799769
-0.018378665075762593
-0.01672306223627513
-0.011530813024043648
-0.006106115181838958
0.005351219181680594
0.028214464998858286
0.04732911813748205
0.04880570129105551
0.0476513377642963
0.04721055407456017
0.04635456063892532
0.04369647108928778
0.041213965718131705
0.030629182558093677
0.031769410415562256
-1.0
0.04087057428500999
-1.0
-1.0
-1.0
-1.0
0.04686668224330764
-1.0
0.046538482517191705
-1.0
0.04492510655856818
0.045888552065133655
0.042643901427379664
0.0430344987538098
-1.0
0.04662703716358154
-1.0
0.04331670413781967
0.03641722835791783
0.03138967636084338
0.04295933900538742
0.039311006654109214
0.036229803420247536
0.03965491911729591
0.04022771807286443
0.0347205621130961
0.02668875221343827
0.012629572970348264
-0.012091069018328035
-0.005007632698655991
0.0024435686896946565
0.0019356737020781226
-0.011283345136488283
-0.022220518113525194
-0.016175524042205704
-0.025057101673491188
-0.0013316736356285199
0.017878628648223056
0.015055556205285606
0.01332392462132889
0.014602122942857098
0.006137769439708237
-0.003174024873461539
-0.007628977970741875
-0.01350958037147045
-0.005952581160630033
-0.019403997550870803
-0.01745784569141732
0.0064017733508144005
0.011544294817537054
-0.021393191945851195
-0.029022093372696376
-0.029281866023350988
-0.030890625724471578
-0.030423591410329225
-0.03683941015142302
-0.03207506781932363
-0.02473785736780621
-0.02559744053382111
-0.039876983077986296
-0.03189443131626807
-0.03730370887892934
-0.0351475284252404
-0.031923214655991905
-0.03172602875140219
-0.034229185097837234
-0.04160221951094097
-0.038125830132550026
-0.03601995554788288
-0.035860233646823135
-0.03079112837594502
-0.03259374829955205
-0.018654978674666117
-0.02448898931998154
-0.036689731274246455
-0.02060395821752492
-0.026938392893929228
-0.026312078151142133
-0.02076077123380483
-0.012884824654897632
-0.014960593140363784
-0.018854991349851257
-0.020404420315737797
-0.014280492184610204
-0.0266425627056134
-0.03268456206355669
-0.024460746576769776
-0.020973109983043175
-0.02745326062100354
-0.03821046970843721
-0.03626593511456822
-0.02734725142224239
-0.035463321617979965
-0.04046792894479937
-0.043428286709944725
-0.046214177740029484
-0.04771071020766335
-1.0
-0.048387536365096705
-0.0463756483249196
-1.0
-0.04774781202280058
-0.0483765653199901
-0.04080897894150683
-0.022643935994063284
-0.018045827348535097
-0.021873434849409377
-0.022099605848868463
-0.025882038060877247
-0.02773535299288529
-0.030839076496061744
-0.032079792628888805
-0.027268899069423272
-0.037423124239240456
-0.038003447187683476
-0.03664700872155218
-0.036627095763598884
-0.03379523656801505
-0.03480991633874525
-0.030067983583201133
0.01381366143029736
0.03195842478887622
0.039881313628460716
0.03994523300271655
-1.0
0.04995781692119063
0.049826233514883515
0.04927046709314146
0.049984406464203164
-1.0
-1.0
-1.0
-1.0
0.04796540289503505
0.05015633948367848
0.04814359484375084
0.049475190860112844
0.050683870482043175
0.04897833809884247
0.041489203150940936
0.023532253000488473
0.015415163514816551
-0.0034297866784797335
-0.015453566976006954
-0.011316260874788042
-0.016770058000143636
-0.017984629795785835
0.004170689618553226
0.02830398239009682
0.038710541610346504
0.044909207406303615
0.04657875301440364
0.03883572087604856
0.030730520743169728
0.009954529442592942
-0.029481594461711794
0.0018356213963833883
0.02620638928317307
0.03322593717116852
0.033333873503978775
0.03312162532538167
0.03251029340072806
0.02196316224163562
0.007771401826464508
-0.004396738922535654
-0.009399342981869976
-0.014253319431717313
-0.011214226110219674
-0.007896271767103976
-0.014548663896821938
0.011920378906029587
0.0010307106309458552
0.00731168396555153
-0.0009067916084302049
0.02183961199917009
0.02895082722480189
0.025990884943591492
0.026349673778340355
0.033759152391308146
0.035665399425422226
0.03605792120207866
0.03924731934174126
0.03913890931348654
0.035073483246211394
0.031187722975696604
0.036500386595517895
0.03429327402444474
-1.0
0.040883153572664
0.04025226235114095
0.027362241963291584
0.01752173000062688
0.01583274305188371
0.0082808094325806
-0.006891107015533668
-0.02960146523545582
-0.020179058600685376
-0.006474054349138272
-0.006150305860898088
0.00866180492785001
0.01195386249020056
0.031051171987573487
0.034669368029767576
0.028605253425795788
-0.0017220061306583454
0.024320767707406675
0.030414100889150482
0.02467637451611717
0.019624245984455273
0.03839593743316449
0.026607312551594375
0.028068718866040017
0.03302621718208377
0.028340667405606184
0.02355367784767065
0.01561872026414325
0.018129591789939895
0.019081943737895436
0.008600875975702763
0.010067978202011073
0.009656452320322384
0.015391543307719613
0.0182965613993717
0.021694691783214808
0.015413047391418617
0.008549441547102793
0.02251650422084142
0.023978571537071443
0.008557607500871194
-0.017001372528455475
-0.02410058662980153
-0.007407889011883713
0.0013407287493204926
-0.012136790495691902
-0.0062771835456015765
-1.0
-0.0068374760678272415
-0.012045301322959326
-0.042915956660701776
-1.0
-0.024349558571593426
-0.014028307892554624
-0.014404181741551857
-0.011283895739320185
-0.0009979146101091172
0.0037956591004565743
-0.0006223005833149609
-0.008156088291738375
-0.021659422007940694
-0.021186886789006792
-0.014888584626592575
-0.023563056648032415
-0.022459351049822128
-0.014934691703416669
-0.0006211070053897347
0.000651706403334668
0.009942927099158082
0.007832839133882339
0.004045958332630773
-0.013218087537145767
-0.020601882778520205
-0.024779944217512756
-0.026252011597570266
-0.02861088839206731
-0.02975638622170109
-0.02380193144601181
-0.00728835472494544
0.001453558410086112
0.015034431482470629
0.023291648119534318
0.015758817128818305
0.008173820699516823
0.007268113189024194
-0.007702756358665487
-0.00022877239063406624
-0.026550541873807162
-0.03922197741389705
-0.03976271339626858
-0.01069445003311282
-0.018234028903410016
-0.026745991911781675
-0.015655860249341975
0.012669247622529814
0.009008970356135812
0.012273682993014547
0.016050109242050477
0.001090298445674709
0.003515477725802156
-0.01013430739264457
-0.025629116605768047
-0.03160930872115703
-0.015720342421377508
3.580033873276377e-05
0.0030951876369076435
0.013580899511235315
0.0070172274377736585
-0.01625038680655651
-0.015833077002597534
-0.013942181129107091
-0.027502983073674624
-0.03447324032917542
-0.036321086306457744
-0.025886367250409617
-0.015302812049570545
-0.013835819111305507
-0.013014087204664272
0.013090116189485175
0.004669696458497074
-0.0019176915707064192
0.007652375119184783
0.01901325018239182
0.018839741711663794
0.018317626327216976
0.0155919546408488
0.017560244425698243
0.009624006366358727
0.016909151020500997
0.021122321664042175
0.011636386901775243
-0.010905292362640866
-0.01907328822567485
-0.02414680321296131
-0.032811336374483864
-0.03568657938928964
-0.034761638762461335
-0.03471400873617351
-0.031106579492966677
-0.03295917970510875
-0.028587130679957825
-0.029438586881749423
-0.03262688295015777
-0.014950739567255978
-0.011779860900827775
-0.018216875548848207
-0.021978886644268777
-0.021712672614174967
-0.01823716409398479
-0.023250727890862154
-0.019152568672127068
-0.028910119219726523
-0.038788536480129525
-0.03416848170979994
-0.03419766242491679
-0.016932656499715825
0.0009163930197737947
-0.009657958145040163
-0.028041058964375868
-0.023295344590758684
-0.018343161473140444
-0.004564197727493492
-0.0034232284492562515
0.0058091917577553515
-0.008413001264340891
0.000718628783918598
0.006202579626426296
0.004204376570605823
-0.0023463293311193753
-1.0
-0.028905447247764265
-0.019875658841845712
-0.015074012111576676
-0.02707486770242977
-0.03012532968709003
-0.029471692709122577
-0.04218146835804675
-0.043957205639489974
-0.042151686777687554
-0.03674421018412508
-0.031984302371376644
-0.030360451113524627
-0.031213378621448937
-0.028731510721399123
-0.021969648096046065
-0.025227988377499552
-0.027166995045202518
-0.02866466604366196
-0.026968751121050252
-0.027443385803709856
-0.027057985048501484
-0.02961578254781972
-0.02650237403961792
-0.018992697025519083
-0.017413435368071217
-0.024336064404681387
-0.02212248253889417
-0.019963706939112796
-0.021422409269043884
-0.01736781274697611
-0.022940093684811973
-0.018980728948757197
-0.014930651689523589
-0.020696927219376934
-0.014850509695683514
-0.015016717107430006
-0.020528420079130714
-0.02198563067722787
-0.00919155807359529
-0.003252706596725927
0.00020746488300499684
4.7346917959578776e-05
-0.013262702019928914
-0.017112754498800068
-0.034445402958457993
-0.04075522532444904
-0.0357371414930922
-0.015037260331228137
-0.015375931543315102
-0.027369651167945732
-0.03730891989143098
-0.03195179410337806
-0.01663084708030633
-0.020392356625406297
-0.019783523492336436
-0.016453984220311774
-0.029528804102261576
-1.0
-0.03424884543367148
-0.041200386630503544
-0.03933222221336703
-0.03138768838524041
-0.02960170664336462
-0.040232528612548085
-0.03707203870119868
-1.0
-0.03921673832784564
-0.032722501619570354
-0.022408484134848892
-0.025702458808578053
-0.020963193890204904
-0.012143465670902801
-0.010796601840270004
0.0055199421126236135
0.00900096089794615
0.017236352311858077
0.018762363280254664
0.02068741974418803
0.0033780158152226197
-0.007408125514596393
-0.009288889394546694
-0.0016355595321571996
0.013750108393968997
0.02246652980385013
0.020714320339338024
0.0016251745316815235
0.016927373780209323
0.011283508215870921
0.01943995302296126
0.014156959499694761
0.0062150387543163325
-0.007298882980224548
0.004322299717612171
0.0011846341994891753
-0.011057344619734287
-0.012089752244238592
-0.008435152557186429
-0.021613424385689303
-0.019242326208507177
-0.019905983693687342
-0.022356708932724824
-0.02561499820005524
-0.022439264608847737
-1.0
-0.03659609919580671
-0.041673904189528536
-0.0434302607936484
-0.03364372304732777
-0.002263128326756523
0.002779523167483224
0.0028894849275622647
-0.002260872043231626
-0.011247618660198442
-0.006209306889601456
-0.007122506422443259
-0.020481643657276834
-0.01900380986570164
-0.029815535834007933
-0.03168561524206007
-0.03680262918708428
-0.034860943911981634
-1.0
-0.028825893508032725
-0.018813901524395046
-0.013554724745669149
-0.01719968438953048
-0.02265085983146541
-0.013729872994594999
-0.0235716813049661
-0.02625167103824088
-0.030143921757021967
-0.04155426758286008
-0.04368192890340203
-0.043618481538739214
-0.04129138724632797
-0.041314411117319504
-0.036654027990597166
-0.012720525010982977
-0.0006492764432226724
-0.0050414041530023315
0.0019277093642968866
-0.005101354942542327
-0.0024749020770894205
-0.017936707368833203
-0.010997468933569008
-0.017473290454241862
-0.00931094581960057
-0.004303018779538746
-0.006366742252916848
-0.015019511885724098
0.0021398554131659927
-0.002760718656941099
-0.0030917480160240836
-0.0020598461857014175
0.02366298289298022
0.03221185512905962
0.031453356066500876
0.03586474570366432
0.03601650851130912
0.03891880739466646
0.03474364154682737
0.03469006097310545
0.03449783103975411
0.015072351159779528
0.0071255373911107535
-0.007780145499761149
-0.021359359919959124
-1.0
-0.020528261237555304
-0.02989076789434918
-0.033501607404328275
-1.0
-0.036504331784977834
-1.0
-1.0
-0.016315008538079934
-0.004544503156637823
-0.014051137867601574
-0.0021560890447633644
-0.005939595663437195
-0.007110848467962107
-0.003829559481036869
0.0059831371136709844
0.00026010501712445816
0.0022711131669976084
-0.0011503106172863775
-0.001751729130093231
0.002731331946998358
-0.010959038875459253
-0.015842353248994988
-0.02884664828720342
-0.03642987586394096
-0.038475074514473906
-0.04477946130785282
-0.0321563559204237
-1.0
-0.04094157434021724
-1.0
-0.04367584131283923
-1.0
-0.040193516741266096
-0.04362389136016323
-0.03800324960912942
-1.0
-0.041351569140655214
-0.04183907480362885
-0.04016992226294215
-0.042151115802561596
-0.042030131911499825
-0.04138887190330495
-0.03567975945653837
-0.03473028441842333
-0.024792762623724887
-0.014449746207112807
-0.006092256685015584
0.010888123781021013
0.01936380503585107
0.019034460205281628
0.01768515817094435
0.001322218281981672
-0.021873969922650907
-0.003059092813055482
0.0017733469809503462
-0.007749475531420478
0.0059097550506744465
0.018921569044336665
0.01855323605867592
0.02204143477049213
0.01346123572122063
0.019758222854971957
0.013959514761415718
-1.0
0.004421731529684712
-0.013189217715208344
-0.01566129787962284
-0.01742639851483286
-0.0003655217464959749
0.004327514500367312
0.016861002898403362
0.013453383056681823
0.007148933570805253
0.010068633836133444
0.0043420673479191
0.010890356950144918
0.00466643792287321
0.007867499199424133
0.01366755216518418
0.01464091171705581
0.01737027145241774
0.015427686768151707
0.005828493451760996
0.01413952777936647
0.012130588871445374
0.012608899355935697
0.00346299237459057
-0.013609753566211814
-1.0
-0.028972190687481227
-0.02572677306679981
-0.002819880848018704
0.008674754528125396
0.013719490240056082
0.00989906836924693
0.006782407822287436
-0.00042479249331439097
0.01096182267643323
-0.0038244987264840816
-0.0031689388238119827
0.011875682507659935
0.009975197228632207
0.011213269490222177
0.017875803544843867
0.012754193960074555
0.0234146899625299
0.020885824161397365
0.016975627716973352
0.007708504718983004
7.758669201759904e-05
-0.0065709387113544624
-0.010836652229601342
-0.008377848967680547
3.9023056574097514e-05
0.013802246419052856
0.010206976571844092
0.009851328721654234
4.33343852119256e-05
-0.018187744132525854
-0.023329951735355833
-0.036917901064808044
-1.0
-0.023067540268780187
-0.00424180027145961
-0.010198265603644424
-0.013988432614821666
-0.0010890067073290842
-0.004396802991514463
-0.007294845294539727
-0.006797214578155389
-1.0
-1.0
-0.010484334605446965
-0.02025505835484807
-0.019675311188001508
-0.009243019059005795
-0.0022324886072154436
-0.0032692775399720273
-0.005565966548566443
0.006134604360898808
-0.002759342042507386
0.007263947305358737
0.009604670368439186
0.003571890845883842
0.006771655752289689
0.009767665008827591
0.007193958007175092
0.002295948058317629
0.006941008999538229
0.004550935909761653
-0.006928951900930744
-0.024492621661481386
-0.02361568862722697
-0.01844443108980952
-0.013603581065413645
-0.011190670591061007
-0.018351505450754733
-0.024921687120432707
-0.014394967115983539
-0.02094292624592321
-1.0
-1.0
