-0.02495734740190312
-1.0
-0.02205010438104614
-0.027976974670417473
-0.026146434803390607
-0.023717041099871314
-0.023536866343014527
-0.024459968618306998
-1.0
-1.0
-0.02748616904957433
-0.021559119305688844
-0.02050783078754289
-0.023530318085212557
-0.025733915558619983
-0.021309812108615597
-0.025434816637159408
-1.0
-0.02563646146856218
-0.025364122126802096
-0.02648498740436489
-0.025979696873064496
-0.024717249070685933
-0.031396028746186806
-1.0
-0.028455680143763512
-0.028613997446373
-0.02957927339447895
-0.022861727405230136
-0.019414097759006127
-0.018841163138430102
-0.02145634381619168
-0.021732779300993352
-0.025294534714615867
-0.02102216612378284
-0.02050561710091592
-0.017824971405864632
-0.01784974712539157
-0.020019655836701872
-0.020528894730233425
-0.018475881201771675
-0.017038347100815653
-0.009993081610436478
-0.005068924526747062
-0.0102505213661696
-0.0157103567748388
-0.026093803154463097
-0.02112658494106713
-0.019161262740337612
-1.0
-0.02068527535340549
-0.027438877431001162
-1.0
-0.029422563452230762
-0.02797901234454663
-0.0324670564138454
-0.03344373764308096
-1.0
-1.0
-1.0
-0.03128214165242624
-0.03377508903928271
-0.032901240472882246
-0.03615933254837302
-0.035302578088056195
-0.030283117108665235
-1.0
-1.0
-1.0
-0.01348706031626804
-0.018920070756402767
-0.02100270139622431
-0.0188110498479465
-0.017821449329535874
-0.013871590243791962
-0.01089764603135931
-0.006953612983381929
-0.004049189066623456
-0.0019280260684618488
-0.0010688001196282255
0.005057306427092515
0.004025281028518602
0.012121619868616946
0.019309462129899906
0.02820295918423439
0.029576045966143202
0.024036496189152996
0.027677593962507577
0.028024433477340814
0.02435677567587309
0.022065550591177988
0.024361255360097398
0.023803449365823803
0.025051419170146187
0.022905839509393077
0.02452964348790007
0.023300302466782687
0.024564976431488354
0.024766910300338535
0.025390908724191162
0.02397915921364371
0.02545542217876093
0.02321406623629968
0.020554354320498704
0.01605346679855179
0.022860088786954506
0.022604256994826384
0.014783170138471056
0.012727259106323881
0.0064846579289684556
0.006986623959381008
0.014071147516668615
0.014240783842070368
0.015445824333304058
0.02091471862947363
0.021786135593129193
0.019303074643136412
0.018469717530986952
0.0207740733806153
0.012606236785646242
0.015057367142890186
0.01442251162819593
0.014696081336152429
0.011412357138928082
0.008401236001927569
0.0023405997894990365
-0.010644126745597076
-0.0161876127330305
-0.015296757007249527
-0.014107811072098847
-0.005509421584717958
0.001332983335001867
0.012015816856795472
0.012675390216661959
0.013839096555480731
0.009791951755557225
0.0053855175094836595
-0.001561001521169544
-0.004990630055687447
-0.002803451403535521
0.006962856619436031
0.0030846381785176063
0.004486243177808891
0.0026022314203176466
0.012409339238202503
0.013422057320461592
0.012791780235047455
0.013363002159205781
0.02182859893953655
0.021821626251888757
0.02111657991165351
0.019845190356708668
0.017852863584169435
0.02282230515854344
0.023071321192296414
0.021963122563012635
0.02053231422367704
0.024099290457582953
0.02556886487653944
0.021044827490815942
0.00796462044586572
0.013027079274577667
0.006462440359014293
0.003501046356004592
0.008450040389479274
-0.0014559179814901337
-0.015471469734887723
-0.019200540008312093
-0.019906469628127164
-0.023706615354424188
-0.02199872405007817
-0.025883691017621294
-0.023937198161452795
-0.02344778649608072
-0.02469310394916815
-0.025495133989221406
-0.022877416919596667
-0.025327839041783127
-0.02743109603571797
-0.02433476366515957
-0.01951317280092039
-0.014192587828442136
-0.015842192029849347
-0.02376745736324549
-0.02738843637838114
-0.02084824247392813
-0.012361875861440899
-0.01616999889909029
-0.01740683199835421
-0.013348489911262466
-0.011066776044213519
-0.0058804433185469795
-0.008507284651484244
-0.009736035485803972
-0.012551203211821934
-0.012643466507476392
-0.019231948284769936
-0.01859217393130543
-0.01732613285876089
-0.018608828002537794
-0.022053952140668513
-0.02637260416654988
-0.027288175253333442
-0.023959645253024808
-0.022323007706928414
-0.021233323734608442
-0.02375861706879484
-0.022327001026874932
-0.022159273976209197
-0.02522890608559
-0.02583288182591891
-0.021041591787494193
-0.018810014929108946
-0.02079187992163487
-0.019939378126814265
-0.019968670054753626
-0.020637021760916103
-0.019853483801892637
-0.02718552165211085
-0.02312789243312503
-0.025186540104436595
-0.027176830469792197
-0.02785938854209584
-0.0330402478034099
-0.023730396871572614
-0.036441484521809314
-0.03173235995733879
-0.032516919763862534
-0.03154796345718629
-0.03487761118909184
-0.03460087811861777
-0.030473383578437877
-0.02654524187888619
-0.024499794421974235
-0.025815005848389708
-0.007913245422018439
-0.007863112954893229
0.0029105943924509826
0.0024383770808009903
0.007414705573801855
0.002379234351851738
0.008751356746729236
0.00862066336479151
-0.003498763057486709
0.0015548750702792746
-0.0085697941131998
-0.022492832779395826
-0.02035626747557089
-0.023929757379401857
-0.02370173776966063
-0.014960652706098825
8.342919783570058e-05
0.003969506281699574
0.008484129612879228
0.005970933044073023
-0.00021508597359365308
0.0022609300583088174
-0.0028593101791626035
-0.019286461503208823
-0.014832973345692647
-0.025576633883398914
-0.021375840917170257
-0.02322396338760175
-0.018980338171878632
-0.018386641845670806
-0.01547544488620082
-0.023600192389077183
-0.02454416097215049
-0.02886040595691281
-0.03069494995371376
-0.029120902861070972
-0.02678623096908863
-0.02673506420847562
-0.02991277492632805
-0.02440713822786641
-0.03183838995737868
-0.03312817987421185
-0.03095237037563837
-0.031007187759314932
-0.028772255098492832
-0.03422749918036703
-0.03392245747971195
-0.031587267405925774
-0.03249364946305194
-0.034538745781447056
-0.03210653610960105
-0.03601849881228114
-0.03513213046387626
-0.03180189307738575
-0.032028174219426664
-0.03080908297115726
-0.03174634116409913
-0.035750460037851164
-0.032666211437318265
-0.033603431531130566
-0.031884880232166034
-1.0
-0.032462687533072764
-0.03425803929896652
-0.03574203882780048
-0.03458421127830404
-0.036729018244343346
-0.03768712099006591
-0.03540610408686784
-0.034021582668134265
-0.03323308160666863
-0.03410090976829956
-0.02710526625682524
-0.023265953389583437
-0.022390836071521935
-0.02069212151399375
-0.018139613496295143
-0.01710199223236441
-0.023020262477836333
-0.019258896935552196
-0.015212596339872415
-0.017060748064461687
-0.018964126427025753
-0.01921052229713819
-0.018880716415327712
-0.016890542439819137
-0.020995462442323923
-0.022170268730697985
-0.0263335302941025
-0.029423087669898432
-0.027184019559471046
-1.0
-1.0
-0.028793844372044894
-1.0
-0.02120500368082893
-0.01334552328586027
-0.007267802203612484
-0.009801516900430558
-0.007561405365896075
-0.009775940343267942
-0.012359541154517385
-0.018738171550764432
-0.01633430887508804
-0.017453113159658855
-0.016976619542385482
-0.010347049446601548
-0.011909787126088325
-0.0110508561792733
-0.006750575195089621
-0.0011148041549791628
-0.0004359028947414819
0.0006081181090569976
0.0057564308771177195
-0.001511148673101271
-1.0
-1.0
0.01596769099786905
0.00960211558991064
0.010951978954091121
0.00438461851079827
-0.016776786643179647
-0.01651176502519972
-1.0
-0.01860884869412963
-0.021726848623017794
-0.01686149505232561
-0.009683833161467113
-0.01201156766177877
-0.006148386198831787
-0.008661424151723234
-0.006169744607970471
-0.007809844098439162
-0.0019416126467331136
0.0027447555951297816
0.006660852566864015
0.01011585705379207
0.024709902661208694
0.024217046876580852
0.024483850883706436
0.02619686356967074
0.026218789191110696
0.022714355462294156
0.025787286055584894
0.02297554014739426
0.02036731230913507
0.010867697699680164
0.017466297490167298
0.013154347588267333
0.013942870141713595
0.010298389688973326
0.0025018586193389074
0.0002521313991880016
0.0038817268138375063
0.017312301922556936
0.018068182465586405
0.019844599661868186
0.01813881183433091
0.01571938735854093
0.002895743863143036
-0.023176050894903315
-0.023702770865885243
-1.0
-0.02720891899124061
-0.028763957504060227
-0.030396107608797077
-0.03263437493461573
-0.030093433414756836
-0.028432271151313113
-0.030037535222101105
-0.03327276755408947
-0.033695963009564005
-0.033879543303032104
-0.0336020138461132
-0.03275274183256113
-0.03426697983982705
-0.03738148129108104
-0.031368390187956785
-0.03318787408350613
-0.035554969433928336
-0.03289172502834044
-0.029192185044032433
-0.036967006663273176
-0.036709029094204156
-0.036070095168292446
-0.03779440488182985
-0.03608760286965604
-0.036803167388955504
-0.03619290552428936
-0.03728843043305204
-0.034539187643401595
-0.034008305665339376
-0.03166136472572475
-0.03720979888881188
-0.03604384524753679
-0.037728645079203815
-0.036431520595489715
-0.034033195561498496
-0.036104859763812044
-0.03962492725636193
-0.040770926683234496
-0.0371368432147649
-0.03734526215716571
-0.041311766373438294
-1.0
-0.035031974143411894
-0.03673055754090389
-0.03663249459590447
-0.03638100248352576
-0.03619414861180462
-0.035681583712284394
-0.036094821171785
-0.03365615349042361
-0.03610822776577093
-0.03732333557984064
-0.03720190836822685
-0.0348828424808676
-0.031452496982214966
-0.03391302321207468
-0.03449580960013373
-0.030208269456938497
-0.03381985766640995
-1.0
-0.030729732929626694
-0.039601596975152614
-0.03652065163898365
-0.03872794210793122
-0.035409410107054534
-0.0354745326195691
-0.038014597049939015
-0.0369043159079252
-0.03747591841666106
-0.03788821300561211
-0.034565494558627924
-0.03512143306510929
-0.0344871385084305
-0.02860574833987075
-0.03968266742101533
-0.03708126026669782
-0.03618410282866266
-0.037307385289245834
-0.0357410242000692
-0.034400589798205546
-0.03564507918622237
-0.03245912745787652
-0.030957050985168873
-0.02149581588241538
-0.019448740601192924
-0.014330148331570572
-0.013049936765966098
-0.011102278867864397
-0.007135147553160529
-0.010461775341006367
-0.002694982347807177
0.002566307056580772
-0.001133188339404005
-0.0032202157501063544
-0.0016311772838435922
0.0003345427364157674
0.009251095229033614
0.009277700821867471
0.008171751540784762
0.0029088269938696127
0.004907503995774929
0.010264950698012852
0.005605219012504216
0.0061568207337245615
0.003783516045248496
0.0012152301860998656
-0.007724506184597449
-0.008154428027386692
-0.005899489631765388
-0.005398081266986523
0.0017485196977938106
0.00520042395094342
0.0020341030287385335
0.004016581733473001
0.006731685187644673
0.005656627901203282
0.015027531939802163
0.019804848053177455
0.022955577611364145
0.017891509083241226
0.020230622155849164
0.02036339177733156
0.019157951651793986
0.017727314544481263
0.017019217974817768
0.01602502350013955
0.009083837903490504
0.013839473191731027
0.015466474528046791
0.01940895835689803
0.020116200109793765
0.016853106897818937
0.014939079507659641
0.017812861029359812
0.014711624974858232
0.008090948449584506
0.0036204391636108163
0.003311047209672117
0.003295491842073839
0.00920318934355868
0.011428104837862819
0.009138180208063264
0.002902170630904303
-0.0013374815953745651
-0.0001757072974040638
0.0011326245725654298
0.004758910408586573
-0.0007530023567687592
0.002564694395173009
-0.01756415744030657
-0.024118440142140807
-0.026497746068812996
-0.01913941644417419
-0.020038330590734583
-0.015807689809773894
-0.014672781618327779
-0.017766091502845974
-0.017291073276829612
-1.0
-0.0014004441069669054
-0.0010631152738169109
-0.013152888354049402
-0.009649781350754392
0.009571313090756631
0.015310436707273084
-1.0
0.019323277845035073
0.017901754966997585
0.01823654688743827
-1.0
-1.0
-1.0
-1.0
0.01762687051508224
0.020198967669710473
0.01795578170998728
0.014752285660140163
-1.0
-1.0
-1.0
-1.0
-1.0
-1.0
-1.0
-1.0
-1.0
-1.0
-1.0
-1.0
-1.0
-1.0
-1.0
-1.0
-1.0
-1.0
-1.0
-1.0
-1.0
-1.0
-1.0
-1.0
-1.0
-1.0
-1.0
-1.0
-1.0
-1.0
-1.0
-1.0
-1.0
-1.0
-1.0
-1.0
-1.0
-1.0
-1.0
-1.0
-1.0
-1.0
-1.0
-1.0
-1.0
-1.0
-1.0
-1.0
-1.0
0.03778246195831745
0.03575430018059411
-1.0
-1.0
-1.0
-1.0
-1.0
-1.0
0.032745650005708914
0.03388766862111797
0.03432682991997185
0.03444529465053026
0.024722896092532778
0.02891230889998629
0.025663741034988967
0.020751937570462828
0.011208133650503108
0.008313355983592228
0.006130600138012782
0.005246059714093146
-1.0
-1.0
0.014764964870038514
0.009909210562707013
-1.0
-1.0
-1.0
-1.0
-1.0
-0.01655325921150278
-0.022543733543993947
-0.026024650289521164
-0.02775899239284652
-0.027586523880577214
-0.02425005100662943
-0.028374205912400856
-0.027374738097833244
-0.025028419926963485
-0.023472774828284092
-1.0
-1.0
-1.0
-1.0
0.026073927652843422
0.033118762036604354
0.03616019246461156
0.03864111352180028
0.03929028961876097
0.04116846857254654
0.035968757003165146
0.03964209230582263
0.038446721490086516
0.04047682019596907
0.0405532003501771
0.038445351904174786
0.0395145874605774
0.03725524706310046
0.03633505945450354
0.036374139807555876
0.0366736214792955
0.032193120214510554
0.037398724399827506
0.035195918122572924
0.03400619604397462
0.03564477576583534
0.03023342483651009
0.03241894720963762
0.023977836387663213
0.02753120051480026
0.02823406185940634
0.03332314359570599
0.025664908941381976
0.01726904008620967
0.019592630161957607
0.009530345056378535
0.007478660606956455
0.012255644680406663
0.0235441583865509
0.03689906284495107
0.04240929426519689
0.040500686042872394
0.042198506267989516
0.04190591364513279
0.0425037872439943
0.04131431675117057
0.03941590487213178
0.03831185335711442
0.0381201562576397
0.04062475848188988
0.04258078497189065
0.04225887453746806
0.04117282562026974
0.03976233694802918
0.04201040866835274
0.039465904759867686
-1.0
-1.0
-1.0
-1.0
-1.0
-1.0
-1.0
-1.0
-0.025866094510982346
-0.03227658250093156
-0.030720578044355802
-0.031567153014026884
-0.034479474059897895
-0.03297113266639621
-0.03322085963241032
-0.03384867251305327
-0.032673593838187714
-0.03387582488887469
-0.030710572399780943
-0.03367252167770587
-0.032936244277538704
-1.0
-1.0
-1.0
-1.0
-1.0
-1.0
-1.0
-1.0
-1.0
-1.0
-1.0
-0.03399000831780908
-0.03289431828628106
-0.0338076254680485
-0.03509432189434553
-0.034752886189753696
-0.03248530862000748
-0.032955956084771316
-0.03553228903068542
-1.0
-1.0
-1.0
-1.0
-1.0
-1.0
-1.0
-1.0
-0.022428492308051662
-0.023331053513391098
-0.02722945793670243
-0.024025153097858517
-0.024092374017030432
-0.013773710712350996
-0.006632292281009633
0.0036182005539153526
0.02276241270361657
0.02829186189776676
0.03361813149951594
0.035943357000295016
0.03690831873836665
0.03620837809298501
0.03097542255292879
0.03265405525165297
0.03388679388827729
0.030836646439999945
0.03222779349910913
0.03182422071725151
0.020631858757047022
0.008669742819135245
0.008735026030166642
0.0008533857135572709
0.0005526340261491438
0.005507668002157712
0.006708481090398734
0.015390782655515642
0.011063147096965004
-0.00700869488912554
-0.013527329619846694
-0.015095403674288526
-0.011572139870216477
-0.010665763104698833
-0.008834727151560907
-0.0058135361758450115
-0.007924686783560165
-0.014160925472638407
-0.01238944882737435
-0.015357371090822304
-0.012711791662678445
-0.007611678510870085
-0.0062826265476352925
0.02035318461046846
0.021617300693003497
0.024431355863263487
0.029788331952232884
0.032263440580605866
0.026285941763766946
0.027859597886974306
0.027481734286432854
0.03241879524104439
0.02911529318086885
0.027926730367429525
0.024957311493422136
0.025152208831927675
0.0270621228287848
0.027915703751066796
0.021896929774447415
0.02559759034714692
0.027563068593786762
0.03044152642528699
0.020549077012020814
0.016610617025309707
0.01745647891182952
0.022603877682990367
0.018685000808807365
0.014556157319894675
0.0032476008334056702
-0.0014923000540061817
0.0013966899623818708
0.0006254329617389927
0.0025446963507115
0.00013160534791164293
0.0014561836717487914
0.00250130979180626
0.007268818985674466
0.010832333009385032
0.018536814514188045
0.018708145889184947
0.029425190907943644
0.036275826633474756
0.032676960847356176
0.030660759700237426
0.031325675307961244
0.02722727561195267
0.031185924126640046
0.04205392082547769
0.04586938205923917
0.04508103033528015
0.04395946642279639
0.04570565896201128
0.04546465515874782
0.04294405391675856
0.046775871988931204
0.04992952838940879
0.045885554925070765
0.04018544143760322
0.04027004286945774
0.03637763908103991
0.031172285989156685
0.0277338330047482
0.03234446367773874
0.03671107829731242
0.03213620822036926
0.03139739051226948
0.031090244134106302
0.03551925734617975
0.043767259926142166
0.03963978831423703
0.025463661948790624
0.018800410339414892
0.0408900701401988
0.041730153569603946
0.042384112194685956
0.04405316825278501
0.03948912077961783
0.04345803965999425
0.04178475917778774
0.043395747624437195
0.04494691449005831
0.04471911162306577
0.04441293387931078
0.04672880357177534
0.04418159729530509
0.04466564685863818
0.04425048150065541
0.04578817824528396
0.0477534832054362
-1.0
0.02026438269529094
0.019265518105744978
0.014183078063100091
0.008767560257609566
0.003825296317567787
0.006921995180426625
0.01019588314676008
0.0070127653945723034
0.005885976642475041
0.00544567445935714
0.00034940783564330275
0.005030101312548197
0.009322137396433188
0.007053712762291505
0.0031117115742568917
5.1109252877233444e-05
-0.0061306764458795866
-0.012472163989176345
-0.021204974920763436
-0.023579997615019332
-0.024821510117156432
-0.024033691730188194
-0.022058204318505577
-0.015084451330644129
-0.008524423406374685
-0.008660534261775451
-0.014482842960186128
-0.01621041898284472
-0.014386119891444693
-0.006310740917904691
0.0008864584703139031
-0.004227810719163552
0.009683553079689674
0.013565612609691968
0.014940314172534995
0.012029945676441186
0.0007633149917939617
-0.00261172320109976
-0.009030033596539366
-0.0026121104370623914
-0.0005732904901334642
0.0017400806962956992
0.011815069056266895
0.017271977493703967
0.017887474549096633
0.026823443091768172
0.029381872826310693
0.02914430495424251
0.028249552225921876
0.023837582157844393
0.02424202339423207
0.02152901204922148
0.012070012304655958
0.01857167789671684
0.02096768628671218
0.028528490300220685
0.03294720527885006
0.030059119439648976
0.03136260827403596
0.016291875046802847
0.002977396856774035
-0.002225320145201385
0.00792608743921106
0.010658648050873938
0.0034506767926507113
-6.318616227636105e-05
-0.0012300820962262951
0.00209869889310548
0.010312368923142289
0.029552837109371455
0.04159033170015978
0.04372697081017342
0.04627502816396846
0.04449254804091693
0.043308382666880835
0.04352604828848758
0.03554802313550804
-1.0
0.008851648273141556
0.0012688488324213586
-0.007170045829279369
-0.01540463646863698
-0.005726079189560955
0.020498114651122112
0.022879449004532836
0.02149735662459268
-0.00661269948472625
-0.02666581595618114
-0.03321876681374615
-0.03730581383052719
-0.03623516166915003
-0.03732197607714495
-0.03833842990335009
-0.03714965019603359
-0.03714563006796378
-0.038500653933708676
-0.03633127718573575
-0.036369092562972695
-0.036047087732201666
-0.036595867803131794
-1.0
-1.0
-0.036741271127589334
-0.03893586435468422
-0.03531960145267475
-0.03383392836433048
-0.03522187691997097
-1.0
-0.027066452049207573
-0.0349087008574616
-0.035706193771271696
-0.03381652225749036
-0.03278562749775829
-0.032463670788951446
-0.036409218949860676
-1.0
-0.03736069605086013
-0.03588397857619623
-0.038557409844414484
-0.03926162013026464
-0.03496594178868484
-1.0
-0.03443780389747758
-1.0
-1.0
-1.0
-1.0
-0.01462487627377251
-0.006407557100867827
-0.003915917813127132
-1.0
0.005944383820677528
0.03224550695570728
0.04169114196623644
0.03548638324489113
0.038834032211104846
0.040858723479365706
0.040275096100474216
0.045290799921390186
0.036874281561505934
0.03349353107406637
0.04352770211774492
0.047493999756943614
0.04465454540472089
0.045189311193509545
0.04422304113659223
0.041694206559093824
0.01647053487297803
-0.004339822282544013
-0.0141428879640071
-0.02541488320995765
-0.02668941592241581
-0.02025737347774744
-0.0244552555573005
-0.02295626937561641
-0.02019190823643494
-0.02698336883130927
-0.026348382775624762
-0.02261967001855386
-0.029459172926573074
-0.028006121247696896
-0.031137214931855072
-0.03242053808947827
-0.028856739072624583
-0.028724203186032166
-0.02570540040712392
-0.018334735229720123
-0.011394023726067872
-0.010889621108268884
-0.014271588602106122
-0.025058807807572154
-0.02334113712592169
-0.025200054856627057
-0.028820156046496535
-0.029105572603956017
-0.02597823030738383
-0.019990260483359376
-0.028322435626148373
-0.024868856210082176
-0.01799395725965912
-0.010882499780482259
-0.009608379265940898
-0.008783945848615004
0.0032547108467042
0.030207041335359574
0.04931011472162947
0.04574589839323584
0.04601627954602493
0.04670021727945113
0.04312837398723155
0.04471084847557754
0.04382551971652134
0.04439654217719426
0.04243374155759824
0.04048854800133471
0.043640714733661747
0.04075538168968435
0.04150978239132997
0.037297965859910076
0.03336863454610707
0.03935835565871852
0.036925624296721554
0.03133293843702515
0.028288877874998973
0.03139160414173979
0.035615033387857466
0.031352641447864704
0.02600971308134735
0.02244616477691828
0.016916891767989394
0.010440900845496913
0.006390180622397456
0.008295215533595435
0.006169942768361361
0.009494297686296874
0.004224197335742786
-0.006170848996701509
-0.006009643889463204
-0.014342167595048657
-0.014119714184201935
-0.01615937404511609
-0.013496329684883885
-0.015058061970507377
-0.0149538229935591
-0.007284949815416356
-0.012636562934224351
-0.016895979769812584
-0.01566540516103634
-0.01310951397481557
-0.010135797920823694
-0.006232883719151162
0.001168363696179831
0.0016491991208364488
0.003087016813507293
-0.003781147217680035
0.0008008753960923949
0.007793139950513885
0.009124340982282745
0.010461983822137364
0.010829374217886163
0.010563468590256406
0.0077504620219445205
0.004834963206790508
0.007062676271555994
0.008446582391113474
0.00093652649402586
-0.005177188847550279
-0.003161767328676524
0.000188729994268266
-0.0031317235922867226
-0.002862056189102353
-0.0015237958104606802
0.01085372581771018
0.009719286432364117
0.011868801086534634
0.010910993302201178
0.015657380529418896
0.011804593167807603
0.011086740802887815
0.004807239757455674
-0.01841208505310657
-0.021954810383126598
-0.026017427683474346
-0.023666213972592304
-0.016838373966557414
-0.01860462961434134
-0.01634267845746361
-0.020134084553151917
-0.017722950160138223
-0.017318768120228232
-0.0035975963152925375
-0.0007179067530221435
0.003495776162990953
0.012824326740939583
0.00846163874973655
0.0029433100621935595
-0.0036753281236211943
-0.003478257207443701
-0.005071734907676618
0.0012433962767999227
0.016000162272845696
0.03395329763704798
0.04009539609146017
0.04391780410849007
0.038076878913352374
0.033743163194899756
0.026117737831171422
0.02752109293037628
0.04051831530236623
0.037572156380166165
0.03357580123573222
0.03591501911032796
0.04111201123564226
0.038578317507447134
0.03757518569991797
0.03389981177372787
0.038268975867160014
0.03536787393518332
0.029550656888368054
0.03229671405162864
0.035289219025372624
0.03744273546949997
0.04035891120709324
0.03825478649803151
0.03609465795211728
0.032435736216117304
0.030744280100472827
0.030896370674740867
0.016523815803351077
0.015607908830429881
0.01429249330006181
0.0061097983891493434
-0.004730978054777179
-0.0081172189693346
0.0009542735014596772
0.0016464928069426451
-0.006794211268442933
-0.006929210837616088
0.01351041732521915
0.027445565114488625
0.035725525832180166
0.04125833333593879
0.04017239922154018
0.03745683867816802
0.04540078357215594
0.041969012137775104
0.041908995883108036
0.04164504058657173
0.03967702743703268
0.04093718769200293
0.04180643747344492
0.04601323408219112
0.04112934953890813
0.031095804018213165
0.012114482486736263
-0.002670956145159605
0.001907408017370592
0.014624886329718681
0.014293024236118683
0.016331781759152144
0.012226995754716335
0.014860686299071403
0.008918812142308049
0.007080502311526026
0.007439253322512285
0.003942509125229105
0.01590858436657574
0.02864448054435697
0.030595538605118135
0.015136709414094283
0.01766233033050613
0.025168051029044913
0.02450724041594135
0.032763700519634655
0.03427960137846522
0.03392021401758958
0.03884845698130495
0.03144959241459231
0.03639917111459607
0.034236749576456865
0.029626001521303368
0.035278215402546324
0.028608474819232597
0.0318293778308219
0.025791612307020834
0.0305725812864348
0.03758944077804385
0.037879862458973936
0.040865642018382255
0.041570600760087784
0.04052241960377584
0.036153132250811425
0.0289258105613345
0.03348860572304792
0.013091880335868201
-0.008888962668358738
-0.011874414309413453
-0.010756581662752998
-0.0027401837425666277
-0.005853585350214435
-0.01377593082527707
-0.025257879517653282
-0.028988682225332234
-1.0
-1.0
-0.03766132476148048
-0.037433817974940164
-0.034428614282094656
-0.03774142609466759
-0.037799426811087895
-0.039551135507419954
-0.03610037905197327
-0.03771928594523896
-0.03639725568605387
-0.036022031454758595
-0.03791977804363734
-0.03605455099096534
-0.037272534532881596
-0.035686805664282284
-0.0323441397176884
-0.035016772488805595
-0.03761112127806288
-0.03666417750519148
-1.0
-1.0
-0.03157330334844513
-0.03255063279728654
-0.03639628521268715
-0.037094035386445075
-0.03366877372880191
-0.03489295856828401
-0.03532353970568719
-0.035472853165550336
-0.03466576492229568
-0.028943555564922282
-0.024304694675292667
-0.021742825040263498
-0.02065264214376455
-0.022736867405928052
-0.0272813888917604
-0.02764096649492587
-0.021613035152365807
-0.015585584194204655
-0.018370376806497727
-0.021791447047609762
-0.01866483478925041
-0.019334938740412467
-0.02313755811897265
-0.023155406893181973
-0.026332492125452175
-0.022269787743882503
-0.024544140065047886
-0.026454616365957632
-0.026660049338781102
-0.022977385741405426
-0.02645688527770575
-0.02120125408362462
-0.0220102665312054
-0.022765130282135334
-0.01924460858382969
-0.02155748274890766
-0.019640348303735955
-0.0203347088930555
-0.030855136541810494
-0.027637168086557515
-0.028792655284438577
-0.02683843450625209
-0.024239384785761285
-0.014315536810334085
-0.0037447259500953778
-0.01209703246911179
-0.011544569280726863
-0.011945960060810166
-0.017111427646513144
-0.013645879369164447
-0.0038754085090145765
0.006919860440901668
0.014124628995895483
0.013169805905772314
0.038115506128964124
0.04303894046346226
0.04405154127217915
0.046035475399331206
0.04284574066027565
0.044719712412447064
0.042770803482942835
0.04333662078491496
0.044000227007850674
0.04334857708375032
0.04186179941291733
0.03798613373468136
0.045777394373783045
0.04298167537298714
0.03630991345675222
0.03160361247981236
0.018577312833719772
0.0207293795344629
0.010420407322055281
0.00016913891061810123
0.005882973228573154
0.014961397195089134
0.022257653253661733
0.02355168947941805
0.015619294388697797
0.011122385865501181
0.01590383176227134
0.009542846185595056
-0.0019115112073866672
-0.011875611953593433
-0.019642096700873753
-0.02289899708721889
-0.02711963620999763
-0.032761179407803896
-0.03149754418279621
-0.027827203075970884
-0.026012140134788073
-0.030547291502766576
-0.030654530204741577
-0.0311615930675348
-0.03197293757637192
-0.03306997049366042
-0.029461954471503835
-0.029939928714252106
-0.024876106393141584
-0.02663004432199746
-0.02392596828152863
-0.011569486144591615
-0.008581603001885126
-0.0052581692959515125
0.007138761632453708
0.011511556126723619
0.010899986538516539
0.012132562572545481
0.008822164864370046
-0.0023498136737539663
-0.010374748910114992
-0.012070207878488934
-0.014337874157038577
-0.017272985311320245
-0.01656916023493912
-0.01588221508004903
-0.007091309724931065
-0.006496351075219567
-0.011109387297543415
-0.010821213353348793
0.00940937495041988
0.008971475481561237
0.010109790489468225
0.015249615524773307
0.015441870218101178
0.020598718292739092
-0.0030885580999346508
-0.013824080855804258
-0.011825836949981858
-1.0
-1.0
-1.0
-1.0
0.019639221082818095
0.021803326209028362
0.019145112034128473
-1.0
-1.0
0.02893644263437144
0.03932132541009743
0.03500440428472464
0.027504137089187742
0.027662708149799813
0.037559852118831116
0.0358190760538888
0.040197905612479275
0.04032097582961859
0.040516324013480466
0.04219732735725145
0.03860980438490888
0.040007139218498314
0.04126002836967178
0.04213623379644559
0.042522503666388115
0.03573193708532637
0.03946137798309174
0.04102768531999909
0.04051191769245955
0.04268489923800787
0.044209478965548325
0.04099109923744659
0.039193916144089944
0.04217176257257063
0.04134963521473666
0.04054534058847548
0.04047057130031126
0.042261982239685005
0.04055461882952787
0.038407827650579894
0.03436012332249846
0.03773741034764767
0.04222422327355022
0.04100375054003092
0.04124316881994934
0.04097170742381365
0.04111552641376347
0.03267689310923935
0.019355025658761862
0.01747216317326844
0.008122967776966604
0.003741146713354748
-0.005055070925332001
-0.00812306808157098
-0.010289644908378593
-0.015906892449491356
-0.020655168848794283
-0.024828075254335887
-0.008666906402874687
-0.013975012252421896
-0.004254053219203922
-0.0036634727252751503
-0.006369412063295221
0.010678219633858524
-1.0
-1.0
-1.0
-1.0
-0.0033194942757380917
0.009452201139104298
0.0216755158077578
0.02227956066923103
0.012416707591526981
0.006250279197439371
-0.008398962148697613
-0.022268710982909577
-0.0245590302787512
-0.02530676301217406
-0.02403981214488663
-0.030687008173030755
-0.03003772793121605
-0.031960748244036184
-0.023904941871243885
-0.018113660387886824
-0.016037551864766166
-0.01685774768321572
-0.01763657597236116
-1.0
-0.0007020200428521949
0.009678714800430649
0.014993084081227565
0.014443488946929864
-1.0
-1.0
0.036494681877428006
0.041949692552087026
0.039220888698341734
0.03941057021290026
0.03927675062588107
0.03995340251411799
0.04038412372649219
0.04061831586392279
-1.0
0.035575439468706276
0.036077523649932566
-1.0
-1.0
0.039972964576268415
0.04390994073407214
0.041274325786118664
0.03606138787949214
-1.0
0.04193373561854812
0.04098664225066127
0.03956692007186225
0.01848671581241649
0.023717280870059018
0.018258911339133592
0.012801080762056802
0.017984506235133594
0.02202519051365793
0.01836553236644221
0.0054821142153114125
0.010761379138437367
0.03377007904380414
0.03702760522437615
0.03977542656338485
0.039042911017192275
0.041801648984071134
0.04144593902945438
0.03593691335805877
0.04097927259962046
0.03214114242234092
0.019596402042389126
0.007889982845298817
-0.00806803704139305
-0.009236276932419307
-0.015359564975045084
-0.01465313727899736
-0.006712928040731445
0.028202505888125607
0.03448337026048904
0.037602013152168524
0.0352264163217242
0.036772154356710544
0.03622702482891836
0.03603136419374278
0.03972845914031231
0.03544410166645597
0.031212087048170183
0.03268426193467733
0.03143783750439304
0.016811398917625897
-0.002963923425607757
0.0031476216107577367
0.0189389763598323
0.03519075330636893
0.03585319976395225
0.03595646520386364
-1.0
