-1.0
-0.015350469541823505
-0.01871795120597428
-0.04497625296888975
-0.05536564162267641
-0.04768719386450043
-0.04913390487025944
-0.05737352875055461
-0.0640686988634972
-0.06524656668775382
-0.059742176754583
-0.05414983498644286
-0.06356794252354102
-0.05734233212874476
-0.06077267053368805
-0.05763027963626659
-0.07172980741483145
-0.06760708103442103
-0.04720566508840774
-0.057104594087165575
-0.06161654926322765
-0.06338894261171958
-0.06284254517195997
-0.06060009462609341
-0.049606579664888004
-0.05029341849530084
-0.055544148227228675
-0.05158511917089466
-0.06050601044761863
-0.05237840687209751
-0.0439571717349094
-0.02495665755600225
-0.020253419249526023
0.06398200669278888
0.0708363952030173
0.07117706571320609
0.07316935271665827
0.07122302375145328
0.0691571319685833
0.07407094194613395
0.073004998639652
0.07386835428930304
0.07098861638226064
0.06559646077626731
0.0736691471871584
0.058000770465226725
0.06260111655590829
0.07411895886724541
0.06733289662639713
0.07008084563961674
0.05311712317397529
0.03365473475959622
0.055903539740822975
0.0653092289419211
0.00841848346984102
0.04840956131192486
0.06362492936747058
0.060209619088937245
0.05468627356825774
0.05211385418935133
-0.011061167745454705
-0.03738285584802379
-0.03749451398233853
-0.06098540025249778
-0.06393434316559977
-0.06728767187702141
-0.06499047295768215
-0.06907203701913966
-0.06821221146228498
-0.05284493891411229
-0.033100636744413436
-0.026756720536131
0.05622645217509286
0.07641840259907519
0.0751300128505887
0.07571990890206198
0.07331768809907124
0.07115624430473513
0.07123291435727008
0.00989386524426177
0.001585155285718749
0.025242664425237506
-1.0
-1.0
-1.0
-1.0
0.07321074551894367
0.062427782069556466
0.06857263150125519
0.06356985406351601
0.07169113181462207
0.07287834597351686
0.07291517510456438
-1.0
-1.0
-1.0
-1.0
0.057198971222213076
0.06761954855541191
0.07012136888340226
0.06928105487126987
0.06689301747943759
0.01871335896306645
0.06819089355365726
-1.0
0.07322150726449816
0.05316607509852873
0.03892361476547146
0.07083379509084035
0.07053153924965372
0.06299185260325255
0.05843633206951596
0.0734690458969879
-1.0
-1.0
0.07190356826733046
0.00020149460733136627
-0.04081666637908954
-0.036880059120193216
0.0014808209996942834
0.02466145889425094
-0.008994313437868497
-0.03028047218257943
-0.026485171862040437
-0.04440438165986308
-0.04575915015986416
-0.040505118671058625
-0.03544034023768129
-0.045189473993248575
-0.03560379679818063
-0.018361417652564216
-0.02408085041843917
-0.027049967055631497
0.06901797247608528
0.0737338838805714
0.07212910406830009
0.0714987418914299
0.07350035980899743
0.0754489476993118
0.07598657052831927
0.0738685750642204
0.07270649673292144
0.07591121155661049
0.06430904911808534
0.021805341421871842
0.06378340427995967
0.07774932155798159
0.07872635450554875
0.036358441563659014
0.06152076781945098
0.06855085758094347
0.07908099254733728
0.0800457734521702
0.07920232248732015
0.07929620817879589
0.07826375898602252
0.014160483783404199
-0.031693253591219925
-0.015515749936324718
0.014264846398300312
0.06319884300985613
0.078383378938843
0.07854364900282931
0.07826238312906081
0.06136420111441544
0.0669600586501124
0.06778427554576165
0.07521145818181896
0.07373968823888845
0.07293374641731082
-1.0
0.0690801656564685
0.06983820166552579
0.06980754921135232
0.07105042982934538
0.0681441004193644
-1.0
-1.0
-1.0
0.06858511736203925
0.06931586536729217
0.06494641495533673
0.05802467491333692
0.03964115727213057
0.03090192147381063
0.04615529809174545
0.048154005004845915
0.03590611140269349
0.050095128355665944
0.05771642814904004
0.04690341205009495
0.027466440048728873
0.0011076269688352824
-0.007485461952245991
-0.02778399136032163
-0.01763693690184832
0.0254267188900702
0.01837501464392871
0.04390684500238683
0.036959309602152615
0.049455662233024195
0.06143717674637738
0.06283026970459808
0.06441094573624694
0.05388039921014878
0.03466087580668117
0.05170729164060163
0.07011796096091018
-1.0
0.06313751827527617
0.06292165203632348
-1.0
0.06483433035295018
0.07215688033866716
0.0720016967852466
0.04767038660725255
0.07209561681436429
0.06217033291493369
0.05658897056614081
0.056970413048121324
0.06800736528854923
0.0710175657868555
0.07172087216711158
0.05820336369722566
0.07394400991341389
0.037837393133490625
0.06362701745423573
0.05980975243402503
0.07218834137401836
0.06675443675559295
0.06801675285158262
0.07246189855440877
0.0549807933998686
0.07023760669409647
0.07327102074687855
0.07350857774004235
0.06901196974164327
0.06989081912455132
0.06694201699757463
0.06578513061164237
0.04828765635320212
0.03620685900052273
0.04492951297738069
0.0402561701173083
0.01817940567282917
0.012993246842873618
0.028680131516286046
0.0357891616676518
0.013212515164890956
-0.04792054900927078
-0.044202787698963346
-0.0275621180925067
-0.06504239941821954
-0.07005432910372408
-0.06363998617728019
-0.06430448517525675
-0.0680990069963963
-0.06941993475133452
-0.07093742856894661
-0.07002918730679569
-0.06568473414936438
-0.06400609181357543
-0.06870434226772164
-0.06815185677871795
-0.06260462798924493
-0.05729329400117044
-0.05892511849484425
-0.06328662957403283
-0.07112070597143855
-0.06978993523207143
-0.07033055421285933
-0.068290204093762
-0.06714221371369036
-0.07207644906931697
-0.06503390231648919
-0.06324153934109743
-0.0652906771329316
-0.04476515604858174
-0.023516545559168142
-0.02524070995613912
-0.007494035778520695
-0.00013420309025783232
0.013259739445116893
0.017374621117402428
0.012297906091485898
0.0008835282388581334
0.003934124369272057
0.035265697018067574
0.038336409941305515
0.010132139343484527
0.026578677633322455
0.06443080177633495
0.0686346780986592
0.0606769085958413
0.05669839237807688
0.0539097988987314
0.012636728227693454
0.014004608219438025
0.03560057448919216
0.07402934919879679
0.07106996827472921
0.07312623983547852
0.07381937134296375
0.0713589700585408
0.07207961894468137
0.07146019273888057
0.06834291822646114
0.024932581362378588
0.03151925669556346
0.06230722211889011
0.0561521493580954
-1.0
-1.0
0.026019850002915693
0.01821929000755543
-0.021005322783831076
-0.006336471998087326
0.023054343402317785
0.05671121243595024
0.06292307249683178
0.03932716393963779
-0.02748201833143238
-0.037386545208087416
-0.015407201344895026
0.005429848230629688
0.013126620545773906
0.001719278749332461
0.013601364646861363
0.06803856202249066
-1.0
-1.0
-1.0
-1.0
-1.0
-1.0
-1.0
-1.0
-1.0
-1.0
-1.0
-1.0
-1.0
-1.0
-1.0
-1.0
-1.0
-1.0
-1.0
-1.0
-1.0
-1.0
-1.0
-1.0
-1.0
-1.0
-1.0
-1.0
-1.0
-1.0
-1.0
-1.0
-1.0
-1.0
-1.0
-1.0
-1.0
-1.0
-1.0
-1.0
-1.0
-1.0
-1.0
-1.0
-1.0
-1.0
-1.0
-1.0
-1.0
-1.0
-1.0
-1.0
-1.0
-1.0
-1.0
-1.0
-1.0
-1.0
-1.0
-1.0
-1.0
-1.0
-1.0
-1.0
-1.0
-1.0
-1.0
0.037457187594815006
-1.0
-1.0
-1.0
-1.0
-1.0
0.03665967007404824
0.03010157748287039
0.03203833169917538
-1.0
0.03940580648663359
0.042178795044201946
-1.0
0.040402843384697115
0.03887367010651832
0.03751181529048686
0.03262691474881508
0.032677704751691725
0.03591007439903482
0.03476932790528233
0.03562830402708658
0.03594593046693186
0.033521144468417405
-1.0
0.0388512822573412
0.03976088230541513
0.03570986561225685
0.026357577803051552
0.0020172673061236933
0.01379010508947545
0.0018554427715494954
-0.003388760055515822
0.003272993555486511
0.022141532830170493
0.00896172871442446
0.015046361657688542
0.022600139566813362
0.024178749952387293
0.025221271718544415
0.006488852025346341
0.01118669829986003
0.033011481336416265
0.03749650301976527
0.03773668586176039
0.006763991871821149
0.01624263782822984
0.03278816085260192
0.0366249276885274
0.039424001186748395
0.03972491420001841
0.0392353430389238
0.042108736180267795
0.043194585493758784
-1.0
-1.0
-1.0
-1.0
0.04336339923540385
0.021996521309592492
-0.021824403459428533
-0.010695777623714944
0.021360931814334353
0.022060381778366465
0.010664808076534396
-0.010923007165566018
-0.014993668120957183
-0.02655331872146962
-0.005516936770906189
-0.020938286361022167
-0.033365548279629086
-0.03449085906983562
-0.0418561952342644
-0.0385922108292836
-0.03181996806517727
-0.028977435358170812
-0.023169722310415787
-0.02665550514215312
-0.02473413830910266
-0.025490657589751883
-0.025241327466054727
-0.01754134135457732
0.0036201625106303034
-0.0003148330964921261
-0.01849111242495833
-0.03948720047614061
-0.03607553514630961
-0.02596027563312587
-0.01719918885006171
-0.013203138934696419
0.031209827685994704
0.027876865372908597
0.03483679476554283
0.033001764513087825
-0.011174158612718449
-0.035152583483813414
-0.039417816061263156
-0.041383601290632656
-0.040306277400727196
-0.0388601870453894
-0.039855786510461975
-0.03784068711971775
-0.03584395137867231
-0.03715994153885029
-0.03770808741697915
-0.035899489557039824
-0.03636011580822989
-0.035926824649379394
-0.03699559235210859
-0.03474106759750577
-0.03640614563389745
-0.0361630258454752
-0.03386769432886659
-0.03490193149355897
-0.03535513930383446
-0.03645619917295864
-0.03097613039591488
-0.03354046248485468
-0.03556720636071503
-0.03446670616549466
-0.0367849283812096
-0.03638860360029742
-0.02835447068057923
-0.025502095771439016
-0.02968218568210163
-0.028392352054050066
-0.03334769548258547
-0.03676124648280979
-0.03599802960072029
-0.03135543128956699
-0.026277585182778045
-0.013422922367720165
0.0013774737530301982
0.0010913933568584787
0.004999702393182015
0.0022116168232184418
-0.011893640404944247
-0.024920456529185026
-0.03573518607869484
-0.03790756855747538
-0.03974492224450593
-0.03860729970064317
-0.0398413397371461
-0.03822448335228843
-0.03486448879234608
-0.018409734630051515
0.01025203712490921
0.003303318643284649
0.003620376013092969
0.0005842769701904525
-0.03126010686700133
-0.027823277925609426
0.0031014415803175374
0.03468549595015172
0.04116733870539873
-1.0
-1.0
0.041146301120343697
0.043520373724116254
-1.0
-1.0
-1.0
-1.0
-1.0
0.01835185313119453
-0.029390021007013364
-0.035547770649131796
-0.038097729096578985
-0.04070785934960506
-0.04001575851230671
-0.040669022647519766
-0.03885987858611417
-0.03935664610419545
-0.03837903960474329
-0.04042665614676492
-0.031276764999548755
-0.01480822355940411
-0.02268614331815355
-0.03846810019146465
-0.03888797687259392
-0.03845518399320784
-0.03878125253714155
-0.04043347710443718
-0.040010012534960476
-0.036969973786005625
-0.041370192758219924
-0.03684544533192534
0.0010961905191003158
0.030327065080804162
0.03466163748478064
0.029713834543002852
0.000917875417907905
-0.006788585681728815
-0.010842755591851933
0.002456280230074666
-0.004259419781702905
-0.001929440294910778
0.006733808254856938
-0.0010955047262274384
0.021869449332200197
0.0372432679460383
0.030717691518113138
0.030890513271374237
0.02896187036773999
0.01476711983654922
0.02140756198728359
0.02886023837857886
0.027091354207519597
0.027074013870780293
0.011899440964755684
0.01542947595961927
0.02880845415023878
0.027407495152021785
0.03755789209847897
0.041017472658017994
0.041102212950794415
0.038832308617830553
0.039424199870933124
-1.0
-1.0
-1.0
0.04305628390456915
0.04302487335930325
0.04399492924534472
0.043567782451779585
0.04355126481675053
0.04395063622530891
0.0413035369707612
0.039013399971022135
0.03640751059629888
0.024611078323777145
0.01624687703419123
0.018201718433741777
0.002525518408225549
4.0179683547327575e-05
-0.001867855744720498
0.03961313462982064
0.044334423499751766
0.04426243086444468
0.04663541367448579
0.04757398983847548
0.047581919275244626
0.04473492916384114
-1.0
-1.0
0.03405680184382912
-0.019512267465489692
-0.037493194400785836
-0.03391492576175392
-0.026723007319965096
0.011107431266773991
0.030626204755465205
-0.02468729131327107
-0.02280616345750222
-0.033610101138221694
0.0001881985534638824
0.0308679393309917
0.0406347142314918
0.04074429548323534
0.022578185401695983
-0.0023480570341893004
-0.033860015560798505
-0.03602937184714047
-0.035362815517575204
-0.036822639794736746
-0.03024090741564323
-0.03621302864800763
-0.034223974612104364
-0.023645346116701157
0.00436374373166901
0.03145239383112504
0.037752726383637955
0.042544126901243956
0.044971977378449525
0.04157437872264161
0.04547080956322807
0.045248146737061054
0.047394095092421616
0.04727360945923884
0.047467296396940584
0.03338230887886728
0.034130878639026196
0.040277743930890626
0.04271448498953019
0.01921953339787133
0.01683367318111436
0.03260795164833599
0.03739728983264093
0.04446877310102015
0.046207899403214805
0.0277273994603402
0.006033153813708077
-0.008515750194000807
-0.00928364306700415
-0.01618494548136539
-0.011506872335131117
0.010285632212340249
0.014146214396528772
0.018709351212310262
0.03695139586224133
0.018689009670923386
0.010808406946785325
-0.020511896164168347
-0.026488365473014946
0.020906471036862627
0.040519389647249625
0.04358010516165122
0.041053085202311414
0.044088571980963956
0.04545800211620508
0.01150937571077314
0.02737375768930086
0.04633707339095537
0.04021040996081537
0.037776630148207285
0.045403529922802215
0.049242903961701306
0.04992464911960023
0.050139148277465656
0.050487596408156574
0.05056037529463867
0.04974177484654
0.046863820017968516
0.040343679597423236
-0.0037553450909925514
0.024187035547981406
0.022182160662197307
0.03823542422369454
0.04434794153575386
0.0470306402616557
0.006949715224467262
0.014406383804154129
0.0249350830450675
0.02351698729494287
0.03905286494986944
0.04872706991418494
0.047365713591846756
0.04610736940719496
0.046009316626257894
-1.0
0.04656500469151054
0.04450417145643933
-1.0
0.04449644033043254
0.04539546026536893
-1.0
0.046561489102635134
-1.0
0.04536716298376761
-1.0
0.04812962077471258
0.04574110744485355
0.0482334401727632
0.04369028844481312
0.0465800190905077
0.044580474643572364
0.0437955682690037
0.046597104179770595
0.04570465739784402
0.041828626115354456
0.04314137618292034
0.021041847781139378
0.007101890970638574
-0.030347695196949694
-0.03720937426437894
-0.03954530216493251
-0.041789941619288805
-0.040413539045745975
-0.033200985367964966
-0.019686030618767326
-0.024478622325436548
-0.022864100539901854
-0.02138530545804523
-0.018342055792122357
-0.011860115355494229
-0.018318300554956885
-0.017115213360565408
0.009721725875711634
0.010113469225063879
0.03766125057383424
0.042984592282603415
0.04431882217986367
0.04529197147998001
0.04425571814866149
0.04217420141981876
0.04216195722818929
0.043767623836650366
0.0017076810518926232
-0.017362808768276675
-0.000550461561450446
0.021555381185987703
0.03443357944915068
0.02973854323557622
0.03174573677903566
0.03054622076189705
0.0285531115335928
0.023861285295954174
0.020792235751037735
0.024045263093215953
0.023354242336834675
0.02723330800968956
0.015020865589660808
-0.003152221902934654
-0.012922996212084509
-0.027715741464737112
-0.026160475671565656
-0.029573401873081526
-0.010888719814116385
-0.006762948443285029
0.0039153083828023265
0.02090205929578969
0.034127130848262466
0.014698582162892061
-0.010017191753220031
0.01289682864063231
0.02019418894982618
0.027034590960065642
0.03364545449242326
0.04212782828871806
0.04063169027812058
0.040404826408166894
0.04445361775486391
0.046805016608300075
0.04636408744384862
0.0473472698434902
0.04804613436360672
0.04749600539976282
0.045620991748507936
0.04551921639568386
0.0466541650756958
0.047274316888479107
0.04108913612369314
0.04106666284517387
0.045693359600721385
0.040193932482029605
0.04161638592200637
0.041984602211972324
0.04221124961705549
0.043102916713745915
0.047169302115532184
0.047703806455306655
0.048528621105518144
0.047554844151624275
0.04713800910432567
0.046439469366025395
0.04782789345258892
0.04447056666312848
0.04474847322963839
0.04022327216928761
0.03164524566894961
0.038914823643000834
0.0380460665909645
0.03649599874885896
0.03888780738850162
0.040626400146265486
0.043144507059132094
0.039745933501898596
0.038768747316250574
0.03955389662524366
0.045308268208246814
0.04420149156846457
0.04607465091563721
0.04124338219671034
0.04080222802892171
0.0378718408423629
0.04183662826634139
0.040443412030052826
0.03263476665992962
0.04072826198192102
0.03125940188693021
0.0317684792032896
0.03764504628795829
0.03942348938928925
0.037070547581472824
0.02120384960918235
0.015007069125896836
0.03363539218003719
0.032974695530591444
0.03719461607543803
0.024486874855562724
0.024779424187794972
0.029118999838172427
0.033661210876739935
0.036079939244142004
0.03274407391128899
0.01818012806464808
0.013318616407765592
0.013202992578873135
-0.0082485783715035
-0.027683316736597758
-0.032807578812973914
-0.03226089065046131
-0.032730173565150414
-0.0332970230751193
-0.022674116185628142
-0.018130214262873395
-0.02070299170938703
-0.020479891350401635
-0.01927242514170003
-0.025197351340143507
-0.02427071261518613
-0.03266543815385463
-0.030685252735968744
-0.012647930937418417
-0.021905830978301018
-0.0313540416214307
-0.015754155952236108
-0.019059614212671886
-0.0142494218045357
0.015317945444732743
0.0206893351599373
0.02437643663656758
0.021172608305513888
0.018271535591001385
0.016906241535753187
0.0205674259908277
0.014236843793419005
-0.010952332330035904
-0.02894054584733502
-0.03624603375315084
-0.03355861420774646
-0.013196807296248666
0.022601110757140334
0.02433772413678236
0.026609189904113272
0.017309258790200142
0.011061679516168502
-0.009580483398922032
-0.0237727316545014
-0.004453578031999751
0.021591875381076542
0.021387202565884486
0.01464675969389537
0.001652165824938453
-0.0010192073252908622
-0.028319733002876952
-0.03719775133407226
-0.04057300957524844
-0.03203578209902936
-0.037236105850366644
-0.0321577591813774
-0.03144588454558635
-0.03784852579240679
-0.029504254756983178
-0.03360807679805412
-0.034635025776973596
-0.03112627589900227
-0.01627320573314869
-0.00861255736287638
-0.00025183636795758386
0.005925056920966858
0.004745636527033441
0.00394327383919984
0.023722862277180942
0.021192634486036786
0.020543720470641128
0.026294443679283207
0.007249108492511257
-0.024197794240659768
-0.03574178876663196
-0.04167545993653771
-0.021443332980479977
-0.026227215586680848
-0.03169742734781542
-0.03155089517825113
-0.028350358476838804
-0.0076161732886215906
0.02045427530015543
0.013641768949664316
0.020188697514156036
-0.028712539577179796
-0.03012476791484454
-0.0289145966171604
0.03425171847490774
0.04925942571930162
0.047546722262073404
0.03926474339042855
0.04098740500027575
0.05098169205228156
0.048035683949702236
0.047852381851387536
0.047644745346389406
0.04714182037893866
0.04569837888132827
0.04232466727059933
0.04355166177687932
0.043348900584378715
0.045618055841441296
0.04801033699859834
0.04916531845685298
0.04768222900770559
0.04383379764262457
0.014259410405033464
-0.0006159761882046129
0.004832292724949455
0.0385035422237604
0.04879834646933723
0.04854955067870599
0.050622842854261434
0.048852060506924734
0.04700505667928915
0.047161049864744106
0.04750230969663465
0.04836047612722711
0.049401689504289754
0.049524930004818196
0.04766413904045227
0.045351997207075306
0.02976470042318545
0.015000991502814148
0.019115990735712952
0.03970737416037038
0.0471735819473401
0.035916191333993146
0.03773133828853891
0.03699338537171548
0.035015071196571296
0.030605587855060522
0.03551901129662143
0.04570343698661025
0.04130967987540481
0.019907978470714308
0.04661933309754683
0.048963508669909034
0.04625894042770981
0.0280100926838594
0.00858837723558439
0.030658149184610926
0.029208590298083197
0.026767045447092772
0.04095884329688689
0.03855432800925146
0.02761315011551984
0.038559205419316435
0.04483799655921293
0.04738468053060641
0.04619594589214451
0.04572253098886449
0.0432411540661768
0.042946544644807454
0.04364355460183414
0.043548468701386976
0.047084914205594346
0.04705872663552027
0.04643512890945047
0.03177809513254401
-0.004006666008964657
-0.028793189273095942
-0.034594185961272166
-0.034359439506630826
-0.0420770171933338
-0.03652599057977763
-0.0005955880975611619
0.0014844358672951206
-0.003533265274399055
0.0002600287155295709
-0.003429528247297992
-0.015750586254782168
-0.029248997929439167
-0.03556421687767072
-0.03812158051446549
-0.03222142755928551
0.010303634373472521
0.012382968593132163
0.01823625714382643
0.01815348325704916
0.01684956205029427
-0.013842924103468601
-0.015857740049735343
-0.002822670606259379
-0.014955461838933214
-0.011523217565687003
0.018064127857332576
0.03313910322650497
0.03710944881441461
0.024667877608629745
0.003613232738264512
-0.011339363818111183
-0.010310303066446699
0.030979280605206824
0.03302058703748449
0.01607794800037269
0.018000540791997397
0.02540327377432681
0.02070427463499053
0.024093597269320925
0.044130476869334696
0.04624120094454129
0.044541945440025474
0.04163488423323537
0.041448631011481406
0.042256362270940984
0.041563521027225415
-0.014832429258225907
-0.036807023496393504
-0.03517142496696476
-0.01996767343647423
0.014114202823242121
0.011867626442734607
0.0008836092053720188
0.010583595494995981
0.012827296672809779
-0.0033206595365429165
-0.022739243581757416
-0.009967555184666384
-0.008828550862585011
-0.02330949804771022
-0.03947931567218397
-0.04366777846762415
-0.04392036367314634
-0.04354555438995353
-0.04346461850483658
-0.03899932804935397
-0.029556044911681015
-0.019461262946848395
0.002021007618141292
0.027602343699190193
0.030594128072227358
0.03497102514500532
0.03505831330330501
0.03316312728184478
0.019501843826006594
-0.03135950034133372
-0.04056072692443568
-0.0417164148235583
-0.03993911645523888
-0.04075240966097292
-0.038994985809505014
-0.04071127849695472
-0.04105541722456565
-0.036861995317177154
-0.037583118288667165
-0.026363072083965673
0.02314112471171636
0.0447946234297827
0.0461926881730536
0.04425794760270035
0.04270735513923703
0.03800326193005742
0.032978445710486436
-0.009338353805292542
-0.00032528304228219646
0.022139757047419138
0.036184854681917004
0.03842894799821871
0.0385820623804944
0.027458078151590674
0.018370526976984394
0.0299077136409567
0.039730021471767296
0.03921019064843994
0.03396018578607822
-0.004228900397125191
0.027441699813786868
0.023313415572328577
-0.011463064306134448
-0.006074401453700276
0.0036044611767796987
0.022948670856355765
0.023619180854554517
0.0230692983428037
0.010136137361829778
0.017118353245576156
0.03507352861981669
0.0326117903170889
0.031025901483579085
0.03150819204700416
0.018884977052032993
-0.023696661670080624
-0.035589515178383824
-0.033875903620828665
-0.027355395777270832
-0.030840479933126587
-0.0229857179176035
-0.004960381079552136
0.004515196402035971
0.013254337376356682
0.0037041672695520404
0.008374380557163559
0.02637614784639385
0.03515299218907498
0.039295271692894936
0.03718134900018309
0.036953266694943726
0.038557421564873066
0.03838365908571974
0.03982250460296782
0.04515534321595825
0.029342464774282484
0.008566333553940403
-0.008924307732385613
-0.021598855001138534
0.02821079063523414
0.041952581777977324
0.040449417087440306
0.03954822984366721
0.040880664645877716
0.04092488449357644
0.04072764821092691
0.043524908956079925
0.04025185863836892
0.04288488239721957
0.04350662268006156
0.04421837519234024
0.045939867777275496
0.013335334182900912
0.009538204565627342
0.017827602492821906
0.022343142337013025
-0.03202290771626753
-0.04307622751813683
-0.04096088167244115
-0.03730919482634327
-0.04137996450804303
-0.029986581753154495
-0.034019246839758675
-0.03203058291909376
-0.024561018507884017
-0.023429274635841813
-0.026163922240808365
-0.03588930072915544
-0.0391194445197293
-0.03671558756839919
-0.036674577350224266
-0.03759392856657168
-0.036865178370798904
-0.03507437652713955
-0.035875278090411994
-0.03472709961699757
-1.0
-0.03557742963553037
-0.03593803194884744
-0.03665016331113024
-0.03574959347200075
-0.0351998427408249
-0.03495510669965088
-0.036365714044206146
-0.03952488362178435
-0.03838405006769489
-0.039683850967218305
-0.039758573881420255
-0.041378274300776355
-0.04085875971195721
-0.04042893797456026
-0.041163828253769685
-0.0389970488235075
-0.020700388105738207
-0.011972380188516443
-0.02738051579237053
-0.009912745997375648
-0.0018028854474023475
-0.01034899817423009
-0.03898261236400242
-0.04158674708833118
-0.04181608739671871
-0.04121884748699174
-0.041058092373041956
-0.03794413590397245
-0.02858195004693332
0.001475227087680607
0.024957124036711454
0.03732060109870507
0.038387934505520485
0.03944450166030884
0.040523571837320894
0.04174813505051081
0.04145430089167997
0.041926023967491156
0.041201224443326676
0.04069702540462559
0.041214012660393956
0.04155529962896878
0.04297904688598625
0.04330889804052061
0.0428468762195156
0.04124909729130421
0.04145872393039294
0.04201152785540326
0.04212654122099055
0.04015072496165736
0.03309703466706473
0.03499113800696231
0.0407379813963684
0.035055872077338804
0.030783328659612717
0.034699876960409506
0.040836446214384856
0.04116010267829912
0.03986881707344452
0.03720482346923535
0.0388524333340357
0.03902613543503817
0.03868843988097104
0.03830103392754225
0.03787332903356016
0.038780158317896114
0.034330684568713854
0.03262467292578404
0.040220864202223414
0.03478487255281482
0.038130616330556207
0.039636204507476326
0.03919090510205122
0.039279246354516545
0.03990327280643192
0.03850063514786376
0.0390850530730528
0.03847540080408809
0.03852744190979345
0.03731808573418516
0.03627351372755144
0.037490804090989024
0.03796291721167806
0.03539612809602547
0.03703107687021783
0.036406251211576396
0.028608767798498504
0.018313727291975095
0.03721728662256905
0.03548551693674663
0.03655834936247881
-1.0
0.03535767913569026
0.03570290773243587
0.03687567143292252
-1.0
-0.005791968736213305
-0.020987031902628857
-0.032014895901854135
-0.03505281308938554
-1.0
-1.0
-1.0
-1.0
-1.0
-0.03171631954403838
-0.0395025867659414
-0.04042615997393604
-1.0
-1.0
-1.0
-1.0
-1.0
-1.0
-1.0
