-0.03842131901009644
-0.042233784248834005
-0.04410028615526594
-0.049639416667445695
-0.04860515571140512
-0.058942558848734034
-0.05791316203995087
-0.046941370457419584
-0.024653160831556414
-0.04194752177709058
-0.04068056762104477
-0.05103620351452679
-0.05788177825830747
-0.05879880376971727
-0.05960405682198457
-0.06014646975891973
-0.060142965132124714
-0.05920378723289556
-0.06119372122675174
-0.05661861324756228
-0.05760044218554626
-0.05810730746372588
-0.05181772399512285
-0.054907605349839766
-0.055315777596653085
-1.0
-0.057214360930578245
-0.06094943103037999
-0.05819838326698759
-0.0654650447527208
-0.06364732785933408
-0.04749869489249863
-0.0425344087985129
-0.028193332590018397
-0.05725111264810394
-0.05949071976791725
-0.05178032717151623
-0.05569234001256181
-0.0544670213456481
-0.05830522603949284
-0.05977106973137598
-0.05618866284875488
-0.06065928349370941
-0.06915186911613323
-0.06082864616824992
-0.057065006530509554
-0.050881228984908246
-0.03875995537691872
-0.03154766357050279
-0.010406922191377765
0.023201421450852015
0.07115016407964718
0.07197498706449282
0.07191842288528334
0.07141042782539547
0.07085828792370201
0.07086908237495428
0.07157094895029613
0.07066915943910167
0.07192263162830939
0.07065519675158981
0.07032591641097174
0.07040579868175173
0.06996550450499744
0.07189769997972287
0.0718471856998429
0.07079877591488602
0.07030717366338841
0.06952944425126326
0.07008094162404675
0.0699878034494225
0.07043495127420003
0.06967895189136177
0.06939865250939628
0.07015588621490965
0.06954456033395123
0.0697148173856477
0.06833671673690957
0.06933514823387278
0.06876350260261681
0.0695702642619072
0.068758518613405
0.06866850203793119
0.06674497770770145
0.06943516520558385
0.055606115445854386
0.050378786986236185
0.05446084794445899
-0.008833013994625329
0.015355850788587366
-0.0011413135152087556
0.04388588164890632
0.06713002968923794
0.07156840165666634
0.07217583028602252
0.07230757590141268
0.0701872501982325
0.07113712515932473
0.07222680740566526
0.07382530929133871
0.07242739673404384
0.07357939868234617
0.07510826129467953
0.07449425674959115
0.07101279724410495
0.049300097017816166
0.06744790696412645
0.048118346189265616
0.06102833654065565
-0.013038145823160409
-0.04620814985522995
-0.04392694165166408
-0.034427249359110935
-0.036092152869401165
-0.019903197049566678
-0.03893621620362824
-0.043757414413943825
-0.039426318807894725
-0.02504427444001454
-0.002841452712317009
0.014495980444444542
0.044930400255220514
0.05314300478686254
0.0629987733349032
0.07117290252822202
0.07529534867823277
0.07566784332525124
0.07624526218592191
0.07543501766566608
0.07304324490830946
0.07276291576189176
0.0705938995153488
0.06980052217104107
0.06973286728819938
0.07010647865382703
0.06955818986601034
0.07100184545090914
0.07194887933218737
0.07340602636403164
0.03471038246755236
0.04732647265255379
0.039792859223394386
0.012401873749178689
-0.006897297030602869
-0.005002465717166831
-0.005841532246320231
-0.013911513370474736
-1.0
-1.0
-1.0
-0.0508088466509074
-1.0
-1.0
-1.0
-0.0468931982544409
-0.05038261163364106
-0.057499806954408414
-0.05179628769721461
-0.05854495537313554
-0.06373075084194213
-0.06508805837436632
-0.05527784874887351
-1.0
-1.0
-1.0
-1.0
-1.0
0.07093112814748372
0.07218815640399986
0.07403548705264638
0.07510068613286645
0.06977791125676401
0.05691516343496908
0.03877986307374347
0.04655406650979006
0.06605994944623028
0.07467969404887566
0.07381527810250138
0.07351847520794078
0.07187512082807185
0.06960067663024382
-1.0
-1.0
-1.0
-1.0
-1.0
-1.0
-0.0043260855336588605
0.038638666363975165
0.055883138100694486
0.043176000142730445
0.07334012216125115
0.07250622242786296
0.07415231890227544
0.03018384520389353
0.034463533640962996
0.02157384834423609
0.025226667494562118
0.07502356847983496
0.07698469292873532
0.07636027352356045
0.07600509507422558
0.07641959584144953
0.07401549214661197
0.07314640883623813
0.07426947392130069
0.06124886340911761
0.015520827297391765
0.0319096325093028
0.05986704006514624
0.03733754916764112
0.045511273969569555
0.01590529591186517
-1.0
0.009992490285359805
0.019767554826111103
0.04841570787807272
-1.0
-8.085577295416162e-05
0.0008668451063267885
0.042594762219177164
-0.019527653126393856
-0.03423564010018315
-0.03397437250031925
-1.0
0.04374708903045934
0.06935718563780906
0.07268330501233064
0.07362868981597684
0.06940121291880728
0.052804936086022464
0.07475654176254012
0.06905085667317765
0.01687210523829827
-0.010297990966627125
0.0008691647547590162
0.06610575670007769
0.07060281778418073
0.07392997902261549
0.0710164856750252
0.07737807646668736
0.07616508367476978
0.07653198542003911
0.07511412082846256
0.023801658534944422
-0.02203323039106872
-0.02266655766873913
0.002337285136666852
-0.0021593789771291497
-0.01177771241315673
0.018181714541617048
0.04151467148884426
0.07175393849080362
0.07437106114590077
0.07415719995488189
0.07402739616157383
0.07399035396526116
0.06569134142460983
0.07287858731169924
0.07340766380485535
0.07316121699504859
0.07260685733859014
0.07345164609728097
0.07340060198195097
0.07372930817953588
0.07323759057187938
0.07395508098998348
0.0714806228176441
0.06499777459852217
0.06233941784609252
0.04352563239308172
-0.0026752454826619626
0.0006813258103428735
0.01776123051477825
-0.01322268019023547
0.006690190363537842
0.025036810529743464
0.04729110078474497
0.05435737454578116
0.03982989475644455
-0.035214315387463765
-0.03344512039629776
-0.026817745573242555
-1.0
-0.044884452505683715
-0.039606601075212376
-1.0
-0.06399544804954313
-0.06446097617616521
-0.059902842606329304
-1.0
-1.0
-1.0
-1.0
-1.0
-0.061183255903183666
-0.06456614116906127
-0.06443365332786888
-0.061699188633871145
-0.06584945739149144
-0.06741088291398464
-1.0
-0.06046207506682585
-0.06503569702878684
-0.06673138688705121
-0.06605084477720097
-0.0654615125244129
-0.05944073708052035
-0.05684672385770579
-0.04308749316161155
-0.03537745076248445
0.021315272324196805
0.05006605725491945
0.0016104021059967222
0.04981893104830231
0.06433234030911351
0.05863614776128123
0.05634131188787069
0.050815709007072045
-1.0
-1.0
-1.0
-1.0
-1.0
0.06328928572887751
0.06479353292085466
-1.0
-1.0
-1.0
-1.0
-1.0
-1.0
-1.0
0.06190129685316719
0.06257562503289496
-1.0
-1.0
-1.0
-1.0
-1.0
-1.0
0.05636604037660384
0.05783916316355281
0.0626794903104402
0.062453819789289586
0.0612237756312516
-1.0
-1.0
-1.0
-1.0
-1.0
-1.0
-1.0
-1.0
-1.0
-1.0
-1.0
-1.0
-1.0
-1.0
-1.0
-1.0
-1.0
-1.0
-1.0
-1.0
-1.0
-1.0
-1.0
-1.0
-1.0
-1.0
-1.0
-1.0
-1.0
-1.0
-1.0
-1.0
-1.0
-1.0
-1.0
-1.0
-1.0
-1.0
-1.0
-1.0
-1.0
-1.0
-1.0
-1.0
-1.0
-1.0
-1.0
-1.0
-1.0
-1.0
-1.0
-1.0
-1.0
-1.0
-1.0
-1.0
-1.0
-1.0
-1.0
-1.0
-1.0
-1.0
-1.0
-1.0
-1.0
-1.0
-1.0
-1.0
-1.0
-1.0
-1.0
-1.0
-1.0
-1.0
-1.0
-1.0
-1.0
-1.0
-1.0
-1.0
-1.0
-1.0
-1.0
-1.0
-1.0
-1.0
-1.0
-1.0
-1.0
-1.0
-1.0
-1.0
-1.0
-1.0
-1.0
-1.0
-1.0
-1.0
-1.0
-1.0
-1.0
-1.0
-1.0
-1.0
-1.0
-1.0
-1.0
-1.0
-1.0
-1.0
-1.0
-1.0
-1.0
-1.0
-1.0
-1.0
-1.0
-1.0
-1.0
0.023671082658718434
-0.0014195019438603214
-0.020392339784359028
-0.01625448856162657
0.027635731033093955
0.023091351021300815
0.02291706702032006
0.019526999750803492
0.01439524796131575
0.02117888917665689
0.02413070832830872
0.021050585507680325
0.04895625963030438
0.04494895086259787
0.039725612138074615
0.008907814603910377
0.019983428150712773
-0.02281790278478609
-0.030390709813897684
-0.022524590665252395
0.01141163659104894
0.05867424017146721
0.05854395990144345
0.04779282100854318
0.05029360775376593
0.058705075804796704
0.05962118326745591
0.054998516733791254
0.05114077497193551
0.04543163077487377
0.03815998076890201
0.04762930393066003
0.04404305581616452
0.05238986760784598
0.045254812948826786
0.01707906440850428
-0.01611631479757557
-0.01666139265053722
0.054519460855072754
0.05293365358354926
0.051913065492958196
0.044674462647414884
0.05009449101001354
0.06023397090170353
0.06077584431505232
0.04881537783970964
0.057540505860741165
0.06193527040803064
0.043747044312160456
0.046309624622248816
0.060230330515527127
0.05900726664041245
0.04187967693581705
0.03654161070295778
0.053983373890604036
0.06573358978141235
0.06643889430671152
0.06422458261061711
0.0636939188625677
0.06556118139660726
0.06332317275224361
0.06149653199419163
0.06362827614902918
0.06705927337959931
0.06052350557454766
-0.0012624416873891946
0.008538330080185388
0.03314653162016538
0.05497783992010591
0.039180905364125204
0.043787625310978184
0.01903047912230378
0.008163191242068192
0.027588823208018774
0.03813407508264585
0.05663842681813837
0.060413787196696725
0.05623998123113708
0.06296994462375884
0.06400935629962316
0.0650543975174511
0.06592490648813701
0.06424742915683057
0.05336267043592253
0.05856716502199888
0.05820062596648138
0.05781686071627313
0.05539965985151796
0.05426629545699048
0.01959596033232593
0.05616073761071583
0.0543230877523114
0.055932446980405066
0.06105278969862232
0.060490649148387816
0.05868432476262188
0.0553730146989738
0.036331914254716616
-0.009161564471435736
-0.01523283786873375
-0.026400001930916725
-0.030216151798999932
-0.04156276402661808
-0.04851256340009152
-0.053332173401225175
-0.055957343645085145
-0.05227217335949027
-0.04372404490202086
-0.04394670849000688
-0.041787251304694434
-0.03920572267895818
-0.03173292241241103
-0.033014141689099705
-0.009545582573339718
-0.007625854927603605
-0.0025268650309429688
0.020723275592783554
0.04366180911139026
0.0393492215331677
-0.003532405273594105
-0.009504365378992885
0.031421469451553795
0.056977754881494355
0.06057677657787767
0.06369257634893521
0.06399939044397329
0.06497512196768587
0.06541578897774973
0.06561319741283121
0.05374149720025503
0.03702924083582939
0.06295405020870518
0.06630221274016963
0.06758630794798644
0.06551192179098028
0.0654763234520877
0.06625818886068428
0.06592836128118035
0.06465765605504593
0.06428165632409562
0.064787306257489
0.06383944144926502
0.06335240796734165
0.06214439192562738
0.06267427634000908
0.06183657602548716
0.060041075317577484
0.06140016965989332
0.060516964776022295
0.06019669494464705
0.060364696481612204
0.05887772031828898
0.05974047264435886
0.058694132063349794
0.05835621231462838
0.058299987576056526
0.05798546675437456
0.057761875677013755
0.058979932932470565
0.05788529149099486
0.057959172093693286
0.05765430980044431
0.05840892889793359
0.058525321226113224
0.05836890002234455
0.05874370541113353
0.05914845031250314
0.05979557076187833
0.05405778678942121
0.05679589898116982
0.059021303618000585
0.060902730291290334
0.06095233754960854
0.06018863190272056
0.059023890705592205
0.054039177779764115
0.05625807103914297
0.0516809645028423
0.03410666367653445
0.06088916819052773
0.059632116282686956
0.05889520720794656
0.049045176540443755
0.029878004039106797
0.0021517832538673486
0.012708234211765493
0.04415992951741833
0.04252660880669425
0.05097399206769332
0.04516450027127459
0.04882474910254274
0.049450831517424
0.05028190911183069
0.04814060958136721
0.017840310678264405
0.002709370030124534
0.010706044394208252
0.014547991350663132
-0.005520406606083804
-0.02262049399619238
-0.028261353732655637
-0.033835770127429256
-0.034479854690467104
-0.055619941267148955
-0.05603373561645569
-0.0559024126389302
-0.061217098938909344
-0.06086110915049496
-0.06182091876516734
-0.06267308665834503
-0.0607436522503957
-0.06162404989899977
-0.05906798867828848
-0.059632088610115
-0.058096750318410384
-0.05672688654757961
-0.05645513114388974
-0.04949708010989963
-0.009708815301397451
0.006304984140005985
0.037281376253322104
0.03643261016756839
0.009142900726912144
-0.013041323202837232
-0.027081685518605025
-0.03530207631220476
-0.0549332605498293
-0.05726472433981375
-0.05236616271129324
-0.05583576270485634
-0.05362717300109169
-0.05766825862584738
-0.0529866179575986
-0.0556537869699314
-1.0
-1.0
-1.0
-0.03988716713140858
-0.039040204892207206
-0.02962644608227405
-0.02316072526499178
-0.020094220215114752
0.01100201200594636
-1.0
-1.0
-1.0
0.06541103095404974
0.06001805277861002
0.060886272018154386
0.06100241822054302
0.05755343276742898
0.01761055945961185
-0.0011964197677166147
0.017177298311940262
0.0570423998326137
0.04896156013674978
0.04481486723707558
0.05167255598686544
0.05196490821754503
0.03886939184285435
0.05065224928776621
0.05431748688969847
0.026849357096925135
0.004602279892145621
0.0037478251658680907
0.043226047895170906
0.03847782961405045
0.06090300490964156
0.06104788332344064
0.06197931958388489
0.06022565291930723
0.060589500053445204
0.05540265263707684
0.04395129086406415
0.055935323871392925
0.06327414483298172
0.05851527027175028
0.02637359965292162
-1.0
-0.014763476326732479
-0.022779750686974343
-0.004582761671189226
0.01710720792040432
-0.0027141305251345378
-0.025297265292012792
-0.017295678637124525
-0.02944734464842419
-0.042074719992065156
-0.02540122797220882
0.0070033783880433746
0.00469431166383265
0.061793178821263756
0.06216456709419569
0.06362210323471998
0.06127622223901583
0.05743862281494146
0.056541995328123915
0.05753861773701323
0.0574758174258762
0.05631169161521964
0.05676013014015051
0.05578566335029178
0.05763663555201282
0.05967437919383388
0.05769735279491782
0.06152499761668045
0.05409874701538274
0.06059636137556347
0.06169088446651086
0.06346173068380576
0.06205995010340153
0.038069730856163685
0.010333211470961026
0.02393105473216808
0.058332824984973886
0.0489115435889632
0.05653882228687863
0.058446598709121896
0.057000395312975946
0.057713651990630686
0.058007803331354954
0.059921108406212224
0.058943435963309115
0.060262086569594635
0.05942386768808833
0.0600090490933231
0.06167433651571998
0.0629173560235085
0.06266270708475108
0.06291930996869255
0.0642398548844556
0.06417647919546474
0.06474243217255794
0.06331210330292442
0.06268042552844766
0.05485740457262131
0.03276878060839292
0.046224125918254186
0.05366594024498521
0.054988288118365675
0.06158342548378846
0.06219769070386436
0.05991572381847566
0.053958979226048816
0.015345191087486353
0.03425214652509906
0.04259490051034263
0.037619830839282456
-0.0033117265714315827
-0.015657355551654036
-0.0146006090393103
0.008817037897673135
0.058146143291303916
0.05785891944767957
0.05408305455781292
0.047611810421608135
0.0509812199530075
0.05711852310949016
0.055179474426713185
0.05313175659808052
0.029871185916949122
0.023337887112088132
0.04415152844341761
0.03966198996467519
0.03724240677456874
0.0398623553607242
0.04466398829829203
0.04566966111634802
0.053694299060112645
0.0500854212041434
0.052438064805535936
0.04855766896805572
0.019912665501223278
-0.008297620980608881
-0.021759985165599835
-0.03621896413771516
-0.026030705109506124
-0.029723960430088427
-0.02361019628215481
-0.045450978351932854
-0.05107596001767494
-0.05124567763564937
-0.055356933538519476
-0.04988613404306403
-0.055208413746691165
-0.05839584571634428
-0.05530642542675689
-0.05196531922733346
-0.0512692331340655
-0.05527830118273654
-0.048798430681535235
-0.05074265079068946
-0.04303423586558619
-0.03133549295015229
-0.03603611414863823
-0.04478165460886367
-0.047180718743236226
-0.0427078128910402
-0.043586045576379275
-0.03968127993622872
-0.03891832367235264
-0.03807854167313603
-0.037131227901618206
-0.03778797964787829
-0.04104743555522033
-0.027781124420821215
-0.032562515375436606
-0.03930970337789061
-0.04273739531462179
-0.03869997651108494
-0.03489074170353457
-0.04313866181289908
-0.044674713568360676
-0.040870433576031096
-0.04224431964710767
-1.0
-1.0
-0.0386549198908727
-1.0
-0.04248220454974012
-0.04732783702480732
-0.0451997357688663
-0.04616427947350034
-0.037968705725810036
-1.0
-0.03427940924721519
-0.04667128253151991
-0.0485036181341672
-0.04651675131534139
-0.04585381459906266
-0.05030414070489167
-0.04816303129104366
-0.048910514232382636
-0.0490908079023515
-0.0416686708552449
-1.0
-1.0
-1.0
-1.0
-1.0
