-1.0
-0.04141784512782966
-0.05293759173305461
-0.05496341983321473
-0.057792620308237244
-0.06249180865200556
-0.057184318914647314
-0.05127719464620404
-0.05341753033622269
-0.038585337162864566
0.020042199794729067
0.062221423207697066
-1.0
0.061484303733373824
0.06065038061336855
0.06148416439596611
-1.0
0.062413121160115125
0.06249624169766919
0.06136473909257688
0.06241717214846461
0.06264655646698497
0.06076709484350448
0.062404229534503565
0.06282456503634656
0.06272841260507706
0.06431126210273201
0.06801600008850105
0.0637948157367088
0.04201299278622797
-0.02691406874059056
-0.041390811832135506
-0.056414179096504494
-0.06257649856724516
-0.0620533342312339
-0.05832945668678253
-0.06118170287096257
-0.06448388452018097
-0.06470002189706577
-0.06253620181848718
-0.06379142450901897
-0.06052021502787173
-0.06118688438899263
-0.06201569106385517
-0.05640939492126364
-0.05045444581441533
-0.04763254469398752
-0.028035333339043306
0.03713402908548184
0.025278938529157604
0.04841222516287671
-1.0
0.05164901641377233
0.01663560869301659
-0.026897317222329974
-0.03337049032373746
-0.03394650387036502
-0.032265137131657406
-0.02240798905693231
0.021150100360782183
-0.0041528324899868865
-0.016416067114675203
0.028230623990765424
0.04909422057562134
0.07182269215306958
0.06934755297512277
0.04120397848286772
0.041197138932333
0.0678153001136561
0.06805932701075602
0.06894710651659067
0.06903632596593613
0.06595241411714554
0.06819391465985465
0.06750620849998386
0.06911200266072316
0.06785184044077856
0.030449805494716382
0.04864589062245612
0.04708709848771767
0.07013802342076812
0.0689418351476348
0.06923136405038526
0.06769946878989327
0.06692343384687624
0.06768658828021151
0.06770538768049258
0.0667595414365141
0.06795370742423404
0.06956377133556393
0.07028099806653487
0.06399098767412037
0.05568627774620955
0.0601564245027294
0.06274450127510559
0.04324810469113181
0.06225736105536815
0.06558395016537545
0.06960753626263273
0.07042553302492936
0.07223657026865216
0.07194623693117355
0.07184204518863367
0.07011098522838759
0.06530569294308189
0.06545418110893571
0.06149891598873422
0.017355455940547066
0.040381334251110686
0.04937454988928579
0.060233699193868354
0.06177052695355053
0.05927139839307069
0.06392884349220844
0.04333094273384743
0.04397034236393294
0.056063035974420965
0.029906878246625634
0.015380300064303418
-0.00809172861319641
-0.01599202624125597
-0.009126010984205122
0.03131825272283259
0.04353076541746182
0.05571130833192079
0.050942435676129424
0.038863970735286274
0.05404847076485129
0.0541622609692877
0.05768510158204586
0.01278807379632183
0.009387737047147193
-0.007416685774300941
0.01028968556356963
-0.0024143480918290827
-0.04095925727408911
-0.05599099676278412
-0.05954255230946298
-0.062202744383637563
-0.06256481480304345
-0.055033282739405165
-0.04280783828516301
-0.04003630788149446
-0.05320367809385809
-0.05492828895759684
-0.056309300008659295
-0.05570424262755605
-0.05017254013935899
-0.035175533628928744
0.009994064922138076
-0.0008210878294806272
0.010315800361341637
0.03127147559707665
0.05667351588715058
0.07139702205757116
0.07024072270583806
0.06903452614946096
0.04430989030607589
0.07063402731945809
0.07020716050003034
0.06790803439016643
0.06834479721520781
0.06924161321096906
0.07438519772925785
0.07450469003686393
0.07189497032984009
0.06453923595422385
0.02946957398851796
-0.025918670012430138
-0.043305978637474075
-0.03931981072130466
-0.035111618676890194
0.049103052716692956
0.0479482294533652
0.01398994360979125
0.0012898342071359838
-1.0
-1.0
-1.0
-1.0
-1.0
0.031954483901293095
0.039465328101925705
0.015728330324997583
0.04365751862415758
0.02590516405456968
0.027101333306413074
0.008078150801465777
0.014281299172187416
0.057937714201499804
0.06729194417035489
0.06969343610882149
0.0707686892382236
0.07036194209192034
0.06713064176057348
0.06936053116923784
0.07166917483464941
0.072692993791545
0.04275800064788031
0.05832223523722932
0.06775307311561986
0.06189121562106254
0.06772062259697077
0.06928643021787084
0.07211910172648106
0.07071766921352106
0.07097284439822064
-1.0
0.07100919569646363
0.06975229910414392
0.06767981253336527
0.07247737198117753
0.06665764355408742
0.06879774381352607
0.056349215725321984
0.017272744765532845
0.0538041376538408
-0.009241305982440964
-0.004304675467851585
0.03625212334658222
0.058397712341660156
0.04155465299375131
0.06878179341190153
0.07292402083235289
0.06723832176823497
0.054342271415639194
0.0628879936533886
0.04904654043513267
0.012889277724341728
0.05950474228155066
0.06079366780396909
0.052524907897122185
0.05623865713530494
0.07165940828093509
0.07406092540997565
0.049349429341240314
0.0654254886175184
0.0715470268029828
0.06933238843484288
0.06714670271051047
0.0654742075341128
0.06835170584979051
0.06846256366845116
0.07110392307822033
0.06900108538526242
0.058737549451274636
0.03565738191447282
0.056287594664625545
0.006886832893756392
0.027048529712893787
-0.0009713679252649972
0.0057271159942333906
0.057733185123976766
0.0683718902685931
0.06413129441351788
0.06406238394285076
-1.0
0.061894588014669516
0.06437635406339083
0.06370196215103494
0.06271037979778767
-1.0
0.06293346329915817
0.061431110194304715
0.06093932438053771
0.06138622633662707
0.06312127748622745
0.06607814567653922
0.058776019186108405
0.02465069167727256
0.035972890344961296
0.05344997475322699
0.015426241283076311
-0.015181197914619839
0.018834647648456587
0.041910020006842234
0.02691339628689247
0.010504118519146968
0.01647417271784599
0.0156472376246338
0.03573158427606183
0.027970550676143267
0.008433982428831725
0.01248279918884639
0.00911446724241674
0.01544141278460204
0.02174478250515187
-0.037286727301141284
-0.042525054368241576
-0.049712610334773276
-0.051665367378455354
-0.05136472555258988
-0.04037904873829911
-0.03976764030961285
-0.029613811384484982
-0.0465235722587574
-0.057987169365733504
-0.06345833016780171
-0.06207788683040141
-0.06407436185782525
-0.06485228841623811
-0.0642855391331158
-0.06312005795707536
-0.06189855927870682
-0.05996347099165785
-0.06394891352619075
-0.06371166332055646
-0.0633384001501161
-0.053432399955887895
-0.03993052200460452
-0.05639468003843037
-0.056856899533096104
-0.058212498907532426
-0.06030811613621987
-0.05703995181339891
-0.05248949016493736
-0.052261600902078265
-0.05505550124918476
-0.05962062776505175
-0.04813360929476428
-0.05683338122888412
-0.05828353060222786
-0.06217873638545438
-0.058326308613210115
-0.06034035832959437
-0.06333245041822319
-0.03771065785009743
-0.014446581398822609
-0.014314490592796731
-0.022539318172421354
-0.04664897243818947
-0.05851751936423733
-0.05732409476202379
-0.055934399030765
-0.05729552939063172
-0.0472245446458725
-0.04039419072822171
-0.03554451022166994
-0.03551574022444565
-0.030895083911989286
-0.03636208280081319
-0.03546536702752592
-0.04184637625059903
-0.05240935954570561
-0.053675926722225376
-0.05384953426543558
-0.05113732961623448
-0.05240635135161778
-0.05116233890179715
-0.053591953285226444
-0.042922050280271226
-0.04962505324091064
-0.048897566657863906
-0.030599027885089336
-0.02044254576189273
-0.034101274798686104
-0.032505785714421837
-0.008995572406859113
0.031485242483845856
0.0429892144863747
0.019310450866467238
0.03450212204054755
0.04032265605294313
0.039119288694922955
0.034660912265981454
0.034770736300970134
0.019784449589511848
0.018475746403978727
0.013427532849129816
0.017415775802879375
0.04684737658004019
-1.0
-1.0
-1.0
-1.0
-1.0
-1.0
-1.0
-1.0
-1.0
-1.0
-1.0
-1.0
-1.0
-1.0
-1.0
-1.0
-1.0
-1.0
-1.0
-1.0
-1.0
-1.0
-1.0
-1.0
-1.0
-1.0
-1.0
-1.0
-1.0
-1.0
-1.0
-1.0
-1.0
-1.0
-1.0
-1.0
-1.0
-1.0
-1.0
-1.0
-1.0
-1.0
-1.0
-1.0
-1.0
-1.0
-1.0
-1.0
-1.0
-1.0
-1.0
-1.0
-1.0
-1.0
-1.0
-1.0
-1.0
-1.0
0.03445885443003088
0.03744561292001135
0.032510089314906614
0.025626594768845806
0.03401257897036984
0.030400523395014242
-0.006226986926028479
0.02054720321115025
0.0047442849375941305
-0.00025093264801083086
0.026388054862614158
-0.00014534626687971895
-0.012532568335283736
-0.029639662335078483
-0.02092949087778425
-0.0042818419401654175
-0.0046615367038993615
-0.008822139115322366
-0.014772231386014006
0.015038520362322899
0.006278989718652352
0.0001059943613810407
-0.01351107944935066
-0.006986169102111225
-0.013508536020121975
0.025588473743494374
0.028663457757702286
0.02420918042262553
0.02693116719756364
0.018595838701711567
0.019968565314615955
0.012157514648788668
-1.0
-1.0
-1.0
-1.0
-1.0
-1.0
-1.0
-0.009145585048958732
-0.009988919970548842
-0.007974767525000027
-1.0
-1.0
-1.0
-1.0
-0.007849788845151333
-1.0
-1.0
-1.0
-1.0
-1.0
-1.0
-0.008094957883169608
0.006592497950452223
-0.008879011777312323
-0.014294064609859668
-1.0
-1.0
-1.0
-1.0
-1.0
-1.0
-1.0
0.024238258878680405
-0.01236792285969447
-0.026222665957132192
-0.013765947344643575
-0.005608562874148265
0.0300810555075937
0.031852076941196836
0.0261867326479593
0.016132638036803586
-0.0041593419000257184
0.023718903816092297
0.024365733268191445
0.023288554693911133
0.016428523318448046
0.024981461702269614
0.027677209715639153
-1.0
-1.0
-1.0
-1.0
-1.0
-0.001081479617806497
-1.0
-1.0
-1.0
-1.0
-0.009799532208183347
-0.023690505309934422
-0.02176902145884672
-0.029861701278964536
-1.0
0.010938319505347146
0.009802364656431114
-0.009977430002723496
-0.02776449151952157
-0.031045522896481933
-0.02677448166894583
-0.02567217471891243
-0.018969691524477885
-0.01682585304817618
-0.024744571629023063
-0.022633260729170032
-0.02841528342893142
-0.01750376680101335
-0.008034637029278886
-0.007941934287725138
-0.010339691148427577
-0.005604921949484552
-0.012986211475781217
-0.0019648537595120495
0.02334339310584793
0.025678754800671732
0.028256931936559496
0.030009571190078042
0.034425749209885004
0.03436269169429022
0.03305240186462436
0.035203674397419296
0.03706956307021985
0.03633756079347578
-1.0
0.03787240174933421
0.03957080429065194
0.03895479562390149
0.041822425030586495
0.04068386219233943
0.041658411015544135
0.03892820281760752
0.03912777194364666
0.039664561528611114
0.039324704566316745
0.03701721399445523
0.03997497629156666
0.03990720713515398
0.03813232104092257
0.038414198492437414
0.03764118241704363
0.04064914638917377
0.03996888496397564
0.04061053712635589
0.04202765857683156
0.04057380910785934
0.041515342238730844
0.04089008313646803
0.04074137759194106
0.040662339348641004
0.04062160971197667
0.03764872284449876
0.0419181215276913
0.042164678684531755
0.041786340063124795
0.04099637508073979
0.041388964914603296
0.0415508354943697
0.040769110768962544
0.04119236601827288
0.03825175034395382
0.04080166639215479
0.041347824358696
0.04005511316186533
0.036115755442886664
0.04049620606751322
0.03925766068561704
0.025964010794619186
0.03447844788702095
0.016868023594037693
-0.0012586388719397778
-0.007113077548042197
-0.02177937542641473
-0.01937995120286601
-0.021357685278738405
-0.009011665236810552
0.021752161929234303
0.03531470700005279
0.034135151188834624
0.032764022180933376
0.025984201359127122
0.011255460175699646
0.02937110853772575
0.030451990887186017
0.033948842387665525
0.024878106375535204
0.006115204103194077
0.035399427860437864
0.021779272923938317
0.017170726191774056
0.0012527398044612668
-0.012709732007655034
0.02029518599636756
0.025183875658142302
0.024298413678818003
-0.011439400322964087
-0.02790165894400058
-0.016206409738297005
-0.0009208719722738443
0.0024125229740265563
-0.003758149312093256
-0.007409311513170507
-0.016866738820353153
-0.019258469959953395
-0.021429826531935668
-0.03349935040122652
-0.035697186929315575
-0.03781389665868
-0.0352098768208842
-0.03243944998305567
0.001989481825798708
0.0047058065198507274
0.015172355261418238
0.0032722474884094655
0.028977918997054264
0.01582335052871054
0.03153045110724918
0.03082462184556307
0.010806685310337374
-0.023813628624729265
-0.031578408685377896
-0.03209958457729853
-0.032041827208776186
-0.027437738431417617
-0.014398179779141101
0.024527773360587132
0.038440948652640784
0.04057296530940959
0.037778936339355716
0.04325474294331199
0.04265000509300702
0.041060123612784105
0.04210961646164122
0.04333295864105724
0.041959404338645465
0.042317031218087046
0.04169721345095699
0.03997780624638892
0.04077822563250076
0.04129535777910448
0.04137475091661177
0.04259834458423987
0.041657159314305754
0.038565428592856874
0.03915221179221498
0.041421553814787695
0.042928167885426305
0.04117069299707501
0.04224329476573756
0.03968939785606867
0.042612123670095044
0.04063476277817691
0.03999344333379875
0.03548105501682056
0.03159249209193971
0.028389407084254366
0.03414274231819634
0.03701579005058285
0.039650468120101603
0.04019028943740395
0.04058432029471551
0.04145056181041815
0.03567486645371981
0.017048237743328976
0.02590085772814673
0.009167237817984546
-0.03229944830863792
-0.03875374302783336
-0.04065646860335246
-0.03801245292377537
-0.03654495675583865
-0.04183993387543919
-0.041004257145668646
-0.04223956820963669
-0.041224392769617514
-0.03612780178670554
-0.03803359457338403
-0.04137039465387908
-0.04163896468309158
-0.03919539642756417
-0.03422333264967114
-0.03815183534139171
-0.0197482734808062
-0.015394875399231725
-0.02905896840516839
-0.03641145794152433
-0.0354206438436107
-0.02606997600969734
-0.03219011366568693
-0.03850596690895581
-0.03581199873066184
-0.03586706911243862
-0.0219233931231186
-0.007214992392008364
-0.012337817062996841
-0.012549595294671041
-0.011093658175318774
0.005822905395910166
0.008843786449568082
-0.003565754356816687
-0.023550959552677688
-0.005327843770298519
-0.0005792284144771012
-0.007231677592443929
-0.016075423608801806
-0.028107695775176467
-0.038363551982063815
-0.03886084259794057
-0.03677209310341367
-0.0388317283292174
-0.04199911702119357
-0.03131426543670352
-0.03488728697375384
-0.035243422235341174
-0.037974052881283554
-0.03712848356409718
-0.030546056593505108
-0.0331590640209658
-0.04030193377776053
-0.03937828211442992
-0.03628006792531855
-0.03747838967040826
-0.03864917902445751
-0.039245587091221605
-1.0
-0.039636472555878245
-0.04014735710263568
-0.03973983148958754
-0.04040998621435888
-0.036175989891813656
-0.026656342879849186
-0.03576261663333116
-0.03792258378480392
-0.03707134554997629
-0.03728665782305538
-0.03585347534529165
-0.039992381284377584
-0.03399491317238264
-0.03310465514616937
-0.04143326413204402
-0.03405855325158155
-0.015107309420606781
0.01892619207200221
0.02662435745069132
0.027448954329076434
0.02994430388650459
0.02677166795584394
0.022735290041385567
0.015229968450493203
0.01195851132760622
0.0009275980369165015
0.002867749571927787
0.018002403726065968
0.006343848215040467
0.027546141352334103
0.02707397111703042
0.021731622278059838
0.007170806766447811
-0.0069355325530104815
-0.0330102669048734
-0.03721685215749711
-0.03974924081813442
-0.03961783387510697
-0.03931079880956949
-0.03359596276928391
-0.04124428412836953
-0.045435875972450995
-0.04458158633424569
-0.03405351626834136
-0.03669239573385186
-0.042022135652266965
-0.03976183166590604
-0.04211427651167253
-0.042207982004259945
-0.04141365629740438
-0.04238888874990866
-0.04176275404522657
-0.04329649842353674
-0.04371184302096301
-0.043174903038772895
-0.04352946698033011
-0.03977988670023026
-0.03535249568057147
0.0061880923074163294
-1.0
-1.0
-1.0
0.019067705566206444
-0.0009598266837850652
-0.026139565220869784
0.025043396996069483
0.03261868931722833
0.003916791559776279
0.03862353713892553
0.04362737137005498
0.04817260851117311
0.04674345178060938
0.04739387291147384
0.046081231258973634
0.043528291332636346
0.04385512676489494
0.04357278103126755
0.04512757768136422
0.0440161361633529
0.0448066982434616
0.04514959201568305
0.04554180721400844
0.04539499390006693
0.04462849263635575
0.04413937069984221
0.04590670476574888
0.04546474416608696
0.04551844574630976
0.045396829380294136
0.0458739916575843
0.04634391236623734
0.04657128618669831
0.04282710175849377
0.04558497565551755
0.04571505393964884
0.04422943506804301
0.04530992607576737
0.04557278132564272
0.04621603456507031
0.04623351551767886
0.04659632031192617
0.04604244111732642
0.048184708975591135
0.04203936801871636
0.03466328379076884
0.010403204401865
0.005502534692283759
0.006728630875560565
0.04178212483153623
0.045942224805143594
0.04543273128954548
0.045768623205033485
0.04538442772456829
0.0454377934806982
0.04574095580847775
0.04593097967198355
0.04496820702580874
0.0455867563683736
0.045279646010996856
0.04508875190979741
0.04547017341646785
0.04555591085848105
0.044997785856748976
0.041593170664677694
0.036276230044911956
0.03524881128336022
0.010584509466391492
-0.014644339389491692
-0.0016010549138903997
-0.03145097110812915
-0.03958134063055848
-0.03897722736874412
-0.039885832493033124
-0.0421381087697444
-1.0
-1.0
-1.0
-1.0
-0.04391531211568093
-0.045247117436365836
-0.04299607763698828
-0.039977357830487024
-0.04258585588006001
-0.043408726428082925
-0.043190382302415876
-0.04013370209178817
-0.03309436108002483
-0.034646616230869544
-0.0352850127546181
-0.035190198878461657
-0.03466858002323592
-0.045399604058289134
-0.0416268002741423
-0.03481418656519149
-0.037751126899322016
-0.03487180107914126
-0.032258926893426076
-0.02724573481272417
-0.022325261518943536
-0.01802622995518394
0.013649978406590308
0.03466769462876824
0.038403010969683134
0.0395304820686663
0.03633680418804162
0.03031400793176415
0.02299062046109906
0.03803771641343615
0.036336021373231615
0.03704932194815424
0.03467750112999429
-0.002600335444812453
0.011133176358747304
0.027000867680872936
-0.005665574099574526
-0.017173597818941316
-0.025156693950201245
-0.027113086275695194
-0.036443956932605416
-0.02919405987746837
-0.03264793236475331
-0.03781881268597444
-0.04063951373707202
-0.0365669943883634
-0.03313801922463356
-0.03736045285002567
-0.032642917659992055
-0.04149722001178451
-0.04323631871655371
-0.03929026040018192
-0.03787581458415012
-0.03446594036843811
-0.03264611297316209
-0.012036246497545202
0.005008119226933336
-0.02014613580331999
-0.043423478157072856
-0.04054071812850191
0.0025606341635200586
-0.0008505878920484394
0.017769740578734216
0.007496164001730561
0.002912426543374628
-0.012220019967270481
-0.014336840503244228
-0.005646264243099204
-0.010681572963023474
0.0027892104528409864
0.022773778380399866
0.04972978239396944
0.047946874828981925
0.04829114143195103
0.048549833744186345
0.04795300526525523
0.02292610902398116
-0.017459203854930678
0.03056831109860633
0.04269539338408688
0.0303694392760504
0.023880123370758052
0.03066425653555196
0.03294450329922548
0.03853656454589622
0.024092952670774583
0.03915927685454578
0.04036353812264786
0.03437694199076457
0.028158128313868002
0.006889136560276369
0.029119665269328333
0.02391002143004149
-0.01590295987531823
-0.00588876807423417
0.014499625643596617
0.012681231548321565
-0.02467882623464427
-0.036779465186274056
-0.03898257002334358
-0.03837547811971209
-0.031615570812724335
0.013459501517759008
0.028848078983605727
0.034867883817106426
0.03209860118705422
0.013388630661210162
-0.003125496293808425
-0.016927612636952406
0.029347158005364693
0.04204767739103201
0.04086545146884579
0.03861465189191166
0.036487097604332254
0.036106998791951006
0.0409217874198771
0.041142950679157395
0.03809251384071931
0.015961610511415227
0.020988480602025322
0.00877305988869947
-0.030304938579907258
-0.03562413171131887
-0.036244566038523836
-0.03820900022924706
-0.020826892863525612
-0.03422294981873126
-0.0338086086235553
-0.032392903139214994
-0.02874270448521838
-0.015009051642486568
-0.01153305978998592
-0.012015324425404348
-0.035232571796930685
-0.0436974075310556
-0.04253193150893688
-0.036155613757404545
-0.035271301537007804
-0.03821727329673783
-0.036496172023959474
-0.03647427298968278
-0.03734056063835883
-0.03962158246091279
-0.03997902314202986
-0.039450610548461496
-0.040919123384761065
-0.03758192128207001
-0.03921962717843568
-0.03725929723608683
-0.040853300337044665
-0.04220702392368477
-0.042047866933252534
-0.04225359077573792
-0.039445995525353876
-0.042633535504638595
-0.04100758109838318
-0.04276997302633465
-0.041759321716835975
-0.04094940224701499
-0.0451129927710082
-0.044396795750739536
-0.04315253815582529
-0.04096270636002845
-0.03636555191307975
-0.02684934101186755
-0.014378586620910414
-0.006405774911846011
-0.021083691698137647
0.02542794261993752
0.03838519237063181
0.042027356215737666
0.04681987429761117
0.04593534434238552
0.045314010768736195
0.0458457849813904
0.04481816552066003
0.04537708818711534
0.04417492088152591
0.04597812965001678
0.04556330548843201
0.044984747237663415
0.04490486896525018
0.045355318502804526
0.04598937058280492
0.046264453021734174
0.04545784728254886
0.0464036016217016
0.04585672179919869
0.04224304050247669
0.041755766860472145
0.038369573978571665
0.043203804032050284
0.04480316904565597
0.044562795193609804
0.04443939946450459
0.04486591249628336
0.04485822244793255
0.04524930217477422
0.04562096034011954
0.04535299217421467
0.045796570792561296
0.04566511449694124
0.04654519543555034
0.04530887741521575
0.04546531444419368
0.04497890638156278
0.04680242410095627
0.04600128338857685
0.04471237547823961
0.04572618300764533
0.04548760248965085
0.046315154774639614
0.04088880833092129
0.040168031620087176
0.04564967175946924
0.043797283372825895
0.028410804462687192
0.016052665005739045
0.0343269982993412
0.04245515698418093
0.045696983433606314
0.044797657641651153
0.04043465391468442
0.004361499913891219
-0.02398965681900139
-0.01888819876221967
-0.006197160753761765
-0.021203195122206205
-0.041482972136362664
-0.039664315122497906
-0.02242807632982834
-0.006391414304943484
0.016116831877291057
-0.008123700995927217
0.015245610747867388
0.042053777622217445
0.04804531648318773
0.046279430473698584
0.04613870966180714
0.045546894199574896
0.045517470435890536
0.045843041988694516
0.04540476057520265
0.04529652920978884
0.046115005330248836
0.04469239220095146
0.03236515254881554
0.03206248648057726
0.03475050824481185
0.017171219596936026
0.011848525393297936
0.0021146867893112064
-0.000599053046527928
0.0033418608306405788
-0.02765895464357122
-0.02920778447116356
0.026896934326580756
0.039842449282506257
0.03698295590400846
0.04219119746239483
0.04202620432427679
0.02927998525766547
0.03066962998914454
0.01332992770422884
0.027229689065118603
0.03096654532696807
0.02975004277063834
0.029554425989963665
0.03352785701651815
0.018399617964061227
-0.003562326818989179
-0.01033163681278949
-0.005312828086119834
0.007883836895644042
0.01802200149949905
0.035810999776533514
0.03899499931668396
0.04241676381066085
0.042123532377074585
0.04201137228284651
0.041349464875866604
0.038279894818471084
0.02816632305953194
0.018950550310784287
0.022524741040743413
0.0335836659252055
0.03365678461610909
0.030286552370529518
0.03876591300785139
0.04431166160213313
0.04392262264102607
0.003942048472359351
0.014683618189357261
0.026175501652626453
0.022730934688237434
0.0392189084788725
0.034593438330517125
0.029294166907334176
0.028336109627181666
0.03740045733633161
0.042047056851481454
0.04274747245797661
0.04378256793868404
0.044816360349591924
0.030802494799141173
0.039509565771083666
0.043202521677215784
0.02887117782679597
0.03703439887055435
0.04122986330128371
0.03421441866830299
0.015922438508633258
0.026205175665355535
0.03333913062458889
0.009246407177242483
-0.03737764330062651
-0.044406613217529825
-0.04618103291540904
-0.04693172297235818
-0.0436139771371074
-0.03634756282460973
-0.029882978834215004
-0.027731320578370206
-0.016967041962921012
0.03794495718706676
0.04616916008827122
0.044517181822134703
0.044536836072877874
0.04365988593924786
0.042795322973925104
0.04366085168364193
0.0453027507395
0.0448918827668897
0.03282489651313541
0.041049017802128385
0.04231748375013823
0.04238593549115476
0.04169326258605126
0.042552115576503825
0.04228329837884893
0.042591681893272004
0.04342048816090699
0.027669184961707886
0.01682082061091263
0.022936776392701103
-0.0004181125641989119
-0.010975996772588039
0.01623353943038645
0.021327544781647105
0.004211879524588008
0.03461572004990052
0.03983689577102371
0.04077152284668959
0.022016170592774068
0.01769038574335172
0.03808995104681734
0.030088717436133647
0.0432977960923857
0.041151573042455036
0.04146479162198748
0.04104504353565066
0.04037858001305754
0.04031065876025689
0.04062423568529583
0.03812953608801554
0.034791770345104424
0.03729393646664865
0.028429071587004497
0.008034657657061973
-0.001883115167186292
-0.021562737658973822
-0.025105938818759343
-0.026476877141077045
-0.03606285021238339
-0.031888607366129695
-0.012216591820148347
0.020907502314514274
0.031793984422893606
0.03016785151920241
0.03451306104750864
0.028369888930982266
-0.0029489481791670318
-0.0056512017804936955
0.01691331736936465
-0.009572768343239378
-0.0105066360393255
-0.007925309154521118
0.0030217877376648426
0.025632059990189377
0.03532447577810535
0.04316665631828234
0.03863193042947674
0.03356269108617275
-1.0
-1.0
-0.0032752098784842748
0.002293380830059317
0.020027581039845987
0.01115930475446952
0.029539799240406728
0.04338848730117717
0.0449156034481548
0.04402195503857747
0.040247212062425715
0.03916516227468801
0.030548200694002416
0.029671847417244074
0.037919154470995614
0.04093278961394097
0.03947735237702985
0.039839756036819975
0.04240125959705976
0.04129442566049664
0.04099081524500707
0.041114133352426925
0.03922648916264736
0.04246170783065072
0.04214761235704649
0.042020448196845896
0.03481063496320283
0.03363814887273834
0.03689533392366107
0.03712100523369129
0.03768133152880342
0.029655992962104735
0.03487675792655497
0.013339019880647089
0.037884738628614696
0.03861790427407881
0.03977731330227559
0.0411120875172283
0.04112432601375546
0.03960291479919268
0.03983222196342983
0.040284472140799193
0.039992723611468974
0.03927630252471643
0.040579167068377144
0.04129136626776795
0.03967316684287125
0.039758106232627974
-1.0
0.03922962974587547
0.03579293624010514
-0.015306207075875536
0.009841603826902728
0.011068531456202456
-0.01829254930909518
-0.03131231453228797
-0.03215356421017522
-0.035885204232507205
-0.02772409292656876
-0.02075731107955901
-0.000631618623753297
-0.0029138621466010465
0.008953157180025718
0.0033918939611902936
-0.016555380440269864
-0.029992668430925403
0.0057598790030942175
0.03596672200545808
-1.0
-1.0
-1.0
-1.0
