-1.0
-1.0
-1.0
-1.0
-1.0
-1.0
-1.0
-1.0
-1.0
-1.0
-1.0
-1.0
-1.0
-1.0
-1.0
-1.0
-1.0
-1.0
-1.0
-1.0
-1.0
-1.0
-1.0
-1.0
-1.0
-1.0
-1.0
-1.0
-1.0
-1.0
-1.0
-1.0
-1.0
-1.0
-1.0
-1.0
-1.0
-1.0
-1.0
-1.0
-1.0
-1.0
-1.0
-1.0
-1.0
-1.0
-1.0
-1.0
-1.0
-1.0
-1.0
-1.0
-1.0
-1.0
-1.0
-1.0
-1.0
-1.0
-1.0
-1.0
-1.0
-1.0
-1.0
-1.0
-1.0
-1.0
-1.0
-1.0
-1.0
-1.0
-1.0
-1.0
-1.0
-1.0
-1.0
-1.0
-1.0
-1.0
-1.0
-1.0
-1.0
-1.0
-1.0
-1.0
-1.0
-1.0
-1.0
-1.0
-1.0
-1.0
-1.0
-1.0
-1.0
-1.0
-1.0
-1.0
-1.0
-1.0
-1.0
-1.0
-1.0
-1.0
-1.0
-1.0
-1.0
-1.0
-1.0
-1.0
-1.0
-1.0
-1.0
-1.0
-1.0
-1.0
-1.0
-1.0
-1.0
-1.0
-1.0
-1.0
-1.0
-1.0
-1.0
-1.0
-1.0
-1.0
-1.0
-1.0
-1.0
-1.0
-1.0
-1.0
-1.0
-1.0
-1.0
-1.0
-1.0
-1.0
-1.0
-1.0
-1.0
-1.0
-1.0
-1.0
-1.0
-1.0
-1.0
-1.0
-1.0
-1.0
-1.0
-1.0
-1.0
-1.0
-1.0
-1.0
-1.0
-1.0
-1.0
-1.0
-1.0
-1.0
-1.0
-1.0
-1.0
-1.0
-1.0
-1.0
-1.0
-1.0
-1.0
-1.0
-1.0
-1.0
-1.0
-1.0
-1.0
-1.0
-1.0
-1.0
-1.0
-1.0
-1.0
-1.0
-1.0
-1.0
-1.0
-1.0
-1.0
-1.0
-1.0
-1.0
-1.0
-1.0
-1.0
-1.0
-1.0
-1.0
-1.0
-1.0
-1.0
0.01707340500968829
0.023551870272304733
0.002030253690072042
0.020848058829801976
0.035295367029224756
0.028693091648873778
-0.0011656308551201838
0.01608123597332545
0.02165018041789698
0.026744471134478944
0.029485279054966004
0.03411097991354825
0.03469968577649617
0.04293589319122067
0.04460823583257485
0.026572576860422286
0.0032936241959625437
0.008653601987117893
0.014713891124524928
0.00801908090544755
-0.01484040223654241
-0.02510749854863152
-0.018328593134625603
-0.0063077827518467355
-0.010281838217916022
-0.023497641956849356
-0.035451078544820595
-0.04260122164056522
-0.04258005997114386
-0.04293090557728608
-0.043143509715708336
-0.03701397064268927
-1.0
-0.03287807912626177
-0.028202314948081692
-0.029126329031036433
-0.020989109417916665
0.03433802922054984
0.040629090983882905
0.040867673177201407
0.04314642180733534
0.04294059207296812
0.03827573483848512
0.03632950787116919
0.04202475183146781
0.04106166713003656
0.026842126058624568
-1.0
0.012231441996054816
-0.016613827117680564
-0.0225651695154953
-0.032272414700240795
-0.012401017375076179
-1.0
-0.029140014409155583
-0.027245675069921777
0.01518002124044423
-0.019725316219751737
-0.03401993286051091
-0.03516582401123097
-0.03657492894254531
-0.039951485220127265
-0.03279619745796599
-0.03495940717355816
-0.02891802756527894
-0.016706099744617894
-0.006109152206775492
-0.011423955060470002
-0.007069817675444215
0.0114891222030564
-0.006342332502757001
-0.033436065328594146
-0.03040547960502278
0.01937249204788441
0.04134574683818852
0.03765352625894578
0.03363701409896575
0.012619088494162364
-0.0036980875357864127
-0.0013825432395887407
-0.010836294657315986
-0.026544650203118438
-0.021711730045037275
-0.007312942130929774
-0.009250625098082438
0.012102451021182115
0.007431536968466548
0.011369762308481182
0.01630509168405215
0.02395311872691588
0.016897098643739464
-0.017147013619131745
-0.04507971303742016
-0.046084294353759644
-0.04858232695812542
-0.04464484504737927
-0.04425596004675679
-0.03672544083449295
0.0014969086149999018
0.021666254516672746
-0.008715265412884978
0.013460222870918994
0.03269371404496171
0.021446102954552092
0.016938637193002985
0.03351489637314628
0.039133127437795324
0.04136668367075474
0.03426493569666326
0.035275112065740605
0.04348081319024964
0.043878316414514236
0.04534786910766345
0.03981861108829537
0.033021010862216774
0.025156950424138663
-0.022154790297357566
-0.027138401589835888
-0.029823011355989058
-0.03351794170899891
-0.02877411666236879
-0.004977241236251466
0.0030733072073601277
0.03157718427263902
0.029253564881391275
0.03324868569656521
0.0371921813243379
0.034561473674920226
0.03379431101000259
0.03349178803507596
0.03265871547372517
0.033194986227913365
0.023628571176421198
0.01654370767887954
0.028150143648966133
0.04695755129064825
0.04619470649057428
0.032514997935838695
0.033107868265580875
0.008202725013173734
-0.003567982338629832
-0.009308234145280496
-0.019220073418117434
-0.03305800230138006
-0.03267530922336125
-0.024212553368931605
-0.03780932529373817
-0.029395203744221356
-0.03487070280226311
-0.04025960729945887
-0.039646935715941516
-0.0429729560721432
-0.0376146974700537
-0.040277386878647715
-0.035802085107556135
-0.02905632134550563
-0.03832877179507887
-0.035656640829057576
-0.031133722005095704
-0.027720383960005597
-0.004177303401291631
-0.0043498262252559825
-0.0025096764360278126
-0.01550784258812678
-0.037613276058915845
-0.03593611516074164
-0.018733521176701146
-0.004591976811360841
-0.03304479609076463
-0.038260650565745694
-0.03335029306100105
-0.019281494080516822
0.02629132402820527
0.028028327296324637
0.02485682758392485
0.028324101669760585
0.02211505510538265
0.031899790103065595
0.03381235873916961
0.026242562516391767
0.01653521573341853
-0.011066364023520526
-0.023428126813330903
-0.03551478798289201
-0.040371640757721323
-0.04060523950365574
-0.04143399217228225
-0.022231320491606747
-0.04133375564249386
-0.03909048766932223
-0.0367356479827097
-0.04127556696012485
-0.03934646560579841
-0.03216672375196238
-0.02751799078015147
-0.036654137842921826
-0.033618407737681384
-0.016221744059983893
0.002683242891404479
0.01451934173212985
-0.009149315180004924
-0.01869907222782592
-0.03492858116734288
-0.03490708172030839
-0.027475173326463563
-0.028064120948554337
-0.0351718056800365
-0.0239609116009296
-0.032276237737335595
-0.03259419186405405
-0.01700445007010046
0.017248324014965493
-1.0
0.040364386061253046
0.04547893072074298
0.04542835202688811
0.04521538484485505
0.0422395122362864
0.045118585577304866
0.04554463937819303
0.04356381040364072
0.04153227065148336
0.040001029766678776
0.042083426122879374
0.04207429184960959
0.04173647851082199
0.037432513181059585
0.002884897844691419
4.406979930099264e-05
0.009031066762502218
0.02707999413130538
0.040056671034686214
0.02884673366553998
0.03586732535172249
0.034944725757382306
0.023086284852194692
0.03859820447925154
0.027100991016423413
0.015954954218934333
0.009901262059691626
0.012441406535145675
0.016704432960775575
0.03487174521078651
0.02968568870445108
0.035567016614490556
0.03976187394682846
0.042425308752249404
0.03717254553495959
0.038847840890221745
0.04182935010890689
0.041560052831654946
0.043080082376525525
0.042865337282316764
0.04213999261395674
0.04317995401145651
0.042224746644198397
0.04446592885214644
0.04470386176000521
0.043249456800100866
0.0018229112418642664
-0.01632270397827593
-0.01695241766731673
-0.018744476397605705
0.0029657852058183774
-0.008596785192445548
-0.021322806502839707
-0.027815213148786135
-0.022180994136830407
-0.01586876968651738
0.0318816867224232
0.031459917303494546
0.019812660828629692
-0.010737596589177077
-0.00608784243336962
0.002095612232419039
0.00468533058152349
-0.011927368165753459
-0.009856484436228054
0.013144955691773902
-0.019653091319742168
-0.016751450047933845
-0.02096035549396498
-0.017427217922257404
0.012853394328761276
0.025774015507541388
0.0003210799812818367
0.029428038126858957
0.03219123173738449
0.03137319689859865
0.02391604151207418
0.0006609213163065243
0.037490541127047534
0.03475523935473161
0.03965840219022509
0.04508131053973598
0.04054169388140158
0.045370987320501335
0.04398229618958509
0.04687665766970818
0.044174560961090945
0.04278185928560879
0.04110282454371299
0.03767385608618063
0.034117890689189
0.03931755869610958
0.02016540635678078
0.010002631653061337
0.025496034151464453
0.01737005619631849
0.012204999377529242
-0.009230096546379052
-0.002469573756286836
0.003052425132249649
0.007302446156090691
0.0019429338240198816
-0.004449712536156586
0.0020395510965131583
0.025372126663469968
0.03828411224833006
0.04298236037357687
0.04489002294625526
0.04070472799403552
0.002684643054946226
0.0037125776513318156
-0.0019434795824928006
0.022061225793786974
-1.0
0.022452210371760695
-1.0
-1.0
0.009553476037191986
-0.026675269192378646
-0.030454848319434284
-0.033899224735110846
-0.03849915583921842
-0.03896290386144602
-0.04622498883204508
-0.048091437987994055
-0.04797706858812482
-0.04771690275794534
-0.04807144962220668
-0.048209103025101334
-0.046644642190043877
-0.04621156800653515
-1.0
-0.046697551739322496
-0.04602148329674188
-0.04642409024033037
-0.0460109398139969
-0.045744760610201905
-0.046660679502038414
-0.04484119144811987
-0.04525537771492798
-0.04374479116756602
-0.04553718393432895
-0.044888117325410044
-1.0
-0.04462487238296194
-0.04465922831873516
-0.044036919448557865
-1.0
-0.042799613957088485
-0.04279791000681404
-0.04368496454952748
-1.0
-0.04394244263795183
-0.04266358850521344
-0.04369442748238995
-0.04398751863109075
-0.04375621211053609
-0.04413520621550216
-0.04334137374591503
-1.0
-0.04408817223630588
-1.0
-1.0
-1.0
-1.0
-0.04572979254969515
-0.04805160117200311
-0.04518178932128677
-0.04920604967823864
-0.048461817581257664
-0.046685268998155886
-0.04780869559102095
-0.0481855095455098
-0.04855436860800253
-0.048117387143544514
-0.04991895196404731
-0.04833865237660966
-0.047279440918751504
-0.04847321072570543
-0.04538398877711467
-0.041221357202356874
-0.01127436081222049
-0.033485496163712235
-0.040135441276410624
-0.030287511047693245
-0.012831962667244784
-0.03360464327212172
-0.007602317280853017
0.022334737250557395
0.0185767618972008
0.024875496451583996
0.03227089324531289
0.012063086941330306
-0.036093618326115594
-0.015835406052835652
-0.0272753030561714
-0.031232474055932838
-0.04868495906425956
-0.05136489568166987
-0.05100602376231331
-0.05049901976751276
-0.04809289416438664
-0.049822856850089005
-1.0
-0.05113239875744249
-0.0488649169220362
-0.049432975002636104
-0.049461191244453674
-1.0
-0.04585050602212764
-0.040190476162504415
-0.03312127949950844
-0.03296382420937271
-0.02084254467453842
-0.006767243027223846
-0.010286759023107536
-0.015578928365100579
-0.010281942722917775
-0.0032897764755593748
0.007276622300431408
0.00650982657672887
0.010557990947883535
0.011301798221710077
0.002053762053619946
0.007956500490242333
0.017481316311083128
0.009007798689555962
0.020664167561423804
-1.0
0.004146161157958839
0.0007440392825739683
-0.0058364594619636796
-0.0010187522436690888
0.006062759479976197
-0.002471040125164065
-0.0008343880638495436
-0.005793444471431723
0.010148156920910166
-0.002937128853195612
-0.0002686521604054263
-0.0040272128343241485
-0.0100795251519331
-0.016496086139986453
-0.012219976870092993
-0.008838998128745541
0.001343406791958252
-0.0007050022142886974
-0.0025108333165285916
-0.00661692106624294
-0.00010768377806077756
-0.012854509422285427
-0.014078428880747599
-0.0069017407319673756
-0.01187248779545723
0.010656091277317927
0.014383939144764334
0.018817550950037093
0.016700794713521167
-0.009516229891984829
0.002224388529988372
0.01551716143739312
0.022281450763402506
0.019550885256100825
0.0015324018161143634
-0.002768511945024679
-0.02510029535258867
-0.01314969401036106
-0.03526969209889336
-0.04141303595628841
-0.04375833528534974
-0.044170790983803
-0.04299393726331812
-0.04047564155804097
-0.04539357857198346
-0.04553482011882314
-0.045484160649877106
-0.04652468569236297
-0.04553994102134228
-0.04598893423373422
-0.04448615625447593
-0.04528785570782304
-0.04403148875156595
-0.04304185392964003
-0.04501019807552827
-0.044306662164482306
-0.044832786468064684
-0.045509552879248856
-0.043341368072326844
-1.0
-0.04370422446773367
-0.0440749246414674
-0.043893248684839944
-1.0
-0.04607326787243757
-0.04616541856028426
-0.046471439012078695
-0.04910447822800634
-0.04940285544910132
-0.04818772166322362
-0.049578858887779506
-0.048020747165064985
-0.04875697379321751
-0.04849582612135452
-0.042605482924238075
-0.038661592430678696
-0.03182869415238733
-0.015342396348413988
-0.02491983074201702
-0.03474282709023826
-0.03903095792162775
-0.04870427618436268
-0.04834312288801467
-0.048020008789164854
-0.047175790590567236
-0.04577351685113151
-0.045410691947881804
-0.044446946699475055
-0.029274048335109618
0.02562383497544338
0.011272129303260483
0.015480747197212303
0.024490174848670512
0.015542694892122105
0.005266979068823805
-0.016029429454318324
-0.022673300543176345
-0.021990005849531417
-0.0035804355138471795
0.02519321317366435
0.0373928321075658
0.03742464188527268
0.03870953637994426
0.039430626309578616
0.023261995126729773
-0.020874050642023696
-0.02769889898561631
-0.02933886365338428
-0.029862428022370744
-0.013011639715086088
-0.029486191432960634
-0.03603846699570205
-0.032112289601559825
-0.01751217796602861
0.0038183357202049425
0.02751940387411331
0.030297427726163728
0.0399632616355213
0.04655242931716963
0.0478896688518675
0.025593080622792055
4.177807547056542e-05
-0.0030959307057643595
-0.0001888896221538991
0.006738029354718177
0.007518820451685669
0.0109010606398108
-0.015010118330458549
0.007991649687414504
-0.0020628599391070584
0.008636891711329317
0.02379367181351151
0.017312206625797435
0.013891037669512744
0.014621801451103412
-0.027621904858924292
-0.0355269603295095
-0.04332957170067631
-0.04221727381072911
-0.030843937527143803
0.004901041932330653
-0.027085029444463997
-0.03353292796675827
-0.024483224559069032
-0.041036518351534705
-0.04300188177070575
-0.04410828736068445
-0.025795693178647303
-0.020105056114666748
-0.04467432830537089
-0.048645822711602504
-0.048724889601510994
-0.05003615736348325
-0.050534249416345885
-0.03279503850466901
0.015773333070647794
0.021303623992746254
-0.03261633778238007
-0.041199662273036175
-0.006410761329130608
0.001670722773451419
0.014233864128768469
0.02336656887087357
0.008556394140692723
-0.011024253977932398
-0.02318413572170918
-0.04855321634392539
-0.04910626996571725
-0.05130666966853023
-0.05197828288732515
-0.05140895497215967
-0.05128208443398096
-0.050066207946534144
-0.04807775426448944
-0.04909506597465107
-0.04686130161949803
-0.047377524900378484
-1.0
-0.04535861604819287
-1.0
-0.04585236678410281
-0.04502817787505403
-0.04536903156009179
-0.04536551832791795
-0.04533134363865656
-0.04162868572313504
-0.041989198336831006
-0.03191553841117987
-0.013505510897345963
-0.024362590617121843
-0.03473740447923151
-0.02845522444488144
-0.007839314709976761
0.009304712247420023
0.0004365754807120643
-0.020683208819718912
-0.03560253033300536
-0.03802344631646123
-0.04293094259541602
-0.03598568892826515
-0.041147301022994846
-0.04174258182871324
-0.044869870051750346
-0.04416205346105687
-0.04028736681233925
-0.031653031042034714
-0.0338448668205554
-0.04045835884430222
-0.03849464437474801
-0.047406134689512026
-0.042910998523071196
-0.03935446876971941
-0.04456575711430607
-0.03730561368688677
-0.013082350848787542
-0.022512988666514144
0.0014151502521347608
0.012094720105436186
0.007068082106484773
-0.006832631213181549
-0.0479228171873066
-0.04861348200722543
-0.049521061407802
-1.0
-1.0
-0.04876578148435941
-0.04632751804443696
-0.03961757902604304
-0.0262840723460852
-0.042607884189119684
-0.0407859626134638
-0.021673808314538492
-0.013278517400110478
0.009661421636383368
-0.02025548312459351
-0.0391531760332769
-0.05010244306038596
-0.05100292865913278
-0.04888890556529758
-0.04501798846751551
-0.04912218009296154
-0.04944137993699645
-0.04856534415669075
-0.04991471384244199
-0.04942499341148128
-0.04946220976326024
-0.04793132547158916
-1.0
-1.0
-0.04819508302983414
-0.04804016170016663
-0.048655317361381185
-0.04934441620976813
-0.04951039027770289
-0.048895078137774384
-0.046045494427836293
-0.035961201711766
-0.045772429153856646
-0.04886595877009125
-0.04736223563576067
-0.04470170533914849
-0.04567269324182295
-0.04459585855344583
-0.04429918649282409
-0.04463581565108296
-0.037498407186836544
-0.014484520556561749
-0.028319138078029996
-0.04086389958082131
-0.0420753369296213
-0.04636712367507254
-0.044748723854215036
-0.04996393469801138
-0.04918107516627033
-0.047649319388705605
-0.04051802042731826
-0.021884553930715592
-0.04384821306527696
-0.04270183124868445
-0.043085975743287486
-0.04242050624683183
-0.04331962819401829
-0.043208799986605116
-0.04029369815943007
-0.02706754359674855
-0.03426654418909745
-0.033519824314833725
-0.02494785833812634
-0.027280072936819166
-0.02023356136983253
-0.004395960506781016
-0.013901444109902824
-0.005340972379006863
-0.0005720403070752171
0.023693782967428537
0.03840265452531111
0.03404955573380484
0.03282635903895577
0.02616698650479833
0.028386188449583634
0.03280457118813382
0.03530353521265635
0.029428372937512833
0.03047718605336895
0.025317283472819717
0.02870576045700896
0.0006386999867106632
-0.015492027689035823
0.018933804019716116
-0.006150528710623768
-0.028724076000468255
-0.0298285739137458
-0.0028773191284805523
0.034515852780787705
0.03881407064042299
0.041171354756961286
0.01676406166534687
-0.004096927855102449
0.019526828684941634
0.026540629719673713
0.020133449593282955
0.0072251099250140605
-0.013240595563742703
-0.03938421406353062
-0.05034220190445605
-0.04975088464187923
-0.0502424030329248
-0.0501627415816421
-0.04912896876257784
-0.05133350099035462
-0.05118288793700284
-0.04903645233186815
-0.03331703093334148
0.008837151247379618
0.03128155240267657
0.04348581373180862
0.02435500228525882
0.005915584734728654
-0.008784916492655353
-0.03044703023528079
-0.015055514785738444
0.03320198238651993
0.04027560440883984
0.040140298291866085
0.04743515639598846
0.0455282986745593
0.043723388996641244
0.04443699953774126
0.035902472104516345
0.013428014182568114
0.006495641108403229
-0.0010537267726279864
0.0004543905618530655
-0.0036977089608861437
0.012849814825110058
0.029102041444816873
0.019484206703880437
0.017621565310860395
-0.001595379430572002
-0.02981347276555059
-0.03874359892055544
-0.028689666731076428
-0.0031033284952053752
0.0200435788298887
0.019340966461661297
0.01801685976231833
0.031427893424964895
0.011945786960876534
-0.004462374619049166
-0.021997964777987294
-0.042922830223515965
-0.03346463505378436
-0.04000847460402502
-0.03121559414417626
-0.01016441062001595
0.005097812982928513
0.014237539479946439
0.004810604320090204
-0.006178547698803458
-0.015933750255221934
-0.03847075092378288
-0.04332456160968716
-0.0463427671098954
-0.04459086971533069
-0.034258665754938765
-0.02898506393474615
-0.03437791497206958
-0.040969870345825374
-0.0021661157143946013
-0.01016529468080403
0.009247149980100356
-0.028370290163033978
-0.0476367289709723
-0.04715317113733489
-0.04927132330677348
-0.04826206847131549
-0.04834096012559293
-0.0474181188167349
-0.048058545797360644
-0.046850871034466335
-0.04618181277100477
-0.03005111994123482
-0.02992877237583761
-0.0372647708253603
-0.03853794610462168
-0.03103517679520381
-0.037245969150961004
-0.038725408614376046
-0.027459793020186102
-0.03741044290301188
-0.031998634132647114
-0.03709886647295228
-0.03650586203533479
-0.031062716041873953
-0.017522306602242264
-0.012008526628276173
-0.00941916711543435
-0.02307259411218741
-0.03428553914370052
-0.029803593221635755
-0.029373198983686996
-0.018777705729355013
-0.006881746284661097
0.01627062253324191
0.015819030337849475
-0.005981524839017093
-0.0008525193918583829
0.0032765421406290352
-0.014527474197468098
-0.038967367597497624
-0.039941275752463146
-0.032339836100123864
-0.020199994434770004
-0.013559359885380085
0.0009942064069039804
0.01797784883796758
0.013591516790898452
0.003981652819357308
0.004376051387370105
0.0073341952746489
0.01767080426847546
-0.01208378330902412
-0.03839698312291294
-0.035859841080252204
-0.018665180880136734
-0.03039965240008765
-0.04046131012904008
-0.04015556223401348
-0.04189883092796685
-0.041654584731237704
-0.032183159862394124
-0.012892604972077667
2.751161938537226e-05
-0.012880822442478292
0.02261562624127303
0.021212581422488892
0.009792756069119113
-0.01325837039425419
-0.019381597287634698
-0.01421027537533651
0.014956451658795488
0.014444519225473252
0.02724400313531992
0.026646871788670975
0.04530641724590368
0.04868050748054058
0.04654537350871253
0.04517420713082213
0.04247892327052597
0.04081807643667912
0.03332687982647972
0.03848500141888147
0.025926824505397808
0.013045245345093588
0.03442743304906704
0.015940567575737356
-0.024297227160831807
-0.03364509846071479
-0.03957480907510441
-1.0
-1.0
-0.03825795794775379
-0.039246661539063754
-0.034686399960689084
-0.03931174234115951
-1.0
-0.03603941191935738
0.0004075904147353004
0.02282810763996966
0.03488942947509308
0.03246262657958085
0.034239655570839043
0.03285321866993399
0.03695988926493585
0.04518160127247037
0.042151612263835216
0.04183627319145741
0.043352814186042164
0.03863755202762052
-1.0
-1.0
0.03925841111236542
-1.0
-1.0
0.04038766248109967
0.03690055871534323
0.039019542671516846
-1.0
-1.0
-1.0
