-0.04209486277352589
-0.02855567846885539
-0.04038296047817692
-0.04081478615799198
-0.04048941675068253
-0.029950109164309395
-0.03411372275929483
-0.03928807770148975
-0.03770259996577241
-0.03352753707393661
-0.039041963807128995
-0.038112363986126385
-0.03946011220473537
-0.039702126785844984
-0.012777136759475522
0.02522786528562902
0.021415048727120585
-0.026754465263772186
-0.0390416486693179
-0.039169147861000626
-0.038904198394086875
-0.03866442912667866
-0.03985612764349865
-0.04063190624009107
-0.03735338214300209
-0.035404757659753615
-0.0338702706249173
-0.035993273574340214
-0.03716124263317169
-0.03680068583424983
-0.03375601545333405
-0.027755331809063314
-0.014554210077419765
0.012295665664613485
0.022256509751687647
0.004650829195630699
-0.027998212592765602
-0.031164514517985627
-0.036192164234449486
-0.03582873598867378
-0.03780769210971242
-0.03802912784889531
-0.038890082562219534
-0.03825941030337056
-0.039492110788347294
-0.039006694213819984
-0.039663160371359404
-0.0387478117291604
-0.03909327171984542
-1.0
-0.03387518418988964
-0.038293469479323064
-0.03796725290360516
-0.0384157694938279
-0.03712459805148005
-0.03615021032098532
-0.03031229968579255
-0.014023903252925745
-0.02205982970020421
-0.026175304978848703
-0.032742256377080003
-0.03404033532618191
-0.031026574377339307
-0.034126039164796895
-0.027643974003958415
-0.03401411991690042
-0.029639129613990765
-0.03459482766567579
-0.026341983578786247
-0.0336640906149332
-0.03534032969738479
-0.03506037916743331
-0.03930542311852329
-0.04126725384540963
-0.03638685839291123
-0.03985489809036589
-0.04037661265626956
-0.03644014917646507
-0.03052483871690465
-0.032037947687054515
-0.02799285953288218
-0.013554441360023399
-0.021097779132827867
-0.02386380643322898
-0.026975876609359347
-0.017864244938767412
0.007445499917797993
-0.007260792106524264
0.019434007210361343
0.026036057603056776
0.029739027571641433
0.034764312998155994
0.04143260442692719
0.04089070506526935
0.0429481649593354
0.04343729035277934
0.04402079691725189
0.04363988934796494
0.04209666594374361
0.04299924965270902
0.043918129786361955
0.04144878222047715
0.040477451778453855
0.04170575164133497
0.04081279919861005
0.03949316848820302
0.042062351083135364
0.03862355602794158
0.03852567143769414
0.0375606925590288
0.03232290619753916
0.036193974687532104
0.040528652004558144
0.04080806054311913
0.04307081014734994
0.018766717903274537
0.017488153601885468
0.02757782174152512
0.012413695559396436
-0.021559582176229025
-0.008615851461215183
0.00038215687356699357
-0.006644013919626019
0.002816499137227752
0.005962521445803288
0.014102391853774758
0.002420689823723712
0.0041784631904934295
0.0011821028058537333
-0.005285105078723407
-0.02298217160757205
-0.039441890798794545
-0.04256615007496178
-0.04342674851091597
-0.04145243656106994
-0.043296210756589563
-0.041649187123783904
-0.040245014662669755
-0.04268504715758949
-0.04136817677055026
-0.04146635314283403
-0.0413979249718521
-0.04270980146608314
-0.04256594478053777
-0.0410521644930067
-0.031022263362046013
-0.03899417196071211
-0.03960548504900273
-0.0398949781181496
-0.039684007503432
-0.03623442771827367
-0.03562703348697579
-0.019551704835049647
-0.01803114585527445
-0.017648979658874867
-0.01237014730191969
-0.021072064149825778
-0.0353999769499784
-0.03658773322078521
-0.03654818247268415
-0.03581268191413485
-0.03489120979057425
-0.03723891596921645
-0.03659289295268141
-0.03861775402968546
-0.03944059238294952
-0.03755434423248096
-0.02480074791576838
-0.04006417881948773
-0.04288972682168694
-0.044557730757921014
-0.04355674934083747
-0.041613697132004523
-0.0392393081956743
-0.040441563115523806
-0.03855060126490235
-0.03370796766914931
-0.02179165703266074
-0.015573576397193204
-0.027484664207363806
-0.02909052192193408
-0.03687520264390736
-0.03282839684660276
-0.02475339347722243
-0.004243647111943415
0.010267756190767141
0.0008416547194121396
-0.012485102790578085
-0.0005133545430890179
0.008632644702654832
0.02394178479942496
0.01615599476859708
0.018868881729552048
0.009616262957981415
0.0033031719936848494
-0.022940926963725093
-0.01328278950690427
0.0029750784017002125
0.021746538647787778
0.01188710391758557
0.03398307636150243
0.04168378053953175
0.04061522162235225
0.04046160577090943
0.03421774031300878
0.030472284532152265
0.03424368702879692
0.0066095802412000715
-0.03333737471302615
-0.03804880963069362
-0.03474309347782636
-0.03866284275374172
-0.0415935761380091
-0.04102218449836518
-0.041423743790356335
-0.03179609723442055
-0.040538054012668336
-0.036138934655147614
-0.035867614969990386
-0.02688439822223079
-0.04065962280757331
-0.04241009233033091
-0.044539307731659095
-0.04364907798970513
-0.0445755123250769
-0.045224557487091595
-0.044636985179833645
-0.04460722544803051
-0.04430757179500255
-0.04424505863778556
-0.04477537836338842
-0.04335596746078017
-0.044009861122715994
-0.04025741440299
-0.031116067872158332
0.00829949492934265
0.0006833222562853024
-0.0022840298759950668
0.0034225417138228366
0.03150161758992765
0.03686677560677761
0.03774351995872557
0.03500087160965693
0.03205286649334669
0.03680984220710438
0.029906872201105997
0.028754186908024455
0.03147222337606273
0.03564664078213681
0.03906263997638485
0.04194091613005459
0.037528559904803895
0.03618178997022391
0.04046687499782815
0.03993374578473222
0.029974752330795225
0.03491858337750486
0.03640877145979734
0.03613925495588128
0.04024987785465532
0.038074628748898005
0.04019812242138634
0.03617911534003068
0.03720114274965001
0.036407298832688395
0.022864461804533786
0.015737655761433027
0.01868554519544991
0.030974821932640565
0.027978139943745158
0.02457411944813552
0.03716744794891159
0.03772169602105775
0.038865498695814044
0.0411728152044675
0.04183607282701807
0.03975547992296179
0.04364869256404768
0.035018986574934505
0.04135676414459147
0.04104217234022135
0.04264876010568974
0.041939776800052904
0.04142444666682336
0.042707520245805555
0.03707016621469192
0.040103069426613416
0.04466532729384741
0.04347224073898006
0.04052533904571802
0.030557672441688208
0.008141042292167186
0.019927032567925326
-0.012374926141114649
-0.03227051098416124
-0.032785662186201214
-0.027259993841741045
-0.031131563704865927
-0.03712740839498442
-0.03462493854141316
-0.035696590469285625
-0.03634662685068266
-0.018738772252677546
0.013597688160840274
0.0212260736361516
0.019698546490747933
0.007758727008180388
-0.001319066419740783
-0.028987202295999166
-0.040199082785622745
-0.0373273692800415
-0.0391197973163829
-0.03979753222221122
-0.03164628999424118
-0.026272687218441875
-0.035390236782000685
-0.042450936446196116
-0.04504706823271788
-0.0421187060754329
-0.03441435127960991
-0.004290848972496245
-0.000213783473373329
-0.006510790933312154
0.010472570800516466
0.03279282641986822
0.039030890696050265
0.039543446128833704
0.04054242456860212
0.03904584029308651
0.03906504611538886
0.03936827384157459
0.04069168433414989
0.04171044145453321
0.04166591994864318
0.036737675338403955
0.031359614420462624
0.028878183271993648
-0.02555133082460556
-0.04461872946832336
-0.04510319731773079
-0.04656418207946493
-0.04562319930339218
-0.045228698380732235
-0.04440839595591846
-0.043754233204535836
-0.04297608945294441
-0.04209480970761438
-0.04263260734110643
-0.04308742542085775
-0.04283497453811671
-0.04278837757267496
-0.043253817189453016
-0.043450061532674604
-0.04389368409188043
-0.044379392306338694
-0.04484290263396598
-0.045692509805978526
-0.046196022748206514
-0.04491177580593474
-0.04541244331248664
-0.041947393060811446
-0.0440246685719009
-0.04407721554041517
-0.04357216673337897
-0.018457007973081543
0.02837480863996693
0.025614339240928957
0.0078161344337893
-0.021403834688941054
-0.01243329064377369
0.021097676538542
0.031551664833836715
0.03917125752920525
0.044092138138621374
0.04609584274509447
0.04260765829980298
0.04502916745185184
0.04578583430249711
0.045585277642577075
0.04395043237009977
0.039419643619003485
0.03527158235140145
0.041161142383007894
0.03737761928107714
0.03768949356180262
0.03382625325315596
0.03946672891178075
0.04378222679641186
0.044009838186992715
0.04073375086188666
0.039697801786108725
0.04127938990748756
0.04088227326031502
0.03698206994080659
0.038144510501663516
0.03975131580556355
0.035006735135584416
0.023703700520064406
0.02566295007760222
-0.00902716197918321
-0.005589407902168725
0.004843827724453482
0.008623917077216776
0.0037019135219354847
0.01658617516656843
0.01526511398720623
-0.02440443947985081
-0.03286014374166473
-0.029530251829929903
-0.039285714187959044
-0.0424941812490758
-0.04330646603758008
-0.04413607700247963
-0.04378659926020922
-0.044608471134139745
-0.0452220261386159
-0.04587094703043073
-0.045548852544691563
-0.04019322478010631
-0.014279292702705221
0.02447967820195144
0.02177678722699485
0.03394655557648297
0.03582132284460745
0.034260015345018976
0.01730248793250787
0.01657113328031383
0.02764410757628641
0.032274648386146854
0.03898655445106695
0.042192616869075654
0.04422258959514946
0.04554153450369693
0.04288074062953332
0.04490805364318107
0.044952884877335716
0.0384260424945237
0.03811682195328043
0.033224121318020834
0.02599997235885221
0.03197046887149966
0.0017429384667493276
0.0033277192266251924
0.00480703179711792
-0.0023122926907236073
-0.031268658443576465
-0.04015665378387671
-0.04190462556390607
-0.041557194675998554
-0.03962091529210481
-0.03320893032205177
-0.022388201641211844
-0.02738295123280943
-0.020509354239411044
-0.021050761305296324
-0.01829474476243809
-0.008332955322264628
0.028779711979963988
0.028512356621534746
0.029252556402801454
0.036714569021377735
0.040254870982708364
0.044231945600265325
0.0421997552225465
0.04239990737840386
0.042222557290729115
0.04432882022271967
0.04393708761468605
0.04469528872765832
0.04492188460737471
0.04523466258460737
0.043858927062230296
0.043981983793490026
0.045152737811706874
0.04019544364880529
0.02276483550713911
-0.0033241016505553673
-0.019663308619269716
-0.017875722310143626
0.01710045498480224
-0.022984213441152437
-0.04110122786147821
-0.029089033507178397
-0.03337003075377888
-0.009564106524926267
-0.00864980110118544
-0.005694215853536417
-0.0351376069973928
-0.03143573742768038
-0.0374713064211517
-0.04229703163535093
-0.045768146568230646
-0.045267116470077126
-0.04442454904902231
-0.04506396046362264
-0.04334609776186241
-0.0434705335965216
-0.04422742034739126
-0.04303594348194296
-0.043681644063431044
-0.04324640180500711
-0.04372008311427767
-0.043405229364279395
-0.043250020708184615
-0.04404481505493334
-0.04405250269976133
-0.022433077776315397
-0.02825201558505001
-0.02977439010697672
-0.030021693629887897
-0.028023638264402365
-0.027819601387963664
-0.02707255656837998
-0.027876389123680605
-0.015489594662181248
-0.017147900985674022
-0.01934217000774613
-0.021585922002874597
-0.010707017739123659
-0.01227611119781502
-0.01909918929523894
-0.015552754405394428
-0.014996279605089294
-0.018818919372667543
-0.016665508090561103
-0.01206398804984132
-0.008852342795351858
-0.01970620798364237
-0.020936392552981326
-0.017378468103146423
-0.009572463713400975
-0.014294719158081094
-0.016495600044359907
-0.019597211261286364
-0.030214928043655557
-0.025432817877398425
-0.023890078164681673
-0.029843311985537687
-0.005559894665549444
0.0362969213531307
0.04015447547133179
0.04240878538331506
0.03652814424345815
0.03987153569177046
0.041386843985788076
0.04185699762375786
0.045589992057561535
0.04473673647781273
0.03704589273410481
0.03744207396679667
0.04298853930035528
0.045758679789926815
0.046232548165147734
0.04386459462268625
0.03943400005704103
0.037781576918912665
0.03743021733376216
0.02697903144270096
-0.01637039090200941
0.0032483233159918985
0.006117701290337662
-0.030171270714510454
-0.04151471574713445
-0.04529540817812327
-0.0441872236134807
-0.04276457291888475
-0.0420721710496039
-0.04187352702923156
-0.04131174552533205
-0.04078185570946727
-0.04166532466697693
-0.04067906776986001
-0.04078624616276382
-0.0412071047959497
-0.04086915736720404
-0.042200955471057004
-0.042977245966075404
-0.041553619863182185
-0.04069456380641512
-0.039861159826775704
-0.03615010289305094
-0.023618148724526423
-0.00869698111182434
-0.026494689354844305
-0.040194237543650604
-0.03983996851310459
-0.03923056931392291
-0.03779684786817619
-0.038623631304072224
-0.03848413601088629
-0.03105089807761624
-0.03847552964400361
-0.04148115491339013
-0.04110736297776493
-0.04062593295620472
-0.043964079080012916
-0.044962478716051656
-0.04406378934243352
-0.045134624044948536
-0.04455013637506492
-0.04477933204686007
-0.045048640144252784
-0.04393878990383498
-0.04383526552701715
-0.04009105481032016
-0.03440004393413978
-0.01642130100046017
-0.03385899709138369
-0.02696483283465676
-0.016211436135163265
-0.0005635528245918255
0.01735334039911528
0.034948323694091385
0.04122731493318972
0.04188000709904215
0.042069549778905535
0.038007028197743674
0.022564809310904002
0.02655905376846775
0.02642268600978144
0.015781971935466096
-0.014543043187046464
-0.016191303149794136
-0.01399713276267484
-0.02625864151052989
-0.015545772670249569
0.0060411517830581355
-0.00011259040619769113
0.004369076205975837
-0.004425948004587561
-0.010456751489481334
-0.005600053231103328
-0.037724081493803255
-0.03961710707385483
-0.03900750749240492
-0.032570948227254454
-0.029759089299545627
-0.008277409897310678
0.004109085895403939
0.020651510375624637
0.012235333455076824
0.015620084508343493
0.018094868578840635
0.007047575491233517
0.0034137908626750047
-0.003369045573339849
0.018448150311714394
0.03526078359720809
0.0396071100418134
0.041788572780791226
0.030338159726589483
0.03724538853479367
0.035113498295607073
0.026218811494123705
0.030778013553622002
0.02272335392618695
-0.0015583227454495385
-0.007592731166944137
-0.025895082870878418
-0.03106371727915704
-0.03216584184272493
-0.03313878654357063
-0.032692285961273
-0.03159536474499635
-0.031129417782011
0.0038952605540699416
0.03299214483272736
0.00920591678629128
0.016192773654393797
0.025698390996177014
0.02132844618217426
0.011241543821353133
0.011727163431979718
0.02082639575666063
0.02399245985973411
0.020467891688450944
0.01864357042631712
0.011926816415411006
-0.004453033141784691
0.0027547323336151405
-0.0026725959617929
0.0034927224059540904
0.030482992129101782
0.04238833332459231
0.031087875590738088
0.020167910647482853
0.02220238681742819
0.012779550454800323
0.024220560453567155
0.03328276779878585
0.03326502117023473
0.040782472332543854
0.042529114896570845
0.04231153256423817
0.041080066104150756
0.04301678545353557
0.04294331895851359
0.0445810389112506
0.04501823175517767
0.04344042300549739
0.040679826517168706
0.0402111467876797
0.04109451988985116
0.03777133687653583
-0.011936768991678903
-0.03445296709644156
-0.032619223385214065
-0.03076297104725555
-0.03392776452764772
-0.031541846767915035
-0.015977207700817845
-0.008336949123597554
-0.007942931318886076
-0.03045327425303657
-0.01687994064097409
-0.006827061852987253
-0.02161380898890177
-0.028551993319710856
-0.027858541108540674
-0.028522259408341806
-0.03059019430407645
-0.03335447435689207
-0.024945589795657665
-0.02305886565634869
-0.026819873622521164
-0.02965506331208632
-0.018113486858583897
-0.014432885567470048
-0.005450461025485627
0.007240400281560336
0.023550024981385958
0.03111573950925968
0.029938993237347188
0.02280060554239985
-0.013175511534866182
-0.0037332861807041788
-0.010457019945620922
-0.010440199698811362
0.011132019564650833
0.03751508332812233
0.04217220682263053
0.040651556684067405
0.03940197417697951
0.03730543707099288
0.031148436386025338
0.04236875236473209
0.04323791917938425
0.034781014968511506
0.029839481637363302
0.0319653162797177
0.02582755867440145
0.01943372287671783
-0.0028382665849574556
0.01528375033726944
0.003085552680204972
-0.0029029835676240884
0.024590641485447127
0.020083820637660378
-0.023918173747702682
-0.0388731248030257
-0.04099905354975364
-0.04200253355415944
-0.041145276807398615
-0.03999913309605188
-0.04213078149484232
-0.04232234348096788
-0.04050076162889404
-0.040872337561813174
-0.04173099409874141
-0.03956164067459437
-0.03842522484456854
-0.03950673479935436
-1.0
-0.03977666555021989
-1.0
-0.04071632544866822
-0.03972488679976203
-1.0
-1.0
-0.03801415824248196
-0.03962431418207469
-0.03901727306692863
-0.040014332474000075
-0.038611895024975966
-0.03846420102753283
-0.038783409026874105
-0.03914941963831822
-0.03965752902207617
-0.03951680326061054
-0.04003893794442877
-0.041975245886914384
-0.04154579301392908
-0.042266856154278644
-0.04187880958208967
-0.043707655384382
-0.04049453758136298
-0.03988216524713794
-0.03901238002236771
-0.03383113633647947
-0.03686154031007317
-0.028747720009628695
-0.006273687473046307
-0.021751634555683744
-0.03531007834781748
-0.034949835979929796
-0.036513203170426584
-0.0349608725455721
-0.03968517573015273
-0.041788801155587134
-0.040661426109315404
-0.040810064245196606
-0.03862613092266006
-0.03947665989509611
-0.03896103801720491
-0.03895604929207958
-0.039159335775086575
-0.03939390400564732
-0.040612193372008804
-0.040346527831312325
-0.038537780760445194
-0.040033677866926264
-0.03971268774134543
-0.03992841214804545
-0.039824288515008036
-1.0
-0.040118914727763653
-0.03871284105150863
-0.038367524399154446
-0.03898941404819
-0.03708518958542241
-0.03607909719685357
-0.03334034478378112
-0.03476324912973938
-0.03790599489971782
-0.037832637745669744
-0.03929358088074901
-0.041163981071887894
-0.04176650515345803
-0.04164676854518672
-0.04103605338289904
-0.0397949333669426
-0.03902077715163925
-0.038829271295357806
-0.03780837534791679
-0.03423446252287911
-0.016417682092696007
-0.008792497470400918
-0.024446152687956826
-0.006547991264149728
0.012520544812320868
0.03086738445366261
0.03982057107377197
0.037680891419760554
0.04184429954409355
0.043063929170258475
0.04327579516398371
0.043346351502471306
0.0445744048961599
0.04378412149610971
0.0425757392888223
0.042009370539018875
0.04266965993113186
0.038223990601605876
0.012658932934243533
-0.01449178136429006
-0.002920741232693243
0.00497824647409553
-0.016790286263341343
-1.0
-1.0
-1.0
-1.0
-1.0
-1.0
-1.0
-1.0
-1.0
-1.0
-1.0
-1.0
-1.0
-1.0
-0.019752310162507846
-0.03580235882980839
-0.03976925746671099
-0.04194682166737516
-0.03932220672310944
-0.028618614294723597
-0.0073289184587334135
-0.02991045872656163
-0.035685395540506315
-1.0
-1.0
-1.0
-1.0
-1.0
-1.0
-1.0
-1.0
-1.0
-1.0
-1.0
-1.0
-1.0
-1.0
-1.0
-1.0
-1.0
-1.0
-1.0
-1.0
-1.0
-1.0
-1.0
-1.0
-1.0
-1.0
-1.0
-1.0
-1.0
-1.0
-1.0
-1.0
-1.0
-1.0
-1.0
-1.0
-1.0
-1.0
-1.0
-1.0
-1.0
-1.0
-1.0
-1.0
-1.0
-1.0
-1.0
-1.0
-1.0
-1.0
-1.0
-1.0
-1.0
-1.0
-1.0
-1.0
-1.0
-1.0
-1.0
-1.0
-1.0
-1.0
-1.0
-1.0
-1.0
-1.0
-1.0
-1.0
-1.0
-1.0
-1.0
-1.0
-1.0
-1.0
-1.0
-1.0
-1.0
0.032323710086031306
0.024674957375358252
0.024949036960892113
0.02989107286525721
0.030210753775342568
0.029866791869160032
0.02469304709903266
0.015566986262494949
-1.0
-1.0
-1.0
-1.0
-1.0
-1.0
0.001979669322379095
0.009210672152236438
0.009203023204993487
-0.0008544834504654636
-0.008837194734564282
-0.011803065353042212
-0.0057576899932557084
0.010008193660499938
0.015106001463798858
-0.004145503284995354
-0.012001599675538816
-0.01142126835791538
-0.009481022364149898
-0.012437525737739912
0.00044178213927226364
0.001844957868554332
0.018674849516010363
0.028691600889976406
0.02277625697537554
0.0276844903880405
0.02595911851999032
0.0309363102684577
0.031082466047562093
0.03172374966713333
0.02229321080480448
0.021657780933173637
0.011630286344132441
0.005083729926525974
0.006014216653632417
0.0092810833992353
0.021439388581175344
0.028771811592421887
0.02928058361973302
0.013484928458091062
0.011034238927467351
0.0180472312851843
0.02347739421867343
0.02962079779369637
0.024479128706137054
0.021761803532287738
0.0315162958251772
0.03088608312342794
0.01897020878340041
0.0288602797717265
0.0320210547541352
0.022631617645010416
0.009111417215602085
-0.0038660521584376185
-0.01294654827884456
-0.01677406360539643
-0.014014027079839153
-0.024836183309746646
-0.033066730315763945
-0.03382904112254398
-0.03364951777476541
-0.03378509963250119
-0.03302685119740954
-0.03347573964687851
-0.03331838142488527
-0.03314096924496654
-0.032304176943282366
-0.03329206717397853
-0.03275671535437169
-0.03299617571046129
-0.0321657888808366
-0.03267341130671858
-0.03226393520878366
-0.03337938508447825
-0.033451450677389694
-0.033657616952771925
-0.031652034952898186
-0.02582020434160489
-0.024588678035264863
-0.010767003492417965
-0.012205479763051738
-0.004257726045762577
0.018769846174410403
0.02644344644452138
0.004094125500016319
-0.017021749765341928
-0.004599914792436235
0.0002509787104114183
-0.015683573970397897
-0.01616559612469813
-0.0023210118478195685
-0.007487140976121547
-0.02019661584184173
-1.0
-0.01715485999910467
-0.030660293485633837
-0.03163298122538328
-0.03048243610915434
-0.029286015545158733
-0.031165330271656053
-0.034041459830822886
-0.033750263688888976
-0.03481072561811308
-0.031453078320798716
-0.030410022736901885
-0.025992339871051297
-0.03211611196636907
-1.0
-1.0
-0.03381730471128852
-0.02849986702513265
-0.01612844743016461
0.002948074156110361
0.0152919177295259
0.025233746687036433
0.028333594746660574
-1.0
0.02335361998597194
0.018222677542551333
0.017194166289659245
0.03047317771684517
0.034941314686661534
0.033533517918715235
0.0333119102602307
-1.0
-1.0
0.030376923302834966
0.023963646994965643
-1.0
-1.0
-1.0
-1.0
-1.0
-1.0
-1.0
-1.0
-1.0
0.020153413335588233
0.008244551246027163
0.0039924666375881854
0.00300739565907656
0.013563617432272775
0.025918194292543183
-1.0
-1.0
-1.0
-1.0
0.023604848524497627
-1.0
-1.0
0.02253463395053786
0.02956248022249934
0.02372627366467782
0.025253354790941727
-1.0
0.028256853990011058
0.031238562219095524
0.02909839944913834
0.022439859981924153
0.013271291704467695
0.002653275939097632
0.0026885521412722078
0.012867868558130375
0.013540890467720269
-1.0
-1.0
-1.0
-1.0
0.012207649459926773
0.020239570846490203
-0.001192944136545954
-0.02698220342982954
-0.029502662237340556
-0.031298852451657394
-0.029530206249786996
-0.03309574570286028
-0.030260937732282358
-0.03356861359214006
-0.0331357200434989
-0.033501183717281384
-0.03311667853177894
-0.03341026940295883
-0.033762550301074515
-0.034464345856424806
-0.03404592065049698
-0.03380399255158545
-0.03321794356152892
-0.032482408483894845
-1.0
-0.033252534644425506
-0.03269081439539383
-0.03370776673436079
-0.03502867329045464
-0.03255838840279298
-0.033381863163136585
-0.034230317032048985
-0.034083803667664135
-0.03313157328034573
-0.03348499982801996
-0.03404477076961828
-0.03361128656694176
-0.033447659011271634
-0.0346228481786679
-0.034648344015584566
-0.03500709573337849
-0.03400182277779061
-0.032660504780461376
-0.034023724952706606
-0.01945428511223419
-0.015566800279153985
-0.005255846573446798
-0.01306444381928186
-0.018805816986194084
-0.020520138820915666
-0.021280380325622565
-0.02427752181578692
-0.02280697264439684
-0.01860410670058352
-0.01725587241156482
-0.0185789466312079
-0.022790891777850437
-0.02124126794348403
-0.004384345578958651
-0.0027029032504312612
-0.005656788084810729
-0.01243861732707073
-0.01535401220287471
0.005302265678983071
0.014248201718455665
0.011048412036557926
0.012422035974963871
0.01975698735926905
0.021925728582259173
0.03001654987353231
0.02553617610443488
0.032122147956002524
0.035213558925205814
0.03215440132300935
0.03645016797673584
0.036913320557584645
0.030494225254086103
0.016035619033907548
0.006375447041960945
0.006281885719577311
0.029465849472452278
0.03291525393205057
0.029260678309551546
0.024819842492288278
-0.00319012255095111
-0.019850104622759435
-0.021812103728751996
-0.024892790776925362
-0.025065647972276797
-0.031875716304260455
-0.03236506889145119
-0.03229842551965417
-0.03262678128843001
-0.03385622215872085
-0.034315111385720395
-0.03564339798242445
-0.034427566683957106
-0.03654347421304227
-0.03366439643848098
-0.03489342250684903
-0.03482628789101909
-0.035079040035691005
-0.03475042829122407
-0.033889018074749255
-0.033617456504035484
-0.034318155811604065
-0.03342909355121832
-0.032894880672090565
-0.03338010489291659
-0.030612329618019504
-0.031441553311939416
-0.03132200632430357
-0.028923098077223743
-0.020841542956343162
-0.026840654117366414
-0.026572269593063552
-0.03192161561088087
-0.03489703686166845
-0.034175433855239856
-0.033295937972323844
-0.021694597165869023
-0.02931556541848549
-0.035190314110220264
-0.03355671145447996
-0.035170780271101085
-0.033899752445794476
-0.034727669670648324
-0.0349633864445042
-0.03438363375894916
-0.03522413261118289
-0.03483558847045807
-0.03161289696035764
-0.02605721228040825
-0.010522145682333678
-0.024875286965831522
-0.02177709824987403
-0.0030436743011903016
0.031148596610605286
0.028808758788006764
0.03007619158110633
0.03515313912547905
0.0334300389011888
0.030837483358996463
0.03678661979187915
0.03388328782738618
0.026249816839653113
0.02087369460835477
0.01033772124042564
0.012081943628373571
0.018523105802316895
0.008358378473850445
0.007983773052349952
0.01259341665675112
-0.011832359083965816
-0.02278397547684641
-0.03188333387737086
-0.03109192405285977
-0.03167184449170701
-0.03342981880206397
-0.03279764220540783
-0.034553077629896456
-0.03587990612904587
-0.03452618854730211
-0.0340500694597736
-0.027983659040349197
-0.023498226829309913
-1.0
-1.0
-1.0
-0.013689438306710707
-1.0
-1.0
-1.0
-1.0
-0.018858987416164662
-0.022839493356635515
-0.02086494771362639
0.007507199320867773
-1.0
-1.0
-1.0
-1.0
-1.0
-1.0
-1.0
-1.0
-1.0
-1.0
-1.0
-0.023429790347546373
-0.009146823451510997
-0.018091609067660212
-0.004489989896105678
0.0189639278122507
0.011122936914481112
0.012993624688756244
0.01030656318325001
0.009773319293137465
0.02432200788784772
0.03290436746081547
0.027850988656733293
0.02542085430311635
0.026219046769232972
0.03122479278867982
0.031298423249828386
0.01609124895039472
0.020735735326704398
0.020248143159145908
0.030682208171385745
0.027320568333580566
0.027723484144333867
-0.011521928156588306
-0.020433433482829628
-0.025688356388069277
-0.020416941728893575
-0.002322561608975148
0.0005295042438055034
0.019954366725139918
0.005835712799752238
-0.0072707616687196375
-0.014257298827912136
-0.001110585724485546
0.0065689979898310566
0.013651733968563942
0.01867266357082405
-0.0051722901304708056
-0.012140719544920856
-0.02760427274547991
-0.030173845153423855
-0.03163013681797334
-0.03386212018311653
-0.039135348951390224
-0.038837251709361316
-0.04012751020555742
-0.03892942958740697
-0.03783903477453117
-0.03728690325995042
-0.03773917812027571
-0.03828891900371228
-0.036918955685655085
-0.03830390323763295
-0.03732172297726741
-0.03856334041391938
-0.038096802512915175
-0.03930227138200357
-0.02678770638505913
-0.015232290341533831
-0.02736703393114273
-0.032421015872164255
-0.02207176262885705
-0.028675144347860476
-0.022052853557598274
-0.023698760745550468
-0.03130913907847186
-0.03452601429259808
-0.03855593484736338
-0.03945291790281837
-0.03888463413305846
-0.03746792503604795
-0.038065921832645976
-0.039537183993456626
-0.03913799137686479
-0.038902554927447326
-0.03812602349815939
-0.03861893149938109
-0.037919002620602514
-0.03792940924283367
-0.037802543380554755
-0.03914838522539096
-0.03516930390910354
-0.030827950787381552
-0.02537032392124552
-0.02508561423488219
-0.02178344840853241
-0.023390961068050407
-0.004193916532026621
-0.00207198333237108
-0.015124386709199205
-0.027516865095187363
-0.016886295757323175
-0.021255777978960173
-0.020937086107628206
-0.02964516700370489
-0.03530242515646015
-0.03561937927363228
-0.03460107727224775
-0.03568455461047533
-0.032638351266198296
-0.026648545175583353
-0.0367148909961797
-0.036685815984346885
-0.03446195388819656
-0.029926527637800144
-0.016665689328665835
-0.0131026537666591
0.001576934591903378
-0.01223468048148959
-0.018043338696967105
-0.018612567493572405
-0.007402491365777035
0.002053011204874072
0.01433374154306967
0.010114983809190676
0.013372064801432324
0.020570227564933652
0.020459245883822887
0.02386677665416293
0.027286676353799073
0.023198201143743796
0.02338481042925164
0.03197244947528816
0.02851023483511026
0.015529765348746262
0.005829995547788852
0.005475323199199167
0.008048287463966821
0.015809332464938822
0.014101873568846566
0.013039583726043526
0.002763938996775411
0.001380968142306259
0.0008215302043879073
0.00802305038809625
0.008419867115764606
0.0020452486620230886
-0.00883889610947872
-0.011177480903006775
-0.015684318707294153
-0.011340245805243796
-0.003759885580663652
-0.014435226606693429
-0.013439843081772363
-0.007133170608759793
-0.01829563553441991
-0.03198304380561245
-0.028799737128907918
-0.016297556602363848
-0.02797691276599989
-0.031582957206887925
-0.03278614115180096
-0.032464264372087145
-0.031652652249486844
-0.027929136925011804
-0.0285630918554794
-0.023151741079522246
-0.013961344785214361
0.001045915937173404
0.008730562580567994
0.006294482781713477
0.006478045437437576
-0.007328200399943971
-0.008884490718864782
-0.02130764939400957
0.002248715263047043
-0.014281973969114839
-0.025200154410301368
-1.0
-0.018289328790056583
-0.02082501845624582
-0.02960685433796434
-0.025536998648995144
-0.023908187492006093
-0.024831265193733108
0.01936008764415061
0.03066702462005844
0.02886350894967305
0.028203936609834387
0.02533133614753944
0.03398810970535661
0.03350586843303397
0.03326779343217521
0.027892874090793985
0.03769849412981991
0.0378537703387993
0.034557640162441616
0.03178783758895823
0.03223943305223638
0.03182379272238358
0.026421114749556947
0.022130067786479312
0.03088294894022374
0.028642609761357907
0.0003487526652018724
-0.025872838222848183
-0.030406413649897324
-0.01293558318576051
-0.0312975511954226
-0.029831200926975162
-0.0179950321437545
0.007150355709513221
-0.0009585902307730891
0.026120683803065307
0.02897008917231576
0.023812473383876844
0.013112295643388009
-0.034398164778099524
-0.04137880514857671
-0.0409654404256184
-0.04172754221474778
-0.04139747511093928
-0.04022582809719706
-0.04072449611870222
-0.04007989381775889
-0.04043099193615964
-0.03973698787962129
-0.04042364655459941
-0.040220175804955106
-0.03908002978636493
-0.04038173081538525
-0.03952294423652946
-0.04055036265060021
-0.04062030215289442
-0.040400671358928414
-0.03959287211078211
-0.04035835317228489
-0.039569488391122384
-0.03947678716740201
-0.04068953284651295
-0.040984594798145854
-0.040445057781666204
-0.04086636522205345
-0.0375378523920699
-1.0
-0.0389727787595873
-0.039006785272849676
-0.03948383148894819
-0.03979110227665277
-0.03760823157084594
-0.03859703375996441
-0.038424659174967395
-0.014587632761735098
-0.0020623445339457863
0.006133930831884989
-0.020789884664240216
-0.037405739277090316
-0.03291746594656138
-0.023574981591863223
-0.023245366982431664
-0.009562935796179175
0.002532795086745627
-0.016165837886041836
-0.03880840217376973
-0.03376033170142195
-0.033557816021230105
-0.020140976288778943
0.007783790232297005
-0.002423218049433912
-0.029684278941482043
-0.033282650361547976
-0.03325132654311388
-0.03325820996834935
-0.02923192057547958
0.00609188991647454
0.0022114873080946213
-0.015172591580264877
-0.022003409582666937
0.02346540301101389
0.035445605178570844
0.03661671845771376
0.03430627564875969
0.03177516616331481
0.02857365716933938
0.030358451774912622
0.03304850527528429
0.03402298038902142
0.031021937824621332
0.01191045127728858
0.015623869797427517
0.02483208153024395
0.03659381052618621
0.03959187409375389
0.040604865583527
0.03821869902308119
0.03823267703390539
0.03815824187360008
0.03539190799176024
0.03686556455667941
0.03461901454342524
0.0341313220657714
0.032738364689047436
0.012782126616126295
-0.0014693949161713616
-0.038944382914501405
-0.03787881051758392
-0.04023417045447792
-0.03876373228397228
-0.03452185961847612
-0.007105347506353667
0.003034418420760479
0.013359554830600407
-0.0008675683519487325
-0.03863557831847686
-0.0426028918171922
-0.04352972493324418
-0.04279333138188055
-0.04271259833136628
-0.042356058215862455
-0.04293270168529688
-0.04161621640308269
-0.029282459928665905
-0.0328951975233693
-0.02894201621799107
-0.033630765349205796
-0.024221397717135395
-0.006281655125648879
-0.028496101120153487
-0.03750005178595496
-0.03795635120675479
-0.03597607492557709
-0.037309290483564225
-0.040331230979205025
-0.036957327515083106
-0.03793952866092571
-0.036366403217052944
-0.03322120238899424
-0.02572407608218824
-0.017338484354284624
-0.017229229675945878
-0.03232909569294098
-0.03110411143872695
-0.03468600957999316
-0.033962385723498585
-0.031149311911768927
-0.03194658741767645
-0.029748939697636315
-0.02059757714859356
-0.009291193197536546
-0.02095929686111023
-0.009188016622070774
0.012686125166862535
0.029949997422664378
0.02338135376548847
-0.005522958763960408
-0.006672037878096438
-0.016452614660291034
-0.022487329268434154
-0.016539189961973632
-0.018351840680364113
-0.0084216861205575
-0.006250052484705045
-0.024968319963743026
-0.033371103842848054
-0.03358368518431657
-0.035633216958480075
-0.03494751836946663
-0.034767718175710186
-0.03210853417712449
-0.0012067034222432167
0.0004608672348121335
0.016108157717195714
-0.020818454160686676
-0.03015418884800471
-0.021128143703258894
-0.021178191048281066
-0.02172992147185937
-0.026713777434833733
-0.023393301241296193
-0.03775554775892284
-0.03917125886060015
-0.04153039036469196
-1.0
-0.03294790362348312
-0.00046453241604246326
0.014102929146956386
0.01047227358480867
0.013784269028467085
0.008176941090201176
-0.007713178694949271
-0.010567835067263562
-0.022145487738581583
-0.032157943016292115
-0.02874186537610057
-0.03044668073245336
-0.031370659405368186
-0.02465894363892753
-0.022479139605989216
-0.0027166290376268256
0.03820342218150378
0.03576409287781906
0.037312807471715996
0.03570070165006775
0.036673931288162695
0.03902298204055955
0.03517325724436546
0.03490133653817779
0.03739543860370222
0.03885756904083592
0.03964612958414813
0.03837006664587552
0.03643461001896226
0.039003909215720715
0.036308376095364574
0.03897451997394143
0.039998467264781956
0.04071266824002914
0.03898767081529884
0.035470639853384424
0.03813627050398482
0.04184660541318528
0.040012521693696214
0.02376073930766167
0.024204421266861564
0.011013758653801446
0.018684969620750454
0.022594379963663216
0.01425499129180954
0.026620432874174267
0.038569608961887554
0.03409956472563763
0.03161058541370848
0.025335775911430082
0.03368747483471821
0.02571342448409726
0.030592043439454267
0.028778519791376408
0.03717601067201892
0.0359734367693086
0.03013589639335747
0.0193677433681621
0.006041617718976384
-0.026853693372886588
-0.031799598189354676
-0.03756874121099641
-0.034532944048483546
-0.030849995529157074
-0.029950921110638528
-0.02130859465018444
-0.018064444515173885
-0.020532683829620608
-0.022841282053851365
-0.02292861241727356
-0.021775752386961056
-0.022142601957653586
-0.015111538327724567
-0.027656640922449988
-0.03203120381574014
-0.03385454470183634
-0.033633461642575364
-0.03074402755810912
0.011204265837267727
0.024564993991578597
-0.0006316724162645181
-0.0012351925591380093
-0.012610686563475122
-0.0288857478139135
-0.03088478800767887
-0.037034537290556724
-0.030603117628710277
-0.027028156447348302
-0.012564008002025812
-0.011220182877991577
-0.006409630710001292
0.002692575312947532
-0.03132003522699493
-0.033620250764537764
-0.03442809527048311
-0.032167119332250964
-0.03638490538710896
-0.02785511556430668
-0.020191016245794006
-0.015387886220949292
-0.025609630140079633
-0.01716666606019698
-0.01126977315629045
-0.02008249730340551
-0.031167344950926927
-0.029888968455222594
-0.006139647763954296
-0.017406749409513266
-0.011739761781483513
-0.014776813122781039
-0.01569942048997425
-0.007817730736113975
-0.0012217985100361891
0.0059490969164860494
-0.0049140049505853765
-0.014877076444894072
0.007837529244355714
0.003893187371620966
-0.019045618013140572
-0.02738905667642328
-0.020535692998517156
-0.014166598848158848
-0.024030399907290913
-0.018300785488043626
0.01681859704878535
0.016800228713289622
0.014116548330226485
0.009366105035086537
-0.0049364674288512106
0.00486184439141225
0.013426879379435142
0.01135990049178143
0.010977557998653768
0.00308921007749747
0.00864451927337335
0.013743231877500688
0.021590302569107614
0.0028206093816914796
-0.017152937406495643
-0.03882383294346727
-0.042975680159936996
-0.04247942931106507
-0.0417270107269244
-0.04167760383705503
-0.04092601417952155
-0.040123479590195396
-0.04094270509769728
-0.04035811180784752
-0.03929196943211373
-0.03953942436856267
-0.03844544147500636
-0.0382066393862635
-0.025134386986000935
-0.02225688876345316
-0.02482622559024532
-0.03120470603879939
-0.036834080755474605
-0.038917994043047584
-0.03899243883458369
-0.04010202007996734
-0.04016860432274847
-0.038515441645719704
-0.03790723378374482
-0.039815816932568755
-0.039819521100159655
-0.040258158145991006
-0.0393948139091437
-0.036891875629372683
-0.04023988912483089
-0.03649885177508407
-0.031857754613415244
-0.005385903547081893
0.01592954468501135
0.0009840919560961095
-0.02274257281742357
-0.016455354640263004
-0.03215852071971807
-0.03211880910555777
-0.031600217239772174
-0.03146779463059249
-0.023367678557956885
0.015520023760042943
0.02317310144756593
0.00020104115190370874
-0.0017341183490709431
0.00516022730559394
0.008740922322736561
0.0074234281936338435
0.013118545970386265
0.024551017282780203
0.028439189204835104
0.02162720921402394
0.02966552330877054
0.03174672315865188
0.03225334341243517
0.03395037982446526
0.03506061678000393
0.0368973517529436
0.038345724102013576
0.036837171260182475
0.03216059701012364
0.03651599748234927
0.037332265299907644
0.036003301244584375
0.03541457016071602
0.0338934684052414
0.029645181931642856
0.02921696568612582
0.03188592275251538
0.03349445987743936
0.03484218536915338
0.03506274120488427
0.03416054515379349
0.0375652436355975
0.0366800604706007
0.04098197811143413
0.039471710721629125
0.026704142162654893
0.03196603586505622
0.03697818789387426
0.03652428504309221
0.026522382355845753
0.017311742750876942
0.02052081090824069
-0.003880778247949332
0.011180944810930188
0.0052013664500379095
-0.00932220390322728
-0.007581132664029251
-0.019626804051594136
-0.03571236692223527
-0.03874214290495222
-0.03937812931524293
-0.03954728244659101
-0.03934166582175697
-0.03823464142789824
-0.038915375541299806
-0.03818227509907002
-0.03710069082371364
-0.03718834780116608
-0.03687051041032489
-0.037715705782711884
-0.0379250318261069
-0.036934692155283555
-0.037777011120852994
-0.03693793048376716
-0.036671736627056174
-0.03697759885813799
-0.03749661685061992
-0.037924961434456145
-0.036830855174984564
-0.036004776808520905
-0.037912915715927975
-0.037824434611739406
-0.03685525990860526
-0.038148175633046504
-0.03885029534569155
-0.03681102378469724
-0.034903211332453346
-0.028984372837518466
-0.011448503195883223
-8.540126543347964e-05
0.011533283576877067
-0.001998463055638417
-0.015785165054436428
-0.01544632128145094
-0.03109743626078698
-0.006095959704075994
0.018073241736902734
0.021037692208200023
-0.019179169997622758
-0.026234110331421145
-0.018639699742366945
-0.010971692350910608
-4.5521687267304834e-05
0.00579219525232353
0.005959954073095386
0.01320720919373162
0.016785649031552732
0.012764713935793677
0.016089647105468074
0.02351579525474098
-0.004824759798951885
-0.007398862304376379
-0.02254031258883871
-0.01934479407236882
-0.028489260095904117
-0.0287527591995917
-0.03314030131590871
-0.02990714262902631
-0.027436830100223485
-0.030489642539267895
-0.030961140726916175
-0.029093345760535565
-0.030938040535010668
-0.03006096833972826
-0.030154212528817816
-0.029758346112258333
-0.02601559869549149
-0.014760142405155507
-0.007246040467236286
-0.013637373491653535
-0.02958598584131975
-0.028001760862171158
-0.020662529291348188
-0.005261694567002197
0.029661042547899353
0.029630021306273895
0.02724516518447117
0.03222704198217792
0.03702556706237169
0.036832963331889325
0.03656909691113866
0.03684546579489051
0.03989799917924738
0.03663570126727873
0.03537684430239354
0.034767096276455946
0.03517062698772332
0.03170155904392894
0.033955718350482694
0.03478708427586269
0.03161675755536377
0.03541738345372379
0.035247475739855455
0.03649510803002649
0.035502499928197
0.03509785647240334
0.033279779925141834
0.033856898307070046
0.03430747180263481
0.03130507482322484
0.024366955455004686
0.023093476998308816
0.023382324044402436
0.02506335122962152
0.027898162225979344
0.02489368733545044
0.028044039422214003
0.02761137757156628
0.027967373096549626
0.02806687746603263
0.027663169035744343
0.027313809960658728
0.02369551143881189
0.010129706528115215
-0.004696174257364389
-0.007018144191308285
-0.003228116037090855
0.00625520277542779
0.013283079115129123
0.0267999899666063
0.024457399452181935
0.02368970229547341
0.01963721871188628
0.02292559873111984
0.0218894074273614
0.02089382270912286
0.019570223028272552
0.018142888032836094
0.020973849071906903
0.022297391012999813
0.02198514585848401
0.03069765353715133
0.02681966150616444
0.01109479769285337
0.017575922333753786
0.025897690274611116
-0.0016788893282765262
-0.016999557651987945
-0.023876745734326046
-0.023200274907425662
-0.025097317679148114
-0.024621789168969396
-0.016347103122838564
-0.028083188971446602
-0.01435870880049391
0.01665547186954975
0.025013844413772517
0.02733003556686918
0.017801994976314756
0.019664267215143524
0.026254066829062533
0.0067418295946775585
-0.00466956010466595
-0.006429952275170154
-0.008065326861858933
-0.01304216784812117
-0.021624000206047135
0.0016329970176173563
-0.025638978746812348
-0.03790615945590387
-0.03762906876069927
-0.03614309257932092
-1.0
-0.03678454298237448
-0.03767628098705027
-0.03733860652566904
-0.037280039388536454
-0.03425616799239259
-0.030888603120568618
-0.016392100251369963
-0.03059372225698116
-0.03297326354701211
-0.03323821322737175
-0.033148746105244244
-0.018096292972580027
-0.01650517933552527
-0.019740335337848212
-0.03527098630442704
-0.03349192457108484
-0.021701860429112742
-0.025664256263920278
-0.032861842515919504
-0.03703562291112902
-0.03625974963715949
-0.03398823224052737
-0.035579173785559436
-0.035019982431333224
-0.03591616583818192
-0.036687765331677745
-0.03486480985670372
-0.03568616188148365
-0.035183040342134014
-0.031124213636971078
-0.02824310739268148
-0.020955378109837948
-0.019455182025127145
-0.027617699911075915
-0.032163656691792615
-0.030756261781393138
-0.02934028229943618
-0.02698847424564195
-0.013612781571514685
-0.01340164052628675
-0.006611215264903148
-0.004341250608805927
-0.003726746433114667
0.0057806049295084025
-0.0029333620223250803
-0.026512422530409228
-0.03145518474466827
-0.029873311300986576
-0.028995039349500547
-0.02241190503943623
-0.020564586275338737
-0.010833480049031285
-0.01357376461788285
-0.020780949843522013
-0.025117851031936363
-0.024136970265308616
-0.016473148307276732
-0.010698453734276614
-0.015583582491995127
-0.003938210135105501
-0.026676956892618658
-0.02398439258755414
-0.02803633553310357
-0.024700719168027695
0.003332271368931542
0.02823747625081008
0.02794161590891388
0.03117126400358962
0.03050178325767926
0.029948153460008137
0.026320997369787623
0.018429795772298634
0.034014731981426655
0.03826383623513151
0.03365458824085038
0.03667743012955998
0.036630769965304136
0.03723225833131785
0.030087469287120496
0.03174113111331532
0.030988586017232717
0.027572666902778334
0.03302898283480631
0.03132222299005112
0.032497432175956055
0.03506058663765559
0.0300032351753341
0.03060734749545903
0.03002574753057205
0.02908234745087622
0.03526267398325623
0.0333015166489475
0.025466085801014067
0.027570709302364164
0.032300875431447405
0.03129585142072233
0.031189573360705408
0.031242473368758593
0.03320959236099201
0.03184260283416615
0.027993826442951193
0.028747750002055074
0.02976415300318558
0.03374643260553475
0.03380322247293032
0.03596794035451758
0.034787050881856435
0.03256124946662902
0.015803085297150996
-0.009761968867547408
-0.010420859661304429
0.0013184284233508277
0.0036346951962824108
0.008092399257983053
0.008295882761795886
0.0033586971463100018
0.014839923736096907
0.008263386737888517
0.0025605183145728616
0.0050624209905116395
0.0020302216922870042
0.004867695171001189
0.0027994660799537563
-0.01233556204244927
-0.01346521379173725
-0.0050157352740720605
0.013863287491172261
0.0006534603675170009
-0.020769025298130562
-0.02213921159238412
-0.02318017620544073
-0.01444038062955919
-0.02504278177796965
-0.027134863656840518
-0.022872354045650065
-0.028878404235964748
-0.02542759099136774
-0.008463030118670688
0.007979452674693716
0.009654659965281925
0.018143971056788673
0.016154083282518553
0.008130166435903502
-0.00964026719392829
-0.01549644170009156
-0.015621287073490609
0.00019816389457262318
0.012496834277085105
0.008373799834106358
0.008521035270487786
0.022225928605046873
0.01629447200448116
0.015185246008511495
0.010737306140311344
0.00261771483760511
-0.0057704856836221915
0.014187168233853955
0.011793362252856756
-0.011044793332496899
0.0013163636484194447
0.02119183158822336
0.019313132847194176
0.004853114991669487
-0.016321602614586855
-0.0219073622368671
-0.022620513151691248
-0.026779153780695644
-0.02411864783760452
-0.00740079811199763
-0.003573484052343927
0.002718348225527511
0.011051035167652337
0.021114880846457303
0.015958067689301195
0.013940126077835336
0.01711866900288112
0.026092333221254583
0.026310112545200267
0.02687636542676791
0.018425366717855735
0.0049750109000245195
-0.006403881772365297
-0.017992495129452536
-0.023216602725702286
-0.019957640887334364
0.006677721674347237
0.007496364942052403
-0.01187017876112837
-0.023033377269577025
-0.018115664262688378
-0.019587538617420904
-0.03193798768898005
-0.03228744990470463
-0.03290942062813841
-0.03161632024462521
-0.03388619766426317
-0.03356593948639835
-0.029613893060875036
-0.026463558761478437
-0.02946615577893664
-0.030394681931829173
-0.032116954227395925
-0.029567414467908077
-0.028662816804453185
-0.02601575964263266
-0.027176407282475088
-0.028994355787787366
-0.03182263015609139
-0.024947103715218365
0.006775570181942999
0.018992500806903536
0.000751601826869844
-0.012916726821904492
-0.00921118242870078
-0.01252982479341661
0.0027311909056677293
-0.004021098126713327
-0.005907046551341667
0.022133333395231145
0.027734071528055227
0.019852038364923146
0.016382489990020812
0.03192602945407797
0.03723189959657983
0.033443848026121575
0.033570699529340324
0.03354488307217788
0.030526315622061883
0.03337891028477009
0.0233483362351761
0.01161988472179849
0.01544599075704722
0.013566670476394815
0.009180044413300033
0.01324584839174059
0.01233341979022809
0.0158015827036637
0.02222146478795102
0.013303106082983145
0.017008401654882706
0.012927819439622748
0.006483384928086003
0.0015464264118483818
-1.0
0.009603631089648994
0.013202008322773016
0.012852846745107647
0.004039581440112888
-0.009934458366149842
-0.008488336470717468
-0.0003752702994268461
-0.0037917659523312042
-0.0001281005499025308
-0.000695756182345928
0.008203827816445715
0.004734612756415785
0.014827706819479432
0.011223736297711069
0.026605677225720208
0.026175415820392206
0.028658144892105802
0.02715603367514151
0.02897001527342115
0.005488507196171872
0.00022187553869132398
-0.0006892962141095626
-0.001054842815389192
0.007613986785724148
0.02032918761423579
0.011684268474226127
-0.001275180195672926
-0.005921174755422977
-0.005825549557206356
-0.003931049463819327
-0.016872824190109666
-0.013496096968216131
-0.020605484241425793
-0.015303644291210436
-0.011697063079110647
-0.012505410448663146
-0.014427970494070174
-0.011628428779580147
0.002524097659645668
0.0336708052154355
0.03613694127914369
0.03406412534119884
0.036260417874537695
0.03188559044967668
0.03543868864725893
0.03643300068640891
0.03352483387713462
0.035438983717706984
0.03432705547513688
0.03455101382415212
0.03225242941821909
0.02443209839387441
0.020901877403788474
0.009624326171182711
0.00856563339797093
0.006168193323772158
0.016339463641389433
0.015569344340773505
0.010773286181959012
0.011640380820006603
0.02288759072209597
0.021307312265455194
-0.0010432099368479586
-0.014203257494691892
-0.014848449411595315
-0.014608471778022944
-0.014415596227433268
-0.010197073149336029
0.00957980770388846
0.00880037366361344
0.017775499136237664
0.021537663901891102
0.026674901127048848
0.024970481264791688
0.028768492442584136
0.02124581273349315
0.02476443325723785
0.029714994126446244
0.02715951866578252
0.029813936387938837
0.029830630210571665
0.034715931958638487
0.03174800497367993
0.03304641792686101
0.03050670240552254
0.03141226857816746
-1.0
0.016345049535545296
0.005717744044272993
-1.0
-1.0
-1.0
-1.0
