-1.0
0.04561388559236279
0.04288048384118058
0.04801626809433652
0.03278536507676909
0.01116212355952677
0.040464697845430976
0.04956159083170219
0.053627168724207995
0.0486899888506602
0.04957462181566928
0.051613887519638864
0.039534776004767735
0.028631616958030136
0.009140406657127908
-0.031331915125969625
-0.0236978586159209
-0.03060067689360164
-0.026904943524704728
-0.01711178400515741
-0.025407791435390275
-0.016914956057306772
-0.007033400971487232
-0.003275956023544467
0.0005144403376851442
-0.005871280317860121
-0.039780067196300894
-0.04851040674687779
-0.04948990235331857
-0.052021817704239796
-0.052790535322103864
-0.04854794306665753
-0.04041333767233684
-0.03840278736852124
-0.037850067038492294
-0.02964703133124684
-0.048054182781407544
-0.05108923093666928
-0.049199184952437955
-0.044744583137167
-0.03197181630581981
-0.017700256704464314
-0.021601064649441493
-0.010359233198592405
-0.014470454495612914
-0.01902156602845265
-0.0165838775894614
-0.015084417063771147
-0.019197909773862053
-0.00363885036439805
0.015569873505093694
0.01786727896871679
0.04184022800911855
0.051135914152906504
0.055682052743383025
0.054955362471106245
0.05552629174251469
0.056731773597539455
0.058194680908458044
-1.0
-1.0
0.05499519295273394
0.05537660747921498
0.054713454977115335
0.057363309454727174
0.05829407801651281
0.04869491537200393
0.05626792453786641
0.05692945669554155
0.05109154133257378
0.0068856237008547766
0.019762828798328035
0.04677381880853079
0.04649303883939332
0.04555743639193456
0.048452216624826135
0.038448245588550554
0.04180945568594576
0.046491986693943825
0.030147299751721857
0.049903073756149004
0.05575407658093435
0.0551137407540835
0.052401307093193954
0.05238572131197564
0.05168075125262354
0.052040325339746465
0.05217385654548431
0.04897635378647526
0.05504573265880402
0.053596648958914785
0.055029010801194794
0.05652865482440734
0.04523377017182359
0.048195779969373506
0.055345289437585855
0.05643919652424616
0.0548344515425996
0.05359239531399043
0.053599709748610516
0.052080492040049296
0.050530936270926315
0.04963289934166525
0.04290494180580694
0.05643980345575205
0.05658934131457564
0.03424476320713848
0.054843320637637374
0.04393315250308422
0.022206288741211923
0.019779274310439462
0.001584474875418025
0.03370020123242126
0.03739701379995452
0.0408578690184734
0.0021983930339902137
-0.005585436202057334
-0.004520560580459432
-0.0015810574434632913
-0.0056180539038537935
0.014052702010460242
0.03420641367160572
0.05649765729818618
0.05424839567384445
0.05228109558592974
0.0587010302288647
0.05789922296298123
0.05882911570674664
0.05997691174446133
0.0603627141114084
0.06015091411440322
0.05876523759491526
0.03726430020504956
0.03882472892582599
0.04523929482286086
0.0006546478636489164
0.002343288454389101
0.023635029452015507
0.01862014096331106
0.012463782071742197
0.00914862262167279
-0.0010105548536917773
-0.0050026134983318935
-0.0184361088246024
-0.011313566179543657
-0.028691934245211798
-0.035411034365646014
-0.026396229587228242
-0.006593092860296842
-0.0026071601753707434
0.003673266698234069
-0.01704613843897528
-0.027101228814071236
-0.02119533375229029
-0.006435948170954136
0.018366843566526
0.05608144852989644
0.056698452439415264
0.056518994901319834
0.0546292803938861
0.044722386798451016
0.0011825073605938223
-0.04098230937357007
-0.045911830652094685
-0.04644944925333267
-0.04860970276255481
-0.04968856796213356
-0.04500570992207548
-0.046849475131341745
-0.040231281803327516
-0.02404473386005268
-0.023556605229544933
-0.034310448340160685
-0.037979854963753494
-0.030862491269845263
-0.04746195519465757
-0.041388439067932034
-0.03814168814896725
-0.03795858880983238
-0.027244257844025378
-0.017408559426607042
0.006779181993046748
0.04162146723257941
0.04935609268393746
0.057680305913840955
0.05790115144481594
0.054664277213408316
0.05262612984215726
0.054811628651920054
0.0543563454725008
0.05358189704605584
-1.0
0.05552915570346523
0.05649319992640169
0.057204296150774894
0.05750395614784819
0.047157219960043684
0.050900388966983824
0.0557869664210315
0.053894751534357375
0.05078368007276588
0.04436157873698318
0.044121612794268
0.0362029499300022
0.023567504751701468
0.016392266521215282
0.017366295803444214
0.010316709693260054
0.02147406812010759
0.02301391059312485
0.031221693698145515
0.039437092729943946
0.04033660612241474
0.03981694732853334
0.029911342781884627
0.0018862948804638973
-0.008485801227166705
-0.011502260033129524
-0.006925387263766504
-0.008661655494658362
0.005053805051537445
0.01351411438399061
0.018091285589304267
0.023877691457403767
0.02380372427130447
0.018858604985200932
0.01887907493596301
0.00886004469652059
0.01819951012268793
0.02530844235863378
0.021400544551081233
0.03202267489501867
0.030786077580459488
0.01764144181500958
0.041746203596383424
0.04352577693814797
0.04592107203501364
0.04568532143226468
0.04651486272376697
0.04619698096169403
0.04247598855440684
0.03863833265539652
0.049155080856394896
0.05264448362583304
0.05634480580962167
0.04893644316176857
0.02384019266615407
0.028539082273661462
0.01857033232060954
0.0207639710434323
0.039486852745378644
0.05162805635896949
0.054919656441978826
0.055391906038986825
0.056818669259604444
0.058079482295134245
0.05728881500491923
0.05714850357735415
0.049689192654077424
-0.019914760259258486
-0.034875732771499274
-0.03683932322764233
-0.032409906850369145
-0.033609539850148355
-0.01458965697344835
0.04646879518433303
-1.0
-1.0
-1.0
0.05145800844345645
0.033492624226966486
0.05368941285909282
0.05214551174414475
0.04597534881807955
0.05295180560670428
0.05380998049716045
0.03245933658735562
0.013082920654485113
0.0554083996288881
0.05172269767553048
0.03540952531335692
0.028342875207103102
0.03740928102320189
0.0530793346513633
0.05614905034593016
0.05335587999064562
0.052631110942995156
0.030149982547050414
0.044140531857453716
0.054328829815275335
0.05307265295083411
0.051008838350038256
0.053274913445892684
0.05565389929286016
0.051561779134126476
0.04064541865215055
0.040186429128403915
0.030087279039195756
0.022459892156204055
0.008227715992013199
0.0069940434297331945
-0.01083007296286884
-0.01786017508123371
-0.03889571642703606
-0.05019723304685444
-0.052784788060920955
-0.0517896740019501
-0.04835190335031717
-0.036796577087551054
-0.041783691209648595
-0.038508648466928926
-0.02548798964591559
-0.0350681158443657
-0.04522407128275562
-0.05022869038561543
-0.049357946925265586
-0.04902210376489988
-0.04668923004811541
-0.04377497437907268
-0.039265992324998895
-0.019048327629570937
0.03832991556160672
0.045983948799280396
-1.0
-1.0
-1.0
0.042238270824835486
0.0005502412019900754
-0.012413023525872943
0.006481025092323251
-0.02106448478186638
-0.045014659732508844
-0.04872398750548627
-0.039707764776397356
-0.04855889167688024
-0.04772736793722617
-0.04554761406776627
-0.036034237987303645
-0.028370949310935225
-0.02929269493490337
-0.04088356090075827
-0.04939027605814232
-0.05031569403022896
-0.04444127240352214
-0.046155261653360785
-0.051404746228402735
-0.04778598828010474
-0.049342235561442516
-0.05012452613324475
-0.050601966242271354
-0.048306377325281744
-0.049381191474503525
-0.05112637400851027
-0.04886729483522476
-0.043467247902685496
-0.04700894738633969
-0.03535475903272813
-0.039740589127985254
-0.03380004813679091
-0.04467315386004028
-0.03953381563212748
-0.03978323062328875
-0.04588561237863558
-0.049213803355599106
-0.051712407885767454
-0.05139261001054705
-0.050982720301471864
-0.052968502136229174
-0.051241110260294855
-0.05273328294402546
-0.053059855930957224
-0.05454523320267337
-0.04773679217843622
-0.04801663297388595
-0.04805463633839377
-0.0464419419094576
-0.04516787300170758
-0.049131609960543596
-0.04837003826605431
-0.041658564469831384
-0.035585253667403435
-0.03327433828869952
-0.03242072423519619
-0.0341199307488259
-0.0288858264129032
0.0030337518692731707
0.05365930736855466
0.05652184146515236
0.05571610241350056
0.05088471735130612
0.05428542236611217
0.0548971663567204
0.05367900664020064
0.056532132032204405
0.05667120655663355
0.05598175822923697
0.05061487745295959
0.043422203336859026
0.054485938283791405
0.0572535379410353
0.05728994135793404
0.056059147423055705
0.05579728129793826
0.054939061101376634
0.05444765163422792
0.05448966048559367
0.05372862913948302
0.05159986422914696
0.042514054825079445
0.03654745608112161
0.048972947622871535
0.04193751242519077
0.009526285401845148
-0.01711344119905277
-0.016989272903075687
-0.015280627152686369
-0.0418554543521521
-0.04584403679526841
-0.043100213691339075
-0.052753295117463773
-0.05436413842968623
-0.0537603175340441
-0.05387367846303427
-0.051109096984913616
-0.05311000558484904
-0.05055895733986674
-0.05252506559031278
-0.050250839919998264
-0.05085817457228074
-0.052103030873241134
-0.04924679535690529
-0.046776155507250866
-0.04803724996188311
-0.051864927679621205
-0.0516757192827722
-0.05044115977190151
-0.05308474613459372
-0.05286159802980289
-0.05324514096138561
-0.052490753316432964
-0.049468296782545586
-0.04253488174657328
-0.02982164930068453
0.011408907325429266
0.031285255497413234
0.03174026937851694
0.0430686157751188
0.04567170920630951
0.044977571801581184
0.03771783769205925
0.046252101848956846
0.040016859850505015
0.014364425662029986
-0.015754366617397843
-0.008493554519322348
-0.0031193788074112988
0.03595119394198921
0.03545910061978923
0.04411001486565017
0.05052033042170738
0.05413602735327362
0.05547948995416032
0.05324772494089326
0.052050644978508497
0.05480116108298235
0.05291826873591234
0.054110853682976544
0.05283431156730542
0.053662648913779115
0.0499719817626574
0.03343608138345648
0.048491785098378856
0.054844664942175124
0.04334468407129485
0.040711769059507234
0.05241607261999927
0.046308226993999176
0.05285155033675919
0.05407694514301849
0.05026250498374945
0.05318851052803374
0.056117598310397025
0.04852835970322229
0.05082086124975981
0.05333933000252382
0.050517319498410956
0.03283300500532675
0.04346570420710194
0.04567276161221187
0.051773450325405715
0.05294466910802208
0.049982292099677486
0.044173273557077994
0.04481928682741987
0.0528554956830861
0.05531950513695036
0.05609986026908288
0.05428973222061676
0.054265673113452484
0.052125156800580164
-1.0
0.052707925051951356
-1.0
0.05471370479716832
-1.0
0.05424887890178222
0.05398934799024956
0.05338241587653925
0.04954225306641443
-1.0
0.050986501345339025
0.050910704142731425
0.052179500340465576
0.052683921687040676
0.05377554291536337
0.05661078452604055
0.05683043390262232
0.055224398422475444
0.05571921277654681
0.05410936167463055
0.03486261518153903
0.009988566433672325
-0.028988912300052506
-0.03161222564327598
0.008809679276572072
0.019045003408317683
0.009141502747509791
-0.006315248438523037
-0.012032104454083436
0.00791808211793688
-0.012047452545803587
-0.006068716309281693
-0.01631991526902416
-0.024210247922747133
-0.006877298107427678
-0.006830632208340517
-0.005528033320835535
0.007005193913205661
0.017989713772895585
0.02155819921219603
0.012430194754026893
0.013458742073496758
0.02811709248361551
0.0251917841093807
0.023390854647540094
0.021270921897348725
0.014152324323842147
0.015166555165840168
0.024410537535578602
0.030082998421744337
0.029698753784059045
0.03532137323514257
0.03138583545345264
0.03355942615272956
0.01991250696829553
0.019597942321791247
0.010764863859431152
0.02236445473538254
0.029094102062237635
0.0329190372138213
0.017207263053997713
-0.027492540702267414
-0.038381866075705436
-0.0407580119647676
-0.04978566816884411
-0.04879715001268121
-0.04412076049516656
-0.0324903681366928
-0.03681163598627016
-0.0368679634054676
-0.034724577334703736
0.023460395993373715
0.030106038268825568
0.04870972050801798
0.05216156905780459
-1.0
-1.0
-1.0
-1.0
-1.0
-1.0
-1.0
-1.0
-1.0
-1.0
-1.0
0.05097432226880446
-1.0
-1.0
-1.0
-1.0
-1.0
-1.0
-1.0
-1.0
-1.0
-1.0
-1.0
-1.0
-1.0
-1.0
-1.0
-1.0
-1.0
-1.0
-1.0
-1.0
-1.0
-1.0
-1.0
-1.0
-1.0
-1.0
-1.0
-1.0
-1.0
-1.0
-1.0
-1.0
-1.0
-1.0
-1.0
-1.0
-1.0
-1.0
-1.0
-1.0
-1.0
-1.0
-1.0
-1.0
-1.0
-1.0
-1.0
-1.0
-1.0
-1.0
-1.0
-1.0
0.02752617376665601
0.03153284498037141
0.01003231897906794
-0.0006233147211190638
0.011383835928447928
0.011564719521379442
0.021519756858205865
0.013247381033559621
0.021476850299315856
0.003941596643736226
0.01787510780976363
-1.0
0.020059340559824525
0.0276124126077853
0.032208677188793666
0.028941342868874377
0.028194976707759913
0.030219835019073972
0.022040692038541386
0.025728200392632197
-1.0
-1.0
0.03325179698812003
0.0342029682702247
0.03421425796502815
0.03467067367942468
-1.0
-1.0
0.03460266492460054
0.032432561523096794
0.03231571833073119
0.033500271362874805
0.034665551014210844
-1.0
0.034196685485680535
-1.0
-1.0
-1.0
-1.0
-1.0
0.03255765994887066
-1.0
0.03337396482665518
-1.0
-1.0
0.031074962002854527
-1.0
0.034696956811087254
0.03359309502871551
-1.0
0.03595175343509659
0.03463990958830491
0.03622304707712595
0.032805160697036796
-1.0
0.03534554872509171
0.03432569387163581
0.03152322130303091
0.035269396682805
0.03313762899511289
0.03482885920527899
-1.0
-1.0
0.03400161789568275
0.017305567216024442
0.02239418027271323
0.029079664127972516
0.03443855448920269
0.03385944199377902
0.02823764467539523
0.02715093318524869
0.016658954780174633
0.019540328146748574
0.027335038867245764
0.015780573598976336
0.020425457285859653
0.031798902927849336
0.033867622084995455
0.030000510528136178
0.0017128095309094755
-0.0021650156578410457
-0.02098583244011519
0.016504762516265287
0.033973115767472715
0.037904549013027804
0.036939474697759364
0.03281914868410485
0.03175064218067182
0.01591305537427938
-0.004871509007590594
-0.005193637260798944
-0.002774267951387765
-0.006073561632653325
-0.013736281285425832
-0.010768370563081284
-0.012122434116027921
-0.011378279925566845
-0.0044480751254521314
-0.004788696977270164
-0.0262713621526474
-0.02988170183963471
-0.03975242330070729
-0.042543178749928544
-0.04135133757789026
-0.03967797683197342
-0.039693258863684334
-0.03730332683494684
-0.03681714109870113
-0.04094052116984154
-0.04026507578892423
-0.040813692514525754
-0.038408898297197104
-0.04030241748525916
-0.04034095471605165
-0.03910536178655363
-0.03957744802749632
-0.039084450427151286
-0.03704476886966719
-0.03909700466460528
-0.04036766994883682
-0.03993085447650815
-0.04147123862706589
-0.04089748256765772
-0.03807895492093791
-0.022465834028492438
0.0009025020439460189
0.026140388452498067
0.037606691713407456
0.03962091951701401
0.038013363905690364
-1.0
0.03858151910521642
0.037452771618807154
0.037834758554441586
0.03715726136416933
0.03485397280497967
0.03084040548430177
0.023314343299546313
0.026515502269229045
0.026177718202009894
0.021701290155441665
0.013300140762754169
0.03677086626576281
-1.0
-1.0
-1.0
0.03787979945167406
-1.0
0.03630211405056182
-1.0
0.03663948016768605
0.03619419210640976
0.026747370617333583
0.028113154844515202
0.037004929924635915
0.03040131307783472
0.01449828970763139
0.0004426703103694999
0.032414469164091235
0.02949158111069054
0.03448432511964414
0.03256288864602488
0.007687853849337003
0.020227126107268265
0.03293577575170778
0.03459762704234211
0.026679419688538982
0.0156679417156138
0.004187747094601548
0.008069312483579425
0.0039342173640489675
-0.007877943087806387
-0.007407971967877436
0.000580174575643287
0.021230338157660275
0.027906599552495026
0.027429093984165494
0.03202989243466388
0.029780125456261394
0.02699012986530991
0.03194077085481935
0.02575209080821369
0.015018937012258603
0.013848928622396242
0.0017052229782141355
0.0008427828622717293
-0.012280286210494196
0.004659838635484154
0.008948163853529617
0.005440842802564156
0.020414554877511648
0.03056317662843351
0.03412821373588442
0.03646787816001812
0.03334257289480869
0.028503785761078634
0.008751591605797861
0.010528333830344676
-0.019497761712265683
-0.01547902862498459
-0.009409274051305382
0.00037866929137974167
0.025545504353181887
0.039209066664520696
0.04209505723315538
0.03248103095696501
0.03343162225540964
0.03751750391160713
0.033832961276748154
0.02950892048767034
0.041174921764716606
0.038714560782981085
0.03630273709560765
0.021511625646532563
0.0344378409270483
0.04118813422591077
0.04242309466110481
0.042585143116614314
0.03963852581486656
0.04134577805295574
0.012000760007330658
-0.019407648952082347
-0.007734028904821299
-0.018551024999740793
0.03545503387750683
0.040115142885564704
0.04220488404392794
-1.0
0.04295659310902492
0.0424817389128471
0.042840025113233954
0.042460184539600807
0.04207552679677045
-1.0
0.04224569864549858
-1.0
0.04097614754783854
0.03559109060432404
0.009334336854514787
0.00695832072362813
0.02592112982042869
0.022154952483343676
-0.013366794458729535
-0.01561362441590213
-0.014505169096645835
0.02491610824057028
0.03473586521100964
0.03874834535879318
0.04102671457458138
0.04175161063451041
0.04189888552066394
0.039698896249713664
0.04089733937798015
0.030295795426937538
0.017833272547229717
0.007784580168285251
0.02277232279391529
0.01698827175937186
0.020914796131961604
0.03198071398797078
0.01378031458593126
0.035090468869789004
0.03888465321401345
0.011449749250031276
-0.0015114109016582866
-0.005073509156284055
-0.0002153361819053549
-0.023744479304126386
-0.028274294463443837
-0.02915641182581501
-0.013721672768201723
0.006845273382807564
0.005212139916646532
0.03485067408543409
0.04036952707272275
0.041199570146579254
0.03951881318919381
0.03999477865724448
0.03871487730151708
0.039376297066940014
0.03338953239332914
0.018024624239968933
0.031600802580550556
0.036439190947303295
0.03736815490487874
0.038580169874937294
0.04128674889067894
0.04260353065850477
0.038455323264729384
0.038063524020103406
0.03056839041136171
0.03801166106430724
0.039073748708630424
0.03606498840329978
0.03391851459819403
0.03873882753275055
-1.0
0.03922516011081231
0.03846453816888545
0.04031606666016228
0.03940276493670295
0.03684243043500988
0.041973896998431265
0.04216737285595847
0.04329896035491762
-1.0
0.04231728807490612
-1.0
0.04269414214025506
0.04241564837252665
-1.0
0.039973605351111774
0.04055566406648627
0.03930289960107548
0.039017029438153855
-1.0
-1.0
-1.0
-1.0
0.04091230817366932
0.023951253645544564
0.04268793620247164
0.040455419573981646
-1.0
0.04209668036415502
0.04175981044831048
0.0416858512983249
0.043187638940204796
0.042416676962849974
0.03494975842121361
0.040614440575328405
0.04224118080112843
0.03189709033617629
0.029707375027392582
0.042558516503505006
0.03674953716117761
0.015400874175444347
0.026015001405192105
0.03924443770422721
0.03964771858131675
0.0387471016051363
0.03790729298047991
0.04322974281475978
0.04328359653527807
0.04386832581098485
0.04354281408236318
0.04363126102404089
0.044847333039581196
0.04478678022789164
0.04560727537503697
0.046138516490610994
0.0441751251770931
0.03718005779664557
0.020416574900148848
0.0363520385113048
0.041194218959158986
0.04502444273315724
0.03683503894162304
0.002468303277401698
0.0013408590531101636
0.02825148950121671
0.043977418619555
0.043496954216623133
0.03941860392910339
0.03997905595564231
0.03196813589150112
-0.01061228826088291
-0.007773217597161714
0.018259729169170846
0.009168227087601037
0.0015606438658604378
0.008297670828886126
0.012757238792442428
0.03248306452280941
0.04057875726393077
0.037969708547071275
0.040324432432837766
0.040870333074469356
0.011816956667174082
-0.00416498327038871
0.0014865990907530389
-0.0020357356918961414
0.005587928100892975
0.0175582963122963
0.02863174543844992
0.03983325765293461
0.04188327119660616
0.04184648826452952
0.04241340551020805
0.041977583261174234
0.03977186148280629
0.04182349997850072
0.04119966282627971
0.043780955455229253
0.041683904034906384
0.04052830597476945
0.041756899094098875
-1.0
0.04165229175916416
-1.0
0.04247881216835081
0.04354063458011227
0.04381055696034808
0.04370026530655481
0.04389524739675592
0.04353051040494525
0.04417820437859539
0.04529329634564875
-1.0
0.04118917961245946
0.04416396555527275
0.0386815025072669
0.02784735660432428
0.03568945080605623
0.03852336150949648
0.013278525159669574
-0.004366968107136364
0.010328975469759354
-0.002305027863830182
-0.016701471026130406
-0.025582744897103774
-0.017866020068803563
-0.025260150598124167
-0.020943866888019663
-0.030096153602635796
-0.033104952064736445
-0.0271731148109878
-0.014012078603985402
0.021830814322746073
-0.002604505589510211
0.006028670115372443
0.032604543991926235
0.03585850214389444
0.01616756015245739
0.004483349009244962
0.0003840764688148147
-0.008889399568325813
-0.004225163680169374
0.0014059928074205167
-0.007506548692416762
0.004441257469090961
0.002234212551003637
-0.025320605878993957
-0.0032963648087857723
-0.005027280415282305
-0.008873067568716655
0.0011558206839087375
0.008528579303936185
-0.02097655346743506
-0.04176033254012791
-0.036559019435547006
-0.030544953389867752
-0.024006757111356376
-0.018857327439867514
-0.011564274827499364
0.023292065108294176
0.01600075956658489
-0.008669837214925718
0.02794567917890773
0.033453995768229695
0.015338467164339236
0.02202209359144371
0.03561235831778742
0.03287588872066046
0.01841390671015954
0.018186068767448837
0.02360631766233972
0.02499119058328194
-0.004117498621661699
-0.014265970407520914
-0.014193160230402325
-0.01667188807662926
-0.021464884936035676
-0.01123682552009852
0.007176967103258998
-0.026835471875916977
-0.040886051452193914
-0.04229982346646967
-0.0439471994276372
-0.0447688626879162
-0.04409359463906965
-0.04420881477113187
-0.04374799254117621
-0.042523748062109665
-0.04193320397903844
-0.04286748060869962
-0.03967382192993674
-0.03370771683541173
-0.034629940545499484
-0.03601366760519086
-0.036238044797186494
-0.03489386343811089
-0.038133333090567614
-0.040906689891878754
-0.03951326901629709
-0.03750743481272931
-0.042273250211157166
-0.04295558783656549
-0.04124078732676711
-0.042881161978077474
-0.0431493303521182
-0.03831662159880998
-0.027332882948138237
0.020760790255076905
0.039300548237591305
0.04599322060886668
0.042095475051422665
0.045936349169823754
0.04759189588938789
0.0466950302989796
0.046017854822539415
0.04405568060097452
0.04302193260193417
-1.0
-1.0
-1.0
0.04354540538306976
0.04443815633877534
0.0447500270909261
0.04287896463449633
0.04645047637846973
0.047017220839937014
0.04645412938961653
0.030762942114766458
0.016102231695425625
-0.010483137997384281
-0.024674498100836016
-0.02954811187374241
-0.02253438446583993
-0.004938747264605587
0.020614499413596984
0.04446885183098117
0.047216569145591115
0.04801023591395453
0.04710858564533506
0.04666230538368425
0.04554238855449952
0.022451489004874314
-0.01098515019650289
0.029851185375772377
0.04064598808194164
0.04564873099107049
0.04510884151229924
0.04544477772713469
0.04660955118054877
0.0439758355214548
0.0013830599248567073
0.010937823285588526
0.005472477638361611
0.002939316960316869
0.0076694864338949335
0.013213294504076992
0.014296174428808033
0.04232366663617175
0.028199664576437626
0.01970592366078561
0.017362221569421885
0.037143076681624046
0.028728523258247558
0.03409086133894113
0.04251011132009792
0.04325831087546653
0.043833758736086394
0.043781231352661765
0.04479912097843573
0.04563371771607428
0.044754519508196665
-1.0
0.04400379837284317
0.043989735140679775
-1.0
0.04377567144134754
0.047126774900671985
0.04426340421175672
0.04039969290398176
0.037958252945690774
0.0324987300442445
0.019413476322034953
-0.012968657240263972
-0.01495891700878325
-0.005408420404155351
-0.009261517420578498
0.0035548463369723424
0.01611641784818339
0.0426015386431083
0.043994918160667085
0.04379635021413144
0.00996180851197372
0.042976984624633625
0.04333525226222363
0.031927573605627854
0.02560922618563555
0.04432114842188848
0.04344383583359488
0.04249675175325044
0.04134929597844031
0.04372215656481225
0.043260477131801124
0.04352646714741936
0.04372192503514805
0.04599683559632462
0.04291652407173859
0.03860531835567978
0.04310189484836874
0.043547006381170095
0.04402931473453279
0.04461636992203842
0.04457859791556466
0.04380592553827082
0.043721134358766754
0.04288309229459765
0.03636638951598092
-0.005706374229767119
-0.025239473724019832
-0.00176372835498003
-0.00010835099100316186
0.02736125749228671
0.04290649817502437
0.04287627697672584
0.04250509128335814
0.03385472554661874
-0.012760053760128882
-0.0173691422523515
0.006890418643197398
0.02983065471069541
0.03697630046815735
0.029685536269950588
0.039596050690931535
0.04040309730127873
0.03524431018995572
0.03533419687272671
0.03202648176816985
0.033527582265787746
0.03695482812281762
0.026857614123064227
0.01813658644025821
-0.010753619083890815
-0.0005458665943658306
0.01073225102708684
0.02212119711867137
0.00839432662529942
0.0033717843885013596
-0.012474149671259505
-0.023577640143334678
-0.029362001600032092
-0.034096708547694324
-0.036996740705590024
-0.03478776009392201
-0.032078609823300006
-0.023990645461661065
-0.01139027327590894
-0.0011250666531379076
-0.002464101870236257
0.0002360720351713325
-0.004160394979974746
-0.007864933821936518
-0.016303809810892397
-0.00894516559377021
-0.029151255025585004
-0.04104030089966701
-0.04096263421113174
-0.029916098280752843
-0.02526292682303148
-0.02662182556525577
-0.02009629945897623
-0.00952121168905004
-0.013577823052590606
-0.01914812364167238
-0.009964600370350588
-0.012624746618864483
-0.005436462212813721
-0.015339598045393118
-0.03705974895138297
-0.03970031103804084
-0.029478857876886307
-0.0023651716766853346
0.0124044012383532
0.013277409985946228
0.0005371149437263453
-0.03551203156056601
-0.03805903129853058
-0.042134676980562294
-0.04095742070586156
-0.043859614783716264
-0.04355019672284165
-0.04166203964960287
-0.040541667009402725
-0.04104658322751369
-0.03562076585074912
-0.02736338143011455
-0.03750223003085208
-0.03674781611959723
-0.03896823431454611
-0.038501345736556294
-0.03888263893623392
-0.04080267250178879
-0.04107141283071958
-0.037876567523702886
-0.03550530955044743
-0.045218843563231886
-0.043306360103614785
-0.04286486424900515
-0.04108858869704718
-0.045307957174790185
-0.03136636271996449
-0.039494652692286684
-0.042367925588410564
-0.0414483342540743
-0.04322819953178657
-0.04196612223627185
-0.0432373997973467
-0.03798126862735627
-0.03643693960303199
-0.04343084021440796
-0.03287394243022422
-0.034196550357832464
-0.03779184842458472
-0.03795439400958378
-0.03750513934728061
-0.03891586729738014
-0.03894508404227033
-0.04228897318893805
-0.04340096015378744
-0.045103374399722305
-0.044479909451272705
-0.03921065923930066
-0.030565368706304757
-0.01753956557766872
-0.017441143429063947
-0.03207764466577856
-0.0301959145296729
-0.014227842530746129
0.02109198996462735
0.03421184136472317
0.04159420718725748
0.027449782797299538
0.034297627278658316
0.03632497717977929
0.03539566590674036
0.0366408574044387
0.014068504238193835
-0.006539001486679847
0.0180090773176267
0.029384633924481155
0.022462134118884466
0.03556875725035823
0.034925084551059304
-0.0025188311254645663
-0.019084054988731385
-0.023287312824908046
-0.011309988928420204
-0.011666081226934634
-0.020745217271822002
-0.016157042480347213
-0.020654211954062612
-0.02321603560624557
-0.029550322026333398
-0.03406196842411088
-0.038838129214664896
-0.03745578629935069
-0.03451877313752408
-0.03435203919011461
-0.035214439173332716
-0.03601141951437101
-0.03299889382326249
-0.03434267587237461
-0.03493396876052548
-0.03372617209227564
-0.03658222089317126
-0.03301714795800583
-0.030040248349215985
-0.03191857458864176
-0.027612007184383242
-0.02569190978716741
-0.025831359197593613
-0.02638413302800067
-0.028629631749855756
-0.03068988479124679
-0.025411382200928617
-0.016569740655674476
-0.0002948832900876379
0.0075613409493554195
0.006971223793432117
-0.008990172794784406
-0.011558762600276573
-0.024591110179055863
-0.037566707794629985
-0.02757974100125942
0.010124472314441035
0.01556331617485427
-0.004376418161644113
-0.02826426920524896
-0.026369979621918827
0.006220999310267933
0.010982689427210543
0.011242367619220416
0.014209982744917953
-0.003595546970734954
-0.022505075239979525
-0.017709077170812118
-0.030814053868430485
-0.024751515754029285
-0.003876341539109578
-0.010925167231342457
-0.016108811974484872
-0.023268723567161653
-0.0330787297409028
-0.029013880431420887
-0.015204530627517202
0.0004686281061321445
0.001156280152918702
0.0018221099814966597
-0.00482073928893187
0.0015132518895177658
0.020034177659593158
0.013802159358268805
0.027366084672663535
0.03592462310865239
0.038450368474686955
0.023378611580685268
-0.0014371086716923793
-0.002437170900533011
0.01667360682359859
0.0463758614239771
0.04760116317325048
0.04633962626283286
0.04643082363523803
0.04710589243999128
0.03857608132048621
0.042779603413506236
0.04088634207778214
0.020742693656872008
-0.006325387621331622
-0.008282840613363523
-0.01153705801133392
-0.015011569734154961
-0.007612473223495949
0.023292472025815348
0.01877903184606329
0.008499558503862388
0.02137483791214671
0.028211494313159478
0.027213279632040933
0.03142390588389195
0.0220336857749438
-0.02361951036376274
-0.029664816093182757
-0.02856188271081984
-0.035769226819989064
-0.02845562484287164
-0.032846966746364184
-0.0347694831997318
-0.034531630124392615
-0.039708171419494565
-0.028904674629844578
-0.03191323872910387
-0.03624971728297275
-0.035826102281694326
-0.04003411560541275
-0.03726658830185046
-0.03651103041173287
-0.03176581373194862
-0.021394247066969685
0.0018773513980384203
0.03269140880566065
0.031736586318697704
0.03185859437215921
0.034020609470591795
0.039160371521469915
0.03681985352985877
0.0358313562435825
-0.006608624321383184
-0.03488832847546561
-0.03812441762126488
-0.02828388421138852
-0.027978260990615796
-0.03044897710515982
-0.013292317454574416
0.038455371960266764
0.045516497795111466
0.04457365549592822
0.04418863051402196
0.04516777966784783
0.043023404968538556
0.017112322508889038
0.0012278785257396384
-0.01881206105448878
0.0014635674304472484
0.013528796452993272
0.015446874265399174
0.029200450094740975
0.04042720631923964
0.035948294331266076
0.018838458347201846
0.02031641406707904
0.04099139886560589
0.04376566982877391
0.04318654424614394
0.043772929877115146
0.043562592707123884
0.04299223801078254
0.04257563760268053
0.04370998661186376
0.044748474103618784
0.041747479663004135
0.03621187310907774
0.011993769788784144
-0.003418581670430292
0.011867806656324713
0.025036147313672884
-0.007334063855455583
-0.024804665398018164
-0.025673850192016668
-0.02902382262971607
-0.030954040693185896
-0.029632561570902508
-0.017637104102116222
-0.010331836477561132
-0.006715716961872584
0.012395907789924564
0.009403395510841336
0.007211782893201203
0.016988299740702355
0.014874455211497396
0.021901533731495063
0.026828317588238476
0.02349527097302817
0.023005746317143815
0.019352792259771222
0.014285723877120357
-0.005955808493456941
-0.027787070767556467
-0.029907411548004824
-0.029932751650483824
-0.03739508244872468
-0.02432833521631765
-1.0
-0.019662500077428723
-0.015654861154913144
-0.013266513596995483
-0.023828049757379927
-0.03494291966498322
-0.042790845369345014
-0.04017046753381959
-0.04507827440939583
-0.04371877689078368
-0.038255235664778175
-0.03694062315700045
-0.03796893408642436
-0.03628956655067388
-0.03553000045105954
-0.02029620748738514
-0.0248711724664129
-0.007989875711715309
0.015202740191872212
0.0255012638064898
0.036385702930950996
0.041115794619163225
0.040292579137295476
0.03914557986090428
0.027425764949889218
-0.016919831138342285
0.01961749035812057
0.01988673649000884
0.0033107119792978533
0.029877164458388138
0.041656966742532116
0.04220839866484372
0.03949608654637512
0.04002909020377721
-1.0
0.0388842876716808
-1.0
0.031366620996395485
0.009148436611797456
0.014066738111220995
-0.0008309398406179938
0.03101623211277463
0.029131442423632876
0.03643534060163358
0.037717548450703436
0.03797068693539678
0.037026649618729604
0.03787875329365027
0.03691056667150982
0.037634801400967886
0.03960010911717469
0.03599178756809131
0.03653590753538915
0.038646663746627896
0.03898461783257182
0.037131805747502224
0.03708515067252712
0.03603388006511315
0.0377774309164292
0.03664285498216376
0.03943368280342428
0.03519777763353138
-0.00141354322498238
-0.01011550283821355
0.02963768529402258
0.03217628788084838
0.02515980051814258
0.027601497759035053
0.03660597602911134
0.03796920562258901
0.03959169845868095
0.03804520980521435
0.037876456610172284
0.03773040978752307
0.03730066690126092
-1.0
0.03649980369163091
0.0324978898132854
0.0375369767668371
0.038576326613549566
0.03935611577318565
0.03543482816940499
0.022165477623405174
0.00871406381090499
0.003981026664373418
0.015889585457417598
0.017122482629420184
-0.006489513552236589
-0.018192069762246976
0.031357809645938504
0.03638616346875085
0.01673732940903249
0.009627427385705746
-0.011946330444640635
-0.006728730532875971
0.028895378584730874
0.03719948180190085
0.029433067837905526
0.029175583239068305
0.03809285356202836
-1.0
-1.0
0.03540429531195161
-1.0
-1.0
0.03341912717311685
0.018478305777335745
0.02370268256712762
0.016837302247365214
0.031100049040779593
-1.0
-1.0
0.03765011508517521
-1.0
0.03747134270351011
0.039506100846861264
0.037593561771204154
0.020749850479284113
0.0014517677121225116
-0.015412458684021357
-0.01230997507560832
0.014631285338909759
0.007762605135403677
-0.0012363015265092888
-0.007908492456885914
-0.008266835866809314
0.030335541039586144
-1.0
-1.0
0.025473472344995432
0.004984684933163644
0.002183250436379419
0.008464247787557463
-1.0
-1.0
-1.0
-1.0
-1.0
