-1.0
0.03453303447846912
0.03147944819432176
0.031074159335948513
0.03261993614817306
0.032840724160604066
0.036246862951840514
0.03717601742912412
0.03525546982747904
0.029685324787725644
-1.0
-1.0
0.03470396604054144
-1.0
0.03653448165814148
0.030762441779597516
0.03822746916498655
0.036954254508519684
0.03166072643403187
0.02783088324406037
0.027832475314114324
0.024812973718370827
0.033972774632982504
0.03038782585382048
0.02960252425347742
0.028420536346236314
0.027493845812754714
0.02854793923453555
0.04218109471538837
0.041179788014321296
0.040664471811349814
0.025636353265057636
-1.0
-1.0
-1.0
0.029396379074616397
0.025734974671648085
0.018968918089914754
0.010468527206022435
0.0019244870428510002
-0.010947996354563718
-1.0
-1.0
-0.04138855313621698
-0.03892072427937184
-0.03971165346201352
-0.037891349496992174
-0.03984073864826032
-0.04003289606696339
-0.03766459483357111
-0.03634382284481074
-0.03206248956919666
-0.03573285483675013
-0.03797584858900015
-0.03876110892654172
-0.0278059249528338
-0.02900757759811099
-0.03459153660123392
-0.03756838598503742
-0.04098360893571538
-0.035897992818646696
-0.02888528862009239
-0.025356024754315667
-0.011936774558936124
-0.015817361057726947
-1.0
-0.027298515614422952
-0.03424003739454734
-0.031134836528319526
-0.032598129259129985
-0.030526007559709956
-0.03390919015463135
-0.03535728226695856
-0.03365155216968302
-0.030172937027442222
-1.0
-0.03123883766579146
-0.026413278608379904
-0.007674455282848166
-0.001315787355064418
-0.00019419306602409182
0.004695154237963724
0.007316003087005134
-0.0024485294190514533
0.00499064000335249
0.018640910474347606
-1.0
-1.0
0.027720192808522788
0.02441091017372923
0.029781172064453316
0.03410436731364081
0.03210235429069739
0.03242824291324708
0.03644017086741714
0.03694598305093275
0.03715615670762292
0.035086218674209135
0.03234769568174553
0.030668279154567678
0.027802782789536237
0.03246954318439428
0.036619631852495976
0.03526428542602081
0.03862880024979382
0.03873573865885857
0.038849084039144464
0.037739386436388224
0.03620348533377277
0.03104818113703468
0.028905159648974468
0.033235218464038464
0.029942369900792593
-1.0
-1.0
0.030424069394088805
0.03574278014247205
0.032430907877203874
0.032181243692417316
-1.0
-1.0
-1.0
0.027293101756532552
-1.0
0.028017691452695503
0.028249280031786297
-1.0
0.032899436985621484
0.02517468279082951
-1.0
0.031380276378132906
0.024358277479689317
0.028396979895547732
0.018023734642375795
0.0040018669432572325
0.004123343426441737
0.0054785139036382735
0.0017489570823182553
0.0059142175125987805
0.010914024126558518
0.004477646502130056
0.004513701289147255
0.019461432272580025
0.013110782609557114
-0.010264701162071602
-0.03392935701841636
-0.03592728810553168
-0.03614619792985555
-0.03748232741924589
-0.03249677223364922
-0.035410437731010574
-0.037849870210001434
-0.039629105317100684
-0.039668398362006994
-0.04221511054395573
-0.04144124886316371
-0.0396034106105938
-0.02854981257691324
-0.028440848265024018
-0.027762892548634538
-0.025656346220214104
-0.03442642329490328
-0.036176475386801375
-0.036573156867680416
-0.029015578961475268
-0.03752063986649044
-0.021868081828650163
-1.0
0.005184532836487198
0.002518678792888339
0.012648241088259527
0.013746038042447445
0.018240759941022464
0.0076323660732944346
0.009891395988417536
0.008090957995473753
0.010601802552535356
-1.0
0.011794226730952918
0.017466629814387232
0.019458088820468934
0.02680149204941513
0.03227821356442003
0.033914613513038025
0.025571901080884765
0.028332721317841463
0.02230761039718981
0.010026759248473285
0.006624432214132399
0.007288910489660621
0.009091956254284063
0.013067225945958367
-1.0
0.009297709743574
0.003515443795082614
0.01472556497108435
-1.0
0.0019369830333273417
0.006183900837393769
-1.0
-0.007285973832855572
-0.02483272084579808
-0.021731338204553533
-0.015664852457176245
-0.022961456194304806
-0.030142773988527695
-0.037763652108828094
-0.038314727329641626
-0.040184530998826226
-0.03958665233349892
-0.035939104455483144
-0.036855658108478094
-0.03644173780199051
-0.0339068060566532
-0.03471210602141981
-0.03481815601520589
-0.03472051197161369
-0.03541105741869102
-0.03748106476605684
-0.038100991328856595
-0.03990254890150604
-0.036653267077502306
-0.03194399561372257
-0.03046386249111229
-0.026915957009674873
-0.028805186938120276
-0.03270268867079387
-0.033446485886028186
-0.03745157015293053
-0.0333952990916013
-0.033261300092095616
-0.030089862261586418
-0.031171443812319212
-0.03169699642052031
-0.03581581010430672
-0.03240933535860965
-0.03551623250316986
-0.02802941341261566
-0.030889175675592958
-0.030676553953382663
-0.03248140565898992
-1.0
-0.02968297028518654
-0.031337179794145006
-0.03080794798787284
-0.029443218596047205
-0.03096181458181479
-0.03324008145830468
-1.0
-0.03130170447619234
-1.0
-0.02993236536034697
-0.03183260077325054
-0.02793370693373061
-0.03428840392718198
-0.03052818282951877
-0.032491677848910966
-0.03154960006258661
-0.03345683703978018
-0.0329562406942071
-0.034481135958568415
-0.028021099701287525
-0.035874504734766784
-0.03577774640561398
-0.03158540180811118
-0.02629949211519505
-0.02999249531144971
-0.029091903457920745
-0.025868658018861436
-0.02339118290924914
-0.024928200012833773
-0.009378002195128696
-0.00013595221354645512
0.008298899518330124
-0.026397843846472833
-0.02912501039812996
-0.01993742719214747
-0.02315096129565903
-0.012312690269001588
-0.017007344481147567
-0.016086820958574825
-0.01827150902941848
-0.022380745088757762
-0.028176487725300063
-0.021290622061890422
-0.01961677843371155
-0.010196063066302084
-0.004056173875065559
-0.006314177596318025
-0.014965831130988516
-0.017733451675438605
-0.01720869271524055
-0.020695471197068577
-0.03046247701133324
-0.03583402899741197
-0.040584867324961395
-0.034986225342080596
-0.03668008987517315
-0.03631995718322074
-0.03475639725294885
-0.029686583587373166
-0.032443833331803146
-0.031739273172701005
-0.040724284949037896
-0.0390396782472097
-0.03531178000785827
-0.03761359409247268
-0.03395503432650091
-0.03621375399890008
-0.03458220287049493
-0.034222058846253615
-0.035636222194290364
-0.030501743298969403
-0.02798020013730887
-0.02578022771774149
-0.02655149649165434
-0.02610258103356948
-0.022696288700256296
-0.02927234546505819
-0.026195827606509882
-1.0
-0.02847097720116133
-0.023652828054189695
-0.022814117473338374
-0.02206333380034967
-0.012231496813187253
-0.012638968801205566
0.0038492757929618694
0.010282098303978018
0.022912179613817796
0.025586303499950475
0.02452908336903104
0.02923959619085728
0.022913285029568277
0.023722629651459454
0.028489191013169886
0.03524182315755621
0.028603464843742595
0.03422821984007701
0.03257585353558833
0.03873292847030173
-1.0
0.03746159231836428
0.03367064242411983
0.026162178725973564
-1.0
0.027231892761814973
0.021229163331185016
0.02227025226198045
0.02909460613329914
-1.0
0.02190300483401608
-1.0
0.013345537608985655
-1.0
-1.0
0.005336789648939377
0.006477874464080041
0.00610245071914701
0.010369650221455135
0.002137433342922262
-1.0
-0.0015878206550922638
0.002769052394939876
-0.027164967125300123
-0.035094936120037
-0.03473206551138553
-0.03902920975199229
-0.03938422412050575
-0.034562317799000875
-0.03963033757784705
-0.030254726497474793
-0.029640292267351938
-0.02758958571540687
-0.02522471866916141
-0.028948653838716008
-0.02469705712844814
-0.02475027153118944
-0.028846389758981694
-0.029074107286631047
-0.028227471542701638
-0.03163742271600329
-0.03281663226966574
-0.033201023540241674
-0.03400151216028612
-0.034219974622948866
-0.027979728804468616
-0.03064784543634552
-0.03029487210582389
-0.03348274288964987
-1.0
-1.0
-1.0
-1.0
-0.0331689137761147
-1.0
-1.0
-1.0
-1.0
-0.03554900747617148
-0.03124847196066137
-0.03178197974289887
-0.0306969173768872
-0.032507816589699506
-0.03403181808257845
-0.03522551816488087
-0.030373273963666195
-0.03387519846398852
-0.030225238920655997
-0.025925328689424307
-0.03107546131914508
-0.0334931285349646
-0.03540299267705984
-0.03154651964281324
-0.025306137171782577
-0.02649436670955226
-0.029636944264323468
-0.028420563445623992
-0.03290629841919908
-0.029567400709418892
-0.03071594072737798
-0.03190089520951266
-0.03075322527049033
-0.0279612116696738
-0.032268097197868655
-0.03352184617800893
-0.03595427529287194
-0.03729451605198488
-1.0
-1.0
-0.03889341273977664
-0.03916325026945595
-0.022238049252568788
-0.011671625466918802
-0.002831028461291656
-0.0006902802257084618
0.007014767038908233
0.014104149403460185
0.021119294537954914
0.016167712123210182
0.024744068928314003
0.022851689316601545
0.02376717900975817
0.023378411884538545
-1.0
0.028162921573924245
0.024192385807441198
0.025151108344963608
0.02435121978062151
0.029142176858528785
0.030217001150283643
0.026687994562732253
0.022229776482844396
0.019830112363391675
0.017789200281033125
0.021702439570599263
0.030363797912105327
0.04156538207721767
0.04295358519361908
0.03843257187036348
0.03790847865792044
0.04179117102902248
-1.0
0.03935295739502958
0.046463449514500224
0.043801370915900625
0.04059931117240423
0.04320892089696599
0.034958702976619446
0.030327994657702168
0.03475115238041183
0.038764678586957126
0.036513275849802455
0.038386175150729195
0.0355436157840649
0.023587708727518215
0.019528887179969895
-0.005572689070077989
-0.024226814214745217
-0.032426243561065674
-0.03431126253306167
-0.03784947273918381
-1.0
-1.0
-1.0
-1.0
-1.0
-1.0
-1.0
-1.0
-1.0
-1.0
-1.0
-1.0
-1.0
-1.0
-1.0
-1.0
-1.0
-1.0
-1.0
-1.0
-1.0
-1.0
-1.0
-1.0
-1.0
-1.0
-1.0
-1.0
-1.0
-1.0
-1.0
-1.0
-1.0
-1.0
-1.0
-1.0
-1.0
-1.0
-1.0
-1.0
-1.0
-1.0
-1.0
-1.0
-1.0
-1.0
-1.0
-1.0
-1.0
-1.0
-1.0
-1.0
-1.0
-1.0
-1.0
-1.0
-1.0
-1.0
-1.0
-1.0
-1.0
-1.0
-1.0
-1.0
-1.0
-1.0
-1.0
-1.0
-1.0
-1.0
-1.0
-1.0
-1.0
-1.0
-1.0
-0.037909937896783874
-1.0
-1.0
-0.04117712635299552
-1.0
-0.0380721789536323
-0.03975227862715281
-0.03435412281727733
-0.01653358655957713
-0.021841769889307784
-0.02737561399446077
-0.02519554070026243
-0.005152778974641596
-1.0
-1.0
0.010871390830710786
0.020643996171798414
0.020176184782289313
-0.0022906430088830603
-0.008017821192709508
-0.008783654435624207
-0.016549463774367335
-0.011018873905466325
-0.011189317836504275
-0.00608007780721669
0.0032163562565430217
-0.007438916786112287
-0.009948570023321312
-0.01235577852592764
-0.022976891686151246
-0.014729042614373154
-0.015452522929723794
-0.02387825750152097
-0.030473721570636672
-0.031069485138739486
-0.001936901610268253
-0.007914323059788122
-0.009955089076816808
-0.02592943153132641
-0.029868312337910433
-0.028570567572228367
-0.025122118804290113
-0.02837628701913484
-0.03317382693983966
-0.0348623254127623
-0.0324360529028223
-0.03493608053246491
-0.013818069969170437
0.007090368017901038
0.011603983145007636
0.005096267333589065
0.013520994498553592
0.028150393771037813
0.03461585625643567
0.035882484195929945
-1.0
0.038302693267865534
0.03986780410121813
0.04013248921414421
0.04169208303246342
0.03777281520985383
0.02909404497911774
0.02540939683114444
0.030345440228121814
0.030452266503742276
-1.0
0.03767907153893332
0.033739241643729434
0.018716451379367068
-0.006074806015658603
-0.011731300139003089
-0.013591877386200987
-0.014826827172074845
-0.010919128151399705
0.00772605939075261
0.017814472281356672
0.020349653657619038
0.030695785879446623
0.03406473969975233
0.03534147149330607
0.03308554130694281
0.04011127421672677
0.044991367265022564
0.043616378143142474
0.04237992741639261
0.041589755412237105
0.04182631468493257
0.04469809583728564
-1.0
0.04249960462528974
0.04386319293970334
0.042792866605796426
0.03999275273114041
0.03720381174424734
0.039693838290976474
0.03948235951338245
0.037882105326351584
0.03845658988485759
0.03923047159091766
0.03945302193035094
0.04464831758719907
0.043261377737569294
0.040759705000663365
0.041308293547793425
0.04259620005497559
0.041105523463279364
0.03726165716653602
0.040359459037116296
0.03745513698106721
0.04004994073425906
0.04298776974541081
0.04287121758509717
0.0440671026398052
0.03880064726453987
0.042334058597426685
0.04178925208937557
0.03842439840325807
-1.0
-1.0
0.03436439618574663
0.045033801318097796
0.04131577349046701
0.0463771651514851
0.04337079598251286
0.0439763970244897
0.037494976420942495
0.03494287192752403
0.03749124784749881
0.03812681430470378
0.04009495065286658
0.03504705336025498
0.03695892999804889
0.03861332281461978
0.030994513591976653
0.038099215232205295
0.036551566287354856
0.0375402409333139
0.03362267159722813
0.039583386539567694
-1.0
0.04270632234172816
0.0469984583511953
0.04133303800489023
0.04315341492132992
0.04005557544626776
0.024650780741517123
0.027537161188038336
0.023707914557593558
0.02547420722564924
0.027303516763002116
0.028801995112646427
0.032759894459361845
0.03354140005314357
0.03208315448805869
0.026692742514663564
-1.0
-1.0
-1.0
0.04008004092310244
0.044570952827215835
0.04728157947316536
0.043169661983949704
0.04062812467322936
0.04069853612031613
0.040837648446260776
0.04134598687500748
-1.0
0.04157154280849535
0.03942478510165362
0.039111569307097964
0.043544163849435574
-1.0
0.04542724896369787
0.04244207519232366
0.047597099979773
0.04568894787156397
0.04524081770711847
0.041995355036016736
0.042872512389881684
0.04764525995208088
0.0453712768927128
0.0420338092392994
0.041012400836126804
0.04149643098764643
0.0419572620565219
0.0449833554328489
0.04320662267195816
0.0395099455808104
0.04011246251191404
0.03828509075606351
0.03442809247244871
0.034938762104395005
0.044688440367513946
0.04541386604787203
-1.0
0.042358538287992964
0.041087507697346655
0.04373068247933358
0.037290630181421314
0.04013649560357157
0.033402076745173606
0.04189446197617074
0.04109055085733646
0.04035863867013388
0.036085107397457634
0.03703363280314843
-1.0
0.047538668850623696
0.038729588608521846
0.04485888336933512
0.0345686119538393
0.04176389620125254
0.045048004501280096
0.0432360482514045
0.0415161132292751
0.04039820346862896
0.035228230770793505
0.03527471540124573
-1.0
0.036376456946768526
0.028580219070084536
0.021107607891377462
0.013952973928680638
0.017563563026209376
0.015826437422604263
0.0010298370076292618
-0.002002201587816963
-0.005810164824472491
-0.006521504241097905
-0.004473105962838167
-1.0
-0.003714598365852426
-1.0
-0.0030045658778629046
-0.014142724032226661
-0.025827166804905845
-0.030000325023839217
-0.03351280790708107
-0.024492819220745355
-0.02245929204444626
-0.019506295003622692
-0.021695428273947354
-0.0176054206626628
-0.010883469177508022
-0.007895858514770782
-0.006379250623779109
-0.007862106473623622
-0.004068811998595335
-0.004165641009182769
-0.017199277573810533
-0.03189044486157111
-0.03307543079959986
-0.0390273347733465
-0.03953938712406207
-0.04115785632983227
-0.03724635590496981
-0.038650197225080306
-0.035177670632283276
-0.03239338806575412
-0.03698124237919245
-0.040487023860437676
-0.040070446454082094
-0.04331168795290784
-0.04221061029350313
-0.03944897185336395
-0.04263833294202218
-0.026904790713738806
-0.029420862041160702
-0.013121735250217294
-0.010522089608157774
-0.006759887712254221
-0.01452827480778696
-0.03929607302611917
-0.03849617221079695
-0.03847463044206683
-0.04032348657227583
-0.036210137243069415
-0.03509131258820968
-0.04110809669325556
-0.0411082798916608
-0.04026037278672601
-0.03984270738874869
-0.039317832095123774
-0.04388936878835706
-0.03912949625329933
-0.04240018774227592
-0.04092649386347391
-0.03807401272363523
-0.03789907965591473
-0.03802787517168788
-0.04520110477147544
-0.04395194965749828
-0.04186079018679954
-0.042308224788693616
-0.03963900592595442
-0.01755912593546779
-0.011988955930958308
-0.006632195652782202
0.0030362331204904
0.017895144917291862
-1.0
0.015429930901711499
0.00019047128092256193
-0.0067618725350104625
0.012623154188829425
0.008362747168932368
0.013695897205282753
-0.005073186577948249
-0.016033485819516184
-0.021259596145052368
-0.022307615166463023
-0.02318003285106566
-0.03196053075115126
-0.03418032087874269
-0.03845753337816182
-0.039012521987220834
-0.03856742000486958
-0.04170774387839629
-0.03833283816552922
-0.016147843422150296
-0.007496599819552032
-0.008474719750499921
-0.002973390597272368
-1.2320230733990828e-05
-0.008094972774598076
-0.029401471346290384
-0.03611583622487945
-0.03290013023865612
-1.0
-1.0
-1.0
-0.038389537718081415
-1.0
-1.0
-0.039936847968767224
-1.0
-1.0
-1.0
-1.0
-1.0
-1.0
-0.0332592810924492
-0.038117072364857486
-0.03542369276394192
-0.03807713666089874
-0.033979514090878016
-0.02936481365952834
-0.02546484000012032
-0.03496779403444543
-0.03230901514411861
-0.028243903089035006
-0.03179929525948061
-0.035234932929526404
-0.038548790600650085
-0.03825464123799974
-0.03647260271482116
-0.03851466196512608
-0.03580117721320905
-0.03294179715322349
-0.03479985732114384
-0.03031291394380768
-0.03149060123876302
-0.032942853051129754
-0.029157075766313465
-0.03413431552792878
-0.030707118303738942
-0.021692947567778228
-0.022468993378476253
-0.020886841917455025
-0.001533484718441447
-0.016848322525085915
-0.027804635343037783
-0.039360310716746824
-0.03991787705742454
-0.040587324532242466
-0.0358762292637062
-0.013692153701201354
0.0014233488872912538
0.000652237031963782
0.00788992447175272
0.0069357261435783945
-0.014138560159712892
-0.01874360157607394
-0.012608117933590433
0.0017071866735847536
0.011921801226544496
-1.0
-1.0
0.007157283762826733
0.008666242860535951
-1.0
0.0176046240263461
0.01912912492459784
0.01636751136413026
0.019878624341624556
0.012226934807556709
0.007703091550750155
0.005450733476985245
0.0005225666205963773
0.000743876038338841
-1.0
0.015714268945655308
0.010962086408480743
-0.018433812217463628
-0.03447892515980159
-1.0
-1.0
-0.04148825357473928
-0.03709653856274031
-0.03816231820500569
-0.04228676732656938
-0.03594042067482751
-0.03709860996216184
-0.03602789887491284
-0.0360415479657479
-0.03690005223177488
-0.033812799718907
-0.03428281229604423
-0.03553237310544628
-0.03663938343037896
-0.031848811779974534
-0.03550557549116509
-1.0
-1.0
-1.0
-0.03259732002234744
-0.036472418494467716
-0.03664519683504042
-1.0
-0.036363229444767914
-0.03136958198715576
-0.03516427799411526
-0.03749173062583631
-0.038727569074331114
-0.03578599714441334
-0.03619057208534181
-0.03408170599672968
-0.031880320893633504
-0.03789533618102973
-0.03992258129632417
-0.037169790304866175
-0.03723478954965252
-0.03767799786268092
-0.03675422680468239
-0.03606773425297201
-0.03267930734001349
-0.03140252109033631
-0.018577276302480034
-0.012527711055130947
-0.02322966542381484
-0.037630936506531244
-0.041591863220253565
-0.03923613341892395
-0.04152448527406431
-0.037747752543178616
-0.03449107814150106
-0.035149237230203245
-0.03251229764358388
-0.03425926528527712
-0.02404042302317306
-0.022702539790266013
0.0021551052098459094
0.013388741449953024
0.020002994601543478
0.018951386452640166
0.019548090107051524
0.014275372952993024
0.013729678636041966
0.020845256262082515
0.02314524183221074
0.014009911875852814
0.009625047252356071
0.0010114160474764518
-0.011455420655754552
-0.009540527615657
-0.011729563805558353
-0.009907062765389267
-0.02667153038841172
-0.030528612395013085
-0.03147234640431543
-0.02759065157450932
-0.028759672729553345
-0.033407848447611854
-0.03140781815491128
-0.03387852622257545
-0.03507627328296158
-0.029427688397824114
-0.03358961431840993
-0.030425172603484277
-0.030311068492169458
-0.026927935984338642
-0.019653113469011475
-0.02652502944977814
-0.0325580387950444
-0.034428905756119066
-0.035248787647125066
-0.036058239773621256
-0.036964673011926956
-0.03632858725783928
-0.034613103452852484
-0.030829411759250455
-0.023440474764781255
-0.02118604424337368
-0.023314224238957376
-0.020222390546211163
-0.021043151384216714
-0.030092786058529778
-0.03502963744179116
-0.03483537266762881
-0.03535134848265799
-0.03503688813862718
-0.03313793790008256
-0.03794723773722533
-0.03698173823447942
-0.029124736691777443
-0.023222389347586248
-0.011346650672481721
-0.015506341504224383
-0.011030527267437178
0.007915499493292186
0.004233002695314523
0.021602947167763484
0.028627650688533603
0.020163301835303883
0.02072433527097321
0.022698740909230908
-1.0
0.017513566962555543
0.008336019184033431
0.015187919488296708
0.016689167960658276
0.00772613888331588
0.0027879517071429287
0.008979971514019578
0.0020376027094357167
0.0049676508049551
0.004485966736037615
0.004089124756382819
0.0012764105913401643
0.0013064146303413474
0.008473655889137446
0.01907553618862412
0.014720878606147705
0.018989808183039306
0.008302331407223473
-0.0036931862299924177
-0.01614261776595551
-0.018247480397859655
-0.01259499240975775
-0.01012561056710176
-0.009802659634471068
-0.009051043866163507
-0.007466302958020026
0.0003761332867752801
-1.0
0.023016203085278596
-1.0
0.031002306706573647
0.027692150556523857
0.030198108250282244
0.03373004209884234
0.03273241492189837
0.03131221614371863
0.024683781654878906
0.013280240711511538
0.012026505797729969
0.01184920704510585
0.006618003504577922
0.009371807069347501
0.01225025767410305
0.011328059981186342
0.009887024063336382
0.014765324052608563
-1.0
-1.0
-1.0
0.02031129435299469
0.018182267890211958
0.014957830416874072
0.003745399727284049
-0.012788589868878066
-0.010930624899797473
-0.004058340060077752
-0.00955029525718019
-0.007619519843548072
-0.025336624858562418
-0.027097414921847546
-0.028521053285150637
-0.02840372201254508
-0.02838418072782392
-0.030721780110257304
-0.02632283327478838
-0.020977848395882098
-0.014949720875468296
-0.013576479404114015
-0.014259074120813814
-0.008260388463887422
-0.010829805731254244
-0.01968616333060118
-0.020136565889205028
-0.022482747544344688
-0.022696844055614764
-0.024526020638722605
-0.019363152949218736
-0.014245798552371956
-0.013475588769068255
-0.014998474382009753
-0.005987531966515425
0.024567904215736215
0.034070037164686366
0.034151233638185535
0.038084987498761505
0.03144779794297758
0.037889892756304534
0.035654796301598186
0.02792568034826318
0.022127664384493335
0.02303702826921859
0.027636465752974296
0.03097848061638157
0.03415831916758441
-1.0
-1.0
0.04316931959373533
0.04211796701487999
0.040388032946473286
0.04494246799288743
0.04217178914952321
0.04209884232442892
0.040684873926334346
0.04393476649115914
0.044406152807867895
0.04277074631065625
0.041274344027042775
-1.0
0.034363766578937714
0.03989215082154664
-1.0
0.033139497668123824
0.034703016998436295
0.03102233752247601
-1.0
-1.0
-1.0
0.035683845738799715
0.029032533056519386
0.02354368730414129
0.02086948386268392
0.01799549662616539
0.01900610522580761
0.021348950003932665
0.0149933928124948
0.014759693295544314
0.029108915998382362
0.029353552908787838
0.02980954552388715
0.02671467808975264
0.0174402506317315
0.012237363398009207
0.018930248019499073
0.01906675717514283
0.027747681311468604
-1.0
0.013862470071683784
0.014397216860785505
0.013821666383141374
0.018688128230632716
0.0377811586865901
-1.0
0.02358995030150267
0.019210542569742025
0.027662966322226788
0.031075770519119996
0.014716768008297727
0.006988733610577742
0.010773064228239967
0.006779768286134191
0.008761835088787327
-0.009153194601999537
-0.015313061176276717
-0.009719284329149501
-0.006734038475263347
-0.017145375599797688
-0.016182671363176363
-0.019298035336105815
-0.020693857565597096
-0.01405409203891288
-0.0013029067622690326
0.005093546937794591
-1.0
0.008853388725421312
0.014237092527928279
0.00957678997221042
0.005479939424502493
0.006699577316248488
0.012424526334178027
0.0017674932576998918
-0.020612023398644392
-0.030405254071779433
-0.015231210992014837
-0.019340872107798394
-0.01721831125301651
-0.01387983116215622
-0.0019643566852734764
-0.005928785503745194
-0.019013297055006224
-0.026334180152655404
-0.030307157545827586
-0.03149863562526762
-0.028454553131374093
-0.026159055396855292
-0.03361387764957107
-0.03551550410846233
-0.03757951826432663
-0.03622157123390883
-0.03707509689570552
-0.040801575761433534
-0.04054239322158422
-0.0364985747354875
-0.028299420854550162
-0.019639357931689087
-0.018497722215508036
-0.005465068600635468
-0.0012854652743510152
-0.0013225254292808931
-1.0
0.00020503580008634497
-0.004165508144932611
-0.00900135191991334
-1.0
0.004207346097008544
0.007597584362011507
0.011382587988954114
0.0114755311885709
0.014433725765654515
0.014448969380287786
0.012131144443071151
0.019396019678317465
0.025280250676134954
0.02787403745662942
0.03072227102563151
0.03073083081176642
0.026380304326808587
0.015913941188183314
0.012071303252873922
0.010779413080360973
0.015493683582282333
0.012523891703644891
0.013438706561329257
0.005210251556971647
-0.0176725757274646
-0.03100656500548683
-0.03179377665823511
-0.03235448292166789
-0.03267393492513088
-0.030237715540091224
-0.03417050813997028
-0.029260525470925076
-0.02889562130417537
-0.01528594264056585
-0.01251822925733567
-1.0
-0.0223131734896825
-0.0189728978884529
-0.024389854052339007
-0.02268571171251578
-0.02280184489288013
-0.01724410853998663
-0.01895007821117136
-0.01819405157761775
-0.02357514332660465
-0.0238007890041199
-0.03245140644370125
-0.03282303596758822
-0.031936156922516
-0.0361730550019604
-0.03112473755307247
-0.02828409465498913
-0.033294105827363626
-0.027453886996910034
-0.01925847982830608
-0.021854837398858493
-0.018088303579613715
-0.020333599370723387
-0.030853986644918677
-0.029356154769661705
-0.03259066882851875
-0.03516098540171792
-0.03377457590081085
-0.0327907811430158
-1.0
-1.0
