-1.0
-1.0
-1.0
-1.0
-1.0
-1.0
-1.0
-1.0
-1.0
-1.0
-1.0
-1.0
-1.0
-1.0
-1.0
-1.0
-1.0
-1.0
-1.0
-1.0
-1.0
-1.0
-1.0
-1.0
-1.0
-1.0
-1.0
-1.0
-1.0
-1.0
-1.0
-1.0
-1.0
-1.0
-1.0
-1.0
-1.0
-1.0
-1.0
-1.0
-1.0
-1.0
-1.0
-1.0
-1.0
-1.0
-1.0
-1.0
-1.0
-1.0
-1.0
-1.0
-1.0
-1.0
-1.0
-1.0
-1.0
-1.0
-1.0
-1.0
-1.0
-1.0
-1.0
-1.0
-1.0
-1.0
-1.0
-1.0
-1.0
-1.0
-1.0
-1.0
-1.0
-1.0
-1.0
-1.0
-1.0
-1.0
-1.0
-1.0
-1.0
-1.0
-1.0
-1.0
-1.0
-1.0
-1.0
-1.0
-1.0
-1.0
-1.0
-1.0
-1.0
-1.0
-1.0
-1.0
-1.0
-1.0
-1.0
-1.0
-1.0
-1.0
-1.0
-1.0
-1.0
-1.0
-1.0
-1.0
-1.0
-1.0
-1.0
-1.0
-1.0
-1.0
-1.0
-1.0
-1.0
-1.0
-1.0
-1.0
-1.0
-1.0
-1.0
-1.0
-1.0
-1.0
-1.0
-1.0
-1.0
-1.0
-1.0
-1.0
-1.0
-1.0
-1.0
-1.0
-1.0
-1.0
-1.0
-1.0
-1.0
-1.0
-1.0
-1.0
-1.0
-1.0
-1.0
-1.0
-1.0
-1.0
-1.0
-1.0
-1.0
-1.0
-1.0
-1.0
-1.0
-1.0
-1.0
-1.0
-1.0
-1.0
-1.0
-1.0
-1.0
-1.0
-1.0
-1.0
-1.0
-1.0
-1.0
-1.0
-1.0
-1.0
-1.0
-1.0
-1.0
-1.0
-1.0
-1.0
-1.0
-1.0
-1.0
-1.0
-1.0
-1.0
-1.0
-1.0
-1.0
-1.0
-1.0
-1.0
-1.0
-1.0
-1.0
-1.0
-1.0
-1.0
-1.0
-1.0
-1.0
-1.0
-1.0
-1.0
-1.0
-1.0
-1.0
-1.0
-1.0
-1.0
-1.0
-1.0
-1.0
-1.0
-1.0
-1.0
-1.0
-1.0
-1.0
-1.0
-1.0
-1.0
-1.0
-1.0
-1.0
-1.0
-1.0
-1.0
-1.0
-1.0
-1.0
-1.0
-1.0
-1.0
-1.0
-1.0
-1.0
-1.0
-1.0
-1.0
-1.0
-1.0
-1.0
-1.0
-1.0
-1.0
-1.0
-1.0
-1.0
-1.0
-1.0
-1.0
-1.0
-1.0
-1.0
-1.0
-1.0
-1.0
-1.0
-1.0
-1.0
-1.0
-1.0
-1.0
-1.0
-1.0
-1.0
-1.0
-1.0
-1.0
-1.0
-1.0
-1.0
-1.0
-1.0
-1.0
-1.0
-1.0
-1.0
-1.0
-1.0
-1.0
-1.0
-1.0
-1.0
-1.0
-1.0
-1.0
-1.0
-1.0
-1.0
-1.0
-1.0
-1.0
-1.0
-1.0
-1.0
-1.0
-1.0
-1.0
-1.0
-1.0
-1.0
-1.0
-1.0
-1.0
-1.0
-1.0
-1.0
-1.0
-1.0
-1.0
-1.0
-1.0
-1.0
-1.0
-1.0
-1.0
-1.0
-1.0
-1.0
-1.0
-1.0
-1.0
-1.0
-1.0
-1.0
-1.0
-1.0
-1.0
-1.0
-1.0
-1.0
-1.0
-1.0
-1.0
-1.0
-1.0
-1.0
-1.0
-1.0
-1.0
-1.0
-1.0
-1.0
-1.0
-1.0
-1.0
-1.0
-1.0
-1.0
-1.0
-1.0
-1.0
-1.0
-1.0
-1.0
-1.0
-1.0
-1.0
-1.0
-1.0
-1.0
-1.0
-1.0
-1.0
-1.0
-1.0
-1.0
-1.0
-1.0
-1.0
-1.0
-1.0
-1.0
-1.0
-1.0
-1.0
-1.0
-1.0
-1.0
-1.0
-1.0
-1.0
-1.0
-1.0
-1.0
-1.0
-1.0
-1.0
-1.0
-1.0
-1.0
-1.0
-1.0
-1.0
-1.0
-1.0
-1.0
-1.0
-1.0
-1.0
-1.0
-1.0
-1.0
-1.0
-1.0
-1.0
-1.0
-1.0
-1.0
-1.0
-1.0
-1.0
-1.0
-1.0
-1.0
-1.0
-1.0
-1.0
-1.0
-1.0
-1.0
-1.0
-1.0
-1.0
-1.0
-1.0
-1.0
-1.0
-1.0
-1.0
-1.0
-1.0
-1.0
-1.0
-1.0
-1.0
-1.0
-1.0
-1.0
-1.0
-1.0
-1.0
-1.0
-1.0
-1.0
-1.0
-1.0
-1.0
-1.0
-1.0
-1.0
-1.0
-1.0
-1.0
-1.0
-1.0
-1.0
-1.0
-1.0
-1.0
-1.0
-1.0
-1.0
-1.0
-1.0
-1.0
-1.0
-1.0
-1.0
-1.0
-1.0
-1.0
-1.0
-1.0
-1.0
-1.0
-1.0
-1.0
-1.0
-1.0
-1.0
-1.0
-1.0
-1.0
-1.0
-1.0
-1.0
-1.0
-1.0
-1.0
-1.0
-1.0
-1.0
-1.0
-1.0
-1.0
-1.0
-1.0
-1.0
-1.0
-1.0
-1.0
-1.0
-1.0
-1.0
-1.0
-1.0
-1.0
-1.0
-1.0
-1.0
-1.0
-1.0
-1.0
-1.0
-1.0
-1.0
-1.0
-1.0
-1.0
-1.0
-1.0
-1.0
-1.0
-1.0
-1.0
-1.0
-1.0
-1.0
-1.0
-1.0
-1.0
-1.0
-1.0
-1.0
-1.0
-1.0
-1.0
-1.0
-1.0
-1.0
-1.0
-1.0
-1.0
-1.0
-1.0
-1.0
-1.0
-1.0
-1.0
-1.0
-1.0
-1.0
-1.0
-1.0
-1.0
-1.0
-1.0
-1.0
-1.0
-1.0
-1.0
-1.0
-1.0
-1.0
-1.0
-1.0
-1.0
-1.0
-1.0
-1.0
-1.0
-1.0
-1.0
-1.0
-1.0
-1.0
-1.0
-1.0
-1.0
-1.0
-1.0
-1.0
-1.0
-1.0
-1.0
-1.0
-1.0
-1.0
-1.0
-1.0
-1.0
-1.0
-1.0
-1.0
-1.0
-1.0
-1.0
-1.0
-1.0
-1.0
-1.0
-1.0
-1.0
-1.0
-1.0
-1.0
-1.0
-1.0
-1.0
-1.0
-1.0
-1.0
-1.0
-1.0
-1.0
-1.0
-1.0
-1.0
-1.0
-1.0
-1.0
-1.0
-1.0
-1.0
-1.0
-1.0
-1.0
-1.0
-1.0
-1.0
-1.0
-1.0
-1.0
-1.0
-1.0
-1.0
-1.0
-1.0
-1.0
-1.0
-1.0
-1.0
-1.0
-1.0
-1.0
-1.0
-1.0
-1.0
-1.0
-1.0
-1.0
-1.0
-1.0
-1.0
-1.0
-1.0
-1.0
-1.0
-1.0
-1.0
-1.0
-1.0
-1.0
-1.0
-1.0
-1.0
-1.0
-1.0
-1.0
-1.0
-1.0
-1.0
-1.0
-1.0
-1.0
-1.0
-1.0
-1.0
-1.0
-1.0
-1.0
-1.0
-1.0
-1.0
-1.0
-1.0
-1.0
-1.0
-1.0
-1.0
-1.0
-1.0
-1.0
-1.0
-1.0
-1.0
-1.0
-1.0
-1.0
-1.0
-1.0
-1.0
-1.0
-1.0
-1.0
-1.0
-1.0
-1.0
-1.0
-1.0
-1.0
-1.0
-1.0
-1.0
-1.0
-1.0
-1.0
-1.0
-1.0
-1.0
-1.0
-1.0
-1.0
-1.0
-1.0
-1.0
-1.0
-1.0
-1.0
-1.0
-1.0
-1.0
-1.0
-1.0
-1.0
-1.0
-1.0
-1.0
-1.0
-1.0
-1.0
-1.0
-1.0
-1.0
-1.0
-1.0
-1.0
-1.0
-1.0
-1.0
-1.0
-1.0
-1.0
-1.0
-1.0
-1.0
-1.0
-1.0
-1.0
-1.0
-1.0
-1.0
-1.0
-1.0
-1.0
-1.0
-1.0
-1.0
-1.0
-1.0
-1.0
-1.0
-1.0
-1.0
-1.0
-1.0
-1.0
-1.0
-1.0
-1.0
-1.0
-1.0
-1.0
-1.0
-1.0
-1.0
-1.0
-1.0
-1.0
-1.0
-1.0
-1.0
-1.0
-1.0
-1.0
-1.0
-1.0
-1.0
-1.0
-1.0
-1.0
-1.0
-1.0
-1.0
-1.0
-1.0
-1.0
-1.0
-1.0
-1.0
-1.0
-1.0
-1.0
-1.0
-1.0
-1.0
-1.0
-0.021145794952886297
-1.0
-1.0
-1.0
-1.0
-0.017030521586074352
-1.0
-1.0
-0.006613621426424423
-0.002227030481317017
0.004291306073380603
0.014123865258758205
0.01011052740310745
0.008626493632696805
0.01506035999915132
0.012800518050120752
0.015146366132518527
0.0070875997525595745
0.004006865267237836
0.0007198271114265349
-0.003506880357184944
-0.0003136949041320349
0.007830680033810277
0.005613055728259294
0.008677155448025768
0.008407822718086594
0.001226494767032989
0.0048406367860497545
0.0022757479320806013
0.009613072291313845
0.003765561668855361
0.00463824152423674
0.004482036506931178
0.0016874115181819372
0.0010181120472315453
0.004457835131158745
0.011753262440296758
0.010935827368918481
0.008896774135912673
0.010177208735930336
0.01082777487907241
0.014222665773073222
0.011935477757077874
0.00827665011251803
0.008188952600781587
0.014600822074865977
0.016866069568801573
0.017307476173600393
0.017994683074558926
0.010412335747422563
0.0124654336043117
0.013447169222972908
0.019551391834690582
0.0201679215155733
0.01906738043142366
0.01678017248657828
0.020107520899529323
0.012319904313426567
0.011663070010540516
0.00727057555692134
0.001573713002218459
-0.00015355694988295574
-0.0017470418695742572
-0.005957655739348058
-0.004646008285880988
-0.003333085275852385
-0.0005083376291792596
-0.0016244071685484688
-0.0027321627729237647
-0.0022329122771201485
-0.0003268875290655392
0.0028747321979578342
0.007989130661543112
0.011324828434946005
0.011541537392561042
0.005270325250395194
0.00333975068681278
0.0012439768757659855
-0.000345177393951523
0.0019654792401352424
0.0011819262532097598
0.006526453347533838
0.0071018809869742815
0.007415667000716375
0.003692130293327543
0.007641241010027223
0.004287659714380166
0.001550469274046547
0.004096611498976227
0.005514421862345106
0.007672568261380977
0.01018096147792048
0.008394984752134299
0.010579849711811503
0.012831712433600003
0.01142193877547065
0.007583288148924842
0.004505960374600544
0.01247291598495246
-1.0
0.01824152953605296
-1.0
0.01673895984332182
0.016725789061258593
0.012607935908657142
0.020227756307680336
0.01532618550449198
0.02013177424067614
0.016092037754841193
0.01823549345136642
0.018847215101197357
0.021144972506023797
0.017653000945780647
0.01445239767954264
0.024477950210594453
0.01912137811221662
0.021958419397474224
0.021501138847035254
0.019918149937045854
-1.0
0.022640659592553642
0.016203983414319237
-1.0
-1.0
0.015397306195832284
0.012908501864020209
0.010783081330373418
0.011480289882113984
0.012440550072243041
0.01805618200147142
0.01572086045287564
0.010299033141289103
0.011453426879061037
0.011376567006065198
0.009208379121302925
0.01165359162511289
0.007509055443036767
0.012073327704856371
0.011471327105377486
0.015498418235157555
0.010427932999350907
0.008189708614327555
0.005751610052529311
0.005422720554430066
0.0002998668682914257
0.0014467260391519015
0.0029039559728411463
0.00014011377403459613
0.0035744713731492533
-0.0038709008366457054
0.0032079554373274717
0.004419219992049762
0.0009268362201170341
0.0032152929978825112
0.00424386665294687
0.006022087770443175
-1.0
-1.0
-1.0
0.01186130387799273
0.014977862308180864
-1.0
0.018959204881902073
0.02229278803163488
0.02181846299388834
0.020966147780483484
0.018643342574179378
-1.0
0.019657596763254473
-1.0
-1.0
-1.0
0.020178627199038315
0.01703803646188929
-1.0
0.013498473985727533
0.003920548694202546
-0.0015458094299726371
-0.007854560283505235
-0.007950838919925634
-0.009060976545617971
-0.008805789317574723
-0.008018466857400914
-0.01225649930457682
-0.00898988642217994
-0.009246105217580661
-0.00832426118132941
-0.009066041322501411
-0.006137942472320877
-0.008972992124983696
-0.010131036381263636
-0.012946218466650563
-0.012314644579404494
-0.010924975013509402
-0.009900431500636027
-0.010385841330398611
-0.011459490489749225
-0.0008964299301538229
-0.008089544379026611
-0.006324539742738086
-0.011338209152489948
-0.015094327989055946
-0.010380830548919183
-0.010126888232165425
-0.011123885735816576
-1.0
-0.014420867062939402
-0.015982305466998203
-0.017927732754135343
-0.01731231797443541
-0.018130143009369583
-0.019120783274882737
-0.013279907547503491
-0.01284393930926915
-0.01632697693192961
-0.01898604169330083
-0.02056020193383392
-0.01756691200879693
-0.017479943803032885
-0.021694147887434075
-0.02707607726980291
-0.021075877879730143
-0.02178061809327016
-0.02359011040571591
-0.025159646868305137
-0.018957200610071976
-0.016011717658456947
-0.022845502641698955
-0.022867529950503823
-0.01569682958661009
-0.017070641565874605
-0.015920471971082522
-0.014716939247469253
-0.011057720434660323
-0.012500262496628351
-0.006653936235807131
-0.008887815534813657
-0.013215236320932322
-0.012919110771822825
-0.011897125676383161
-0.007963106910859679
-0.011643898584371572
-0.003956582753567631
-0.0011753939921740736
-0.006967073765463086
-0.004993540854084781
-0.009637870377435407
-0.01486407346508799
-0.014121991847567681
-0.013080000297830569
-0.013346555322756642
-0.014821686210398238
-0.013700037269298877
-0.01148270123936765
-0.012547786672220647
-0.008615514977853414
-0.009982573285057998
-0.008514692567166592
-0.007040459628099063
-0.0049094474674294545
-0.00611165928073741
0.0015986951060454042
-0.008530376959408873
-0.01010555533962008
-0.007150583080949
-0.008433984144594618
-0.005266368218004446
-0.004818403459817491
-0.0005232788304975171
-0.003974711585894145
0.0021597904343376995
-0.0020241380273570146
-0.0023926576875614135
-0.005392179832884921
-0.007504182978408091
-0.009769758962453606
-0.009198698020891969
-0.010924063791188132
-0.012919278745820556
-0.011144898082924666
-0.012809876994135435
-0.01786507633887175
-0.016167350647158393
-0.012168488595238355
-0.006844569563718052
-0.01230818709434219
-0.009880098786214968
-0.006953493352637244
-0.008015965296759048
-0.007036007040599443
-0.007987664125490686
-0.009163632993185823
0.0028623717310354664
-0.0037325657534135366
-0.011981897718883854
-0.008488980731936132
-0.009507241187233917
-0.005817094294481487
-0.00797377967257647
-0.01106678370244879
-0.013301278056896512
-0.011870010732705836
-0.012454278653732123
-0.009300231437039088
-1.0
-0.006439227625886472
-0.012228326844633673
-1.0
-1.0
-1.0
-1.0
-1.0
-0.016214324226927476
-0.016909010655350856
-0.014962414240638648
-0.01641641043311449
-0.02256085396543658
-0.020354767716358215
-0.01600873150348929
-0.02092022881767914
-0.018403755132495193
-0.0161909819467638
-0.019910116513119816
-0.017025786287512275
-1.0
-1.0
-0.018957926241332038
-0.01878881936754163
-0.01828367878224262
-0.01755309169039365
-1.0
-0.012831716721180553
-0.015909676836963475
-0.009880210853379466
-0.01501080038301693
-0.01818011958531273
-0.017103808824948545
-0.023044070815146405
-0.01527543917008943
-0.019442562206937266
-0.019018200579016237
-0.016842160057991284
-0.014958022270665929
-0.012972148409060835
-0.012500251542719082
-0.015316174504577021
-0.015341418930922687
-0.012935445794266424
-0.009239319585914117
-0.015712800390393213
-0.020374883225099668
-0.01893402697465881
-0.01901006670119755
-0.01692643774985794
-0.022900268682279644
-0.020111996413016368
-0.018765499867728064
-0.018152738763022227
-0.017338582812851926
-0.015109635041059402
-0.018092283655543877
-0.014473515262670222
-0.01651136259923659
-1.0
-0.018602102095008143
-0.014917315531580863
-0.01281307877928252
-0.007873930276448672
-0.010240816412908728
-0.013349319367975815
-0.014280772782862805
-0.01154477364120337
-0.011816838568544109
-0.014308642283152895
-0.009769916838073142
-0.004786371033580184
-0.013934383091912196
-0.013574870140832675
-0.01056767016747125
-0.006846581568727114
-0.008296031161979469
-0.004708983411896953
-0.006023242163847186
-0.006706499799997715
-0.003896847588382532
-0.008120867142755957
-0.0021111402868277934
-0.0024177893319820404
-0.00360851483507779
-0.00809677430606417
-0.007657182597762608
-0.0079404878534969
-0.004364443911957404
-0.0010996533128676722
0.003856640427206679
-0.003510718368224634
-0.00773010029833566
-0.007973673927821513
-0.018227219572525044
-0.0193692126017143
-0.01720801056760416
-0.022052577667143247
-0.013288732900728293
-0.017068279435787998
-0.016059037182252517
-0.014168345526857995
-0.006511088165931593
-0.007060599607400669
-0.006625772268627371
-0.00880468091997932
-0.015546056563565676
-0.012814357539270689
-0.014313620242553084
-0.010770221430765177
-0.01197830316426553
-0.014263008157902324
-0.012888292097854958
-0.0094873244695783
-0.0056123276162711785
-0.0053598502848482285
0.007271686636436919
0.010690447437931124
0.011975725314198604
0.010188771582584301
0.010037610667879053
0.006634949856485985
0.003519770303761007
0.003153615249086161
-0.0035503551274617645
0.0010154538260254877
-0.0030727301531304077
0.0010727592173604484
0.009402585169890967
0.006867710651025415
0.014446563307099057
0.015769660488573065
0.0176113268719928
0.016920695647557226
0.019495345614995517
0.014944415387242574
0.0159818617074052
0.017904819601511416
0.02005887148062098
0.015712096191330207
0.014804372595750277
0.017222522683039705
0.015312622966464032
0.012940909210580281
0.016439122909497436
0.020166013985362122
0.013415730801028059
0.015529886515397434
0.01179490410787552
0.011569198929683198
0.012483547380991075
0.007603354885162525
0.00506230837045824
0.005150005401365494
-0.0020224843688920295
-0.0004810129397457134
0.005983634562221892
-0.002547594161389838
-0.00047448722379415383
-0.0005900820071537651
-0.007315406584112748
-0.0032040479975110523
-0.006185415688130457
-0.002570468439135814
-0.0013567057784536467
-0.005215792953505343
0.0005612256943125552
-0.0005256005860980041
-0.0006078204956768117
0.0006499659021773906
0.00032716961604899517
0.007417951839006677
-0.002140675452973962
-0.0010637225480782375
-0.00012958683549176104
-0.0012462836476645636
0.004702091161128495
0.004705528022074658
0.0012108759827412295
0.0051993040853968156
-0.0008763621306378404
0.0019401089071808466
0.0003823593292621898
0.0020174604045550123
-0.0015174569841814797
-0.0040331658279710225
-0.0055964246943607885
-0.0016156733643457033
0.004969752521314985
0.006161263587743628
0.001983849590760965
0.002066988448916596
0.0013979164890340116
0.0021193741333982996
0.008887933120326178
0.004896753536524346
0.003139625395299785
-0.0044489429362752145
-0.001118955585110923
-0.005246035518799679
-0.0028348773439318374
-0.005325626232888301
-0.006099142295993341
-0.006381603853540223
-0.004216382089088396
-0.008417763950777113
-0.012795985808586662
-0.007048309206219417
-0.010920495855164325
-0.0035555030302195844
-0.003060800809479353
0.000675480723252899
-0.001849634049599572
-0.005344848621386349
-0.005052637175691114
-0.006234597985881768
-0.0069806572714058365
-0.009699965511540763
-0.00546167447879615
-0.00694003823545447
-0.005493800212419242
-0.00472407727463337
-0.008101275736750955
-0.009233958603238647
-0.005669347420930676
-0.011095632635466276
-0.011133173210239744
-0.005190344037838911
-0.004176837194281631
-0.00492715767908568
-9.223805587745054e-06
-0.0009011754752111391
0.0024765626447282385
0.00656155193598708
0.004113636678941533
0.007563413745017021
0.00969443773348675
0.005667541106752654
0.004337210125361516
0.00923076339436478
0.01025180425202202
0.008108820319717817
0.0018152743159612823
0.0052874213520634735
-1.0
0.0025490347666116925
-0.0030133091313123994
-0.0008907124155752312
-0.0011108062843119433
-0.0057254854514047875
6.725371363302149e-05
0.000724925052773321
-0.0003894575249240995
-0.004455994489002413
-0.003046038321460656
-0.0041475974740653055
0.0009665692049240411
-0.0030538086085036818
-0.008628304782548312
-0.0069461598741645475
-0.010814316465797518
-0.010063235220837803
-0.008509194821267507
-0.004317746055742831
-0.004051285973715395
-0.00420587462862612
-0.002166703641216228
-0.0017781527243495973
0.00024427594156618024
-0.002244420132014984
8.284149958018781e-05
0.0066513855547024455
0.008355045248413816
0.008230978533040112
0.009282454759720468
-1.0
-1.0
0.020199863829109276
0.021640305572317668
0.02244020403310117
0.023210208945459394
0.023273285621436282
0.024541625401284017
0.018611570768908604
0.023864383600646293
0.02760014087489049
0.01994181837184338
0.02307045391953888
0.02108367275218655
0.016812117641315592
0.021443889641041138
0.017702070579147054
0.018617343924146625
0.02371199762005061
0.01621526329113914
0.02008380662726865
0.01834112073480571
0.018137327222073382
0.01811248690420702
0.015537632704485988
0.019351771578143898
0.013655823124104008
0.021462265362150398
0.01944712307617557
0.0199127452113257
0.02488485390443327
0.019518212645584065
0.02174745026500977
0.022342463072127408
0.020991582391245885
0.01811956611636794
0.010552814587067263
0.006970150823327979
0.0073997203189725205
0.006594645886952318
0.008646016996510577
0.0071451910622402
0.007799747348134363
0.00910742942901768
0.0057264356481678685
0.0072800069440768275
0.015817656617912644
0.009074766079786892
0.005623750555647976
0.009245148294632043
0.010349597466720864
0.012650794115709216
0.003551543334728762
0.0066071956377407514
-0.002854151824653173
-0.00959004012391649
-0.00882289362005981
-0.01218921304980881
-0.01516961050204633
-0.01467263939994455
-0.01090720308523824
-0.009135071397091897
-0.011071282131068628
-0.016463365450565873
-1.0
-0.014031014830905247
-0.01012481390792358
-0.009896257549438367
-0.006385010271909581
-0.009899901545012909
-0.00271156794593231
-0.002225408904529965
-0.006033151642313009
-0.01077807050125754
-0.012093322866599579
-0.00786771173418958
-0.012257617590721984
-0.012289644123103537
-0.005417245313610145
-0.0030097596296731906
-0.0033003776014792576
-0.005474949842183453
-0.0036563499775952514
-0.006794191128915562
0.0014541176300913797
0.0018889894499460372
-0.008228592142017885
-0.004251892940673019
-0.008016641887511772
-0.004406402183949402
-0.010111783121006327
-0.0037063390771045913
-0.007887101277614376
-0.006562737816221889
-0.010139469994254715
-0.008169319151633072
-0.002948439009699496
0.0034047302816047264
0.0019281055467785797
0.0016976697216063768
0.007589625865164175
0.0008056873509951566
0.00441834882835087
0.004828481247034534
0.00256077704637766
0.0055415904694788
0.010521890788176304
0.01132007859476167
0.008168076387172124
0.0061231259156111694
0.006406523238416632
0.0055808203556914834
0.0073045510709051934
0.004108079609591789
0.0031359080148256947
0.0033862408552969626
0.0040023311770478725
0.0010749733201460357
0.00010440842615873832
0.0004169798144655166
-0.0008018704042910569
0.0024345327996888075
0.005644019962919482
-0.003866917247909722
-0.010551633714117714
-0.010019381494031051
-0.016246905304350072
-0.011367341563641928
-0.008209765463169202
-0.016812350372634743
-0.01072932964408648
-0.015671978831381085
-0.013949112802867139
-0.007507063913629461
-0.0038676604020204948
-0.0075457435879685
-0.01513725034470773
-0.013254503906198962
-0.009323384121023928
-0.007908570481702099
-0.005132341542545681
-0.010400516037213672
-0.010840994489773643
-0.006921038870242601
-0.004142152932580515
-0.0028427487318269736
-0.0022700800345822614
0.007114995901745506
0.011080055914457548
0.006601565320157233
0.009016060562965597
0.008059051456505352
0.0045523594804484984
0.011179696447160666
0.011224460051904073
0.008397216949628344
0.0017228140437808477
-0.003265985839086727
-0.004114272169086133
-0.0018158976932681524
-0.002370945175951217
-0.0012828693413253409
-0.0020188286515301548
-0.003746595220368053
-0.005088624720546995
-0.007367671107021115
-0.011157455630724919
-0.003994060170233818
-0.007206704325616619
-0.0009899570918745087
-0.0036919267671767413
-3.091239017423291e-06
-0.00015565226313058058
-0.002912664107767517
-0.004844176823537668
-0.004970310170336763
0.003885591785783356
-0.0006739984741726001
0.0027266450517746243
0.007121572020426281
0.01032610442251553
0.014678999227914687
0.012853867443053892
0.011013405590645935
0.01315832142359718
0.01540157977160744
0.015872529358763696
0.0026822641777875075
0.005979703271500848
0.01122085613384
0.006070223438385983
0.002464764890416208
0.0035597481773573677
0.011951496811566821
0.009634784408391502
0.00744208819144565
-0.0051424390459050805
-0.015663745921801177
-0.021386468117974653
-1.0
-0.02224298588295138
-0.026081587542473708
-0.02358294889453595
-0.02816145088695263
-0.028151552514722386
-0.025569045391482307
-0.02900646653917448
-0.026617156179440733
-0.027401428413398418
-0.026726213256181956
-0.026997045945548016
-0.03329002329589341
-0.029962527429745072
-0.028894899957444393
-0.03181533242661482
-1.0
-0.02960083664039404
-0.02544054937556482
-0.028046496863139113
-0.0262238067232873
-0.02734206456253398
-0.028989889948628098
-0.02598110822821785
-0.03202970667184911
-0.02853821921134324
-0.023243382927387264
-0.026541311698759014
-0.026105733639400105
-0.03037507780403615
-0.02955074854694971
-0.026480662013589347
-0.025738464373709097
-1.0
-1.0
-0.025869131083570786
-0.02867860743399863
-0.025990349551692087
-0.02579832111167996
-0.026327381409602425
-0.023497672295342845
-0.02550046113970863
-0.021540660625525773
-0.028374581417155858
-0.024109679445588245
-0.020333105240573517
-0.020806551317089847
-0.023699579519155453
-0.027285581816926995
-0.02663394781665647
-0.02845310993967921
-0.025415048951301127
-0.023546877024679995
-0.023434223145004467
-0.024593910461160426
-0.02303777018101118
-0.024596133621449016
-1.0
-0.02482542902713581
-0.026564202175311802
-0.024679302933629518
-0.02663732600379542
-0.0246862089370706
-0.024956759195507338
-0.023452849878258516
-1.0
-1.0
-1.0
-1.0
-0.026396668406785104
-0.025041826797322354
-0.023248387940809453
-1.0
-0.02457638243567829
-0.025723263741539534
-0.0244644170088477
-0.026376176939436034
-0.02444200373747824
-0.023784663089020826
-0.0241429680793972
-1.0
-0.02646756056391196
-0.022362445915358437
-0.018680069429415427
-0.023641179502167185
-0.017896958913209738
-0.01675929900107738
-0.025104487898941794
-0.028248573449547024
-0.024057736855141842
-0.022007495471551293
-0.017473200098550946
-0.024743722097153486
-0.026279826324454705
-0.016582747100203944
-0.024555552498521795
-1.0
-1.0
-0.01831790531838327
-1.0
-0.024670624933556755
-0.02695718631838573
-0.023591579317125164
-0.02063802341819797
-0.02353114061013169
-0.02010475897320171
-0.02144427220648328
-0.014587216999664275
-0.011798159381282878
-0.021684727141766873
-0.022412081331159225
-0.02275552104887475
-0.017838616468983413
-0.021597222785164207
-1.0
-0.024979377267533142
-1.0
-1.0
-0.0256280419681371
-1.0
-0.021848789048988515
-0.024064941403152608
-0.024538933819576236
-1.0
-0.023290013143697216
-0.023938644737101143
-0.01888261109146738
-0.021722565551871516
-0.024407427313265232
-0.020680096086929643
-1.0
-0.027089519331943597
-0.023659485021668737
-0.020787148563774727
-0.0319218767308203
-1.0
-0.02350622226800271
-1.0
-1.0
-0.02620114540739746
-0.02736243463584455
-0.01971441766161281
-1.0
-0.024131297039833983
-0.02389770192230465
-1.0
-0.02815246882119386
-1.0
-0.022466662541513298
-1.0
-1.0
-1.0
-0.02320644116337602
-1.0
-1.0
-1.0
-1.0
-0.024867025169252446
-0.019274532786132163
-1.0
-1.0
-0.026905254675287163
-1.0
-1.0
-0.02713426925205394
-0.027929057516441008
-0.024375012861791227
-1.0
-0.025751509717509218
-0.02055892108218348
-0.021452504560279924
-0.021349581780868203
-0.02212242887790109
-0.026259011711781296
-0.026911002168221582
-0.023946020551215752
-0.024004783627517054
-0.024406702579430662
-0.028281699283771222
-0.02593348054552869
-1.0
-0.027420088142808736
-0.023064300332497546
-0.028851403555139453
-0.023883727005116553
-0.02329402172015556
-0.02553926351922555
-0.025234241895253876
-0.026483479626203857
-0.024083237799818524
-0.023112819947546194
-0.017973694968767075
-1.0
-0.023169032912149456
-0.025253967422183984
-0.024631140245067483
-0.026775218910744716
-0.029492856149075312
-0.023073903858441065
-0.024984467507635284
-0.026761052114232364
-0.02934517250696791
-0.026347676479349
-0.02355837122505595
-0.02991696334458549
-0.02215935407512178
-0.023739045703335817
-0.021527259343614272
-1.0
-1.0
-0.028858927652762188
-0.021319551361570196
-0.024385504330229034
-0.02027607128713381
-0.014778569948368172
-0.0014356970878246955
-0.001994136700235245
0.003438175095343776
0.008506522802821902
0.008457558578996492
0.006787833093812414
0.0029974471519772583
0.006056522396876489
0.015464800693939731
0.018528029467458972
0.009834778296036403
0.00691811950508465
0.0097743963822662
0.009946369417210039
0.010611729457345639
-0.006571898855763679
-0.017006907799798767
-0.0205482592354233
-0.02307698116571499
-0.021260065623791756
-0.024708315413767216
-0.025926609164414593
-0.028286979835144194
-1.0
-0.02528220550455204
-0.030525402551006164
-0.02848882396762778
-0.02592902226100794
-0.0250851572376683
-0.023354656604015967
-0.022747744730200595
-0.020674158978459256
-0.021734935974786717
-0.026740486584746884
-0.020618369460498553
-0.024277534719980794
-0.026106602663235567
-1.0
-0.022331396789562717
-0.026338303917721892
-0.021991293195763116
-0.02399655040806582
-0.026775992413656087
-0.025694620892312413
-0.02019428028128352
-0.022064403955213887
-0.01582202917151452
-0.018017337176377903
-1.0
-0.01586648123486562
-0.01364369169635136
-1.0
-0.018313253981910246
-0.020620218083632406
-0.01653893446027691
-0.021040159778396426
-0.017550443130985947
-0.01607878142446535
-0.013277329854084958
-0.021577281328995578
-0.021502472172772045
-0.02294143200836906
-0.021385459428502607
-0.01946901646013767
-0.018937502959932778
-0.0173890034231098
-0.017669539563983226
-0.008104301576899849
-0.007080569831854226
-0.015016626881904293
-0.02167369123736744
-0.01941832610026403
-0.020828643351908815
-0.01892218303431286
-0.02187763067585092
-1.0
-0.023544111675914765
-0.02383878303715065
-0.016765612393403077
-1.0
-1.0
-0.016866878308488997
-0.016623680617577775
-0.00995198962310025
-0.014587796046910517
-0.014539989387641094
-0.016234283983511275
-0.012008303299934558
-0.012390712661708355
-1.0
-0.012251183405921563
-1.0
-0.004877311406592455
-0.0036815908760656608
-0.0034328125120581645
-0.008677416118994459
-0.014097493535278267
-0.02052579771685022
-0.01234654110233566
-1.0
-0.011736058853780835
-0.018553248069980096
-0.021625420432048556
-0.018977697995851427
-0.020954591329990137
-0.02541288619110135
-0.023722182990915865
-0.027356903368634316
-0.025886441483703417
-0.023746904909605543
-0.02395712430911653
-0.024330339094709937
-0.023953741040009042
-0.029606569333722882
-0.025631744346751188
-0.030940926149223384
-1.0
-0.02781263451349332
-0.02962916267015483
-0.024159165005838593
-0.022768470109294926
-0.023626175149603277
-0.020290476914736864
-0.022937872868781423
-0.022609623256959418
-0.02466611060963152
-0.02866353900545281
-0.027042135625246676
-0.027967003177393663
-0.02664751232631472
-0.027995678674406384
-0.02598268959734376
-1.0
-0.02782445309304819
-0.02651097739409402
-1.0
-1.0
-0.02796054519313626
-0.02908301771793919
-1.0
-0.030681022001279326
-1.0
-1.0
-1.0
-0.029409191917661663
-1.0
-0.03648530561585376
-1.0
-0.02940080118537547
-1.0
-0.03022557674735597
-0.030557299848261797
-1.0
-0.033163957142483734
-0.03515437619679059
-0.03212080150709846
-0.03346322739211657
-0.03012332463425922
-0.03398282357288067
-0.03302591786343674
-0.029630246943310685
-0.0331838376142784
-0.02795359423546208
-0.03315191086808931
-0.03525050558038645
-0.03483248468311014
-0.03714083147175965
-0.03047157601139623
-0.034465750942197525
-0.032674053595236834
-0.034835459425690156
-0.02828455243879107
-0.03345700921086386
-0.03445572658480131
-0.03173817355767586
-0.02826788180604589
-0.030976958407417567
-0.02651765395215077
-0.028005375612612602
-0.022615986933574975
-0.021948932478313095
-0.01988881127579581
-0.016049142144886303
-0.007987919114085744
-0.005967266698126161
-0.006553430406475465
-0.00645030567445223
0.0014493652922286024
0.019415649886856994
0.025723745308554518
0.0267505599137405
0.0279436193385536
0.02787449872212865
0.02044439923375036
0.018311135165444282
0.02762140147322283
0.030527538227084417
0.025993169238475288
0.03596304097557432
0.028839576168809666
0.026374106802320104
0.030718130105667717
0.03349413171603628
0.03350916478452394
0.03088688418827829
0.03307173941871215
-1.0
0.02786630681716807
0.028728180063238757
0.02834696857218537
0.023239327460506765
0.02576468201358746
0.025366347984762835
0.02729191242210184
0.026581173873250766
0.02438662104156705
0.025022600312433307
0.028224187816200234
0.029707413532173876
0.028418066380841246
0.03234713967386656
0.02813069054366265
0.027175363379902163
0.02437852960352883
0.03175252851509338
0.03504108292515561
0.02578376722952504
0.01982116929918967
0.027302414081971853
0.022745186125731988
0.024861227752731106
0.028025166028763274
0.02526741574998923
0.02271781190380281
0.02664391862149296
0.02860688601223811
0.028853095871389105
0.029709185822860657
0.02336976150647835
0.02154013298239332
0.018216801255121536
0.022297692309266856
0.023608818876033926
0.009498058312834288
0.001506531902661754
0.0015443446795082112
0.00496138843436634
0.003271053684447596
0.003812786991887375
0.007107539975089502
0.004708402936933903
0.003640360244367141
0.00675135583302945
0.004946777418636657
0.016389071043873812
0.008756136800314583
-1.0
0.010275770341169709
0.011733128000600909
0.012852713916044176
0.019638878467877298
0.018577780522320717
0.02161480441021716
0.017220164181877967
0.01708237482107222
0.019025368960811116
0.02165125490652051
0.017956207398283783
0.01625686269541922
0.021283214239082894
0.019310917675545547
0.020295467466574135
0.01821923457752612
0.011609310620828569
-1.0
0.0031320264823177795
0.0031282135792285895
0.004806220829574741
0.007407348568021471
0.005616372820348678
0.006698322194104972
0.004245210286486778
0.004084149832065077
-1.0
0.013816897852635224
-1.0
0.014862388143062347
0.018141598480551923
0.005113801159453437
0.0027045317519947044
-0.0007813229573840941
-0.002450612470425491
-0.003583138318606311
0.0004015233745902981
-0.0009895042576199813
0.0029171097096778722
0.0009553185917676415
0.0021270982665607535
-0.0009244762073885273
-0.0028446333275135697
-0.0032077360604604054
0.0036117325330219836
0.0007432674782821351
0.0036770669031300812
0.0006509788397496242
0.005500911249157425
0.008165441984871078
0.006090382431804395
0.005167234660237521
0.0025995383071345034
0.010718030947612839
0.016679997396082353
0.020114462800652644
0.02396276328120393
0.01910585211330601
0.019563970403080368
0.021105813218619443
0.015564358953598338
0.022956659162885192
0.023094087326585654
0.024620861979939
0.02167541221036229
0.02066332355735685
0.01248155059366747
0.0087550994585455
0.006611659132083787
0.012577103254408629
0.010378494061159909
0.010507299525938913
0.008611188889504217
0.010883901459140055
0.005261721492275757
0.0027420803307577064
0.007803261637300846
0.0069980968588208665
0.005083139027677838
0.007886246173727154
0.009915796378652017
0.007216069683401826
0.012116847082188978
0.006423109724568943
0.011122320080360643
0.006326446030952501
0.003520573190724073
0.002752439934357701
0.008429063894879648
0.011791792007963047
0.006668281055814269
0.006246889129033853
0.001296955439801644
0.009824962373699933
0.00964922500871011
0.007011048163765724
0.011006118991080033
0.007960839950724993
0.008159052485325516
0.006616745687342586
0.00927413747674422
0.017366543334305203
0.015816368470797273
-1.0
0.01430713694182259
-1.0
-1.0
0.014866714583692452
0.011855859115272552
0.007381497604273352
0.011043717993664215
0.016858087857830995
0.021811828701560756
-1.0
0.02050017199528711
0.01835335346443275
0.014750595068009612
0.011525007379584437
0.011483748151717127
0.013956084089239781
-1.0
-1.0
0.01753461005721481
0.020841657452557453
0.026196775805885853
0.0268149619717362
0.027855514144825812
0.031866718172400964
0.031572717703426935
0.029135036248683487
0.032042857197974096
0.03341187855708614
0.03642267910623152
0.03764702109550944
0.03597270410421539
-1.0
0.03480645713779639
-1.0
0.031214453320947275
0.031337717817634635
0.03095159209060028
0.027419522118205086
0.027227647789885883
0.032537702707782085
0.02986843770953556
0.02679382473588451
0.02999916875174461
0.030328270364833352
0.033797509498984114
0.036291454664511016
0.029990058221802465
0.032694225355407246
0.03590379415103588
0.03012741180711411
0.030316616557269246
0.03026599932228979
0.029033402325485444
0.024984256889292587
0.025284029167258793
0.019537120893183938
0.02424838018003554
0.02424847511158163
0.0250970562703733
0.025894429541289614
0.017966945579635428
0.02344618386103797
0.017102156873499672
0.01629726352116243
0.02115155532170017
0.013461295330183467
0.02080534787676502
0.01980016339134254
0.013779366097016042
0.01750990343625053
0.012478035345771903
-1.0
0.013319462360391512
0.010361374591391066
0.009918130472173011
0.017850254170603663
0.010834454108938416
0.007919243671860546
0.004122138719102799
-1.0
-8.676904695635824e-06
-0.003049642468634738
-0.0006840158696120364
0.001429185290114425
-0.001120301072729158
-0.0023071144967371
-1.0
0.003092228513441312
0.011456612021696972
0.01151521722080065
0.015060657859287332
0.01411199099703934
0.010115385274993956
0.011322415769651786
0.009809385622394421
0.012073671695522842
0.014099568588207894
0.015851244219878033
0.009819116781649609
0.009644575678191594
-1.0
-0.0007208294681449234
0.008632177462879856
0.004164468138944386
-0.005293081094904853
-0.005441723039460832
-0.0017993358496147427
-0.0012461286718617609
-0.0036586216975932817
-0.0037282293571423626
-0.006819680846957254
-0.012791388140227494
-0.011754228871164115
-0.012945702732679741
-0.013732135801307496
-0.008110407368411902
-0.012411390814986227
-0.0150133300267828
-0.015090259999815404
-0.01890960532188988
-0.01901622778230331
-0.019617500275646366
-0.020073828134257846
-0.0173636308645088
-0.01828402136255112
-0.013670910046550647
-0.013979564227343883
-0.011073299448165333
-0.010842021343856435
-0.01502003242241627
-0.011395438248069741
0.0016818199780659034
0.0036787464765556744
0.007891599834653446
0.004540076061582734
0.0020537343004865603
-0.0005367594685950725
0.0015279671186820285
0.008640219975059316
0.006789593480079897
-0.004495131976622461
-0.01223147532510149
-0.016865687948342745
-0.01814286082097256
-0.021076369615413287
-0.020235232416421625
-0.024794738810735427
-0.022389853859910623
-0.02063902916216136
-0.023746974707961922
-0.022228678371830173
-0.019099563668327806
-0.010180003912517329
-0.015807526474624328
-0.018111638318112633
-0.020921759979473844
-0.020891408286205164
-0.019988501436618945
-0.0199832859583304
-0.020107190690298326
-0.022000754976685452
-0.02131023075565654
-0.02229319543558212
-0.02097246739248183
-0.018537132053649038
-0.009885664028375856
-0.007479682554871408
-0.005036430856040271
-0.0017725066739064487
-0.007272041505826507
-0.0022061023316525636
0.00402544607106879
0.01674553853522033
0.02296233134916489
0.02387432712152868
0.028077508469540352
0.01799579766374847
0.0174158460491738
0.008905403458012714
0.016170795997763773
0.016029803836914533
0.009108080059156977
0.006705644451378736
0.003071862307213892
-0.000759013953663316
-0.005302891438888681
-0.007722434508702453
-0.008803109129829633
-0.00918412444115614
-0.00889970349528815
-0.012268586023821793
-0.016983331620550823
-0.007382977942532444
-0.0048377855509311755
-0.012634873824298105
-0.012305681136454352
-0.009737502156526542
-0.014024211785687512
-0.010721931680014434
-0.01556149955574526
-0.018285393791724232
-0.015730426747217554
-0.013076157204265542
-0.014383729438667978
-0.0069216840945920165
-0.009113803237494151
-0.006859672123877035
-0.011421765117405239
-0.0049780516398388345
-0.0007566098082993181
0.0033016646270227984
0.01119029393065111
0.013006154832301062
0.015937404774222837
0.018329427524703956
0.018160814733465876
0.023643585236075182
-1.0
0.014105616725587317
0.008042267296934715
0.010201280659803162
0.008167278766884925
0.004415619358731417
0.0003212101276138644
-0.004325493663328421
-0.010129008482099728
-0.009718348809170685
-0.011137388397623078
-0.01275711110202749
-0.014923388885504252
-0.00972960156446224
-0.014491460025293822
-0.013971522986339873
-0.017247240005665295
-0.0057923107200530425
-0.011014211582905106
-0.015572815835016034
-0.012048491011207575
-0.009206395803678383
-0.014312873440611242
-0.015849506181483567
-0.012792279994479816
-0.013348373772384329
-0.012841523948449705
-0.015989975392213824
-0.014269585350644504
-0.008975119263955675
0.0010873431287354224
-0.0008442417037390434
0.0027928807279080656
-0.0011162484904009315
-0.00880732001774296
-0.011014722057339119
0.0008301924140561053
-0.0014288688585555407
0.0008234106118081931
-0.0064981300043095895
-0.006446252550018155
-0.015171214701765785
-0.014487281918937365
-0.01836402560357885
-0.013092918561858737
-0.013918312986342673
-0.009659349932547502
-0.00644048461813247
-0.007758298759619559
-0.008141798200293014
-0.00445648418773076
0.0062255147683425854
0.014847931893375979
0.012641308256025463
0.004642952764302741
0.012320214976855905
0.013071924910027783
0.01670851479782252
0.01667172943763152
0.013882395490751643
0.01198675247616052
0.010863296773780305
0.011835173233238025
0.006498552243116815
0.01077711490275212
0.018004634367231067
0.013564686423834136
0.013132111686008776
0.00973455464398154
0.012393445603377276
0.02134379323888932
-1.0
0.014376062023520894
0.019754072826618205
0.015613521037967525
-1.0
0.011548446960867103
0.014640608703071363
-1.0
-1.0
0.03026081081229912
-1.0
0.025640970269066986
-1.0
-1.0
-1.0
0.027468702040178837
-1.0
-1.0
-1.0
0.026013530212121296
0.029430826515609645
0.02430221744147797
0.027068396994024975
0.025478653963329136
0.024833744845688028
0.02568649275677176
0.021081436118159366
0.018741060515454207
-1.0
0.003430104075007693
-0.0034656236318313257
-0.007747299464649662
-0.010421123883751349
-0.01285572659525807
-0.012343061877770565
-0.014376307148581352
-0.014640031135820663
-0.012316230772903567
-0.012435191546072526
-0.008521637921398607
-0.011028954968575309
-0.010174294351001405
-0.010028030199720822
-0.011667626633408477
-0.014496814447854597
-0.019871040635434777
-0.023309043486255558
-0.024282272210245745
-0.025292840263926072
-0.03020396487751417
-0.029167319642628708
-0.02421580238786523
-0.028669222618997244
-0.03221494988351088
-0.02852729050502668
-0.03246364423166655
-0.029688679267857843
-0.02436479035151473
-0.0354349447889637
-0.032753329101126535
-0.024701519874444838
-0.022824889235447517
-0.028330232884058858
-0.02347571233732387
-0.026840074198015294
-0.02517159629883505
-0.024766860981733845
-0.019787614742927808
-0.023929670693982576
-0.018953858666584767
-0.022184922436113048
-0.01952587201278082
-0.020417243615055973
-0.020061728811825552
-0.015392511959641919
-0.020898193628549163
-0.015342407993514825
-0.010592788617733585
-0.01642492335025852
-0.012119512887338686
-0.0118799520818477
-0.0028200155654666587
-1.0
0.018942352424365132
0.01912436279797958
0.014627000778889366
0.009215137180558448
0.0020099217622138363
-1.0
0.006415325749749987
0.011152919446222816
0.015524681100486264
0.015387584654244897
0.014250087203103244
0.016127067924059255
0.017539504123438816
0.015079494760115678
0.019047041343583832
0.019578276023997768
0.01788787731544087
0.02148666017610984
0.018627544052412147
0.017899466160623878
0.017610310552579105
0.01691911955503131
0.01475842208819095
0.012663454611168048
0.015183599675262059
0.012837956443773899
0.021603035083673765
0.024006660842264452
0.023348591498538615
0.02354265927456949
0.015881665403132142
0.02040064810636466
0.018836820919281586
0.017602389194491145
0.015273597853046288
0.024236691340255048
0.02272457133596905
0.018406278607586864
0.020396385496356487
0.021433630820307196
0.021262695491973925
0.023686631677685286
0.024806991678209836
0.023246538485270786
0.02068702559080675
0.01941336209531089
0.02117585387144972
0.023872945030054396
0.027378639694653574
0.029238959336346546
0.03144114286883471
0.024429913788376164
0.026518007172156455
0.029296466040145765
0.028412043928528256
0.022808438036371496
0.01907572481274772
0.019808341437440247
0.020478529568241
0.02056313393129362
0.02373743966898603
-1.0
0.02067222587177384
-1.0
-1.0
-1.0
0.012796948599986433
0.014773558495059614
0.016249205059147506
0.01935769171997647
0.02137703494253398
0.023364698706797603
0.022182061473100496
0.01736700006799084
0.01963566352998286
-1.0
0.016715905684286752
0.002836211463359518
-0.002483086666401061
-0.0010866515360337292
0.006513142901547984
0.009958177585029994
-1.0
0.00847929984787332
0.0042636747340497145
-0.000860049025536692
0.0058339598124807785
0.0016802869424497602
-0.0005890606472554067
0.005945845482897044
0.0032272745626844503
0.0022710122557293463
0.00021305539921606537
-0.00042909815901206186
0.0004276995334108842
0.0032915623782023436
0.005964800501832618
-0.002123564064058435
-0.00402796497407504
-0.003700054480096603
-0.0018669033731468455
-0.006700366960334141
-0.002999744775682344
-0.005793293578620713
-0.0030290039693604796
-0.004632204748155035
-0.004692369374702662
-0.009672734825508927
-0.010148029606733066
-0.013498945328091594
-0.012037043833520547
-0.009178880568919195
-0.013910981493702129
-0.016162153181813663
-0.013336126578886007
-0.012745200363065189
-0.009680121067063462
-0.012154074630969952
-0.015044591869741298
-0.021435903981240487
-1.0
-0.02252375182525771
-0.020502729686254408
-0.026009412901961935
-0.015763254005912466
-0.016354678456790304
-0.014778084024080079
-0.011137241032293053
-0.014539288528794549
-0.014725703944342696
-0.01431419731026534
-0.007073600716480706
-0.000828947496575962
-0.004959521976941962
-0.0035020803367893983
-0.011284782965988501
-0.0048996074138795784
-0.005820648671260852
0.00018628309338313635
-0.005608243656781591
-0.010593157296637649
-0.008650740403487539
-0.009042182255367499
-0.0071017948225731795
-0.010498881312199872
-0.004538173864269396
-0.005198367636928339
-0.007850424935526451
-0.01198388079050297
-0.013114990851930597
-0.006084976399574543
-0.004483487125573667
-0.006611862029551699
-0.0032109286049993246
-0.008056354825441196
-0.006808971874339084
-0.007717271434188969
0.00016692235250911382
0.00039135549899186575
0.0038710764949761185
0.0018063614554657279
0.004981574275552768
0.010158179766732441
0.009765917752098435
0.011815336556632998
0.011702797441934153
0.02069027380660067
0.027367279291901733
-1.0
-1.0
-1.0
-1.0
0.021482611501098817
0.02318626428047591
-1.0
-1.0
0.02123236116994681
-1.0
0.029365785716979054
0.025866963029801363
0.031337684431859754
0.022680718669019537
-1.0
0.033816838472601043
0.03449425012188212
0.030627848818841057
0.024864226708847057
0.023645661136413292
0.022264141955156407
0.02608180304249834
0.01963318542564212
0.0188527595581238
0.017543651570849823
0.022248462730203523
0.018800592211080564
0.021349102186486536
0.01837241795519028
0.019221155036202434
0.021968839274855285
0.01980559587773845
0.020371699881473273
0.023796734955736133
0.024507436161901798
-1.0
0.02626803434450662
0.02284453195601621
0.027433640885042545
0.027208951743657835
0.027483935138573248
0.021963886190878357
0.02202010468504355
-1.0
-1.0
0.028718114934465973
-1.0
-1.0
-1.0
-1.0
-1.0
-1.0
-1.0
-1.0
-1.0
-1.0
0.029499460867533675
0.026556336232160607
0.029259042726001366
0.03269111178956137
-1.0
-1.0
-1.0
-1.0
0.030488894228852002
0.030596525021637073
-1.0
-1.0
0.02964567889071633
0.030382921070725866
0.028726759505728387
0.02555213899655796
0.02788492996644625
0.02317534499380368
0.02611298911462162
-1.0
0.021830551743808154
-1.0
-1.0
0.022817518207913955
0.026757837232828704
0.02113369710299374
0.02069150372206291
0.021762974237687572
0.016384807974749793
0.011538211216482384
0.014295094468246781
-1.0
0.016966479626396528
-1.0
0.0204622155475645
-1.0
-1.0
-1.0
0.01484731702391408
-1.0
0.005712373026352202
-0.002660881606737527
-0.003500561415875913
-0.0035613731888520265
-0.004363051589799192
-1.0
-0.0028477904957668813
-0.00658956056479752
-0.002274651716082929
-1.0
-0.0036534977372969014
-0.009806772807195331
-0.000935172931013204
-0.009413059698641807
-0.008525831687098268
-0.009234830240056528
-0.005265825609868464
-0.008733371121243606
-0.0029192047374063364
-0.006787746461157532
-0.003964416060501713
-0.0047279511294492415
-5.336908757059222e-05
0.0013377313547923069
-0.002563058368792735
-0.004079129519022228
-0.010609842852850687
-1.0
-0.009378623626734413
-0.009016671520140358
-0.0102907086353934
-0.002800210917146219
-0.000995165185795646
-0.002457855390300732
-0.004856764837032101
-0.0092743936928582
-0.005586928368572571
-0.009663423629560238
-0.006162604306420968
-0.007242683447756509
-0.008316669683303331
-1.0
-0.006416632172805595
-0.003589192748304135
0.003920126571621203
0.007827910143235518
0.002778120948677116
0.007124965951322422
0.008281627546256297
0.007533610311062933
0.0030826785653997645
0.0018185080286793282
0.0011735578390773928
0.0022673172970858677
-0.002230858802380466
-1.0
-1.0
-0.0059526173245979365
-0.006019393777914439
-0.008379782377814175
-0.0012105175184907258
0.002472656759369987
0.0025519923122350194
0.006959097919576557
-0.00039169661714970094
0.0027037112332923396
0.004427949407019094
-0.0015055748104777177
-0.0007714700494019428
0.00015047147685156307
0.0018067066847760464
0.0030499643001523306
0.0032053389291096523
0.0033663387080628483
0.00782620909978203
0.0042830572472619165
0.002544954403603821
0.0015344293523251048
0.0022153786987914375
-0.003332602861265796
-0.005700181200230125
-0.010348746694397887
-0.010629815070718971
-0.01129612294674906
-0.020929726727726687
-0.018322728461521477
-0.020085714802932687
-0.020970856170818286
-0.025846759302409556
-0.02626431090733746
-0.025294390844361282
-0.023194340493160336
-0.02682432049686357
-0.026410727813028344
-0.0289058298437152
-0.028475293077229544
-0.027792001313999268
-0.030300638652260646
-0.026938994664356015
-0.030156924556621417
-0.024205101748938668
-0.022792164615250878
-0.022447712442479822
-0.018059444854281563
-0.016051322110249306
-0.008709969944198037
-1.0
-1.0
-1.0
-1.0
-1.0
-1.0
-1.0
0.018433996555861542
-1.0
0.021962071352688194
-1.0
-1.0
-1.0
0.01726276234268027
-1.0
-1.0
0.0146431395450412
0.01791525887114228
0.023895567318227943
0.01870733317036055
0.021475678256287427
0.02746514695567064
0.028552044562588225
0.029925227821765953
0.030945681901788147
0.03303909750442641
0.034320418755280836
0.03351790271120214
0.033136202057760786
0.03095286461952196
0.027710070961331643
0.0304998075395854
0.03326463204323247
0.03379522408052059
0.031407127103415804
0.029704978465376
0.02782464710352534
0.029934250775002644
0.027105992019922476
0.029008959348974336
0.032374072396533664
0.029017941128322365
0.03247244792358198
0.02824765307939866
-1.0
0.022339826285110602
0.0321990886878713
0.030805026758474668
0.0283415319061582
0.027201240456529135
0.029047180507116556
0.033404099018455514
-1.0
0.03310718844574761
0.03489364915355998
0.03226279412596084
0.029592092260378625
0.026947762614446775
0.03220039350156846
0.030707849870284895
0.03448527753684552
0.03212762382338421
0.028142732275174224
0.028893276743888256
0.02604176575500864
0.030790178932825846
0.029299436364595827
0.026196545370137943
0.0310090269490049
0.025959513354968343
0.027393031368067408
0.032807757171609025
0.030627891145842957
0.03237544882409442
0.03193237320631824
0.024963252620218163
0.021008708960483118
0.029151562008691394
0.028617701029318477
0.023040907819794794
0.027321138877678074
-1.0
0.03388632016529084
-1.0
-1.0
0.034977954157083026
-1.0
-1.0
0.03363941904741461
0.03415102221220744
0.026587420852294565
0.023623246894374703
0.023572822610257047
0.028778129436574665
0.02849787181361949
0.02416965648883204
0.029726547449342063
0.028760744230578273
0.029396110791822902
-1.0
-1.0
-1.0
0.027962727351085317
0.029762339919051334
0.028236369730594565
-1.0
0.02643132814883542
0.026150286793554495
0.023563430977761958
0.029150386508509964
0.027103766075354124
0.03356743178294227
0.028850556429991302
0.026977969025936303
0.026353627066436368
-1.0
-1.0
0.020369048734622704
0.023652848257437686
0.024773476957888493
-1.0
-1.0
0.02134441117882153
0.026707229346029236
-1.0
-1.0
-1.0
0.02486490265620243
-1.0
0.0281578355079828
0.026948481543749285
0.0225655884624479
0.023087792742387665
0.022743471165996655
0.024762143383061624
0.025106841151369984
0.02914049885634017
0.027329081583871703
0.024475098302248293
0.02599611592682731
0.023370642611511578
-1.0
0.023480580828507958
0.017918345854621022
-1.0
-1.0
-1.0
0.0161255807868899
0.017034225926532125
0.017434575277000045
0.015578057541088
0.009248051893005576
-1.0
0.01124832680691896
0.00758724724960456
0.011438591001002233
-1.0
0.013939038189254589
0.010237908645102899
0.010524687924719205
0.007916871471462148
0.007112921389246024
0.008070807562672349
0.007944088578167295
0.00729082743060481
0.009342154507415233
0.007763084969713822
0.008032517775499631
0.007699331320038847
0.008980989557759392
0.011398297886058843
0.01733735170109682
0.011564825291935792
-1.0
0.02046925102844685
0.02053953698673194
0.02069253190266701
-1.0
0.01864320251117605
-1.0
0.028745538518830136
0.028149228518156443
0.02730444613894392
0.028465709200032732
0.03086670129536068
-1.0
0.02236715548790224
-1.0
0.01803139435550874
0.012071615926549628
-1.0
-1.0
0.015837529043743064
0.018722318505723205
-1.0
-1.0
0.01800115915947708
0.022606668140501728
0.02006407439493047
0.01585474940233721
0.022662072804565066
0.02266048773325465
0.023151073729471713
0.0229636013706691
0.027731761085287562
0.025640045004891913
0.029374383197857276
0.022937763894689628
-1.0
0.015105061948682491
0.023836032278353337
0.021241102831252422
0.02036113510264049
0.010952078888567114
0.007432690269988933
-1.0
-0.0016198044527229066
-0.006273123755181345
-0.0053910303484870315
-0.011701421243742828
-0.011512836469035113
-0.007368345180175941
-0.01352622130636233
-0.01623113786347703
-0.014928323715193665
-0.019418258946885838
-0.02010780427976441
-0.021045671921187066
-0.01899458947465052
-0.020481045422988176
-0.02083265984020087
-0.023182290864070646
-0.02214352865422441
-0.026912228789381747
-0.02118709144974045
-0.025248122723224384
-0.021319294716686307
-0.025579725765166098
-0.024714213385661772
-0.02244817346693709
-0.022500312618923705
-0.019465835808810485
-0.0205525481002811
-0.022304455358417116
-0.015367252340652835
-0.017174294230359093
-1.0
-0.016295295006353797
-0.015966890933147015
-0.01799214019960232
-0.02213808475639577
-0.018643925073609718
-0.020656053213640026
-0.020765736420132283
-0.02348327280239094
-0.01964778771650909
-0.019676755885416997
-0.014753808276828081
-0.013949113586369443
-0.00578559224631894
-0.006226108449649568
0.0009456971444407606
-0.008195815794988282
-0.00713133278787082
-0.010379948787274345
-0.017554452214979144
-0.019443392711530005
-0.01675704341744002
-0.018371648354171287
-0.02056566937840517
-0.015004047664332066
-0.021587551285202566
-0.01849673154398303
-0.012107365494421913
-0.01919840314266888
-0.014052186130676946
-0.01907635935532017
-0.011502162828091838
-0.01842817821216806
-0.02031995712855705
-0.020606535256218757
-0.023634023981992998
-0.024153352504152133
-0.022785682281945607
-0.023716375889902275
-0.022009195449222602
-0.022878000696071838
-0.026331148692557507
-0.02852762445153884
-0.028725823825433476
-0.027861295706842745
-0.02618194720127366
-0.022151800294851223
-0.023279695268494032
-0.0243053379671828
-0.02545990923638276
-0.02666362955016502
-0.028564228587108286
-0.022516185730739522
-0.0302245926020183
-0.026106196771775062
-0.03173820817534181
-0.024938872868234912
-0.021918206775282882
-0.018243563808395383
-0.020742465703917363
-0.025779042957940687
-0.027832044988481536
-0.026667582424096406
-0.02175165618035521
-0.018772635588268364
-0.01918238258536772
-0.0178991536970681
-0.017051845456474854
-0.02153568884991938
-0.018535633030652685
-0.017340191795271173
-0.01205352558343044
-0.014792942818569861
-0.009424846214812982
-0.01270705672847642
-0.012149309650585175
-0.01126519272895428
-0.007969689087680122
-0.002363607792931835
-0.0020202451568124137
-0.0011516502749692708
0.0053417552623305845
0.008416138001457178
0.0016874798148035419
-0.0071140007299194475
-0.004984058085619872
-0.0040166096542018
0.00056813764744607
-0.004050735539007928
-0.004860794820643262
-0.0022046472562969716
-0.006863776371340841
-0.008718970449023263
-0.0035171850191197335
-0.0029101765306122863
-0.013423912153595783
-0.013271598497925854
-0.018281048323848116
-0.02190205454337136
-0.021643935547837348
-0.020556251523191363
-0.016569311092740718
-0.01436518897531346
-0.0013896340124562616
0.0006986800667167522
0.0007961410620516295
-0.012273871212829716
-0.015497965995468911
-0.018119743364203866
-0.0199879837577158
-0.019856014164465953
-0.023952706581571725
-0.020442337943367226
-0.017002861364406995
-0.008939805578762361
-0.006927171460708678
-0.0038979680721214624
-0.009710438661014294
-0.01908010910844794
-0.026887444518015464
-0.03093260677644077
-0.03476631014958259
-0.035731624749817226
-0.03571818787682567
-0.03547319935565987
-0.034664244157835214
-0.034871412382882175
-0.03971156806093268
-0.037978711735473326
-0.03757216262367065
-0.033949932524174296
-1.0
-0.03291324874629164
-0.03751469976542941
-0.035345876985193016
-0.03575015158989944
-0.032719712391687875
-0.034586882601926196
-0.03407649899303851
-0.03205858132848885
-0.02894210947198162
-0.03657874110747079
-0.034041942691216874
-0.03451165338329615
-0.03166833860838314
-0.036821669973825334
-0.03511144091692365
-0.03255394880388275
-0.03341774910778877
-0.031918355866407025
-0.028992111882648594
-0.034362584471388645
-0.035835638622463195
-0.0340690640387848
-0.03206564538701431
-0.0338274435878532
-0.03547109137570704
-0.03517242823993
-0.03479146836188753
-0.03376976030036045
-0.030646127066560374
-0.03192469158696533
-0.03117043159096722
-0.03117634772483492
-0.02516800205046356
-0.024178942189982434
-0.027442619998150213
-0.02877660768518371
-0.0293876677273598
-0.025481697507939122
-0.028149508422757864
-0.02287203147361483
-0.027898920023000623
-0.029385376706818723
-0.02924491016474981
-0.0239514436612874
-0.03261697780679806
-0.030954462410810374
-0.025717664043786295
-0.029813257590382062
-0.027374041080212456
-0.029352818364976774
-0.025440379879015772
-0.023930764741325838
-0.021025877995189936
-0.024902176198593678
-0.021796171160609754
-0.01866373054644923
-0.014654293399605648
-0.01842225160523726
-0.015006681750646195
-0.016602828414882823
-0.015464104551734524
-0.01512112705175485
-0.016179929866796575
-0.013095700027961302
-0.014672339541394347
-0.012612390595713448
-0.013210537596200706
-0.015017072107577984
-0.01862947999207553
-0.01388992141952334
-0.01023305443443599
-0.009554073863905206
-0.006137497700939898
-0.004908416818190945
-0.008823573994855506
-0.004801945860539126
-0.005966740316765799
-0.0077365371902376094
-0.011355244569966495
-0.013737139497059597
-0.01146619829796202
-0.012411392993419996
-0.008670487738571266
-0.006278472645615194
-0.007205266569874312
-0.0011649509349394356
-0.008830639540514905
-0.004779100006716778
-0.0012085018685183602
-0.003063769321055664
-0.0038690574891380777
-0.004079062166894218
-0.006320097865896499
-0.004124058629826791
0.0038729103042526624
0.0042611085457832
-0.0036830404653682017
0.0032447493962179767
0.004063164254678513
-0.0026134820982557224
-0.0015441564232851013
-0.001280377161295892
0.00177823323242874
0.0021427150561891947
0.004451433669612914
-0.004442098172067747
-0.0073298245226107415
-0.006751246134004922
-0.004465391941532378
-0.004002313931023674
-0.0080329117418054
-0.008581843360911532
-0.005822308171844442
-0.004552164096144881
-0.002734460750593985
-0.004667544844675663
-0.004817096565115663
-0.007565145051318463
-0.004521784877472941
-0.008679133209327373
-0.004050072252510288
-0.004263739852411294
-0.000404459763602142
0.002980553663293862
-0.002077625173615953
-0.0028383655752547707
-0.00427151671601706
-0.003561867879440441
-0.006986678647641725
-0.007136532168621654
-0.0035310049974046965
-0.0020032377043655513
-0.0007477718503657926
0.005659946916078223
0.008096267009029077
0.007780800800701942
0.006380618393460492
0.004913538859594599
0.004013499673385016
0.00011790408937287579
0.0010384355021175106
0.005549651213444273
0.005797169323706747
0.008383198884622297
0.010495950989617073
-1.0
0.004185683044099151
0.007737363305404026
0.0025193791242106318
-0.004468666854723834
-0.008993599093988598
-0.01581483764039882
-0.015306380253400824
-0.01669524892830289
-0.015890969569527524
-0.020723558578963026
-0.020482342131444883
-0.021577819073203275
-0.018940142828419323
-0.026992512936240415
-0.022913797794548454
-0.023090698233935784
-0.02336876029025314
-0.024124261008715096
-0.020897606475733535
-0.021738378055920868
-0.019564497329041544
-0.021836457217745825
-1.0
-0.025198019386001254
-0.026438475270524397
-0.029111783602963
-0.027760595542527355
-0.03082129397506867
-0.0288017772970901
-0.02714476438556006
-0.028792598302977254
-1.0
-0.028823173623262893
-0.026885998451200443
-0.025639189335712312
-0.02955421922588164
-0.028943089810098643
-0.027932735564612603
-0.028136639529524558
-0.03129910574746973
-0.030770543885263343
-0.025680291849070776
-0.027981819585689485
-0.02538393365537609
-0.03273947302540578
-0.028153759848576508
-0.02780803197918891
-0.027510532587706457
-0.027411335382961255
-0.030324469397182873
-0.03128510492849541
-0.03268754181009769
-0.03275903052112969
-0.027413309190956987
-0.027749059273877396
-0.03191322893901783
-0.030677841414727663
-0.030265374375220856
-0.03063201530576361
-0.02719785827910283
-0.03238706006247948
-0.03265309115891325
-0.03278136599557481
-0.030702307266594998
-0.029917926364450037
-0.03126513477724098
-0.02980060639142161
-0.02828104941745981
-0.030907380591539902
-0.033510557517183924
-0.03024607810152788
-0.032025764204381926
-0.03158739354718658
-0.02931614631533597
-0.028774712499490714
-1.0
-0.031056717998462362
-0.032123141636994534
-0.03368713982690452
-0.032202023756561046
-0.03351643070826239
-0.03558954277696785
-0.032918171584918075
-0.033060716079379354
-0.032393524184932423
-0.03093782406512263
-0.029736582753192953
-0.027753990175841667
-0.02984645731269536
-0.02914643669834226
-0.029764551475105257
-0.024235221318570845
-0.026465457018749427
-0.025509435247162093
-0.021114594822099514
-0.021205729373147176
-0.01383807161835909
-0.007899683180078106
-0.005779496359274229
-0.01331949325967716
-0.01656480060408854
-0.018110510040902732
-0.022332680879490325
-0.0170116303773045
-0.01860381887765364
-0.015333407520215723
-0.0145172096040894
-0.012736626693127993
-0.01829144815146354
-0.017568708012096135
-0.01694059162606792
-0.012220182010500081
-0.009054997716771563
-0.008800837471620467
-0.0016260188254621332
-0.00606782090782039
-0.004449790574345274
-0.0016922712943608297
0.004674043919905177
0.001756298513149233
0.007342516565052653
0.010277546696043532
0.008435734326937961
0.007547977858124454
-0.0023473391094882283
-0.004981344208315337
-0.005287026672548145
-0.007426888133039206
-0.005571318539758276
-0.005927976315631864
-0.0015594120165435973
0.0029062309040280886
0.0003222545395805237
0.001701913781823277
-0.0047201009405699835
-0.011062418548292369
-0.009809985745596595
-0.006073625428878259
-0.00039707187990574433
-1.0
0.003241409317209462
1.5776733091473725e-05
-0.005484175896735755
0.0008660355281128922
-1.0
-1.0
0.004918410830835245
0.007579157156099864
-1.0
0.011847530193977824
0.010600869934533791
0.008490230664817182
0.01091508626037149
0.007274597393877456
0.011580071587401753
0.010963832740158804
0.00876655285132402
0.009040940722828215
0.0036442347874247293
0.006091845745174598
0.007503504556167523
0.0053726375701263415
0.0050993977235405845
-1.0
0.0007989139434426012
-0.0025957867796011025
-1.0
-0.0018571813878222078
-0.0032537443024778724
0.004288536508745653
0.0030859481325285205
0.002077746537009249
0.0028652309022821365
-7.404547731754692e-05
0.005126220188306257
0.010934004344668624
0.01630263853926291
0.013848665927222167
0.01235925005536778
0.012240846880209058
0.01135969509863861
0.005624773847189494
0.006696616840033139
0.01044164871512423
0.0083963987159469
0.0066279723141671664
0.005002451862659519
0.00518715786063284
0.008663171501100006
0.020099495718022817
-1.0
0.01665090884873604
0.014127845963306778
0.018366712973279187
0.019421599792298346
0.02262406362602317
0.02038447418599994
0.020781986464215335
-1.0
0.018980902218944763
0.020880804710127782
-1.0
0.021432435459366916
-1.0
0.025350044119943398
-1.0
0.01929695766304844
0.022347502181988478
0.022809204047554873
0.020840016834918408
-1.0
0.019914565027141857
0.02392756105221501
0.020461906048567405
0.016102556235079207
0.01657514709957256
0.015090794553451928
0.01630101999366159
0.01794921371513325
0.01751538389904632
0.016612033919343537
0.018669281134762034
0.02015330775423146
0.022374006362231223
0.02215246767784876
0.019259171027325717
-1.0
-1.0
-1.0
0.021390745349354017
-1.0
-1.0
0.02245223285657708
0.02466699949332863
0.022286158665095274
0.017428011225587473
0.016719344715672716
0.02156079973837518
0.016412574334699736
0.006525695380671166
-0.0017107912270897436
-0.004486113568397719
-0.005798497781104496
-0.005108920749751087
-0.0019134071028346139
-0.003149505492205518
-0.004032458519922764
-0.005520094901196713
-0.004932788527807145
-0.002471847563811994
-0.004332548144915493
-0.0037340425185482125
0.0023091588596534907
-1.0
0.00016806549166497957
0.002773477414601688
0.0023190728677565096
0.00858315385485011
0.009847338769266065
0.005593071774847396
0.00961488311403351
0.009916073281943251
0.011980578978947134
0.009896109414832707
0.00523315913784752
0.0015171154073565628
-0.002363736808696465
-0.002034306057447906
-0.0019483452101041164
-0.0003064259543335746
-0.0037360238301411127
-0.0036077359554477907
-1.0
-0.0001914288214074132
0.002004784470673298
-1.0
0.005941769179635824
0.0075083507774829335
-1.0
0.011400039336164312
0.010973165077701175
-1.0
-1.0
0.009505621974925074
0.009680215808966426
0.006712241911933927
0.007702163912428008
-1.0
0.011230026047458687
0.008646247994763117
0.010846168311309204
0.007741156886269127
0.00590341077515259
-0.0015515566966678336
0.003473008649866871
0.006561279895285539
-1.0
-1.0
-1.0
-1.0
0.01293334575726647
0.012501034026769105
0.004292264758362207
0.01175624675558211
0.007361566665165586
0.003016274984726849
0.007782636120034831
0.007568142065810968
0.009069647098089455
0.011352493204118047
0.008060475212092433
0.010593944243467577
-0.0014196859224375829
-0.007173466871025143
-0.012333973694662397
-0.005829422569183234
-0.01002363569780594
-0.008533703235930473
-0.012208258313603424
-0.010357482760875801
-0.009411982596657093
-0.011820296658239759
-0.012579520266952407
-0.013462591827383123
-0.012285440647997537
-0.014392570037958552
-0.016017525845706846
-0.012042349782263463
-0.012153831933113722
-0.008877932764222904
-0.015198065430885333
-0.013433598525565402
-0.011311999563052877
-1.0
-0.005652916216407026
-0.0036508781118530604
-1.0
-1.0
-1.0
0.004273160185588655
-1.0
0.008674259017291379
0.006054904683556867
-1.0
0.0017009588067088447
-0.0010583630621821196
-0.007048374609186418
-0.011888362066641891
-0.012162092857718751
-0.014996099080511742
-0.01609698645900988
-0.01890509708425824
-0.01727299151944213
-0.013490675603808743
-0.015989845556186672
-0.011842372768504887
-0.01232065009659778
-0.012222762433046565
-1.0
-0.007073914045919039
-0.0061964616604287225
-1.0
-0.001675543437399373
-0.004611091010521392
-0.004399702957526909
-0.0032170265028409937
-1.0
-0.001364487685787371
-0.005387783041007202
0.0008313583766145134
-0.006634721391743112
-0.005774034394013207
-0.006947654106591315
-0.008137237263088942
-0.005269707152901282
-0.006904099108306864
-0.0031291059367768823
-0.0041671465638639625
-0.0006975395516720123
-1.0
-0.0021975443589390257
-1.0
0.0022285244616628125
0.005449869120338036
0.004807592766951037
0.006335932929815311
-1.0
0.006264310899101193
-1.0
-1.0
-1.0
-1.0
0.0035875447660014387
0.0032369902504085675
-1.0
-1.0
-1.0
-1.0
-1.0
0.017831357729534442
-1.0
0.0011686344049236445
-1.0
-1.0
-0.004920635321827833
-1.0
-0.002794480938277375
-0.007765525256311469
-0.0028860442260000858
-0.0072154901238336315
-1.0
-0.01026230134708367
-0.009524167284722074
-0.01046221195500793
-1.0
-0.007868531929331558
-0.006879281702935455
-0.008182342115909387
-0.001933251597911842
-0.0009687463622611461
-1.0
-0.0033740775719219235
-1.0
-0.0017107860302018516
-0.006181214698212189
-1.0
-0.001878223145624674
4.132253984767023e-06
-0.003646523785584077
-1.0
0.0030827408292905503
0.0022649818146339307
0.0029106856013931984
0.0031662592594173026
0.004779520104399977
0.0021460424141405456
-0.001931540616500715
-0.002648006167852117
0.003723111167756199
0.004442529653857132
0.003972993474697153
0.0012276867503298202
-1.0
-0.012936255795049012
-0.008973202072881584
-0.014372644831044007
-0.01271899693173646
-0.009525564338242799
-0.00606878641549387
-0.00651868775238905
-0.0024510093092053485
-0.004359791919853658
-0.0018571986883315372
-0.0062412756536385445
-0.013057905500837613
-0.014618112567199398
-0.01741589358192458
-0.013303192527891056
-0.02156808474207362
-0.022080505400871295
-0.02442602398422819
-0.021994079252716115
-0.018510187195381896
-0.022672987279231803
-0.02179247508404117
-0.020342498803821215
-0.02188731715227631
-0.023885641311758063
-0.021023954230378464
-0.021761880266258984
-0.020351459016309508
-0.024538479518369
-0.020749895475232975
-0.023411265740168413
-0.021588155688723836
-0.019422723360916664
-0.025456806438900404
-0.02061329524524389
-0.023207718634735156
-0.022748858916889457
-0.020408967206558114
-0.023008013331442458
-0.01911723051363088
-0.024229786389769584
-0.024361472639678354
-0.021628939786500323
-0.01997487599800339
-0.018342715084150446
-0.016743252886572007
-0.01820209665473504
-0.010737085652985834
-0.015135100680755294
-0.01970857520825081
-0.020894347421453588
-0.021634037625095776
-0.020066203639220223
-0.019983052516893106
-0.025089414783406098
-0.021484947330156826
-0.01517826143786264
-0.02037557428933518
-0.02239111068407656
-0.022591232438913585
-0.02388001980624462
-0.02309761521256404
-0.02573456492251351
-0.023103300386388994
-0.024902984991514273
-0.019010929113554124
-0.02091345643643739
-0.02133959494710686
-0.02428285098446862
-0.022447428062781365
-0.02117060701874235
-0.027987612542446933
-0.02502533024623572
-0.021957306980665846
-0.023755185985505578
-0.021179838726282485
-0.02446998008750869
-0.024426104535782783
-0.02143231460251674
-0.024158451418147504
-0.023237459423252803
-0.02310336542960008
-0.023363361015284783
-0.024457118808407757
-0.022154862691247636
-1.0
-0.023444935503835772
-0.023680094611495582
-0.023669749130258468
-0.01954861973709555
-0.020913561049880222
-0.021804369510652278
-0.020416884294655362
-1.0
-0.020470925715791306
-0.016835691018789126
-0.025857746761950236
-0.02295068956915833
-0.021151898095068726
-0.018321473875324578
-0.018042069652151268
-0.017666014953061294
-0.01586104510303037
-0.01329966373764258
-0.01105767094816818
-0.008761417726757419
-0.006346984328228871
-0.0009727778600869079
-0.001193618059482143
-1.0
0.0027851553428548167
0.00992511348092929
0.010510386105478976
-1.0
0.01795338575802521
0.020068476098265866
-1.0
-1.0
0.02339748401514661
0.025003260930419977
-1.0
0.021560740375129138
0.023090623646442075
0.017201599851463526
0.01790979385432195
0.027807675706961243
0.02319737517292715
0.02198846665615686
-1.0
0.01619612382214935
0.0171984722669305
0.024653998631148977
0.020695163628508473
0.019303626291699724
0.021318486438262375
0.019410950887171464
-1.0
0.0197594099479821
0.018625473095916414
0.02298578218162066
0.020774175196840144
-1.0
0.020020939900652374
0.018898740313994536
0.024318654395740633
0.019683276384614604
0.022577543560673662
0.022211706014788418
0.01898877945657399
0.020726629464576027
0.017846458835485256
-1.0
0.011741339715519368
0.015285868586025668
0.013544355556218385
0.008303032191620815
0.00930603683418667
0.0104300674326029
0.01246586082638653
0.009444763224991732
-1.0
-1.0
-1.0
-1.0
0.009637756559103669
0.010135057743918095
0.006294436287038304
0.005279144025802756
0.007659683986366855
-1.0
0.008344785616237249
0.00887637627297488
0.009629474729509263
0.009839963702935299
0.009443599233739735
0.008220897749613675
0.007504197847214535
0.012439092811820839
-1.0
0.013571689824424436
-1.0
0.010221039672949623
0.0017685594828701571
0.003923914840942549
0.0022774104826207516
-1.0
0.0013629894639737548
0.002020563968371126
-0.0015852896539970205
-0.0015732960195342992
0.0024190849226651805
0.0008267790795721372
0.00042056489024659146
0.0032001872678337545
0.0023190051669662983
-1.9685293179537155e-05
0.00522639580286829
0.003199833996515868
0.003486937975145664
0.007048166747916592
0.005105470201797499
0.008662836111392003
0.005212694988318258
0.007230701401091324
0.017208366667721315
0.010186252036638282
0.01740788289546277
0.015850768430061283
0.017984371205277277
0.018820613851153075
0.0148693554881018
0.016879381185075898
0.015816023490274642
0.020568291089746813
0.018077036252414424
0.022146689809963545
-1.0
-1.0
0.020121889941955667
0.018291654308911904
0.015988338648567888
0.01905228103355817
0.02166914551660936
0.019669012032275213
0.01835216110567171
0.018555650575796653
0.018661639693982275
0.019263615866602014
0.01971924433588379
0.02006137422861782
0.023005880851132577
0.015377430843548626
0.01533592941757982
0.01608648116072099
0.01908089610787486
0.01914715726977868
0.018945717425378913
0.015921921047115067
0.017638816078029636
0.021907933433754197
0.017742284269132543
0.01710139430474773
0.016978941670585758
0.015333333702026056
0.018288515123980775
0.013771454174356159
0.019232431436758766
0.01502454548483412
0.020034070952079916
0.018235463700551218
0.01834244160987773
0.012983098463136522
0.019680196050722142
0.01416039346178045
0.01752702233775437
0.016857729203040732
0.022025672302500684
0.020531418269467944
0.019950652069430114
0.019345886699334448
0.015554005551643763
0.019511908599823168
0.01247534319769593
0.017553793510338297
0.017851271695970807
0.015621616028250886
0.01744233811552642
0.019023422000411183
0.02120982849788927
0.021513463858320415
0.02294252887674341
0.021735601499997016
0.01931854716314413
0.019507763375337387
0.021091184520536575
0.02109686377042957
0.016113508826966223
0.021062789407293114
0.020623881210960322
0.022607971144911254
0.019161255880667243
0.019032211993008395
0.01956752693745366
0.023695144025618942
0.019226400371513
0.016929436349063205
0.014346924689531965
0.014410010123436665
0.01757466060541837
0.020345988657283053
0.019507405062845633
0.019257379826890596
0.01646016175970171
0.008831728735374201
0.009005589811582367
0.013022014112361915
0.009409413496998458
0.006216051610697365
0.011467771643545973
0.01268646591108886
0.013301405247712467
0.012036872353080513
0.008960855455445262
0.009775829789322546
0.010535510722806783
0.00668204560643898
0.00983120821658078
0.010206308130594017
0.006940391182929128
0.008120377053310307
0.006389415764642319
0.006727951918380721
0.007071724644014673
0.009086422533942946
0.005517864781600391
0.006540350873422756
0.00859051864002938
0.009953761393541946
0.014314741348174991
0.008143596239057947
0.009574044314589117
0.016533987380966467
0.019486563479556816
0.019124195378394836
0.018049465939788244
-1.0
0.024760504275256476
0.01979888148202296
0.02209873475501618
0.020323213012710294
0.017923555742861197
0.020119952473853647
0.022302934697050865
0.01722565012427283
0.024134325409709854
0.02195480419947737
0.023012697098434603
0.020378710788220095
0.020812323246580042
0.023076228689590642
0.017964574635210267
0.02019880229942693
0.024087034813116914
0.020705106360733236
0.02113277870242821
0.02280991258613812
0.019671741376478872
0.01977128777484053
0.01902259891381246
0.020980912927171264
0.021430526956741077
0.018597827144062936
0.02503839215339992
0.021975792630267308
0.02013696621566192
0.020829685568554333
0.016638739758134187
0.009956187544189367
-1.0
-1.0
-1.0
-1.0
-1.0
-1.0
-1.0
-1.0
-1.0
-0.01594684298681037
-0.018239531942453376
-0.015515872027783427
-0.010674397807310823
-1.0
-1.0
-1.0
-1.0
-1.0
-0.01940787021898033
-0.021412449754365456
-1.0
-1.0
-1.0
-1.0
-1.0
-0.01943744879105236
-0.024604391656666818
-0.026312403092230534
-0.026980310145743418
-0.024270961558594453
-0.02061935378005779
-1.0
-0.022943242704245408
-1.0
-0.022948626150377658
-0.02286683418803341
-0.024819550215030454
-0.02651172711381507
-0.020822514056260472
-0.022789838133331942
-0.023453354601483466
-0.022589497403399092
-0.02532014110153717
-0.021911957520566815
-0.024360962523186546
-0.022480316129220048
-0.021681284646956227
-0.020029191313968107
-0.017006743493503097
-0.018746340828989204
-1.0
