-1.0
0.00855795216390943
0.005465069348151933
-0.03937028741404892
-0.05989054858384315
-0.06844565399546784
-0.07308141751753125
-0.07108505147247729
-0.07926108082634807
-0.07409585959422652
-0.0693496392908059
-0.060694996221361715
-0.06779193088252965
-0.05897556838161688
-0.05563022301996582
-0.06393652796598488
-0.05361765856539324
-0.035991328403346616
0.01449821852852419
0.00863851396478279
0.033663814192880503
0.059052925452894874
0.05648721980562903
0.05132958753731868
0.05694838091911213
0.055934727217766184
0.040489336041471764
0.038388776782415486
-0.04940897014853293
-0.061939766899807604
-0.061448328603402116
-0.055223743852303254
-0.04499421783804008
0.04267641765587203
0.055518146035417826
0.06051214626084524
0.03920601985414309
0.028049568336613765
0.04536244945513928
0.06285968683433533
0.06073122894292379
0.06035877871459716
0.055196829527382626
0.050020967198241575
0.06342049290876112
0.028347887306063375
0.04075246023952721
0.05851465463793363
0.05753772252578536
0.06081083805730537
0.052088663977577554
0.04660143809543796
0.043911181696725934
0.04843138299011258
0.019112981902003057
0.004882317440717178
-0.01184054217115862
-0.016445396260339494
-0.027210451632699553
-0.05249331826018999
-0.06561690497564947
-0.07126657859573517
-0.06529052911614938
-0.07573769874044307
-0.07174037545846733
-0.07733675632734047
-0.0778966231779761
-0.07538633696446446
-0.07705180013927317
-0.07465330126751812
-0.05020749328350077
-0.04614249513542576
0.004111493968027853
0.06090925433585956
0.025763362744944403
0.05767584373574508
0.05793084829704658
0.05596491975803246
0.048228156953261936
0.0037534130545158564
-0.024386213376017707
0.012582582152804497
-1.0
-1.0
-1.0
0.05245045915712142
0.04755552693476745
0.016056845223015714
0.0333965585094074
0.02810152318947375
0.030680216157661068
0.030116206096885773
0.025982369132551374
0.018349681712506016
-1.0
-1.0
-1.0
-0.010246419854639041
-0.017175902793693323
-0.0060889549352867636
-0.0132137428458198
-0.025961719842752022
-0.02574539462284471
-0.025749376342751124
-1.0
-0.0037132357851412112
-0.051330193319703676
-0.06080423382781609
-0.014241750893020209
-0.007238177768055958
-0.0283936214074081
-0.013613776201590821
-0.020842683890081964
0.0036362072143761286
-0.017302201472522954
-0.02895012289716113
-0.0626579363410515
-0.0790825126300046
-0.08035769243641105
-0.0653686271784931
-0.0634161470258026
-0.07364906072282336
-0.07251847286931942
-0.07343976896548837
-0.07961492047431855
-0.07552830645976527
-0.07311125260443518
-0.08075112824506452
-0.07324242186894113
-0.064398852067655
-0.04740949563488566
-0.0396245008434609
-0.042401660938661
0.05891720474651268
0.07002971628587235
0.07736151620584798
0.07647118024306936
0.08070657125320087
0.08450296951735818
0.08288025193132273
0.08588293634537895
0.08603535332342588
0.07655021069243197
0.06311590425673617
0.0114661390906534
0.05463610735731245
0.0811729450253335
0.07991456588057087
0.0051070028039144275
-0.009212947520632609
0.039602854698319735
0.0816805559357969
0.07698394152960138
0.0818171501011556
0.08278867843890188
0.08161183601225634
0.009593458949717155
-0.02237858232595128
0.009312878401252838
0.005036653784478875
0.02526960100380308
0.08101892772400561
0.08192680146171748
0.08264496566096227
0.06631699663316798
0.0752586311226776
0.06873747877566275
0.07216642404120299
0.07436185823250628
0.07086963238683698
-1.0
0.07040285081758277
-1.0
0.06670395629938637
-1.0
0.0674782182464116
-1.0
-1.0
-1.0
0.06017538395657238
0.06125246817524134
0.07618643824656046
0.07763880429012412
0.06773631177398336
0.07066485397880695
0.07535249854426157
0.07856424769752353
0.08175120225704255
0.07843276050330458
0.07750339792063593
0.07681193210749698
0.07345476178302116
0.050907324670829104
0.03985327599518761
0.024077756579439998
-0.025491596593800674
-0.01154664701348164
-0.02991438498644993
-0.02865596768135854
-0.028502948743230203
-0.05037138142040495
-0.02504661294320755
-0.030749677010764098
-0.010202117247246538
-0.04939041922556692
-0.04799071741458352
-0.023487461581327935
0.042592670617403766
0.06697280466334335
0.07511558256884401
0.07663575388132088
0.07461035293157142
0.0723388410044063
0.07415354994859243
0.03789675437503854
0.021119476353258382
0.052894611023413744
0.06381077879776047
0.08432411820948824
0.08357057987095848
0.07730122360523393
0.07118079506194577
0.07793289232551773
0.060826984083402216
0.07688886885254156
0.022092767181817567
0.05227756280618508
0.05294007598735369
0.07601461341341381
0.07648395097374962
0.08003866001311116
0.07140726960323349
0.06853805365134188
0.06226330721964011
0.08093274996785536
0.07929460258886979
0.07773727148834539
0.07757415335587299
0.07284218827662388
0.07056042205889183
0.05912048755347051
0.05638748943038647
0.05883458823743464
0.07389340379279676
0.07736030844533519
0.07737580054013887
0.05547620559176147
0.0683409041604173
0.0394946713146941
-0.056522951952742345
-0.0014358584947842823
0.015455552686189268
-0.03239537887055143
-0.02617085732524791
-0.046211307587100924
-0.04790423710259677
-0.03623689895833094
-0.055299189819161314
-0.06556787902366501
-0.052318801663715477
-0.06736630323443184
-0.07158463603058995
-0.06734769054142288
-0.069731463018324
-0.07364229287873929
-0.072746959407735
-0.07849601504372868
-0.0782891770918157
-0.07890687945937608
-0.08223292190887545
-0.07894776839290492
-0.07105255322499472
-0.07439001101028882
-0.08047441787490588
-0.07479572525322678
-0.077755251609229
-0.07706432603543904
-0.07154300394023147
-0.043582732961742705
-0.015017091029121648
-0.02638701423062858
-0.02417480280088893
-0.005761614412034779
0.0014896297473884056
0.005329104010124241
0.0020452937847820637
0.0015418055109994513
0.020221555142968473
-0.0006264837632983199
-0.021917399647988483
-0.012873508930065624
-0.0005017620337792099
-0.04324360288240945
-0.01906142574741867
0.006847531797497086
0.03519074423256309
0.031787810008088675
0.03812747911436518
0.03618641369988019
0.05797157409941311
0.02701623273159984
0.05256255327507852
0.060470277094029815
0.05742511063662627
0.05963963899576787
0.057870095140291226
0.04108183554390461
-0.0057217402884252675
-0.0003396237063213048
0.00584582288101763
-0.007110155029553402
-1.0
0.008911173234990293
-0.031740320008727396
-0.04368322408883969
-0.059472391502943624
-0.04688668249492123
-0.05516854848935471
-0.044546392159022966
-0.03598616745664268
-0.042808455154060114
-0.055106713058594554
-0.04998572033726026
-0.051263089836629944
-0.052638089367835636
-0.06177817489026699
-0.06604910201105091
-0.03784771326827959
0.06372447054733181
0.07278151567830037
-1.0
-1.0
-1.0
-1.0
-1.0
-1.0
-1.0
-1.0
-1.0
-1.0
-1.0
-1.0
-1.0
-1.0
-1.0
-1.0
-1.0
-1.0
-1.0
-1.0
-1.0
-1.0
-1.0
-1.0
-1.0
-1.0
-1.0
-1.0
-1.0
-1.0
-1.0
-1.0
-1.0
-1.0
-1.0
-1.0
-1.0
-1.0
-1.0
-1.0
-1.0
-1.0
-1.0
-1.0
-1.0
-1.0
-1.0
-1.0
-1.0
-1.0
-1.0
-1.0
-1.0
-1.0
-1.0
-1.0
-1.0
-1.0
-1.0
-1.0
-1.0
-0.014736936588814671
-1.0
-0.029201375177653987
-0.024001897143086093
-0.019258359324133868
-0.01574915506469335
-0.021330850870469452
-0.02405557682419448
-1.0
-1.0
-1.0
-0.024656125378846174
-0.02177478360909
-0.021368643789554338
-1.0
-0.025929977273232024
-0.03354304547742099
-1.0
-0.03379300880925827
-0.028285604569819378
-0.028219345006563933
-0.016530063579968408
-0.016152494225346745
-0.022147832188011606
-0.014174332926835877
-0.01850199749670702
-0.01635102078964625
-0.01389538530164015
-0.015968770910969918
-0.01503314179589554
-0.015060759628226813
-0.010104010259632083
-0.0018051611173096514
0.01443874617187067
0.0007739295314963337
0.015470795477164767
0.02146594126467851
0.021069283563323844
0.000707672777659859
0.0073522713037674995
-0.0017476454600527723
0.007294719857696744
0.003572032632978903
-0.001596059290643333
0.013272711536773604
-0.006647693200135991
-0.018200710113770186
-0.024901592783474445
-0.025994442589047862
-0.012401099213606475
-0.02051258783397282
-0.026163734128259182
-0.03347435014850472
-1.0
-0.03215949163364173
-0.03396546616027911
-0.035963949989007225
-0.03490445684168827
-1.0
-1.0
-0.028646255169882447
-1.0
-0.02837255568462112
-0.00466579926584799
0.02312141427298558
0.014504955284254198
-0.005244984668681079
-0.005047479412793197
-0.002285540319265418
0.020936607291318906
0.019345857122131493
0.02377596317929579
0.01223601885830655
0.01850798547059069
0.03143899262880223
0.027005023038347797
0.03526597507818582
0.03075113913379949
0.02357425670448737
0.011418172056863634
0.010819223056940762
0.01179461020856296
0.01849074893496923
0.009787387842977844
0.015875191370222447
0.018610158644383874
0.010371039790814099
0.020627386444564837
0.024180471999188862
0.045875896392751046
0.04219217385192287
0.03657090995198296
0.028595502536334028
0.035772270996386635
0.012119443608394762
0.013999989016777214
0.015172816884862654
0.013980900339867148
0.037650859744679945
0.04530318925947074
0.04933493359299104
0.0503999898618795
0.04851801450205046
0.04523637013949179
0.04539417412964089
0.04298591571107091
0.0400088673557241
0.04491242307717207
0.044946725721150715
0.043700373492499375
0.04645673294802867
0.04419198161269241
0.046190626280116866
0.041928349161205886
0.04300211328927321
0.04265414595730722
0.04073056314676657
0.0438618530442932
0.04123753717443491
0.03870434696950668
0.038984710916938295
0.039194496471144195
0.04066886577868324
0.04319215046292984
0.03908703886208562
0.04408910920600422
0.03917271427401471
0.03540734490732869
0.04101763482188889
0.042883893745923767
0.04721871410938822
0.0450688377996753
0.047108979428771416
0.043385318882805286
0.04158270998440603
0.030520830266799633
0.0214419478773676
0.023856538533293063
0.024555469409095507
0.02440411760080041
0.036862719170179005
0.039849631637517015
0.04617280287700015
0.04614394972523986
0.047332840925644486
0.047419749760997526
0.04718597555977476
0.04514734022925969
0.04621196629951845
0.036088071440511925
0.01583899002931762
0.023604051192399503
0.028025927854980905
0.030381999481338504
0.04500429552824732
0.04374083626344406
0.030827613442045397
0.010883754742824455
-0.01515339179082841
-1.0
-1.0
-0.024562144954033423
-0.02509823472877825
-1.0
-1.0
-1.0
-1.0
-1.0
0.00282368499014744
0.03923192624606131
0.04162507813489384
0.04464406587848018
0.046772500028224126
0.04885833211052864
0.05048090119026298
0.049429509605848444
0.047176861357586655
0.0487215103420612
0.048990011827306106
0.04156718681536578
0.029408153959246425
0.037093576016633496
0.045045889093111115
0.050064764601982656
0.052771680596887575
0.04556457670943815
0.04949075564236149
0.04925227700093051
0.04158309698776039
0.043861279858917135
0.03613266668317089
-0.007208792706950775
-0.034476232599522594
-0.029644314433813074
-0.01619728591397828
-0.012993797624533995
-0.015723624098138475
-0.012442432790483583
-0.028580324248938676
-0.030889399817228522
-0.014571493130051549
0.0015583985850902793
0.0003511307210299447
-0.023961731031479614
-0.03773677109199001
-0.03527468552587053
-0.034954101970796764
-0.031693403651500765
-0.020214414957326197
-0.02399774017998358
-0.015273033340893968
-0.021467271418180674
-0.01371783749893218
-0.017157532520649815
-0.017804888532471332
-0.025218872865134644
-0.022280686701962968
-0.03610391043397154
-0.039945247443256705
-0.03945713464627296
-0.04251787021966562
-1.0
-1.0
-1.0
-1.0
-1.0
-1.0
-0.04322405392329417
-0.04579671368937359
-0.042222810458932156
-0.04487292583498995
-0.042726277665385226
-0.0415801308393756
-0.037319318393938976
-0.02190145982708544
-0.003824423384623665
-0.0018693479715858265
0.012763510186706467
0.02491864212809504
0.023366990269000777
-0.02457744216332687
-0.03450015949574775
-0.03681518381374136
-0.03845846973872213
-0.039133127552548455
-0.03631361288090758
-0.03787056567376816
-1.0
-1.0
-1.0
0.0017466550074951512
0.011390221453951401
0.00350947198386077
0.007967405744186933
-0.004005320659878869
-0.009017635245664683
0.03722064713931695
0.03904525634125526
0.04683457570984216
0.04524950956606754
0.023272245561784248
-0.0066876244514858475
-0.0019467708075006586
0.0170495572987571
0.03460131899051719
0.03464753550990718
0.035103905738694596
0.04200513584512265
0.04594249554022431
0.04602958096243555
0.04559484980685544
0.04365780557474098
0.02675956364243797
0.016984138351592234
-0.004950743433368532
-0.01497682684156485
-0.019640673209683848
-0.02089712379588317
-0.016737973268386996
-0.033836165400034326
-0.037783774105208744
-0.04248391742481922
-0.04282975472354671
-0.04086056307744795
-0.029555620200396447
-0.029916741387270296
-0.04602095892814086
-0.04325040312776731
-0.033242286497388335
-0.04246714872853382
-0.04290005851678832
-0.03840220664129451
-0.04226581326171115
-0.037786010634202366
-0.008040447624818963
-0.006670763644706632
-0.008201940259312632
0.0031363044452913957
0.016161912234896242
0.020638674664073178
0.005985650098257277
-0.01621420079203276
-0.005508127081715061
-0.010890245503277133
0.0068343243754343894
0.012163629727135923
0.022842095857035703
0.02313191910005891
0.0021028050117723003
-0.008675797469818048
-0.0126368939565229
-0.017361347226577027
-0.02572043685852437
-0.026089185203376594
0.0015538878860206185
-0.003750565061971576
-0.016001097616252895
0.021303597796621
0.03103829296020391
-0.023972090204412773
-0.03908367978624347
-0.042870801361854526
-0.04012985688502058
-0.0391871966740079
-0.04602489528422982
-0.040149408142630856
-0.04003522365922912
-0.03487310800713635
0.0027830922470406705
-0.022046636287335015
-0.022026484430693126
-0.04245291479772877
-0.051065152182890865
-0.0507443021538411
-0.05092765384599921
-0.049549574057104466
-0.04889543567360171
-1.0
-1.0
-0.04722713098881783
-1.0
-1.0
-0.04684268018784963
-1.0
-1.0
-1.0
-1.0
-1.0
-0.045977205762512165
-1.0
-0.0468630982498594
-1.0
-1.0
-1.0
-0.04779841814406897
-0.04348481446357019
-0.04799674404337033
-0.03975724151768995
-0.0391575225258228
-0.03685202574768759
-0.033377793743744937
-0.04492355427733973
-0.04560636484638383
-0.04074122595945786
-0.03993909742489295
-0.022490986344782624
-0.008044527924945467
0.022651567989261392
0.02662368700800376
0.03205839178247175
0.03615972059562675
0.04087534602650662
0.0360039534724913
0.025140674536310987
0.03989756566940826
0.027765560753807664
0.01713610475594489
0.012151897619087977
-0.015794208906003568
-0.011456811478885423
-0.012756806862679614
-0.029786334160746383
-0.01687178240175126
-0.028153742692195134
-0.033770735092210825
-0.036372325015279754
-0.04122088321064414
-0.042966283597783275
-0.033217100173827736
-0.01263202014228653
-0.0030001448222160467
0.0007259421030473724
0.001796045693912048
-0.003459395139641449
-0.03085483172612427
-0.03755585425252586
-0.04256100354929057
-0.03768317745832668
-0.025561731782401245
-0.023948006250706512
-0.02349201520114357
-0.025840873855469543
-0.018821624464425757
-0.027676752373097607
-0.02617133071982284
-0.015342349453088518
0.032705052787029516
0.034869238918892695
0.037759658595662646
0.02833936913041198
0.02654501309440143
0.007005543788138665
-0.005601728142642078
-0.0010152127121364344
0.00375662912662014
-0.011676873769412592
-0.023248312117414963
-0.026900361310437243
-0.02375134417055676
-0.025395350187382485
-0.03150025727626492
-0.03305313524516633
-0.03404085240843812
-0.03023084936377031
-0.03209490923254388
-0.04023849286994604
-0.046933998683769206
-0.04709712479064107
-0.04994649889692442
-0.04915979705738281
-0.04748916719022734
-0.05255329635070901
-0.05322430731671787
-0.056138266796313036
-0.05399902113185675
-0.03577328739035815
-0.025047787773760183
-0.035235478665343656
-0.03251030027833039
-0.029109358934167495
-0.020444085963113007
-0.030696876568172243
-0.03242479582917163
-0.045503909064421054
-0.050258273225637744
-0.04814351756250233
-0.05082652270330576
-0.049066372058973025
-0.04816671044216228
-0.04982558638552993
-0.04682659563721751
-0.043918059214392687
-1.0
-1.0
-0.044344097008428104
-0.044812703020465396
-0.04092020941436152
-0.033128477531607914
-0.03657893403125198
-0.04406041548155209
-0.04046106414739924
-0.03782793379836877
-0.03257661295753282
-0.01811923424574627
-0.012526149229904847
-0.017640713980515997
-0.0176863362411892
-0.017438399760382105
-0.011678453381863662
-0.009774093434007066
-0.009140665621158018
-0.01534593164774285
-0.027514790573995564
-0.013835210089414966
-0.016987994639917667
-0.02341508002673209
-0.02960088372579582
-0.029628544668690568
-0.0249950727366947
-0.023910091274765156
-0.029693897873268114
-1.0
-0.04478849317398981
-0.04173104231139104
-0.03500774814889298
-0.032823204656613106
-0.044989631749764905
-0.04479106169540784
-0.04442691665502381
-0.041967038736530175
-0.03171098210805336
-0.036330658573565495
-0.008342171074342219
0.013612314728076173
0.008338707812093095
0.006151822279239876
0.00019804937780166146
0.00395662924570882
-0.00421616930409182
-0.005765994889698455
0.004240557632854564
0.016173028648620538
0.023013692007037782
0.029944404587698457
0.020105784573392807
0.04075750697872174
0.03494725590018527
0.011263955987839849
0.00805028603376884
-0.0012642878299161677
0.0025578385046815125
0.003380710608555335
0.0022169686227533386
0.004367042346907139
0.01518561753066096
0.0033564448409831903
-0.006554560454143332
0.0007984823962108641
-0.004495057625598727
0.0008380726178075531
0.00409273985315048
0.002108666189582978
-0.015258857787053094
-0.0056561333917230444
-0.017191152492072852
-0.0034810142841604987
-0.009643898472242078
-0.009427732818802714
-0.01259179696173178
-0.01191034293669488
-0.0012920377400979365
-0.0003140974259707396
0.01035278018062858
0.007028705652967389
-0.0061796411738532205
-0.005004237403054517
-0.0045573539951383555
0.00915714561437941
0.005195088635745547
0.02817870256977371
0.031142293592733072
0.03462522007314806
0.042315334136771514
0.031577445595402695
0.024519589395885295
0.026710761651570623
0.030231922627700275
0.009763815293011492
0.010469529344519666
0.01359877114524827
0.0031115851550182314
-0.013495896773407335
-0.0034654528838498175
0.002366930781200702
0.0005708775327903592
0.0018854331567620534
0.0038716909608714
0.02875872459501058
0.04170232178504646
0.03014059539954501
0.009286313557575846
0.02493278179912449
0.04003378769586479
0.04552041668760936
0.04857217765636284
0.04011116792244679
0.03423074995211424
0.04826669437072599
0.05076418694543325
0.047214170685220005
0.04672290061052328
0.04524771392357022
0.0562221021458868
0.05792080971543399
0.05624561538003652
0.05657043549757202
0.05082931567897506
0.025971577089465618
-0.012874792025118337
-0.01502100133016588
-0.014133814839676002
-0.015208659357964786
-0.04269048427268255
-0.04737472010626739
-0.04752182833867122
-0.04947012618332263
-0.04881827603147121
-0.04280956232324621
-0.045980364226571355
-0.04997011658969999
-0.04728197688624725
-0.042783356410124485
-0.047460782135886254
-0.03966085716740101
-0.03820989991805795
-0.026792808614450235
-0.0014927208583345156
0.010218762073400932
0.0007349162955360681
-0.029074150256612967
-0.041917939433715606
-0.04841204371629789
-0.05215947567004478
-0.051288428573396376
-0.04844277342136178
-0.050207975421974416
-0.048778786555556536
-0.050306441400028275
-0.049423327226029726
-0.05236134453333803
-0.0498543917703878
-0.04057450364752922
-0.021765445721261798
-0.01622593394836758
-0.019277652244126975
-0.0353343089053844
-0.042991782416785584
-0.026244848354372442
-0.036129818631832754
-0.048226235985232346
-0.04915419300227274
-0.046501116904273505
-0.047009464147677836
-0.04916010294026133
-0.04088624022808881
-0.018575371212784242
-0.03953118910998924
-0.04822255935768195
-0.03828805023686866
-0.018017781391288797
-0.008181995731068994
-0.03258485408379277
-0.021872915275246735
-0.014652732079581402
-0.03557394991746264
-0.04443781366875969
-0.04342605849735695
-0.04909713928581699
-0.04895271729397431
-0.05077610047013426
-0.048575402791904775
-0.049542979686745585
-0.046308594193849875
-0.04635032732185885
-0.04677229831587933
-0.049088821234557836
-0.04826104960105677
-0.0486075193143705
-0.04028555150243187
-0.026246593301009244
0.00048015544566661815
0.023280722579061677
0.03174425920956528
0.0445446848858398
0.052759809627775704
0.052660433446277057
0.05218877394088588
0.0504693922267919
0.05366049793757432
0.04829380221456267
0.04197913422461094
0.04722446109106076
0.04446764177802837
0.053697147864307904
0.05257508151729122
0.04841423332634635
0.04819032043973028
0.039759911190211994
0.029036511653766462
0.023354153850817506
0.023676914035835533
0.02765469763556234
0.03997202536158027
0.03086056629180632
0.02172648509034117
0.009406202387037751
-0.008547199328878298
-0.025351602881913574
-0.024768796747835352
-0.014832366007313745
-0.005922323325961614
0.00762083199315938
0.003470100892470739
-0.028245715877748365
-0.03229200432543602
-0.027244258171354212
-0.029237597425621948
-0.02981133300041543
-0.017841963700379618
-0.009521340407425066
-0.03194499972287514
-0.033481569698590036
-0.03177584383324285
-0.026819284781196637
-0.022892798981925727
-0.022651450824388682
-0.022873673138919776
0.008577003828411697
0.030106252023343723
0.02903246543663723
0.019371153231682592
-0.00217771268791554
-0.007980293585257925
0.0020608619853348044
-0.0056022033297751135
-0.00047546322984973123
0.010841921338760023
0.03171399152569242
0.025577204167453304
0.022311881571838752
0.039039897936585646
0.04619166847589419
0.04835660372571548
0.0457738369471275
0.04308797682101659
0.049017861130551704
0.04686943857211853
0.04359300121360493
0.03997730438966712
0.03867630645162561
0.026849134594193486
0.02285551657574949
0.017156429513917288
0.01513961860156578
0.016333079847774115
0.03471141523341423
0.05077773692954128
0.04924118446154698
0.04811819886674066
0.04920187124325568
0.04749658232466578
0.046346680110483145
0.04760833022437505
0.046533710567915505
0.042142492298816746
0.04092142833877283
0.03356718488920113
-0.000707385845135018
-0.01926556703843551
-0.01737992644078392
-0.009953580938146847
-0.005251373603565018
-0.0005810734359029118
0.007390133398153409
0.022324500478877466
0.013954438062255851
0.00015984574692652582
-0.021956251344991025
-0.024206415820521996
-0.02587039162068975
-0.010816023168994368
-0.005038537089948511
-0.028892814478843686
-0.03387305033424166
-0.03621659836367544
-0.038559130024309586
-0.035410153194830506
-0.035580440031393226
-0.033331734122545066
-0.030999971788631547
-0.039602215833263656
-0.03627742755813303
-0.038939250417153695
-0.03770725268072219
-0.03714988325611505
-0.04085851612495123
-0.04293565550764088
-0.038915549296990766
-0.038970714484242566
-0.040019500919228006
-0.03870001941021872
-0.030748325080018485
0.006036280382858111
0.02133657325429714
0.020599461682184707
0.0012232785303764697
0.009057134322207915
0.005543135447476395
-0.006129924099153633
-0.00395277567976481
-0.00854833134823885
-0.005837486740762881
-0.003819392333723604
-0.003143375867286565
-0.012508604807391677
-0.021791595259197175
-0.02218911858683038
-0.012125301737278589
-0.010050081058325944
-0.006759326096902861
-0.01432798174196437
-0.027557352572578783
-0.004220792735594994
0.006996852988911056
0.002049562849122223
0.003677802994003782
-0.017596255931500954
-0.041111647823684566
-0.041024059545859144
-0.043886294226196984
-0.04027200379352834
-0.03984182039347502
-0.04162607382054202
-0.037961179606241444
-0.034735572618818815
-0.03988385437550182
-0.03685323425844449
-0.04099832788393732
-0.02641173724268619
0.012685321516359633
0.01584534943855672
0.006020912677571758
0.013479582455479689
0.0453087577639599
0.05293096621662184
0.045959748844397505
0.04487592854722456
0.0484505366775776
0.04460724952756948
0.04692563990867825
0.04284390249749046
0.0390495051572044
0.04143810182662272
0.04504885852515456
0.04653368396386918
0.04349662981760639
0.04450370181970169
0.04250720635926836
0.04286486521582786
0.04215909540235241
0.04440473043299808
0.04186175232829731
0.04158926484057491
-1.0
0.0425062874917071
0.04138741191872072
0.042937967633773874
0.044650421013499
0.040594788948795625
0.03793711717543854
0.0438657896671779
0.04363594439995043
0.045962028262322596
0.046078703151427584
0.04235209378659238
0.04435217315402192
0.044642246233207644
0.04608826315941043
0.045368477873294254
0.049380404029205766
0.04328131882439306
0.04047638731532204
0.04514579912981225
0.04163333841206875
0.04123723367763878
0.04633492074786482
0.04554216588461663
0.047422817505443415
0.04835054729029008
0.04862044417855175
0.05107943451687501
0.04877625745365076
0.041926900614328154
0.0175578056835809
-0.009605655790522341
-0.03277594725849471
-0.03603872186135237
-0.03736873893256175
-0.04128544078499242
-0.0383139920545838
-0.03932860980451793
-0.039730205864013005
-0.04047261352646914
-0.04026573106442885
-0.03965275133904597
-0.040481645826425966
-0.039699973249243195
-0.039915505007049656
-0.040899565287087984
-0.03868372632059829
-0.03965876528509532
-0.04128579228465048
-0.038618756739163394
-0.032733475450091844
-0.03889114355254968
-0.03866058448212672
-0.03908866419295144
-0.03630656328237154
-0.03501572749219826
-0.035374198547550396
-0.03761945027760184
-0.037097930973402866
-0.03655186888269797
-0.03480200526052712
-0.03639346769558824
-0.03507323135961597
-0.03882968620731463
-0.033004722836020815
-0.032331451814517256
-0.03550344908640558
-0.02678241740649538
-0.028103400181980917
-0.029985345638023665
-0.028044366193253727
-0.033192935837037786
-0.03585525468513206
-0.034300508484672296
-0.033527862009960586
-0.03717727196631652
-0.03681583609116167
-0.03528094321673286
-0.03638846723927773
-0.03268619924357004
-0.0297159828031281
-0.03253062323411234
-0.03638698151338157
-0.03314750502331073
-0.029377718285639422
-0.028520510361060403
-0.030717844691949592
-0.018989290535853177
-0.004371021049644925
-0.019100567297116507
-0.014765404775288371
-0.02430547954149647
-1.0
-0.02085586961015431
-0.017145987300847987
-0.014294724671789523
-0.0023505181405386114
0.016033016732797677
0.020799839108608054
0.03460101427054009
0.04347683175298222
0.039716731910229876
-1.0
0.034779429243704016
0.0357610905756175
0.04306749265051781
0.04394434346462865
0.04546923210153233
0.049366367032887236
0.04196626140164534
-1.0
-1.0
-1.0
-1.0
-1.0
-1.0
