-1.0
-1.0
-1.0
-1.0
-1.0
-1.0
-1.0
-1.0
0.03936788730630111
-1.0
0.038139021920112925
0.04002559968034015
0.04250934280087644
-1.0
0.03583378900863905
-1.0
0.04571860776514598
0.03722858345466843
0.02717421563864785
0.02508587712151189
0.03501781012982964
0.0284931131971434
0.026020778329503808
0.01700174068935397
0.007893010460740271
-1.0
-0.0050191395542924675
-0.009401761904111582
-0.0023941451810882055
-0.0015521251263371169
-9.357345189448076e-05
0.000493988526660664
0.006167123819947287
0.025006484594411484
0.021580340436944255
0.01746187824523525
0.011280351586230145
-1.0
-1.0
-0.01487004545157151
-0.01437865434639149
-0.018398620005787163
-0.01864367281566573
-0.015516127946947712
-0.016195990611208397
-0.01596434552005078
-0.012438512823366646
-0.01569219444406686
-0.01949132992871258
-0.021717386310629964
-0.02101014661801489
-0.021118081713390566
-0.02108419758329807
-0.0190095644463816
-0.014815661582354322
-0.018280740747779564
-0.015502877668483786
-0.011331558596525427
-0.0037667635039546933
0.010580865051051337
0.015290092314352893
0.02413592361591896
0.029176252261635494
0.0351092867652381
0.03618036519837376
0.03460056849684244
0.01896734885387818
0.012098102747257696
0.01112828465986034
-0.004407474509567136
-0.001729104476083621
0.0036584646948032568
-0.0009710817964004635
0.00569318522268034
0.005947868223159509
0.005617837578139207
0.015536248003358937
0.016705358680914467
0.016174507992859036
0.033034289430843314
0.035309812529223744
0.033539872432057395
0.03040234251112124
0.039238451027130694
0.0372603814262149
0.035458531370712004
0.037623387793203615
0.03385379306137055
0.040431832861870354
0.036282031530543435
0.03544176255055695
0.041328697274
0.036995280400676095
0.04424430258672753
0.035331214437803286
0.038207910084848716
0.03665777398263858
0.0352475185592189
0.035549236069007936
0.032328225647270295
0.036825653489844
0.037196542217905644
0.03496184866687926
0.03626387654691813
0.03216811450384888
0.029470932262595603
0.02804879895353081
0.02656354635760563
0.02842863511431695
0.030782466116318078
0.034652634363291974
0.026990859336166326
0.0225557001498617
0.012621564774710159
0.011703187188933447
0.014475535063276968
0.030858581689037726
0.0391427466005952
0.036620518752047554
0.03623568377014523
0.025761345041499323
0.02953225487819336
0.013508452609764798
0.01682656039823835
0.024194172189283592
0.02023513901363233
-0.012569963080677775
-1.0
-1.0
-1.0
-1.0
-1.0
-1.0
-1.0
-1.0
-1.0
-1.0
-0.018953218401092844
-0.023237573128656284
-0.011115464543435554
-0.018154908176670943
-0.023267865932881535
-0.021636865644471055
-0.024810473584870738
-0.024108927150818464
-0.026634170464568525
-0.02479529670097619
-0.026832845385056335
-0.020966391589864432
-0.02275341030327716
-0.0190384453128199
-0.007616939541074528
-0.0005524268787883039
0.008912402544597197
0.018557249354700215
0.021233456309143903
0.026343495795523357
0.03514465322271916
0.03988009079258713
0.04610419481062014
0.039632249926927966
0.04578443815331925
0.038860536651760196
0.04356597658041305
0.045119379275801855
0.03663305284286516
0.04038557710577326
-1.0
0.021809221732796622
0.01938500257068046
-1.0
0.03285714584735131
0.02523425738102739
0.005386019393157933
0.0034954035891866984
0.000458792363122655
0.006312779010579307
0.0041258153208767285
-0.001512864448957541
-0.009529997028322352
-0.019608836326863447
-0.019189493126299997
-0.015445596021682302
-0.014566762059895828
-0.017839972415617047
-0.015053398387334781
-0.018061957972522507
-0.018344143958180074
-0.0056763669370997975
-0.007299884542835933
0.0031019283752824786
0.025679026796674283
0.02164354603378468
0.03458463207219097
0.03402771183395297
0.033300469246589935
0.040664863936402854
0.024590378282141105
0.02887849950465218
0.021093587701707182
0.01113501244262487
0.00795452955541951
0.0026517792890686396
0.007782523625262572
0.003861014614870543
0.0020240986899910216
0.012196242463695042
0.028954949759687
0.038887015164780006
0.04329491661041821
0.03696208876760602
0.03771583917510043
0.036696365658727574
0.03829133565408794
0.03852003942146591
0.04766757618932585
0.03180206973549244
0.03534464494750438
0.04047022895726371
0.03725050914583213
0.031189689958429672
0.033337859307831404
0.02914107943354551
0.0333695851396071
0.030467273087051903
0.03550541677115475
0.03544906843626923
0.03185553033561267
0.027723424174357046
0.039575792277912324
0.03973966929285272
0.0327304773114655
0.031417460897339294
0.03609013512056822
0.03453724558426766
0.03896392304877628
0.035427104050891604
0.03607108172645825
0.03716781784671507
0.04182343664748525
0.03506819992770308
-1.0
-1.0
0.02020696640290599
0.019026755474001567
0.014350767025094417
0.01640638229036151
0.01205447432156256
0.019445556057376162
0.03299269873366338
0.0302533313537518
0.01576815390253306
0.009737463277808615
0.008939137717870051
0.023261089483378287
-1.0
-1.0
0.031668547606986196
0.02676755243187868
0.023496292493996897
0.03677264730322461
0.038120365129209695
0.035077309344157453
0.038337730448424645
0.039186855162710234
0.03848897189267578
0.04044885633599609
0.04072405208598282
0.03332732326310123
0.0405462518202444
0.03863437850624746
0.04378293051933028
0.03511394251626151
0.04138904063644303
0.039414364954128187
0.0388148534293647
0.03693463751559938
0.041450249394011686
0.04099668265001744
0.040280667392390127
0.04159786421528788
0.04206476100920874
0.04136093857747331
0.040357193907581856
0.04252558978345738
0.04156417226807639
0.041399732318677766
0.04191850891476239
0.04149612010955628
0.04185846848794551
0.030264089624467024
0.030582516682711117
0.027311868340885233
0.035898748485631723
0.02287690969197876
-0.002717181823722368
-0.009257996918094216
-0.009488840183838386
-1.0
-0.011072296908433492
-0.006714576632825759
-0.012709274938587027
-0.01254239204744018
-0.0114265583591475
-0.012856710486100535
-0.017692445297489028
-0.01684630683371901
-0.012209406855340875
-0.01775678015956688
-0.017820821679781735
-0.0007469148405194953
0.03147987957542142
0.0322126934444507
0.04480238699558394
0.03708783178684545
0.035337905643551264
0.04195015248448742
0.04375055929210907
0.032513841975926445
0.04515863879806087
0.048662368923683495
0.048150554367232354
0.04309639063689704
0.04706685147780072
0.04692298735589233
0.04706159152733968
0.04718886425367493
0.046806088265259164
0.04109745063146314
0.043112123434231084
0.0442603880700247
0.046739609277579953
0.0411434447002174
0.039615656892335524
0.027237361823232664
0.018943187894362466
0.021036495816163073
0.019123424171727507
-0.003912133437267935
-0.02422897996197324
-0.030823128481867832
-0.03074736119934749
-0.02801749118497933
-0.029804285917969395
-0.030728188262248043
-0.02572384522081929
-0.0314689736082459
-0.03312389470459949
-0.03342328091354867
-0.03113986985005786
-0.027734083770803608
-0.005780818980613002
0.007777731830840526
0.014523955107381855
0.021838072566385022
0.022865902858417133
0.02887282705781661
0.031133032738664947
0.033182214306468644
0.0392235154776751
0.03893377358423999
0.0427356498047561
0.04145719962198026
0.043557074975686984
0.041206447235478026
0.04692807321864678
0.04495362477316399
0.04204004418051144
0.012939572762195818
-0.004973869734384201
-0.011238721393876088
-0.006440030872702088
-0.009019005669856394
-0.013572756910724073
-0.013421650871487785
-0.015658427739629985
-0.010270320282971436
-0.009355812313538157
0.0213365374942936
0.021123990106673023
0.014804536251691347
0.016811009620115433
0.026237512571824547
0.03481914981218904
-0.0006748603166439268
-0.002603206609679088
-0.010814197661481527
-0.0173743741933923
-0.01509445116456016
-0.008026327675518353
-0.007380470097146934
-0.0022530657614263177
0.016895522382254478
0.03400804974510525
0.04671035122294303
0.04489936977158152
0.044126270406926356
0.045873189611705396
0.04521056247772305
0.04618469185806765
0.0472750612002626
0.04377338222781775
0.04414808995166776
0.0467345871354435
0.04673652172705806
0.0413289734134399
0.04469069003858275
0.03562116841220124
0.033445822551387755
0.030948694814677817
0.03947145131397843
0.04558856249118885
0.044419267109016294
0.04755406252019114
0.03620314630764132
0.03174422670505675
0.035498309490168384
0.03875958501845866
0.03472426902738042
0.021199278951054674
0.03392083290669955
0.027058521487264998
0.03767076694921561
0.018408942858174404
0.012099902597890507
0.026005872821676518
0.026178516306488597
0.01914881100797619
0.014472664768014738
0.01300531324058722
0.03341041435217016
0.03365238608221054
0.026989746040102066
0.038391487571999186
0.02611689376341938
0.03996360822100576
0.041652558362760175
0.04842212330880532
0.04402294123265564
0.048584811601459645
0.04686906943622662
0.04555587196913179
0.047475405101019885
0.05146010792078621
0.029756703928085923
0.027335471359857314
0.035840682625297784
0.036266435495339575
0.03173124424825156
0.032576908929290056
0.0479356351974377
0.052053875236358335
0.04645988052505777
0.04552811267078976
0.027255876531941964
0.02902109752822387
0.04482557896591003
0.04212788385425344
0.04098782478451102
0.05218111974627394
0.04783791765545631
0.048141808797089715
0.04518162161329164
0.0487288572727356
0.05019674523375684
0.05348679852477947
0.05426795131959986
0.04213375533565669
0.03017271310922607
0.025892109977546707
0.01862681682088477
-0.022586815431872083
-1.0
-0.020768186320085934
-1.0
0.02058661828406267
0.027400336053926142
0.010414522051333008
-0.010889253841106854
-0.007065832275286016
-0.008000942539414581
-0.01551466889973081
-0.012945774059284066
-0.01564416525178713
-0.028773131906311922
-0.0329744228598991
-0.03486803062180318
-0.029466424608836122
-0.028638244368040987
-0.04004121131919858
-0.03746659298232485
-0.04449521140755386
-0.04723639466396408
-0.04749427487261646
-0.047297636539493246
-0.04876428256559208
-0.04258595411528998
-0.04496629322301259
-0.04523813777275228
-0.04524619383043345
-0.04301548549027174
-0.048053237576783606
-0.04050400368771548
-0.04225024774086403
-0.04519949493790635
-0.046566258264219014
-0.04591187023667915
-0.017682296173895277
-0.006788693717438712
0.0005680796173296663
0.006232342618221432
0.0054666207435868
0.004107377773028918
0.005502529277623105
-0.011388293529146169
0.004494079064973002
0.04011363601052751
0.043365391089658964
0.04512797752978772
0.05095060300280602
0.04918496425181528
0.04733875607422021
0.04997275937625843
0.05327396992895035
0.05049540752570288
0.04615700979808834
0.04660195768049161
0.05119902996800724
0.04424733650532544
0.0475121657401068
0.04641233342584461
0.044231118873087824
0.041718927581788856
0.04068650964368271
0.0428149269426968
0.04276204598497368
0.04299636739164032
0.029874776506711928
0.017101285246241167
0.018586943559738663
0.022248416926419795
0.03479247271179322
0.039094208750662815
0.037022157197663774
0.039448007387070515
0.04884169622506884
0.05023551620962923
0.046547911583308746
0.03705183309026686
0.0383068298290595
0.03373796938945454
0.03438721684050788
0.03476380704040051
0.02605336223919378
0.023803752349502598
0.011977847837446523
0.007284636180601753
-0.006099343798874217
-0.014113078390301907
-0.03179127302424338
-0.01854299774072284
-0.028307718691640463
-0.026703122407954954
-0.02545821194588491
-0.009337158193924234
-0.015556168523860742
-0.013625959518580292
-0.0027034457710211506
0.018567201891329335
-0.002025832175749122
-0.012919400784920002
-0.03344519905026218
-0.03744123938530268
-0.04547673816452341
-0.04596822090654763
-0.04556429619302911
-0.04952808530101424
-0.044121749212857914
-0.04673050992240245
-0.04631290738031183
-0.04732883196213948
-0.04490559736513057
-0.044679478713785754
-0.047931301404288085
-0.041512820285152734
-0.041573166352753155
-0.03835751011760374
-0.033404964682006495
-0.023502968478191354
0.00011328112262657797
0.018682285995736576
0.03472628584426136
0.038424391726600136
0.025311169324665567
0.022766590612503673
0.017362260590242273
0.012619067185973587
-0.002150420355081571
-0.0012861739262081022
-0.0008201604884147431
0.011917176815473465
-0.00852314782167026
-0.026755596587054606
-0.023740547878786038
-0.020404263373671377
-0.013327894467559777
-0.010311649828687357
-0.014936968872636196
-0.0016169988210963054
-0.0018677207884058925
-0.01889836351341515
-0.01300647461245979
0.008590902309223629
0.020164965538730262
0.03381141249689801
0.03255241220283123
0.03785666981739858
0.03564673815285652
0.010598121006533035
-0.00019883115677270805
0.01460485414001738
0.0021424985122513655
-0.013075015625010601
-0.027026774564421034
-0.025150130422563803
-0.029378209699335994
-0.03629891541030421
-0.0313448372371064
0.006356099406425401
-0.003966906642344351
-0.0015910921667060336
-0.01235443705657118
-0.0329020714117438
-0.03406723234635949
-0.03835925981730768
-0.03946159104340676
-0.029974709144344476
-0.014930944102343345
-0.0006465816471731481
-0.007865579851697654
0.001175378729948659
-0.0005095276593001281
-0.01620755374671539
-0.020539553993446803
-0.0183755831392941
-0.01123914361987115
-0.0008570453438313515
-0.010570765693146182
0.007438235613103644
0.0011691980406974562
0.0031536998034726368
0.01115315373974111
0.046141425636817966
0.0339836563965184
0.006269998553453309
-0.010323596973238178
-0.0032584889077044844
0.0004543361429882951
0.003326838126949589
-0.0025602483547067308
-0.015199132654615623
-0.023815408354767396
-0.02704423209490335
-0.026219556682013805
-0.03032647461405531
-0.0313773787363181
0.0336724572602746
0.03320529159741781
0.023483444879014752
0.029334962131242336
0.020667418205482534
0.0058241345366744175
0.012517246939805026
0.03285543302122797
0.006689169346898065
0.007965174918454011
0.013917647904833854
0.034016533812726554
0.03502224033480677
0.046640413762769034
0.047898445947509645
0.04988883285629899
0.03600980508349047
0.01858470804881766
0.018478353186852394
0.039407639826225825
0.0237006726061844
0.006916110472719212
-0.016847821493019412
-0.03789380171453051
-0.045259944658700604
-0.047138882810741675
-0.0470896508866128
-0.048287645337451016
-0.044330639974471654
-0.04763500764545509
-0.04699336985008767
-0.04503227792274865
-0.04122199594413669
-0.03512726912597912
-0.03491133016952376
-0.03179678337158038
-0.022919606830288694
-0.019588545211641866
-0.022349068684183033
0.006277216292748142
0.0120463485772684
-0.006620942948317887
-0.02420789946692983
-0.04704812754621193
-0.05161359508649793
-0.052175692361046036
-0.0492965773724173
-0.04649401714902152
-0.027423616846632526
-0.0447161053782824
-0.043915221923527085
-0.03827442134633279
-0.035667031932877784
-0.027284859208573247
-0.027635462418822972
-0.021914461923039454
-0.018484322536631122
-0.014181181068648973
0.0010500087841238668
-0.0002338580667388044
-0.0018971335098149388
-0.01424098547377708
-0.02486887624634923
-0.021643283085420975
-0.03164955616292667
-0.03969501592398597
-0.0384902657837877
-0.039789263304980345
-0.0428023522972234
-0.046592505561952526
-0.04156160043023169
-0.043524776608358774
-0.043905933392355316
-0.03768055774301643
-0.043746207564122376
-0.04458202293951096
-0.04882926021419386
-0.04337329809415263
-0.042914404205948414
-0.040857456195269905
-0.04750449994826978
-0.04987771316414243
-0.04842557636159484
-0.04892780877514758
-0.043810152920664584
-0.039343387818161844
-0.048480414051001584
-0.04963014930993906
-0.048012965744861316
-0.03670669363813715
-0.025375385167716664
-0.016384959942842014
-0.00806749241800479
-0.004433181178896884
-0.026787028774928678
-0.0033247446740103715
-0.03491642346116904
-0.02796854067811538
-0.006858511723507585
-0.013230590275808713
-0.005051977235123163
-0.015305569091979748
-0.023766159603774796
-0.0315959461199723
-0.03824705408946845
-0.039566171932308096
-0.03459049536561856
-0.04036470828436231
-0.028634917869867254
-0.0014733592818434388
-0.005920523499306743
0.002177878230240359
0.02293915612290825
0.0369329878454487
0.03652219579295629
0.03871957510670062
0.03713645119930853
0.0404057498341625
0.033433810783237414
-0.026168336645469758
-0.028012279698696223
-0.03378193177784141
-0.03251523698375887
-0.022201509774720355
-0.009701040136236336
-0.017290077237382104
0.014274187173278177
0.0220793981387459
0.013331495557675108
0.014492985686717773
-0.00674190671075958
-0.02487254856092486
-0.024416897602741867
-0.02382265745560219
-0.0256246440714042
-0.017110633764381933
-0.01734963568471751
-0.02652851915715303
-0.030784918089344207
-0.031492441609756804
-0.037357550265031264
-0.031208186223049817
-0.039812596628481065
-0.04108018331846321
-0.0401906029738327
-0.03995386665639256
-0.028896180669491796
-0.03695634490460503
-0.02948367785665436
-0.019894487328077394
-0.03222466991503965
-0.029435461606121958
-0.021121479164187423
-0.016223672705423072
0.0031598375375166345
-0.0033649067753143136
0.007367328174630903
-0.013647298251802078
-0.023911951219242725
-0.027664688170553356
-0.018727797712808036
-0.01305038301780162
-0.02550105658687671
-0.012249203302740794
-0.011035471768987466
-0.019452523469625452
-0.017511012441107445
-0.018634708314200357
-0.018128513310754536
-1.0
-1.0
-1.0
-1.0
-0.03681937705288064
-0.0406909091079932
-0.04106522068218317
-0.018442571955646764
-0.012860540049247568
-0.004279241661607695
0.031606520958923696
0.030899425105471674
0.025483017280263216
0.015354030187080356
0.018155707939208728
-0.004066729267158467
-0.008970185844190732
-0.013831210275298373
-0.01571056406060603
-0.017738562870341472
-0.005695112765505753
0.0368937147454093
0.04355612925440034
0.04182946545057045
0.041163836491368365
0.0200194621893408
-0.019195017412848292
-0.02411061244494009
-0.03116990229164933
-0.02096618491013771
-0.030197190172495895
-0.03201177893979402
-0.0013373774186923673
-0.008864250748279867
-0.02112797434369346
0.009117668508970056
0.015661616586691136
0.014088549356181847
-0.00022191014294380658
-0.008849484078882183
-0.02591511802173216
-0.0156973201803408
-0.02654699924378804
-0.027451233191225825
-0.03354584361117963
-0.02811898987902266
-0.02742639157146002
-0.022974684657291706
-0.012417992837202551
-0.025430950810481405
-0.029823549703847322
-0.03388757099133067
-0.03663016828881219
-0.039307556930331035
-0.030706284887816244
-0.006220064281932192
0.018801568633244455
0.007989153055658463
0.003607375710910355
-0.021745193021147916
-0.026447656721076886
-0.030781123876662733
-0.02548923994594546
-0.012878497597345271
0.019819341036096404
0.03667352421799905
0.022109369779171373
0.0357280699635516
0.015957468271347995
-0.028928601783206387
-0.03468465291849666
-0.042495968144543705
-0.03987627797257238
-0.03960541926303906
-0.034061241794380685
-0.029381879975753002
-0.03674164540129156
-0.015068405106934496
-0.004755483086307694
-0.028556267225971807
-0.030329544626682057
-0.018491578099084673
-0.020882959423037372
-0.006161866289289962
0.012771749214811685
0.016174926395470912
0.020307209881914794
0.021662137853158184
0.005184081535834254
0.0037038248486260085
-0.00813580751318608
0.018422685543866526
0.015584398774078715
0.02449364401272565
0.02520674679003394
0.030217091112014212
0.03911293206356271
0.03435739143267594
0.0350672815665606
0.0359642693275111
0.041779472966353794
0.038838471836920796
0.038908302354778164
0.04037064781629078
0.04504005399384235
0.04655931351786336
0.045745604364334544
0.04085513529165238
0.03840423215313761
0.04453058507358643
0.04169758250418656
0.04725849105061528
0.04151530295249426
0.029434072455652615
0.02853568055828236
0.027301225260726456
0.03401660847760295
0.03878989290201798
0.03600139569129533
0.011633224316373888
-0.01570284124793357
-0.028804153430951888
-0.03971287996401655
-0.04210931429256863
-0.039955277273843244
-0.03740989655453029
-0.04069823797739021
-0.026454838951001303
-0.027998101149779048
-0.02974298181812254
-0.02326414501730469
-0.021073919261900716
-0.004925734848772696
-0.02592939576100547
-0.022992509573627102
-0.018576005701154197
0.009120682413737265
-0.003388624333274632
-0.0008240748518706309
0.0020536211550313687
0.008801429041693225
0.011659214244766259
0.006120902983152665
0.008832585562692395
0.012660823465962406
0.013289548335351193
0.014504279797126651
0.026864397683285596
0.02388624993135207
0.021408027847092403
0.018287637943326555
0.030191255071093742
0.03042576189915781
-0.0007835549618756898
-0.019557492733850112
-0.010862712953669107
-0.01041833398374085
-0.011516973243588503
-0.011433684457366488
-0.02392123793415138
-0.011186875980520873
-0.014291988535999424
-0.014792662912383816
0.001560238990300804
0.02677662312729882
0.025178238001032513
0.014213142663420992
0.017782442350448575
0.025708729809225003
0.03389295671299147
0.027314177974346415
0.03836431759368552
0.037526082245642495
0.03027448664615802
0.031313350309365655
0.030999645213474418
0.03043743360499961
0.03258894935756444
0.03476304410236069
0.022904752194428255
0.0337192668415192
0.030549872751209774
0.008847739590136081
-0.017425239926250058
-0.02599045205080246
-0.03051368850315828
-0.031130035491916258
-0.037587426561417406
-0.035674120104954896
-0.037516477703855085
-0.03394537042523745
-0.03765169398705441
-0.03394595975432841
-1.0
-0.03747815346294897
-1.0
-1.0
-0.025382308327609085
-1.0
-0.02524812494230778
-0.02961346750654691
-1.0
-1.0
-1.0
-0.01682245032367163
-1.0
-1.0
-1.0
-1.0
-1.0
-0.030427472878082385
-1.0
-0.02604389255682209
-1.0
-1.0
-1.0
-1.0
-1.0
-1.0
-1.0
-1.0
-1.0
-1.0
-0.03655673783913593
-0.03363878549802604
-1.0
-1.0
-1.0
-0.030224341685112566
-0.028206097634827287
-1.0
-1.0
-1.0
-1.0
-0.02882468127622732
-0.02859725493312985
-0.034287783569516735
-0.03211008987573658
-1.0
-0.029561940739169217
-0.02678496902328744
-0.03435059052256204
-0.03642395379715721
-0.03610178066041885
-0.03851538098483593
-0.03909649753689996
-0.03171038510843414
-0.021763429147974255
-0.020709015577445523
-0.021468054087665788
-0.018835889625788714
-1.0
-1.0
-1.0
-1.0
0.010626037321479214
0.025090932625426412
0.031050522540438538
0.03247956312135297
0.034601746566856204
0.03821831504458945
0.03963621359475113
0.03184723022352776
0.034351303324744314
0.04023141526755969
0.043526898695319775
0.034296183049471
0.039306995282334445
0.044265105599988495
0.03849031091456432
0.024325821504804442
0.016063888187068893
0.014140053209798014
0.019914503866522763
0.006770282531028284
-0.010503913864296813
-0.021238488568962637
-0.022516905782439887
-0.025800258341455305
-0.023679603043529184
-0.011931067107691758
-0.006065886675464997
-0.012362398692941081
-0.0025727291199725407
0.005379906525841769
-0.0004150091593490079
0.01574744283373426
0.0003535157628947028
-0.008085615629752711
-0.013074752805620808
-0.015634468779016357
-0.010828709146928866
0.0013331930513647554
0.03696595055518196
0.03444749040378228
0.03450913663328462
0.037267743978653525
0.031710848267694054
0.03702072154725351
0.03569331460428406
0.02624019910501778
0.00022287539612561946
-0.005474328364453388
0.008796899485667146
0.011124441220124752
0.006785481262151327
0.019251758352512898
0.02212090331906739
0.02740262597600535
0.0023746667713027652
-0.010320973387679636
-0.008458861423262486
-0.005697089113471782
0.00659621955658538
0.006714068850059716
0.001698178919316114
0.016065297616026507
-0.013960142620848987
-0.02240678723846473
-0.017897075015630405
-0.01786746524868376
-0.018489619404854083
-0.026376696765026394
-0.016131910976012995
-0.016123417052744702
-0.014730914653230653
-0.006419656808193061
-0.01186258278046798
-0.01898529197758518
-0.021042129469796483
-0.018751544814378424
-0.013463288054154915
-0.013535340040691384
0.010496940897203197
0.004107441946227361
-1.0
-0.010727660024459839
-0.011230512996274936
-0.003337516516336421
-0.0040847671465264425
0.01103654243475434
-0.017303467926086658
-0.016409706234386243
-0.0024595298230995545
-0.0044545052920191884
-0.013517620303577605
-0.0031075673670170646
-0.007423800942708814
-0.004436605604321249
-0.026223446749922517
-0.027885992540203106
-0.03348508160868333
-0.035811196650027646
-1.0
-0.033846567423868504
-1.0
-1.0
-0.035190455769893714
-0.03667756249340183
-0.016390806498560853
-0.018701598054653622
-0.0192325564236461
-0.017932808543776588
-0.025952158371123857
-0.017269757149170794
0.016340749994882123
0.009221558111900908
0.004004031837480856
0.0145891095405767
-1.0
-1.0
-1.0
-1.0
-1.0
-1.0
-1.0
-1.0
-1.0
-0.005011589085238326
-1.0
-1.0
-1.0
-1.0
-1.0
-1.0
-1.0
-1.0
-1.0
-1.0
-1.0
-1.0
-1.0
-1.0
-1.0
-1.0
-1.0
-1.0
-1.0
-1.0
-1.0
-1.0
-1.0
-1.0
-1.0
-1.0
-1.0
-1.0
-1.0
-1.0
-1.0
-1.0
-1.0
-1.0
-1.0
-1.0
-1.0
-1.0
-1.0
-1.0
-1.0
-1.0
-1.0
-1.0
-1.0
-1.0
-1.0
-1.0
-1.0
-1.0
-1.0
-1.0
-1.0
-1.0
-1.0
-1.0
-1.0
-1.0
-1.0
-1.0
-1.0
-1.0
-1.0
-1.0
-1.0
-1.0
-1.0
-1.0
-1.0
-1.0
-1.0
-1.0
-1.0
-1.0
-1.0
-1.0
-1.0
-1.0
-1.0
-1.0
-1.0
-1.0
-1.0
-1.0
-1.0
-1.0
-1.0
-1.0
-1.0
-1.0
-1.0
-1.0
-1.0
-1.0
-1.0
-1.0
-1.0
-1.0
-1.0
-1.0
-1.0
-1.0
-1.0
-1.0
-1.0
-1.0
-1.0
-1.0
-1.0
-1.0
-1.0
-1.0
-1.0
-1.0
-1.0
-1.0
-1.0
-1.0
-1.0
-1.0
-1.0
-1.0
-1.0
-1.0
-1.0
-1.0
-1.0
-1.0
-1.0
-1.0
-1.0
-1.0
-1.0
-1.0
-1.0
-1.0
-1.0
-1.0
-1.0
-1.0
-1.0
-1.0
-1.0
-1.0
-1.0
-1.0
-1.0
-1.0
-1.0
-1.0
-1.0
-1.0
-1.0
-1.0
-1.0
-1.0
-1.0
-1.0
-1.0
-1.0
-1.0
-1.0
-1.0
-1.0
-1.0
-1.0
-1.0
-1.0
-1.0
-1.0
-1.0
-1.0
-1.0
-1.0
-1.0
-1.0
-1.0
-1.0
-1.0
-1.0
-1.0
-1.0
-1.0
-1.0
-1.0
-1.0
-1.0
-1.0
-1.0
-1.0
-1.0
-1.0
-1.0
-1.0
-1.0
-1.0
-1.0
-1.0
-1.0
-1.0
-1.0
-1.0
-1.0
-1.0
-1.0
-1.0
-1.0
-1.0
-1.0
-1.0
-1.0
-1.0
-1.0
-1.0
-1.0
-1.0
-1.0
-1.0
-1.0
-1.0
-1.0
-1.0
-1.0
-1.0
-1.0
-1.0
-1.0
-1.0
-1.0
-1.0
-1.0
-1.0
-1.0
-1.0
0.03351583160109574
0.041025801407028065
-1.0
-1.0
-1.0
0.040928080740467054
0.04349131217327767
0.03838914941867465
-1.0
-1.0
-1.0
-1.0
-1.0
-1.0
-1.0
-1.0
-0.010105437955434867
-0.003974323640271678
-0.002395840699627609
-0.02034977056602625
-0.012497729817697627
0.0010963088832275855
0.009102400953440726
0.014570052547425518
0.00557262368905188
-1.0
-1.0
-1.0
-1.0
-1.0
-1.0
-1.0
-1.0
-1.0
-1.0
-1.0
-1.0
-1.0
-1.0
-1.0
-1.0
-1.0
-1.0
-1.0
-1.0
-1.0
-1.0
-1.0
-1.0
0.035210620284465366
0.04173337618290533
0.040642082392131816
0.04046041259368822
0.04253722669525049
0.03943794208267786
0.03916093591934262
0.041105803475235014
0.037533168443113406
0.03931413262657892
0.03906352258035908
0.04279932381963175
0.043922833758456736
0.04663377251730918
0.04692840727174721
0.04305713351021311
0.03921138400694393
0.040899879176441896
0.0381852839078695
0.04167740924573016
0.03738242536634728
0.03584396624950837
-0.0031458514961968794
-0.01595387130860163
-0.023121876783825133
-0.025149157137253086
-0.015774880367279264
-0.0278979572287271
-0.02760640957248797
-0.029507379131505647
-0.027373311370829764
-0.027938762676691625
-0.02798330358070721
-0.020176562933509626
-0.012366938501284407
-0.00341402641406404
0.016812540922745377
0.038478021438309806
0.039499610519611844
0.04162397851938935
0.03474170068488718
0.04177226325992527
0.026638636944147243
0.03592597161097643
0.04066133939365457
0.04099662899645549
0.04011100035040374
0.04611489014046561
0.032314176696775714
0.04116522071957689
0.03978607445269316
0.04376186227113072
0.04005747908591252
0.041964858561994875
0.04420296693624971
0.031642804328893125
0.03651172442122497
0.03383968323370131
0.03692817532551498
0.03684859279159825
0.04158773205591271
0.03853433711444135
0.039447131534951135
0.040196630562605064
0.04280972422580125
0.04548213016094768
0.044599371045747425
0.04543728355700004
0.04514692123288807
0.048028506594464865
0.0488337925237316
0.04360497438129187
0.03065192097001287
0.01686675367064492
-0.020587142030549625
-0.010281632302453785
-0.01179051931517204
-0.023372629023124532
-0.02826721468018433
-0.03423056367250481
-0.02493939197798068
0.009858851071777057
0.01730659251536582
-0.014968334272086405
-0.03152546593258365
-0.03208679009989941
-0.031210345512015174
-0.032974351408848634
-0.03294796523753133
-0.0302529271416096
-0.03032893584576767
-0.008125187895144334
0.0015608673201436532
0.0049217336220692175
-0.001620130079826084
-0.0012603713597887547
0.0036524607335248886
-0.0030724947487641356
-0.0057563324995058476
0.008757608127803697
0.024446183860882948
0.01034360678768141
0.019432433611139787
0.02537816874546827
0.03230253452288239
0.01715945224654173
-0.00890700593153234
-0.014281712767710848
-0.005339095997266383
-0.006657986984757949
-0.004102002302093747
0.01704361466801112
0.03651466539251427
0.04626836748838701
0.04065476040242243
0.04206292660049287
-1.0
-1.0
-1.0
0.04343110555183508
0.04612530133294843
0.04439459496306116
0.04025020615093513
0.04343581620014579
0.041291707031108196
0.04116068347652049
0.03963445526892198
0.04320140283485808
0.04352865151937577
0.033278429470096516
0.027549702855079995
0.019278123423970006
0.023377594436718913
0.02418193269433042
0.015399206086335358
-0.010655034740572021
-0.028860773481742288
-0.03585015810807013
-0.03364774233552594
-0.030551144726445226
-0.027855452017380142
-0.03830035106489098
-0.03784515204580421
-0.03338803998441916
-0.03695010259364859
-0.03808779473522367
-0.033709898724664546
-0.013331135691919759
-0.015338368044055549
-0.014760627358860634
-0.03421689159855541
-0.03653362383974418
-0.02941483055857356
-0.03107441155765141
-0.029872544206379595
-0.015558600625240605
-0.023177456573402443
-0.016307906209967003
0.015060848892208104
0.013304427287572486
0.024776295128050095
-0.03172212105995281
-0.03681757997693865
-0.03781614801926007
-0.04133057046351872
-0.0422673457912111
-0.040819865446934805
-0.043822565959325904
-0.044984301336132716
-0.03598603974234661
-0.011440197960690379
-0.023865299245549837
-0.020233076647584326
-0.01669749688869657
0.0008275770883833462
-0.004452466711050186
-0.01058696531875333
-0.010375158562642185
-0.004825552159559234
0.02181623593293107
0.008381783664298802
0.020056602959413798
0.02295760034866226
0.01218198958437407
0.0026377232152591415
-0.01994891466962762
-0.026029552423533116
-0.018962420142741812
-0.025549688787703802
-0.02695640852200769
-0.015858225698254087
-0.020778979256779153
-0.0046852660664441536
0.003013704563636558
-0.003362401607837568
0.0046089804726173475
0.0059049661938267535
0.0023156495982214653
0.0035116616941669046
0.0062967040321556715
0.002295841497520227
-0.008483172775708656
-0.02254889649295752
-0.038383657496069756
-0.036430851966387075
-0.037566607035097795
-0.022407054397717927
-0.013868136829226444
-0.00863975489543034
-0.026110478456040715
-0.025469144929827416
-0.03783760811921404
-0.040480261701865486
-0.03517763571073121
-0.031278745968054175
-0.025282717055234633
0.016523666277765053
0.02593171971282273
0.01706847892728072
0.02218888636642868
0.010186416438349185
0.011791905993276227
0.023814447282575115
0.026729307627968227
0.026995831011107144
0.03656366384246758
0.015819845468884024
0.03288587643666803
0.020323924419541197
0.02283198578741762
0.04155950282306698
0.04296996984633022
0.03850538923585902
0.03424864317681204
0.017141330290693806
0.02201570951071868
0.022019674436434346
0.009636028304852218
0.010621454831470858
0.028149224371456737
0.029862911648784032
0.03541134595666584
0.0041079558562387005
0.008608691279352368
-0.0031681288119311864
-0.018504191236749977
-0.0190188965532819
-0.022734875166077837
-0.0144369655296047
-0.004367145046685883
-0.014961861566944226
0.009854844109076227
-0.025331355500015047
-0.006761214356692052
-0.02066967206259793
-0.02832332098079921
-0.012731078589370127
-0.010336458469135237
-0.02013867278725287
-0.030263907325053182
-0.019744664947552667
0.0022598353933810317
-0.004907913067297463
-0.014257403462764981
-0.04373456636402149
-0.04845320717066938
-0.0508977511393059
-0.05062279357816268
-0.04793660265883595
-0.052022305241625696
-0.04063716067356299
-0.04966766902187902
-0.047410503014116985
-0.040170138273922115
-0.03918410977245082
-0.0457036579717728
-0.04379438550590242
-0.04833114776200513
-0.04517984360537081
-0.041284973320075316
-0.0336288536299393
-0.012907355855995875
0.007499567679571605
0.002179302703858529
0.006499641728229856
0.020379347829275102
0.012886802923040237
0.017404464173238255
0.02309109532168841
0.02435761046239574
0.012338345791916677
0.017808162224035067
0.03889779138364728
0.04384977103017387
0.03325781698155817
0.006825678754700425
-0.03054855109784153
-0.028546532137711883
-0.013141340074619465
-0.005032662239832587
0.03147066417088453
0.034399625723395506
0.038995017487406636
0.038968164376871464
0.03101647928501778
0.026368016346392437
0.024611539699091932
-0.011947234714621065
-0.00790346096366446
-0.007662280011542809
0.005407500708595443
0.0067152145043985634
0.015586681504131535
-0.01890284376920977
-0.040632403774206446
-0.03785568801397335
-0.041665090172169114
-0.051177944429944014
-0.050675378378729354
-0.053889494041767266
-0.051341469487629784
-0.0476228409375938
-0.04077488235138731
-0.043196746464953105
-0.04224111750317552
-0.03153074655837348
-0.04332165483011778
-0.030553453648572884
-0.0328040595670193
-0.014465088875454429
0.03585942097916521
0.04145156595640454
0.050097141503892044
0.04910553183283185
0.033458352378959146
0.015345426194782463
0.0345858544555569
0.03793573896226358
0.021140382448603813
0.03040874214949435
0.04370333557115584
0.0036829101879737934
0.0018945740952779537
-0.0010867224117202723
0.005473367984017622
-0.000911429809972968
-0.001009573660172818
-0.0043637367000785325
0.003770138398076782
0.01391321601740605
-0.012573535723466213
-0.006468687969077891
0.010274348971427259
0.011674079073839945
0.02444356378193114
0.02951353044567794
0.014585189760985441
0.007260892735529902
0.01616188669646662
0.003048305750580697
0.0019381019438404461
0.0030001488564738357
0.007762989653517286
0.009611731480132817
0.019766068850672523
0.03597109856038441
0.026419229542585125
0.02137389144595831
0.022320861987519678
0.019555979203658543
0.01885275639927938
0.025405354982004757
-0.02153750186604416
-0.02930074958874636
-0.02092862705286413
-0.024246664889871136
-0.019866912977036515
-0.021379637699805266
-0.006585861499355273
-0.01965304176987117
-0.009200554599022998
0.0032445109640621395
0.014299311562714662
-0.0029127248554770484
-0.0022341584255169446
-0.0068661662286355445
-0.0058747866894088546
-0.010767835392026618
0.004589904771663733
-0.004965161424956425
-0.01486166701951436
-0.024137590948177752
-0.026301314374869586
-0.026763696381794634
-0.025771328033765344
-0.024090548621890723
-0.02529515790192343
-0.014114956608501596
-0.024160266823596135
-0.028105292600831763
-0.0295878890759548
-0.029882409491331547
-0.027620344202145066
-0.022786661381644115
-0.02003582878088589
-0.01796726169263231
-0.021656747151602505
-0.03153678577224748
-0.029954960694025146
-0.03133831797279492
-0.03239231514980883
-0.020312542624149197
-0.02296104025078603
-0.019505529152099205
-0.0330007942961817
-0.032511902564219264
-0.025393257680811052
-0.028878177549880136
-0.028884561442613445
-0.021151673093023887
-0.02142672075380169
-0.014298155907391846
0.005023064032305061
0.003250164062025406
0.003048987244486741
-0.007496312295615031
0.019139932463443855
0.026186419375347353
-0.0020222852549179222
0.009536708238103134
0.00671074692783363
0.024549239686341227
0.031975047940657794
0.008435157881701245
0.0060044736876507816
-0.013364456463403404
-0.026487639558146404
-0.019205749934949456
-0.019192220458772533
-0.030917523618710537
-0.03332015429781303
-0.029428930677369458
-0.014579775554332071
-0.03521909705330362
-0.032069376072249065
-0.04459417984050553
-0.050415318664821705
-0.04976750646633116
-0.048555074465151615
-0.051197755273796205
-0.049009876991312935
-0.050488313941792644
-0.04994062065251905
-0.0480411490592847
-0.04905279172344116
-0.05154471446887312
-0.051615220692285226
-0.04963052099992168
-0.04915106104679251
-0.050260553046665615
-0.05030558275693348
-0.05030850121405209
-0.045423738958878974
-0.02789973554138954
-0.026276896005015583
-0.012793679275989279
-0.024619918881804124
-0.0248583457365071
-0.027155880377141936
-1.0
-0.04031659613514287
-0.037527229709831134
-0.020546542756346695
-0.005619630845079826
-0.036800615353576455
-0.036733038624752926
-0.026741484245645247
-0.009013345880738648
-0.003141450547901432
-0.0009583663247322602
0.0050430186011873775
-0.014992932662786148
0.007389270908569862
0.03688084457021373
0.033072566019832036
0.0005786439190699638
0.007641555972353846
-0.007106219884400731
0.0029384487588126756
0.01578682432049279
0.035944908048305586
-0.005822166396789985
-0.013302961322290918
-0.016093050188305393
0.000981573396340079
-0.026979796938832044
-0.020878603590880895
-0.027312244081179177
-0.003865456494404146
0.011473549394063177
-0.005487417996313538
-0.009391890761688728
0.008576816362682128
0.0035871800673256586
0.00882464933128393
0.026173411719437396
0.010872686761868004
0.038315471774793775
0.04531787166902892
0.045589576983424876
0.04489031209893606
0.046146922947740636
0.041919949199963176
0.03917835127822373
0.03873084731696145
0.04502881595957971
0.056744223507310565
0.055609046876186674
0.05745055803288488
0.05460688621928402
0.05324167338622568
0.05196955161848595
0.04976105644499823
0.052196085900424
0.05186040999429511
0.045150421161458065
-1.0
0.04520689856904947
0.04628529423194447
0.0468228695771413
0.049102696865599524
0.050414567455132765
0.04075671393691222
0.04017799136045418
0.046139766284956876
0.03487122865325392
0.0422980313223624
0.045885945138101396
0.05104930184836224
0.0502135487513169
0.046710276819764064
0.04003862126451333
0.05081371394165538
0.0507349824327248
0.052725940657785055
0.05426801929984013
0.053082165969661206
0.03649741208694166
0.017076712083045665
0.017771895194267775
0.01081365367455568
0.023357291955094388
0.03345321321450192
0.040215387915713746
0.048610336620396155
0.035996445552527505
0.042116551629083766
0.05273939028757777
0.051232034598052666
0.05074110230903361
0.04364477592948429
-1.0
-1.0
-1.0
0.04609789046174951
-1.0
-1.0
-1.0
0.05333461356011535
0.05104552549112301
0.04303099401538741
2.130023180463111e-05
-0.00535132676577201
-0.006225519305667744
-0.006204989130602118
-0.006189379493178485
0.022101282761830973
0.017726956542518164
-0.012296668291715334
-0.011555060612426941
-0.002712243445615653
0.040778303086668403
0.05157295163108247
0.04714843227935288
0.04643869872016042
0.04934976422526915
-0.003211274946410129
-0.03660130089615523
-0.02567253953464292
-0.03585609650092627
-0.035366237977215026
-0.04333511284352241
-0.03211476000389812
-0.019877555363508773
-0.038748581256439
-0.03531575224559774
-0.04495006978944842
-0.045447547103869966
-0.041984094856118655
-0.01821819752336711
-0.009019211990694685
0.00914329917093677
0.005593685168124574
-0.03701822997572822
-0.043846829177157286
-0.030139988439596067
-0.017256988347335793
-0.0297752668009305
-0.045713302225579504
-0.051377784047617316
-0.05191413427464459
-0.04955723352329743
-0.0521082567987358
-0.05137692785282978
-0.04984052085210645
-0.043732455885856364
-0.010574990691116583
0.0033157472230880077
-0.002279079390727933
0.022727751377987528
0.026018209177725304
0.01746788968821648
0.0054025665749839556
0.028299064487443144
0.036967076941451855
0.026817641978745248
0.03549086903332633
0.03610832600976034
0.03130215271313382
0.03641921192931915
0.0386429205778577
0.02917145656179093
0.021893678885550164
0.014072417518363578
-0.0021275029581459457
-0.01113862804459084
-0.01680123279079651
-0.03057567525715848
-0.04111657578815839
-0.04040699747239546
-0.03619501604798818
-0.03294367362951612
-0.03692246313455246
-0.018359010337107098
-0.022940802768775467
-0.013821957872635288
0.005523071032309739
0.042455898640509776
0.048384085245776406
0.04152056161376783
-0.018006712447039316
-0.04253470602957803
-0.035163822966864676
-0.03866385622959698
-0.02432332670309153
-0.03355757995345346
-0.03220393914598333
-0.03912249829390708
-0.038678766990211125
-0.024011429720172943
-0.048972417285057114
-0.05130039140145366
-0.048304450973259014
-0.046685407846841505
-0.049663105772932425
-0.04899533325074001
-0.04834894964185281
-0.04815405777779626
-0.04824364415660149
-0.0500385713219017
-0.04981698218220743
-0.051187617566726115
-0.051173215974327946
-0.0514684487346216
-0.05065448645854799
-0.04766006353167505
-0.049071840958537616
-0.049850987846130054
-0.02432477067802867
-0.01886926631305447
-0.0361766965703853
-0.050396156623735
-0.051206820415260666
-0.05318851918956571
-0.05302415182005329
-0.04710499611862157
-0.02452494715411123
0.01923051230871492
0.02541040501351914
0.014643467076058953
0.0022961356034530422
-0.022617691245127622
-0.01899693834443714
-0.018250359996765813
-0.02718692963952772
-0.017438127325395916
-0.006118990463537912
-0.018372261034646228
-0.04064534042003634
-0.03992245821252328
-0.04987846326844014
-0.051827549884272905
-0.046303268247953416
-0.009861785107109992
0.020858882222200618
0.016954082411487815
-0.013240979661645112
-0.0361734953075447
-0.03366892435855491
-0.022429607907704107
-0.011741259140578929
-0.003558090503102743
-0.015169166374457543
-0.019806880237035324
-0.011120629682227087
-0.014729363617151846
-0.024538442577142234
-0.008808608260774032
-0.023446807068252005
-0.03710336102542919
-0.02523332718307217
0.0006758986686866874
-0.008215607236637513
-0.030416956388175934
-0.040689532842541516
-0.0449390938502577
-0.047010210631934675
-0.04473355058248594
-0.013879849427444803
-0.010465071470007413
0.009722283352559964
-0.0005408132356336692
-0.0036892496873094753
-0.006603892644508607
-0.014234238944469218
-0.019686124944383487
-0.0246217616844917
-0.023607248402495312
-0.02432849329488371
-1.0
0.0010036604068066428
0.04482382905699336
0.026757827859696125
-1.0
0.03286490035115195
0.04127097357920998
0.04357635647836825
0.035152399641805665
0.02233412052119227
-0.00043248054939885525
-0.01554911187909746
-0.0301446303158269
-0.03027571837244997
-0.02799207063972481
-0.0434642676360499
-0.041978250023567025
-0.036609570433160495
-0.009208570461798614
0.0465215806449901
0.04556938580913954
0.04594434832022001
0.04802196870044551
0.049103759373710074
0.04459259620079219
0.045748050480531745
0.047777323148382615
0.04560775573929275
0.04606017365962692
0.03318940798701579
0.03343944194028797
0.04557832196230304
0.0410378971055531
0.043639139174171934
0.041458552460288886
0.04340783201259286
0.04022896761684359
0.04438643094862718
0.0452966193329181
0.03657665793985294
0.013092471480806025
-0.006156865774514441
0.02121348693346342
0.010124255875968088
0.023002847183854445
0.03350207271763469
0.03420681017895168
0.019387336652359196
0.02250865271481156
0.03282576747333942
-1.0
-0.008338680462905665
-0.0032451242166019146
-0.008011369171708953
-0.00888358398857013
-0.014820347104425709
-0.008220594346154061
0.006885818969504233
-0.005558359857973725
0.007239408740980744
0.004768042091354088
-0.020779252217133885
-0.02414854172574268
-0.024363848574289103
-0.018751444364341983
0.01928938710649564
0.00993307790708866
-0.013940017438632532
-0.03335417738251304
-0.03948418383514961
-0.025714074190781016
-0.015613852818937804
-0.005816147829272085
-0.00814622404512625
-0.005801845338663241
-0.012035035408159964
0.0010104407631121935
0.019960104731817824
0.02719398624146725
0.013123448439003212
0.00976620352039837
-0.0011097050273798869
0.018165654295668524
0.01804369649308828
0.008005850657488918
-0.00047651652574311415
-0.012033390156084945
-0.015193345458563176
-0.0018558661590844538
0.011401538632045538
0.011902928643254755
-0.0010374687127733687
-0.01321633629837361
-0.011799373827612253
-0.0035773229322106454
-0.0004594880144566301
-0.0033296842921746186
-0.017819319697214
-0.03703771395059568
-0.04398736371747956
-0.042278955161285325
-0.04540577780659776
-0.046851517861101116
-0.046722295190725044
-0.04503980477866388
-0.02799104595786425
-0.03762108266080386
-0.022365251628130155
0.01796748045610799
0.04169990061949009
0.04700449746819814
0.04686630246838017
0.04277816652329672
0.05043568377846483
0.04995048114274683
0.039690717036260724
0.045391993233980944
0.04352358484672232
0.042673803883016274
0.03486888950416033
0.015367391560582245
0.01712522440760237
0.01618257865341275
0.021930801683793733
0.03235944470232314
0.010848263831496383
-0.006267026138584513
-0.010974047981194054
-0.01626455996159948
0.0031097081891258882
0.010186618423649759
-0.01437768335350264
-0.005273020451972029
-0.023876488926803843
-0.04125633957963055
-0.04176670875366898
-0.03973445943867622
-0.04738194540064325
-0.044679043448149124
-0.044011060791837926
-0.044549499386894356
-0.04448832885500681
-0.04496825283130043
-0.04279102079570887
-0.04398039010523202
-0.04245212887471362
-0.04452628352399865
-0.04283133908931554
-0.042293664660202554
-0.04251335909206141
-0.04214810521587804
-0.042536236379864964
-0.0420634594014084
-0.04368764712068895
-0.04188188201165795
-0.040824430090360575
-0.04194203749205928
-0.04241151726881497
-0.04352119565204987
-0.04248780997715478
-0.04296628584188475
-0.04400945630270424
-0.04472524594259135
-0.04641072362324531
-0.03583327731102575
-0.03349680342175917
-0.035205042006718264
-0.04157550002899546
-0.04342929137520368
-0.04373466565078287
-0.04047279341068587
-0.03512997354363493
-0.0036061219404710503
-0.020624813252290288
-0.03570209224797037
-0.035285007288627664
-0.03861225584864036
-0.03696312155445978
-0.02412276888954483
-0.003781544170218725
-0.01533939016669634
-0.02892635174745792
-0.026473775327577144
-0.008278499618102106
-0.019459358232913518
-0.0400408637937252
-0.03982804341236258
-1.0
-0.038654514966551236
-0.03924724932724586
-0.04079372646624286
-0.04152130660406389
-0.03946553525907376
-0.03524000425673164
-1.0
-1.0
-1.0
0.04625733995559923
0.042895444877909125
0.04691292973059009
0.04275739548170063
0.04222182563250993
0.04200562982243957
0.04353998038308846
0.03937811415773238
0.03865461958059429
0.038538109540847014
0.0435673167275118
0.0469839835725239
0.019625252879772466
0.013272188255189773
0.02211810241377161
0.02566294082042142
0.028117282252619714
0.025540069108859635
0.014410771343919866
-0.0011818401544654747
-0.011671272622260432
-0.014719397188748415
-0.020077600860212704
-0.018319527766373217
-0.010767275989848734
-0.0074825273694939035
0.004126434935238052
0.007937440299941364
0.008936516870779208
0.016960211701578395
0.021887669460319007
0.014348312894976966
0.024936381669336094
0.03966107989897921
0.03366207972379683
0.02770907343153482
0.030197186686824633
0.002900767188775996
1.3478908848036997e-05
-0.005430524772797279
-0.013690431829020256
-0.02452004424448224
-0.04059051003897274
-0.04111172185423162
-0.04396153339346515
-0.04156926284063135
-0.04032394933747997
-0.04149466437465228
-0.041122649061205205
-0.04262348786774995
-0.04263764506124907
-0.04235619449682617
-1.0
-1.0
-0.039619631324020306
-1.0
-1.0
0.0074028500347767985
-1.0
-1.0
-1.0
