-1.0
-1.0
0.008134970229814516
0.0076762801096875
0.04374448450373294
0.06417187518185413
0.062156877936564596
0.058429913044266146
0.06081795442810912
0.06113336505178681
0.05336519968946496
0.0783423230750089
0.056945422901628406
0.05501931072008802
0.059295260702405234
0.07499104090118426
0.06497493926908339
0.07267706389361625
0.05506560003520815
0.06355803669193515
0.0687674551172988
0.04641643148892271
0.04879020715667029
0.056764178790815946
0.04800839136384142
0.033726061057860135
0.05001418004221944
0.02850647592162183
0.04174417202816343
0.05071274472680186
0.06150242030075386
0.0640906787535095
0.07632727697489897
0.07605777872130286
0.08434192535299487
0.08251012643296626
0.07755429399776657
0.057435471379323366
0.07537169571634399
0.08858874321202417
0.08005129385655109
0.07833239014619323
0.07827286560327681
0.09000370100825815
0.08953836073232477
0.08618318871627366
0.07937504462169868
0.07152865187007611
0.07159688031514416
0.0518595788614303
0.04312326445062901
0.029976523425752712
0.023553606895061443
0.012460496755047444
0.04618984164588998
0.07968400622466035
0.08145455078518073
0.07500556768304185
0.08269492115051483
0.07717258918110888
0.05319204152017445
0.07709939994098636
0.04325913354089053
0.03930517409668421
-0.02128005420656719
-0.013404424557861205
0.012152201268826244
-0.037024587680009116
-0.06807242197926879
-1.0
-0.01251658429840296
-0.020269677189999606
-1.0
0.005258171728362972
0.030094465731449003
0.05098009673120247
0.04327201191357566
0.024749819128857084
0.06535668255108434
0.03009513813387697
-0.011080701483326873
-0.00317577919300313
0.027572313938610107
0.03690767774167284
0.024929124259099485
-0.038652950349200986
-0.078577252282167
-1.0
-0.09680133108058792
-0.09797638553658342
-0.09492111986308883
-0.0897463307767568
-0.09609980846039035
-0.09490405841488153
-0.09689981908853654
-0.09453572414048199
-0.09223705686295841
-0.09249132010139201
-0.042076149379902256
-0.013294047192130742
-0.0010382040955952006
0.05138436182132144
0.06489001176716484
0.07045105586607245
0.08124654247673885
0.0825932674679647
0.08576824373497564
0.08457164688221476
0.08960307701696332
0.08864939109108465
0.08876665746435418
0.0868821742625791
0.08260832718938552
0.08206359095857982
0.06589906065167174
0.03856152638274052
-0.04951501629104855
-0.07386052517401567
-0.07409908405428733
-0.07565892877882448
-0.08338449296330627
-0.08272398918682826
-0.09351380990753896
-0.08857470363841699
-0.07647188822970032
-0.06699609904365958
-0.01614357745174003
0.06498700394605417
0.06333468530602038
0.07724367666628638
0.07692974662542165
0.06518921437628691
0.015377613108917772
-0.02248615709539002
-0.02947175636907753
-0.031387170543748344
-0.03129311173952285
0.029458773752894775
0.07012404123464515
0.07193063104952163
0.06794376170711514
0.07212837173312642
0.055084519448349606
0.05636164225351929
0.06744374429895594
0.002938821155508091
-0.07843339136642144
-0.07534280888808455
-0.07805401248058803
-0.0850970747676221
-0.08336893641255022
-0.04517812530883162
-0.0018753832155044092
0.01929381968238154
-0.004986967481281234
-0.04728515600411825
-0.07324586097602999
-0.09172548479029059
-0.07894430830738078
-0.06244765108614537
-0.032642048853575155
-0.00765551897446704
0.040398985973941356
0.04064195290992005
0.055148811249826554
0.07867113919904785
0.07046660682485746
0.034854801355607735
0.06289703970755392
0.028260895643349927
0.05312952848104189
0.0775477307265945
0.07847637056704307
0.0813097769243077
0.08028582536503943
0.0788332111278489
0.0685892745657024
0.07116850453711746
0.07137032000727295
0.06749741285829795
0.07257060155587657
0.07425266452131277
0.0761699721783138
0.07815226004351922
0.08105847831351597
0.07738321793699666
0.06944004782459565
0.07522500767981243
0.07419238830621526
0.072501284095285
0.06613258279790651
0.055421950249580264
0.04720468435626241
0.04591811099450135
0.04430468440258838
-0.03292182468446571
-0.061354324649922236
-0.0854570728745297
-0.08366675733483428
-0.07440865992931076
-0.08491724126751188
-1.0
-0.07591466323406737
-0.079158370374798
-1.0
-0.08967713426946587
-0.07959771653326637
-0.08136506237715083
-0.08125514163873916
-0.0784333584592828
-0.0845368198212665
-0.06548978143689217
-0.07906528171365994
-0.08472428218766233
-0.06151558653703465
-0.08631085365636453
-0.08591361476105458
-1.0
-0.07653535622174715
-0.06932614804341991
-1.0
-0.07455739159532705
-1.0
-1.0
-1.0
-0.08177988375443465
-0.07247860471373381
-1.0
-0.08677212472610309
-0.08312723099946417
-1.0
-0.08735077692670386
-1.0
-0.07222900832556294
-0.08047068863448495
-0.08082964233920552
-0.08193270411100942
-1.0
-1.0
-1.0
-0.08369885034217832
-0.0664087014922565
-1.0
-1.0
-1.0
-1.0
-1.0
-1.0
-1.0
-1.0
-1.0
-1.0
-1.0
-1.0
-1.0
-1.0
-1.0
-1.0
-1.0
-1.0
-1.0
-1.0
-1.0
-1.0
-1.0
-1.0
-1.0
-1.0
-1.0
-1.0
-1.0
-1.0
-1.0
-1.0
-1.0
-1.0
-1.0
-1.0
-1.0
-1.0
-1.0
-1.0
-1.0
-1.0
-1.0
-1.0
-1.0
0.0895549644767194
0.09156720282453094
0.08778641517455404
0.08668082745849127
-1.0
0.08992219255527951
0.08817111229411947
0.08886709568097928
0.08996842121876845
0.09153527382689011
0.0863661150185413
0.08897583653937698
0.07296286187829873
0.04670078654695712
0.049999468688790905
0.044729933958292514
0.05473999640950375
0.06660472377008479
0.08089013773037829
0.08456196825495016
0.08825923375733609
0.08885416438023896
0.08479342854013353
0.05742600013464824
0.06747438086156851
0.08377778640026984
0.08611134975967111
0.08680393572696024
0.08731432527221872
0.08249327152467166
0.07708733277304082
0.08759627262616579
0.09169795128740063
0.08994367900998752
0.08766550217482293
0.08663937309076292
0.08009581868987156
0.07916841542899473
0.07231512970184048
0.06151152636775933
0.04056917337090061
0.042054889944213046
0.05273997950516388
0.037604851326114644
0.0581316353535974
0.05850192907175152
0.04073408861367199
0.03754670598285092
0.03447319797126358
0.030414879323295077
0.029838298821645196
0.027736629562485054
0.051167433256553964
0.052006939385047184
0.04252573132226384
0.040531111012758476
0.05164555014992771
0.05225851544815089
0.017118795439673644
-0.0382653912131012
-0.037303776536133086
-0.012439944638127623
0.061324806656829725
0.05569522495171724
0.0663062306431473
0.06902774673358203
0.015933521281143594
0.007383285971805437
0.013258378441894546
0.01987007960699993
0.040427889255052765
0.04110153603710798
0.0157690669032817
-0.020226158393906096
-0.042451381256139835
-0.0214997279037388
-0.023317059075464545
-0.030944795930771936
-0.006979075806369483
-1.0
0.06884324512068937
0.06074541206994525
0.049513027300895324
0.05552333143773036
0.052686403406504385
0.04951690505606467
0.06865174601459209
0.07731709499229845
0.06390481303280461
-1.0
0.054555711184573
0.06457292760424775
0.06839972826503597
0.06444605112997343
0.0698169315266438
0.060323134611450606
-0.033776085154763484
-0.0324290071994073
-0.030209606309870688
-0.05084663477762164
-0.05770591311759405
-0.041385841044342876
-0.05264269203287706
-0.07207883198136027
-0.07632730901203798
-0.07798158576430696
-0.06786182855327001
-0.0633734115977384
-0.06469973688017881
-0.04564586631404877
-0.07209894370421403
-0.056280402316293304
0.015100035056168758
0.04465420760134209
0.03669335576003924
0.010144811186953765
0.023526708693257004
0.0485186570791758
0.022309202699652322
-0.030454623136443554
-0.04498031904976437
-0.06548753258061654
-0.053240242810156164
-0.06276078289950547
-0.06117238751076973
-0.016342714870898726
0.010201367493816858
0.01957050292083563
3.299352571629155e-05
-0.05820798710386127
-0.0679541660687296
-0.0497114121694794
-0.03186745854025667
0.012104352329404183
0.014998466027048931
-0.02254019084263614
-0.030735146123604493
-0.02580751578744973
-0.02700799358678881
-0.0376216794307355
-0.020658308771449238
0.03561600950224797
0.06327126841047208
0.08244581634461114
-1.0
-1.0
-1.0
-1.0
-1.0
-1.0
-1.0
0.05385133305596744
0.00619521911933024
-0.014031797917692053
-0.0046648341740268134
0.04796814556889503
0.0496376401439265
0.039270306555499526
0.03977428361483237
0.04958996086598272
0.057709647633466817
0.05130213636954967
-0.0017098145277953775
-0.04348352690317347
-0.0566722554714302
-0.06295177547212545
-0.07192301281773233
-0.07906368876343838
-0.07828953572182223
-0.07752854925480236
-0.07917615322658901
-0.0836826722814787
-0.08208021714841088
-0.08258874268167492
-0.0889982846182421
-0.08294263339801682
-0.08127679511758744
-0.05155356178044136
-0.03109759816973057
-0.043811935745338204
-0.06852390589316659
-0.058940799090277905
-0.057295013918218965
-0.08695670045185423
-0.08118403352863866
-0.07692576017631877
-0.07741020692051181
-0.06729244292929126
-0.07652953192126664
-0.077670228618043
-0.06423926814265951
-0.061686139416132546
-0.0645307309315466
-0.05982000612687513
-0.06991008756043693
-0.03666005040466694
-1.0
-0.03480693858923658
-0.07137525382212595
-0.07246166681271916
-0.07759435262857882
-0.08351400051690694
-0.07542099060071045
-0.08178912206542796
-0.08216814588134089
-0.08183710083350328
-0.07769155703126808
-0.08041435796652653
-0.08016871678831558
-0.06909241281825738
-0.07245052402482685
-0.08377981299711157
-0.07805602343093745
-0.07755357955625675
-0.06836715178927594
-0.06675034258934949
-0.03732794263897912
-0.0026103871202182247
-1.0
0.02382099255034445
-0.016624476825697936
-0.01794242884517311
0.006064728488802985
0.008804395980758507
0.0036409855795092832
0.02307912790416523
0.03858768537077915
0.03845242885930597
0.043530259935199815
0.06319587401577662
0.03567496709334591
0.05601036148546024
0.03848949989729758
0.05207949280294824
0.070575665525548
0.07728884349869025
0.05223965428850318
0.033065947092541896
0.04143295921461911
0.022145886177490245
0.05122617091534918
0.06648094552903232
0.04522594368859427
0.016314793566922194
0.032387399887627885
0.047894656293963715
0.03589099436352058
0.059969235310806314
0.06390368649785363
0.06806203855394176
0.05905371617049529
0.05471480992018238
0.062404725423169244
0.08098203015149702
0.07674926959275934
-0.013262095462843194
-0.011721996915803381
0.009123888766245784
-0.027635028410760043
0.0013712199655875686
0.035530657401696676
0.014790471470021365
0.0721666410631349
0.07737428450667459
-1.0
-1.0
0.07215418192270052
0.0270279017879801
-0.03311208146951414
-0.04983218886154999
-0.050242422636964816
-0.04680734191755291
-0.04075647726021662
-0.032450752843817245
0.08333749839283033
0.09082984570546701
0.08824052516390175
0.08498318674576123
0.022937834956404054
0.062372587908004824
0.060389921416802134
0.06654620052241926
0.05969700129840695
0.07642934276627482
0.08015397571333542
0.08520104174612134
0.08532632064049404
0.07894496678888904
0.07889359366805535
0.04870908436400998
0.036990905452973954
0.027021698650974098
0.03403755086784343
0.03991667039699648
0.034218105287605834
-0.007673163591685343
0.03910865941754682
0.053613838213703816
0.04267673411636356
-3.8248738987311696e-05
-0.044827524738754225
-0.044972401671729154
-0.06663499309714391
-1.0
-1.0
-1.0
