-0.03510362385437802
-0.01836253354411267
-0.034100352289778625
-0.037701261302937134
-0.03686121647127725
-0.014655107098143095
-0.02439715954051808
-0.03420886181011129
-0.03658876295462601
-0.03884928693496033
-0.032727028150839964
-0.034587513386050095
-0.03550090461012568
-0.029165900653659097
-0.002289699518312776
0.02106121933378919
0.014444765308662332
-0.02025985677050481
-0.03422320326567406
-0.0344055738127374
-0.03751472176102886
-0.03322218944035325
-0.038465975893106644
-0.03540687623796078
-0.03537637027299672
-0.0319157111611377
-0.02811394477512293
-0.03022918063599349
-0.031970312387267656
-0.02869085988408813
-0.01534535270251977
0.001297628847789119
0.011272036927520433
0.02143309416305682
0.02555877872700346
0.011943078077708431
-0.01715699502623398
-0.027403619528971725
-0.03061751354948636
-0.018061425665663263
-0.02230653786158246
-0.016543143467251283
-0.005538699556381665
-0.00040323635180300574
-0.000814949889946176
-0.010731372858036279
-0.0034153464488628138
-0.032777480010505844
-0.03420977723857071
-1.0
-0.031925356591710245
-0.032518892577130955
-0.02910020715187834
-0.03555850733301413
-0.0366300767966054
-0.03774611189406208
-0.03680854807792493
-0.034014349928009974
-0.03524976572139858
-0.03698107191711883
-0.03822946717244191
-0.037650733151720024
-0.037227072436697504
-0.039335720347922556
-0.03994454055081436
-0.03955241116053314
-0.038282361700604936
-0.037862047297488384
-0.021151894387957
-0.004945270031018294
-0.0031184590492425346
-0.021839384075262074
-0.03347315877687265
-0.03803109910699978
-0.03247015647932942
-0.036186882804796205
-0.03785722396656294
-0.03715494779114339
-0.03560526962586603
-0.033218363696441815
-0.03318908732059939
-0.02370967037495925
-0.0269279567132855
-0.03433301737324478
-0.031538651482765315
-0.03134887140717212
-0.02194405220021317
-0.0029245774580469517
0.011816759375357715
0.007517718765537661
0.009257248693577549
0.022008471544921273
0.04391747652044718
0.04327768478294539
0.04336973304234837
0.04466591632029822
0.04499914736038259
0.0447624409170034
0.043986252067168
0.04131050590856281
0.044729746258021875
0.0435532436549516
0.04315454166191791
0.043701748382377066
0.04569118533349711
0.04397305865773242
0.04240932420808522
0.03908125943306811
0.034360923858936666
0.022107683001032063
0.017478109863922835
0.027593111757036014
0.0339635944699458
0.032558140954172844
0.03671192715751038
0.01558194454490401
0.016023884823784335
0.02729924739204245
0.012562077066800166
-0.01939897983159674
-0.019420832738889015
-0.0169644047082974
-0.00949628563004519
-0.017049194106775484
-0.012049099134306528
-0.003772585834573879
-0.008822672388184493
0.009209425084632789
0.015511932977729678
0.007407789907948955
-0.007415422394068619
-0.03571403748771215
-0.04300579057650352
-0.04500737668170145
-0.03924199121143615
-0.04433716929540013
-0.04232635336978412
-0.041306662923269184
-0.04230840971562884
-0.041258248035511876
-0.040181530199999184
-0.03947266505363802
-0.041063598807225855
-0.042202905247704266
-0.04267405551845447
-0.04260187292922545
-0.04064416735787003
-0.042579351803246596
-0.041042729924319434
-0.03947898857006777
-0.0341769877835984
-0.029771004803633636
0.0026466005694749605
0.006991285358628199
0.004292353703844089
0.0016695086387534118
0.0020612736262722925
0.0052368823122197145
-0.016915639784586215
-0.022061200353696513
-0.030947142408510722
-0.03257580070670507
-0.03768937646621287
-0.03794288078700293
-0.04104030345762413
-0.03210960664670312
-0.013701992083302696
0.0005385422167132509
-0.026842773116839698
-0.039079420186468844
-0.04501974678931247
-0.0445471799176932
-0.042845521165029904
-0.04153625005283104
-0.042620034515007725
-0.03201158287183252
-0.022203348422654517
-0.011126727715221368
0.0011924219874392158
-0.016467906791609366
-0.033673237295622285
-0.03010264319639561
-0.019024146984807477
-0.0025944610827443593
0.007532234303653176
-0.002387919347755689
-0.005511146060887613
-0.018921197508066583
-0.015918797209984802
-0.023219826061787147
-0.02037887784885077
-0.02520959272412361
-0.023076614545486904
-0.026372194808674813
-0.010508415934388653
-0.0258781383935333
-0.02613155817878085
-0.02421604395561866
-0.012490923588381693
-0.004784366841589676
0.03343548836882424
0.03251019544153858
0.03660786272491645
0.041784879891787294
0.032851740590540426
0.03368480665764041
0.04158158571037659
0.023090515238252247
-0.009261145086406592
-0.02007622420790454
-0.018763021002138707
-0.024845373536828013
-0.029871030950968498
-0.03897483809619259
-0.04214625047019365
-0.04591556882431813
-0.04510457265096923
-0.04436488319007659
-0.043378188343094315
-0.04522541600391388
-0.045056552141797344
-0.04458381696066195
-0.044012289061468104
-0.04664691265675621
-0.04527712033258089
-0.043806618537271094
-0.04553214019207461
-0.04306325035181845
-0.04610729495320242
-0.044431120639298424
-0.0445642794468088
-0.041744059149627
-0.04348044773529549
-0.040408266744983844
-0.023553571214048625
-0.0015871569471969616
0.0057715087504284935
0.012311083307686183
0.023985207000565997
0.03612641702232201
0.041748891936051795
0.045491067800969454
0.04168009199831182
0.04222531479734725
0.04530405580309009
0.03769166351863633
0.03179526068305316
0.033295204862107394
0.03764694596839022
0.044558490633516835
0.045269284342341364
0.03852142994780326
0.03998114445735316
0.04888673359655416
0.04674846581499819
0.0424197514136035
0.04318585778442238
0.04711925700746422
0.04191781673781796
0.04421291055468417
0.042121757483157295
0.04418302786524733
0.043857619890008054
0.04351115284926184
0.04221094185997876
0.042010260554501036
0.0400262764786565
0.039621342201794765
0.042820600476429174
0.038974228726000634
0.036238485974841875
0.04445737764239151
0.04462906022045049
0.04663475865575507
0.04652326162545794
0.04518652008238462
0.04708929057853684
0.048864357127990636
0.04352862766566124
0.04576601182699769
0.0455775292808823
0.04497952135075439
0.04220147035499239
0.04473750882513407
0.047430872592044745
0.04691944184196494
0.04679240167621902
0.04687699029505065
0.04679518242018102
0.04358638928222769
0.028951907570406638
-0.006116157228569334
0.00538681679833118
-0.0034896109822275274
-0.022319539623730414
-0.03845974782822288
-0.040792620393123716
-0.040642677395776525
-0.03975841610102436
-0.03775581591843541
-0.03508834769781678
-0.03743221451989041
-0.012979360646776577
-0.000861011905328483
-0.017734552785169097
-0.011051048655763493
-0.018816974019803402
-0.017424002248134198
-0.029245127694387748
-0.03814630914631095
-0.03481385305459913
-0.03786343021329961
-0.035846920463682375
-0.02282998938513919
-0.026946530291656463
-0.041087195304729804
-0.04544487815332306
-0.043470319663105404
-0.03856344782877645
-0.014969554963470768
0.022212144737939
0.02230053444426903
0.016738273679150265
0.020212684560071775
0.036162246295788396
0.041383469919626846
0.043003973698869415
0.04454575221713289
0.04028539536461757
0.03641768281642454
0.03622728389586368
0.041891481787369005
0.04165645247935861
0.04217519517316021
0.04513548924740917
0.029190684133642578
0.01662022870013232
-0.014455750663656704
-0.042002313298153834
-0.049681914025307104
-0.048923010324989975
-0.044153636584025845
-0.03509435583366885
-0.044635476976359105
-0.040344434561021374
-0.04672318074412118
-1.0
-0.048198233547823544
-0.04725209973104012
-0.049671462517368675
-0.04826995510641683
-0.04832245127105024
-0.047311146359929515
-0.04678765902220271
-0.040258122608078734
-0.027165186187402077
-0.01960050772996728
-0.03923655588414636
-0.03433060525294165
-0.03541725336672986
-0.02588458891695597
-0.02621998633915991
-0.03409255429988938
-0.02910427038482565
0.002776041831248873
0.046013714601391364
0.04491272920678898
0.03950990767161875
0.029843449456047385
0.03718770104715454
0.04391980887751986
0.04684080249033013
0.048565499125685835
0.05022562381473891
0.04783826819365599
0.04163631567063174
0.041233830556512134
0.04714363021844485
0.04130304654056807
0.04559315511986745
0.029273265280067226
0.0173325253887176
0.023829661262472844
0.014736467020723077
0.025479400984234943
0.01845658668923912
0.030933651582543444
0.03299500991906691
0.03647803859914272
0.03593035937145866
0.027065335108850595
0.03100928055748718
0.022137740537940865
0.018684287339879035
0.020101473497166716
0.02982231969832962
0.027425201124825566
0.005757011602926376
0.006238975372191504
-0.022314572269668344
-0.02396771836520084
-0.030310711248707947
-0.030510273153486946
-0.027495700550287026
-0.012299751764754676
0.00025094508996000226
-0.017825877569971095
-0.022854670113762035
-0.023913403169966242
-0.01375471030964994
-0.016730461608545327
-0.018180878063562195
-0.01466327316503443
-0.019268843212988548
-0.02094702503738503
-0.030831033326062136
-0.04192707558220595
-0.038750434312476496
-0.03155932704533314
-0.017921122487499296
-0.004162183095397045
0.0008631434233459412
0.02046009299181264
0.023192074021088412
0.027085122657783723
0.02765166296462262
0.03687807626169129
0.03729086409057128
0.04089277791270311
0.049429828080690685
0.049998003762732585
0.04742649331074683
0.050835042103588614
0.051211236037358304
0.048301899122550014
0.05094374998991218
0.044626037450007684
0.04621399234892565
0.044551602755461224
0.04337763428916765
0.046229552524697945
0.03564437567055829
0.024463274385603723
0.03262278820318975
0.031288786637518676
0.0269612351636431
0.029877340354082897
0.02371809168104451
0.02402469476462034
0.021244194251081316
0.02984788872907789
0.03796736248114107
0.03837941908251862
0.04201419864091394
0.04532397323033499
0.038867412569784515
0.03912490297059459
0.050144606646101715
0.048953992776812456
0.04767511232235973
0.05038593533373952
0.04981640215474756
0.05168835873045245
0.05241740280887807
0.05086856952922302
0.04788039120948498
0.05043035385933436
0.04820240554957099
0.05024689915274676
0.05293914043569404
0.05213078280038368
0.05088532782570954
0.0491632447548183
0.051072827884039086
0.04753956276032476
0.03943384015627457
0.03749656870284513
0.024182525640011183
0.02874612216234543
0.03349401187824313
0.0044039305741428395
-0.016687573764960086
-0.006845653973732291
-0.0083452807437801
0.011039677607359714
0.011020871547762658
0.011202767982988146
-0.017256874943493122
-0.03510531046562697
-0.04682542993859868
-0.04974967897244565
-0.05012150286330738
-0.05027243642634367
-0.046703944740063494
-0.04841509027364271
-0.05072773478454967
-0.047489436593251076
-0.05084339918113395
-0.04712443099149361
-0.04915321496492368
-0.049539698511387446
-0.05006923473258037
-0.04340656977588583
-0.04741149045957713
-0.044446590370004195
-0.039535267133903894
-0.034758661968282464
-0.036184540818765494
-0.03982326014053546
-0.04070276265316036
-0.033623947431887444
-0.03564788313220643
-0.04072018274903416
-0.04379318584939949
-0.02965130002424225
-0.029627473162684635
-0.020002732847586448
-0.028606691894103784
-0.02935401406891482
-0.028705267771502604
-0.037685584302540626
-0.03747055420598366
-0.04004507845213477
-0.04047132179925198
-0.04377521053701061
-0.04225492277356392
-0.04264642866055703
-0.04363152834752127
-0.04657463199430702
-0.044207823557497854
-0.04035644588574813
-0.03898597249838362
-0.033626200868409215
-0.04166491293105454
-0.04400438659813046
-0.042852063322538735
-0.04254814640599596
-0.03168610126831024
-0.0010356152137999907
0.03456627898827807
0.042566842520046964
0.0330863910636704
0.032308134332939234
0.025748295045825303
0.03398046448699314
0.04103137417407741
0.043304551808616344
0.0507945628094773
0.04298181957653247
0.03576633797539411
0.043229552044317
0.049917799769530626
0.05016360504568626
0.046913111057444286
0.04549312534607041
0.0427546415381892
0.042976891515845904
0.0401819113860453
0.022125020232885234
0.026357061435502954
0.03661307892621333
0.02040549804350349
0.0012330202163193832
-0.0027005232384320725
-0.014070787231695012
-0.029734645136073264
-0.035057515949030345
-0.03444085609588934
-0.024145146752918623
-0.041812724372288515
-0.04428147527872609
-0.04501493565082472
-0.03820812408233748
-0.03241240708204573
-0.04187044846412261
-0.03645032266716442
-0.035946103262493284
-0.044972723883497184
-0.03716592245735706
-0.03191053758718041
-0.026679305417492007
-0.00633496164254971
0.004925495598684209
-0.0077176609999971375
-0.03239301979151297
-0.029375250549814293
-0.030776136594658717
-0.0021244291550073877
-0.024844282724311134
-0.0378891836299963
-0.040762304833393395
-0.045874129702213426
-0.0468247304214214
-0.04778083606755476
-0.04514102626832213
-0.04663135513984091
-0.047238065793885765
-0.0488370769120325
-0.048005651616685276
-0.04702827059175512
-0.04921628282220055
-0.048198666055911485
-0.04514764788868902
-0.047419719804446085
-0.048824053689327664
-0.04176381034700915
-0.03138620705659948
-0.02375246394702798
0.007671641190891531
0.02721753609038786
0.030886201798876082
0.03510730108632631
0.043095161643761225
0.04854333578295246
0.045619189678946424
0.04817230621375351
0.04226647099510982
0.030304785890648667
0.032051130591726415
0.03496491174554995
0.029379364827993228
0.01634279988767658
0.021260557369719373
0.0228902523855085
0.014519521680114366
0.019318311250024176
0.018090058600804093
0.0034251186108046577
0.00967850678274787
0.009989878826846238
0.008765948986863491
0.020685582225729998
-0.004434001097981266
-0.009560280002607308
-0.016882907758583556
9.381016610128112e-06
0.0034818890806387077
0.01354864564124187
0.016261804322819408
0.01831418138998019
0.026630915044389573
0.034396350416988304
0.04047191573432254
0.03689590153492921
0.037047158404994174
0.0336482766264855
0.039507782941493076
0.0428433817331231
0.0437224480338554
0.044880855786121505
0.03899660901635845
0.041678768872668574
0.04007010664800795
0.03039890551980293
0.022909474014949097
0.01957859805257763
0.00598522990780493
-0.00981831029085858
-0.029686970411940548
-0.03924670506337425
-0.04114144719115131
-0.039409306990897675
-0.03912043039167341
-0.03661611401627349
-0.034489648741350354
-0.0019715472538258216
0.01185327569714193
-0.019679416569907765
-0.02821853426237031
-0.023812442047919477
-0.024819845021243993
-0.02497234682225837
-0.018723138739503816
-0.011871688375512581
-0.011607327264023266
-0.003718966148198165
-0.0072722057943128806
-0.01243227543797303
-0.014225053100178516
-0.0007964928064283696
0.006792438094882924
0.004966338486389969
0.024536162763884355
0.035408408258932766
0.023544021767531637
0.017518972938330914
0.017976412039870195
0.013488528627745328
0.021650513524305633
0.035756206148083204
0.03308052816598928
0.03622550236584338
0.04048807039084959
0.04168358080148777
0.042279491220219775
0.04444590136745654
0.04680272022544323
0.04498027701487668
0.04268593161220564
0.04427343462045502
0.042854510212009235
0.03988022857295506
0.043328944948329444
0.04126345554216605
0.0289046337923736
0.012448440757194345
0.011830698474078204
0.016014830320952498
0.011013428648942827
0.01802366975316422
0.025849871712780442
0.026945154019155378
0.03190895762715708
0.025316161303879422
0.030418389805510714
0.038307024799393144
0.036573249289677076
0.030066845411433334
0.02815011560171923
0.023582487396309994
0.018308611374773756
0.01655630690114789
0.02208256872273562
0.01778568240284857
0.02142482087309068
0.010198324074750412
0.021252528339542682
0.0243116195150543
0.027303321688283748
0.03705648750571923
0.04339434213591221
0.04119526492246687
0.04339421064889432
0.04354544737919661
0.025500023435614746
0.02377746577482963
0.020656781542636032
0.02046405925067414
0.03016000728991971
0.03307257506519231
0.03651633855245573
0.03817652034729208
0.036357503561455534
0.035277635868948706
0.03526701322618686
0.04232855640572544
0.0399910937663189
0.01719181443261806
0.006605614633646587
0.012941576767511441
0.005887823228521469
-0.014440340445805005
-0.015291778163725121
-0.015241408841775843
-0.009038603343796936
-0.011453696018640172
0.009689453623933367
0.0044036898969344075
-0.01683727367364152
-0.03344339664380896
-0.03715405573273184
-0.03732087370402149
-0.03803332727617273
-0.03565261707148834
-0.03458383047120397
-0.0374029462812342
-0.0365013477602061
-0.03189665713167859
-0.032638640321888256
-0.023020162823190218
-0.02181259523382667
-0.020246203082914537
-1.0
-0.028822895024291386
-1.0
-0.0337418168587272
-0.03489299330705314
-1.0
-1.0
-1.0
-0.0339233311453709
-0.03332227584329789
-0.035239986368288415
-0.029379793415547018
-0.02128295262434388
-0.033308150528402546
-0.03529034753909178
-0.031423111548499603
-0.03068913313126014
-0.02870642575747655
-0.020819863254967784
-0.03362926212421873
-0.0350148546038089
-0.037704030648235604
-0.041154857179808
-0.036314604353939316
-0.037808792205686864
-0.038842615668160635
-0.03686779107679716
-0.037032344526535935
-0.03306279253885435
-0.03577338221966167
-0.03466728856350045
-0.036975983348284544
-0.03508464874070539
-0.03573322321602906
-0.029434033206692457
-0.03303659244961101
-0.03344390373026983
-0.034491432061075876
-0.03743141051404328
-0.03247118683078798
-0.03343959693914131
-0.03314319035214438
-0.03553527213983728
-0.03450656487896771
-0.03394589249756893
-0.03400973151650828
-0.036632469106537266
-0.031685997025013415
-0.03062941866649912
-0.03136792339324592
-0.025898666931951243
-0.028052996001011143
-0.02202871283376991
-0.017927611893158807
-0.015481787492795251
-0.010030108644090522
-0.008121330364720075
-0.002372625482095154
-0.00617160383463433
-0.0008383445091938369
0.006002100442341153
-0.015712063842899134
-0.021075623048267926
-0.02618445843641065
-0.027827330973915876
-0.025837847418218266
-0.029290983179277325
-0.03147007692350508
-0.03640047679326548
-0.03372800744508866
-0.03581172649958195
-0.033987450618582424
-0.0325701445423395
-0.017727541965907558
-0.015552180159036777
-0.021489853233120502
-0.02001955433409642
-0.014095174337257911
0.023094396506458063
0.03425069158409266
0.03358388371730212
0.03697303551671701
0.043843412149176274
0.0445490940272088
0.04378468141040109
0.045795874550938
0.04436628180667952
0.042102602751782556
0.03903678989806943
0.042678472612489256
0.04127989889887482
0.032962042004826456
0.016754445335932854
0.023516177596180365
0.02641342262122339
0.020609102608820176
-1.0
-1.0
-1.0
-1.0
-1.0
-1.0
-1.0
-1.0
-1.0
-1.0
-1.0
-1.0
-1.0
-1.0
-0.00513005916456416
-0.015733166606852925
-0.0242991693339607
-0.027092320144959964
-0.021307562013560044
-0.011835754443471734
0.006451994434459236
-1.0
-0.013524054562851839
-1.0
-1.0
-1.0
-1.0
-1.0
-1.0
-1.0
-1.0
-1.0
-1.0
-1.0
-1.0
-1.0
-1.0
-1.0
-1.0
-1.0
-1.0
-1.0
-1.0
-1.0
-1.0
-1.0
-1.0
-1.0
-1.0
-1.0
-1.0
-1.0
-1.0
-1.0
-1.0
-1.0
-1.0
-1.0
-1.0
-1.0
-1.0
-1.0
-1.0
-1.0
-1.0
-1.0
-1.0
-1.0
-1.0
-1.0
-1.0
-1.0
-1.0
-1.0
-1.0
-1.0
-1.0
-1.0
-1.0
-1.0
-1.0
-1.0
-1.0
-1.0
-1.0
-1.0
-1.0
-1.0
-1.0
-1.0
-1.0
-1.0
-1.0
-1.0
-1.0
-1.0
-1.0
-1.0
-1.0
-1.0
0.03863842374897381
0.032872246686184804
0.029913761614373664
0.034924521412114704
0.03275098965573945
0.03117273913438393
0.02891059197801724
0.027031109087848212
-1.0
-1.0
-1.0
-1.0
-1.0
-1.0
0.027790281037235312
0.026663659096657712
0.02207589661611999
0.025545201098489276
0.02206975144864867
0.017460266653000156
0.025015576601884828
0.02645932322442591
0.03330562555775025
0.026362168092516586
0.03246454444357517
0.029353606851839967
0.022876038730599554
0.015635287180579667
0.025168033795439068
0.019276554837410913
0.024453315959927103
0.028166815631353846
0.01711470547316988
0.01191290975152548
0.010476498800554132
0.02130470069995308
0.01420599134588077
0.010193581025126713
0.011296649050641334
0.018456987493125982
0.012628241889335801
0.018836378718128013
0.017751621495861243
0.027401567628008255
0.030391466706419974
0.035572785945580075
0.0369886351964387
0.03151953388097666
0.035296644922497566
0.03304823198942073
0.03533157644694735
0.03324782678041317
0.035302818530908865
0.03242040786204046
0.03488802490628879
0.03603342330638723
0.029791439828649353
0.034241247161250196
0.02859010367733256
0.031161082868674476
0.033764620759862855
0.027883118621627682
0.018132051414741078
0.013823567550738214
0.00896938745461441
-0.007500951942856138
-0.02727153451268276
-0.0315586721979321
-0.029096110378586882
-0.026798332188410212
-0.032291578153602715
-0.03348980960723382
-0.02882049891221415
-0.03251698902530072
-0.031154624769179875
-0.03297184355340787
-0.030647602393062426
-0.033843275316950666
-0.03318008814681111
-0.028291569460322706
-0.030214747635786736
-0.03048555572433155
-0.030566573342472578
-0.027451237090374576
-0.024726761199674718
-0.013560403794489915
-0.014825027921409325
0.00042384793483937224
0.01021894864361117
0.012677781208053851
0.025619575564321356
0.027634366674105165
0.0165097551899106
0.0033504598568465
0.010152625521348005
0.010443231438235515
0.003088506253934395
-0.004747905492759004
0.007808739766478139
-0.00011399407054374637
-0.006124555400733598
-1.0
-0.0058852717970148925
-0.021549360358992062
-0.03190344262879531
-0.027003634069977394
-0.03179074262548111
-0.03180287537574408
-0.033153586615622906
-0.032405232911214464
-0.028710946622275628
-0.033075386873635156
-0.03237154965137576
-0.030854308217119254
-0.031056140028078424
-1.0
-1.0
-0.02885507737767443
-0.02175194054622205
-0.005844005598896291
0.01295073459391621
0.020772001613473777
0.022400741694692236
-1.0
-1.0
0.031064599892021014
0.03389818656224838
0.03339853185856614
0.03696842868236828
0.037534785328626044
0.03594632408651379
0.03630336183241274
-1.0
-1.0
0.03378635320300976
0.03449514573145408
-1.0
-1.0
-1.0
-1.0
-1.0
-1.0
-1.0
-1.0
-1.0
0.031049208672238687
0.028747387344486893
0.02700786077878881
0.026433338289171465
0.0312397450034821
0.031804239392549234
-1.0
-1.0
-1.0
-1.0
-1.0
-1.0
-1.0
0.036311117436367266
0.03503178504164523
0.03637113888736245
0.032736762143579505
-1.0
0.0331088794952123
0.03941585676063446
0.03649022247191192
0.036444903631050296
0.031018599878942992
0.021912352333968838
0.02000328385558388
0.023874364985515015
0.017632125315887797
-1.0
-1.0
-1.0
-1.0
0.00797520429036984
0.016601810054865666
0.004766885862040676
-0.024033576303465594
-0.03136561096074574
-0.030655511545689604
-0.032156915425325894
-0.03117400602999328
-0.03311424842719818
-0.0318110597138
-0.028953298830441697
-0.03321695687683126
-0.030531692839443906
-0.0311719433851418
-0.02986667542844136
-0.03299721346081739
-0.032190842959355745
-0.036087946257175964
-0.032471463120234106
-0.03015505286032571
-1.0
-0.03197712227475864
-0.03209276146143984
-0.030011448773529077
-0.030178893426996208
-0.03059774256051483
-0.03194968810118242
-0.03449386113919834
-0.02835284139820117
-0.029870749174854102
-0.031471544417211755
-0.031607231810194675
-0.03054082112668603
-0.03472743634419071
-0.030841864128860884
-0.035046877675093395
-0.0344850253344442
-0.03198455604109435
-0.029517582062535186
-0.027768836992336222
-0.009380386535420242
0.0018425868358666016
0.015252116231505089
0.011274105337386238
0.0029256404223323576
-0.006101462753447083
-0.01700576016123889
-0.016352198340080698
-0.02140060868017373
-0.012644593237087942
-0.007766351767107841
-0.0046366942331777135
-0.008423601061747908
-0.009652813749389833
0.014259027402975471
0.015836667388633194
0.01837965297675698
0.016437069419636487
0.013305415840488678
0.025359551241258042
0.02786215034345017
0.023088344875700866
0.023901749009554035
0.025697446844654515
0.027823020219018415
0.028276291896040816
0.02588173967160693
0.026722662070825524
0.025408763689894937
0.028837489214371723
0.02498310847617005
0.027469995542344708
0.023391638321517947
0.02041062260554112
0.018709059509369165
0.020538532421336266
0.02900286517467839
0.03356995777775283
0.027414046571283972
0.026743953143287775
0.011036650477751174
-0.006129436547787333
-0.016414677948184554
-0.014650167704905022
-0.012599360965900908
-0.024973036792891822
-0.025320318721203224
-0.02457675422749177
-0.029859852673159906
-0.02846339063749299
-0.030731622249736707
-0.034048324693658816
-0.035115644769356566
-0.03282659560949045
-0.03172983473971414
-0.03018874284793559
-0.029110612217039266
-0.032177915886152916
-0.032860889813996555
-0.030229601248079777
-0.02924881822024619
-0.030486922118966916
-0.034417064603077925
-0.03342528396186447
-0.028784348626884865
-0.0312580525829055
-0.0329312757698661
-0.028243815484144143
-0.031208325810401068
-0.02929224711296564
-0.03139454954606311
-0.031117961097518777
-0.0321220714756641
-0.030917877618502815
-0.03333381959920565
-0.03404496232592532
-0.030259209629210655
-0.03536702444918008
-0.030556897623403283
-0.03215510230857477
-0.03312454934149893
-0.03340412708564019
-0.033600438248430155
-0.033496267299616675
-0.03311584409519879
-0.03252202122832739
-0.03171626425979039
-0.027754061315978237
-0.025264546086129838
-0.019028452344981208
-0.01556304082714568
-0.009968185877800077
0.002509888563561424
0.02979290566475463
0.02960388896324591
0.035683969012392694
0.040175536982254574
0.03867438989246417
0.04053566757811583
0.043009581817323644
0.03797008543900201
0.03528424387053909
0.03620393892322508
0.02979292792060949
0.027268848972252496
0.021130691617563594
0.00969399130731567
0.0031795246584774995
0.0005772033165487524
-0.005248522536573444
-0.01883369793655119
-0.027725657722667964
-0.02941578544433107
-0.029938094281358397
-0.029998158411523822
-0.028323314516559644
-0.033011590031918774
-0.036294347804880375
-0.03189707411670049
-0.02531023954524368
-0.016210911250009567
-0.005321061716933885
-1.0
-1.0
-1.0
0.009355367033752735
-1.0
-1.0
-1.0
-1.0
0.009800062423279039
0.004007879774292614
0.007181149120049033
0.02455157923420704
-1.0
-1.0
-1.0
-1.0
-1.0
-1.0
-1.0
-1.0
-1.0
-1.0
-1.0
-0.010796984392458667
-0.013107772221035005
-0.020738081297762393
-0.009230816845477677
-0.004692636276318194
-0.01859457515249301
-0.018337264417421693
-0.013328570697182468
-0.015407636420506703
-0.0011777931517894908
-0.006886559979582663
-0.005746741777034014
-0.007595047429972945
0.007537868576285868
0.0023213534238384352
0.010764897089613534
-0.0018144606980942865
-0.0070399683223940765
0.009372557824338691
0.026419472751254256
0.025990903165309148
0.02591337526616017
0.004118188335618694
-0.001000436173916467
0.010672613466276713
0.000484939752180331
0.007620782815816773
0.02312527526587676
0.026401748794431253
0.028454064084375317
0.02014916621765442
0.013573099561031816
0.022909502159883834
0.02597096212936473
0.0332817760022874
0.03038173904692398
0.013401268115079053
0.010720035856107691
0.0026310304500457918
0.0024151855258308244
-0.0004733758871847254
-0.006805214863418407
-0.03381667343646223
-0.03802544480239696
-0.04022506763522096
-0.03716246021951325
-0.02758197972064255
-0.026144700377497086
-0.03465068604090558
-0.037720435729051746
-0.03751570473468718
-0.038050222108828614
-0.04160031792026959
-0.04293326745506979
-0.037111574508836224
-0.0384632552730372
-0.01623298541789832
0.00247667575864889
-0.006273554036950034
-0.006902481039629726
-0.0006826795390802254
0.0011147482670858717
0.00593522459803931
-0.004111566781099489
-0.023010891854646717
-0.020883889718864023
-0.03282673988227804
-0.033502174330187866
-0.04305254080597282
-0.0395600792611663
-0.04489189547818164
-0.04221773952922021
-0.04241266832953381
-0.044624668910132795
-0.03852805927723244
-0.03137558394119515
-0.022951002098031734
-0.015246943955406735
-0.024963639590760214
-0.023452117064918204
-0.013702675203862378
-0.014539213472352997
-0.006899395869982255
-0.0034633941858742976
-0.0014173691789465543
-0.006153339561013515
-0.008090378008267372
0.004019302919510958
-0.0016824972100925389
-0.010822891814666055
-0.016655612277282905
-0.015208584719719767
-0.01675581340796639
-0.009653042739659286
-0.02207627799708233
-0.029399268582219792
-0.02826899059731833
-0.032521827023601645
-0.02188896424949196
-0.011341353542371722
-0.0312886892311845
-0.03647070883119611
-0.04018425629925174
-0.03188368285983843
-0.017038900737678535
-0.005175276025930153
0.0060658786710475875
-0.006599381258241868
-0.013555286448861748
-0.020178167302128777
-0.021133097792691524
-0.015885399970647526
-0.003306648773140042
-0.016119019990073775
-0.011347570911697294
-0.013499116779662252
-0.006668848415524983
0.0022544415457180066
0.009318927623024408
0.01310662380695637
0.020386713490286944
0.027657169323268494
0.029856325608237585
0.013252517048509663
0.007279767647516938
0.007588669847954742
0.013113964912353074
0.01991496052738577
0.008102922885603827
0.003371739710458664
-0.000541100215315267
0.0026690011160177916
0.001199317716516097
0.008003828537411715
0.005893739814809552
0.008936944667885688
-0.0034300676348731542
-0.004441627618250729
-0.016110398145189282
-0.01905988111765761
-0.013374182074214805
-0.02034737806328809
-0.015410236648579335
-0.01555121179020806
-0.0202547969679471
-0.010911400801513182
-0.006232318388363878
-0.02163736772375536
-0.03088657992468031
-0.03725084095983699
-0.03707523031761553
-0.04121139139415544
-0.03564208507087203
-0.03501701538277648
-0.037369189783934685
-0.02423047643950175
-0.005792563112209459
0.008704798322011367
0.008260300853667406
0.002737233733054034
0.005624574546226176
0.002851995145027868
0.00019861539184045624
0.0024504931698644036
0.01676185346802416
0.0012751057648256357
-0.006511402721081437
-1.0
-0.004264563064882832
-0.009897736945563566
-0.009194330486169236
-0.00495509030837913
0.002622726142470862
-0.007694867849640687
0.015602871803084284
0.024326067802632714
0.01950282865190181
0.018138973304663047
0.019574223438652356
0.03067043162481731
0.026077025953740833
0.02563300717278282
0.02172522094994429
0.027616436033681323
0.018600684641834803
0.010245370888821898
0.0006879122952913216
-0.004353018133135883
-0.0029638789974372384
-0.0042183628418838185
0.0015100037547935877
0.027728646848970234
0.030144718544562712
0.027365925588069093
0.026685486132753764
0.017728203344585476
0.030676568212406774
0.025193739771675935
0.018527048238467132
0.02587350392309464
0.031978768307548006
0.030100603755283242
0.04064413000802258
0.04550542425445002
0.041806247995716944
0.031125891304837363
-0.02178392537802529
-0.04295557315844006
-0.04748781129725467
-0.048367294889727595
-0.048262131568925296
-0.048192029241367874
-0.045857089138889494
-0.04001055294522357
-0.04590072347754463
-0.04749316453334615
-0.04660137596234489
-0.039798543077317054
-0.04066758716424323
-0.032531864168226475
-0.026657642730073986
-0.02971843702007014
-0.033201333622684535
-0.03758537383401625
-0.03343021607806092
-0.028078211048965625
-0.03042701917822825
-0.028743825808487236
-0.016981049155407765
-0.028006920053067923
-0.030744159662807653
-0.03169083419560568
-0.017757594185822685
-0.02401173779056266
-0.019054053889581497
-0.009373246558447144
-0.02134064047433517
-0.02887798156193987
-0.025127788150882596
-0.020850538554983065
-0.024170835430266994
-0.004923332279902769
0.008238592917114432
0.011502118777105469
-0.005731405766862508
-0.02484960059155897
-0.026648684929781192
-0.016418632855621028
-0.02025830241092533
-0.011833913096349267
-0.0028145288481793013
-0.021661266363590566
-0.023768617544940668
-0.010060554732769495
-0.011279994842979696
0.0010383326504375024
0.030865184592023743
0.018813313060482985
-6.396989415527038e-05
0.001619817939358222
0.008208259538795872
0.0003666603536842539
0.0026939784614343227
0.027877625564754524
0.031301514250839026
0.030619939198572758
0.030601971842870647
0.04468562334695466
0.05096595626751985
0.05193963512259119
0.048917561528517936
0.04614813103417176
0.04693740738713018
0.04597906408529935
0.044445531437168444
0.04739459464233429
0.047263828090256824
0.04973347698246761
0.047883834459708154
0.04739109623393198
0.05006495113868318
0.05204494896095467
0.05127158415974211
0.04577068931748483
0.046356155825653236
0.04412889648156283
0.04228450173125906
0.04395661370576037
0.04341001014273787
0.04812630801759985
0.04688610429354171
0.038773374102610364
0.03146166781061671
-0.0171049520348464
-0.02157872515568182
-0.028886089499146863
-0.022989791352491705
-0.009376041303687901
0.0028972090803895158
0.012260885374161435
-0.004649623038116468
0.002797354561504954
-0.01623351685586874
-0.0294750307918021
-0.03338973169205549
-0.03862687671489502
-0.037945673106063046
-0.03974142335383018
-0.04299898220378961
-0.03598335199798227
-0.008719548377668723
-0.012248979311375531
-0.0090414326406226
-0.015294083644066161
0.0005273268896042381
0.015943077766903426
-0.006938966929200177
-0.014726244264925583
-0.02304452435433792
-0.024283703767498888
-0.034172589378465214
-0.02631751479167956
-0.018875349430143067
-0.004371301890961652
0.013525074377355235
0.01273665080923178
0.025750324650106522
0.00648910982779135
-0.010820947795182171
-0.0253157008035892
-0.02188253502673268
-0.0264902568386333
-0.015531792723061811
-0.02502363722087689
-0.012458846951132859
-0.015580133939831474
-0.016626755128204485
0.011878713156410437
-0.0036747454607622
0.011957460889450098
-0.0030520570363393065
-0.012419733945507352
0.002298551884500338
-0.018027539763037642
-0.02591351867594564
-0.03855638055711342
-0.0452673589164409
-0.04333650566816827
-0.04221852164718664
-0.034651242376949144
-0.03414524302025616
-0.028356701861043016
-0.03689849819306965
-0.031623900088422224
-0.03904196838975693
-0.03967393818411271
-0.03773575190262972
-0.030757780699416225
-0.012602961678494146
0.0002434659084188761
0.02628018181124521
0.006896904115753063
0.011039357670681788
0.019825116065948587
0.013833892532995684
0.019502817544972836
0.018042490473887854
0.013897470048350324
0.025804468607064455
0.02012820964671841
0.005925791477241838
-0.0056547219331412385
0.01280632903999213
0.034483925095652734
0.039821950744016614
0.03717225934000076
0.03747211145322915
0.028409703614864366
0.034686321049829535
0.032503264573848424
0.029941476324021034
0.018295406975272818
0.017631102941638513
0.025271448612796853
0.013163172834887101
0.02004127077895312
0.0186323118837253
0.03502259924977565
0.046077241615229234
0.04479440491242518
0.04464643981198634
0.04282081136607055
0.04553467223893834
0.045110006782976074
0.041943305078088286
0.04373613604335256
0.047056355789761126
0.04673989343406492
0.048001534576695905
0.04756567933099694
0.04744381723980754
0.049991545652217174
0.04888223383324214
0.04726762378657121
0.04431408750313097
0.044089035348300706
0.0414420935885644
0.041756208852828595
0.04308794770895756
0.0407831347330193
0.0375911960388807
0.026784029858337367
0.026413997907183642
0.018181614486843536
0.022173294616683423
0.0159601384898858
0.020145249888753124
0.028025988519739947
0.04381815188462793
0.04181585204972989
0.03904148824976866
0.03358737051183624
0.03389702952276909
0.029491629252712006
0.034303358017367114
0.03275185179133474
0.03802075215388406
0.037528821306008084
0.03572568320488984
0.03185964790651082
0.017854323447546144
-0.009957115425666256
-0.020600588146787446
-0.031009054312196797
-0.027723042482449
-0.02298051768011054
-0.025827468180619883
-0.016688308478799003
-0.006875604063394031
0.005622386579951134
0.031238410097094313
0.025387045773635233
0.02381787871037847
0.0271252479231046
0.030766967745538623
0.000697773657475019
-0.010345440294849345
-0.013367836528598903
-0.014791627500516753
-0.0024406975257044625
0.03686074421046981
0.036453241906662104
0.031145122578676267
0.03518557156203443
0.026404293620062764
0.00920648404862611
-0.0067654640498004456
-0.025742807072098826
-0.02407454395934228
-0.006494670866216439
0.003185316073605701
0.010779994489315579
0.008357312217956712
0.013491292566235168
-0.0146868532676655
-0.014832667767345806
-0.006771482503355604
0.004504474751858868
-0.01789899397547646
-0.004526754474390697
0.007635779801433474
-0.0002531503892336387
-0.01107648164991637
-0.004389068846490396
-0.022542304951796367
-0.021588657310957982
-0.019989386624784264
-0.024806931263722933
-0.003496830134276933
-0.02387508340534739
-0.0293797129592654
-0.029300084876097615
-0.018230403110963814
-0.015268905385290603
-0.016038357702406816
-0.023532267881864275
-0.017845163851829656
-0.02300420833847113
0.0017819819882237155
0.006118127988567798
-0.01720030174733128
-0.021843116175526513
-0.014581043661974644
-0.015384921979599448
-0.019672519894121637
-0.010146255984088234
0.024629832524299067
0.021426835786305463
0.00965937264887427
0.006862870020827956
0.006762209788230661
0.003372821246838918
0.004121828413014654
0.0008717891142392462
0.006920224944618062
0.01655101932240474
0.020493973768206317
0.025302304335398373
0.035340436999888154
0.019744980350362065
0.0013431888846393441
-0.010012154651371575
-0.028898019365536952
-0.04078942641463483
-0.045388559453755604
-0.045437174176380705
-0.04631291547775833
-0.04412012508453799
-0.04003661080339014
-0.04097323617436523
-0.03872749263933442
-0.03784757265029695
-0.032452513222922606
-0.03519223857981217
-0.019846492298856395
-0.02529171082126593
-0.015770710394515157
-0.03670667298423623
-0.03627583044760413
-0.04059756985913917
-0.038624643980264904
-0.033996402583616005
-0.03460273893419433
-0.03965584829930875
-0.03601966797176595
-0.030627120993045348
-0.030600400075672173
-0.020239995232448946
-0.016460978961254057
-0.011082664996782714
-0.016742279959219022
-0.014210806976853993
-0.006651066799635717
0.02184904853008112
0.03732711181448605
0.03479322430088586
0.0251319933794854
0.033998263373455795
0.03290564802176041
0.03010260025379187
0.03763306561817266
0.04041936369797969
0.04593410893257804
0.040474430938623726
0.038458543809968035
0.029285947603892453
0.03038448304061849
0.02526133866905134
0.024791564676362895
0.023816133510964257
0.024055854244812096
0.034641509528765144
0.035157925475345776
0.03284834902844665
0.026652115243217128
0.019305440848807358
0.023586198345072928
0.026496911797740268
0.030236333735374914
0.035991457579047204
0.03806726731725118
0.03594634581808548
0.03732509560232658
0.033849019973875634
0.03704260856376083
0.034921541785768055
0.03565382714175623
0.021801682412014807
0.010876052891670322
0.02416645850268717
0.025355341941246504
0.030287792467735275
0.03946901509902264
0.033999322542561286
0.028723039535194235
0.040339647185444125
0.037422387854282174
0.04376944635570838
0.045882002250544736
0.018138655082748572
0.016052352578581487
0.024716911440796303
0.02269705241624479
0.010749412830628526
0.014083456042053782
0.017363075080235442
-0.0010541080984445383
0.03383576704822635
0.0169693723480311
0.0010454838223598842
-0.0015767821425067816
-0.011410826165774981
-0.031070884917012265
-0.03542315695855642
-0.037389467036187736
-0.03950730630056494
-0.041027862331800294
-1.0
-0.04403685411664761
-0.03142650738850211
-0.02794740272226195
-0.028337052676492884
-0.026651353619979307
-0.02982266239900183
-0.025657615472611067
-0.022699773512868764
-0.008655012452314238
-0.010633357366726699
-0.019225835610517484
-0.029842329373404107
-0.037596571531482194
-0.03710160957359959
-0.034730294469253103
-0.028231933781973306
-0.018966421995018655
-0.009902594959249465
-0.010921708740238092
-0.02599034967256533
-0.043368042271976576
-0.03514640540111369
-0.04124824303022363
-0.03246497180035636
-0.022883192720932463
-0.02173117207385399
-0.006822141620218208
-0.004408542130617003
-0.014962546029898171
-0.020510335994480707
-0.023107092328938567
0.01077210904540698
0.03816313081044813
0.041059501395923376
0.034879684508352486
0.015415876793992908
0.019582296805152728
0.021323883572587552
0.03120461323579076
0.035102490438326306
0.03449744781087872
0.031693281094138874
0.035165956144858894
0.02383388481074248
0.03585539876285133
0.03941932387461234
0.023251294528915303
0.012896840994594235
0.009175086111420998
0.008724768782378446
0.005562444120468148
0.002385550023992544
-0.015131916379089613
-0.01767869682822933
-0.02744850721591231
-0.035732971614626546
-0.037901913529665016
-0.03857714954875191
-0.04170001566576272
-0.041548249453467107
-0.04233779773407159
-0.039854531942520074
-0.04073734046915978
-0.03461607475359286
-0.026644636982552046
-0.015531353264676015
-0.025182104092557167
-0.022089666521228478
-0.02145650824900815
0.001743625611144597
0.019850598061163915
0.003958563665028649
0.002073729679455418
0.01994669012402111
0.034671174835831174
0.028051552442805737
0.02667195286838985
0.03086787847807282
0.04569517058272094
0.044411565897610895
0.04324057027791085
0.04499252533589645
0.04571489035100666
0.03761314768233527
0.04003989623561519
0.038780212757963825
0.034152966193941516
0.04296003846877093
0.04084335981787933
0.03970389591222671
0.035325670416195
0.034208559825716606
0.038912374013880584
0.04140024942439153
0.0448964711424456
0.04051237752693023
0.03633154035291669
0.036395692426493084
0.03317394177999624
0.036201056301622986
0.033812519874253474
0.03485887430861186
0.033860935242553396
0.0352708909607939
0.04037507576425757
0.03566725436803962
0.0342471993329426
0.0389709806021964
0.03727806187332599
0.028745755269349454
0.02485006435716098
0.02759729857545242
0.02093787550031991
0.02501112362068201
0.026357541699901357
0.029572068239150505
0.03825867637537255
0.03213857109478131
0.02984623143819196
0.027581541677033257
0.026400914482758678
0.024227025707128428
0.024416147937574618
0.021872877647180357
0.026134089088554458
0.02579302729522382
0.024293677215834097
0.03816710913102884
0.03742839234270381
0.029542514349476395
0.03763404298257961
0.039401441903156864
0.03248646318602659
0.03172879692070839
0.025739844303744142
0.027844890532550834
0.02240062846922181
0.014337641802024683
0.02219267195999422
0.01658285094682482
0.022750531835805252
0.03815559291336938
0.03836133927813617
0.03607934751419
0.03017365426254237
0.02487418808942534
0.03486025152626142
0.03346420521051597
0.02780386562554467
0.030171660538940583
0.02718330910552395
0.021692270844880394
0.011197412740245945
0.01982279225127606
-0.011364316301897086
-0.03514221295592201
-0.039801960578791644
-0.03852215295458436
-1.0
-0.0365812945909267
-0.03944309063120833
-0.035656627626212176
-0.038844414564086514
-0.02743451738005935
-0.010144118324475154
0.012963111872606774
-0.0014857691281540968
-0.012244664571322185
-0.02076166667606231
-0.020060486913532512
0.0007031444523726723
0.0007155325839184577
-0.003149942334600991
-0.02513451723922397
-0.019837949704287088
-0.012320736968473203
-0.015279343593104478
-0.026545861570460173
-0.028392777135959356
-0.018237301767092803
-0.008152084253382123
-0.013750413452370826
-0.022547328899086352
-0.03080552919342047
-0.02822329991106728
-0.024763940174741265
-0.029935111866038002
-0.020494137691008857
-0.011891075348260538
-0.006045735040899741
-0.002763962054385043
0.006740419959274056
-0.0041759829954765215
-0.01156570611712949
-0.008504046920979603
-0.012461201889229775
-0.018729425534911005
-0.023644646822848187
-0.018292115425663117
-0.01132530813453479
-0.014525396804979822
-0.014623081305324212
-0.01212190572750359
-0.005034248151164691
-0.02760367678737235
-0.028682708877892982
-0.03241053794295553
-0.03111366977929604
-0.02111457072072861
-0.0277719155385452
-0.008301869633828398
-0.018558842750398777
-0.022806999012040544
-0.0227335037685646
-0.024073751907587197
-0.028328068530166513
-0.022483310028249825
-0.006957422592435079
0.005408118368444564
-0.014316046897044288
-0.018138281744889247
-0.017366911426533366
-0.011632275290993673
0.007546152216419401
0.03565015223913485
0.03097838892478977
0.03357651220218979
0.03722322502718635
0.03777687209496389
0.02565998595791547
0.020620778969875807
0.029485053446984197
0.03829098883044739
0.03741499768931695
0.034669303410102166
0.030414458904271045
0.017925470685298095
0.015222060970499654
0.006307577360559562
0.007034360134978089
0.0058380892590962595
0.013022323972464223
0.01213264385604964
0.01289595584984232
0.0016274557182436183
-0.0018066677855640087
0.0012597140922430928
0.008173712838417953
0.023015926477131955
0.03510612479195891
0.03262147390465365
0.01743409003030179
0.026395143422208292
0.042291065678283744
0.038556149934062006
0.03744604971507299
0.03935828088358288
0.042478824579680476
0.03947614354800262
0.034477273582944445
0.04106994735883094
0.034995223085513644
0.03679443777092036
0.041317661344348736
0.03176329526573466
0.03498778576381538
0.02406646484413273
-0.0010312532244576382
-0.015468889185214241
-0.023005776524145528
-0.025223490091552066
-0.0231782068913035
-0.02390820312075129
-0.024439650222377204
-0.023941588613557028
-0.021992355301606408
-0.021604133682487134
-0.011440410329783593
-0.01432428257230587
-0.01219154544186085
-0.012777579600300005
-0.005533580978240207
-0.00034914691840656515
-0.0015560375506130353
0.00686446243380319
0.019587566361935874
0.0056042989466889605
-0.011535580379701158
-0.00794336499144697
-0.013921797308159897
-0.011672560327297472
-0.012649970946615923
-0.021315724925042863
-0.0025906444647259877
-0.010775016905117622
-0.012821209465300305
0.008349725935268946
0.01863231372930614
0.010422441324097486
0.020320399817564047
0.005412620800693618
0.002330708913298579
-0.005146726799351257
-0.005097714333519583
-0.008515549944065571
-0.003714783045001065
0.002197993692924083
0.012219566280319632
0.01976472428268806
0.029138903761200464
0.017403699051595525
0.010578444891869255
0.015183953707572986
0.0058752263738187155
0.026898531677440916
0.02600142533994014
0.018715853980119074
-0.001971850371785668
0.011771152168364182
0.027034935572324212
0.01764702814855622
-0.006287076204579588
-0.021600477069226763
-0.02116696575538392
-0.02016039291971069
-0.02125059725784024
-0.02039478520582004
-0.01010227773856221
-0.007045648107125658
-0.01818159749309038
-0.01802815827253275
-0.014697023686938123
-0.015358200377636008
-0.01511860226007131
-0.017248325991475525
-0.011537579315553307
-0.017948556564839076
-0.010955439013591245
-0.004587727264930699
-0.0013598392990850372
-0.011594222216900534
-0.014106361942426522
-0.00942322343680827
-0.010037360989081465
0.003290533933912331
0.012570196251400798
0.005412713578115387
-0.0012089147128468405
0.009459899100667548
0.0076411773398254515
-0.022176401030133474
-0.02533201274224642
-0.0257007376058031
-0.029673996516294945
-0.022046730227379994
-0.026718133320372803
-0.02565590557790341
-0.026509530693434074
-0.0282852885145497
-0.028664986786432204
-0.029301371279311497
-0.030166285688388902
-0.028239344305008057
-0.023182904982333497
-0.01956361126646364
-0.013517511452395948
-0.01758585378326456
-0.01059984955932755
0.02098975087935722
0.025809875620372603
0.017992724541235905
0.01559750017940644
0.015001235957370363
0.014764958913359709
0.023813833951740332
0.024778291211597307
0.017092754096333172
0.02626887867416349
0.03321330236593471
0.022340408157468166
0.03086724264218889
0.03871443085808697
0.03829568332564971
0.03697846098771349
0.039614570374684854
0.04005341865800522
0.03969263917236058
0.039300476612618866
0.034256852353434515
0.029365455345673436
0.031073300370664383
0.029903403766886293
0.0304092294234124
0.033598582391557594
0.03009393759228731
0.034402196003676624
0.03372024201088811
0.03352333595790966
0.03039772995067325
0.0333667403433938
0.029956963800349703
0.033347171668858686
0.02646007004840161
0.029698075950868534
0.028987145723137316
0.029890643672969022
0.018281322284393893
0.005210906068778867
0.014822175660100172
0.018707632645949338
0.009091936392146203
0.0038507712088012994
0.008569040412011047
0.01934334531339947
0.004456735345322273
0.01606860470527812
0.009894494885448349
0.009018356567273303
0.0101260030154542
0.019428008185541468
0.024688392631060683
0.02756309087016042
0.011883402201910476
0.010908586457146603
0.0007612979866124011
0.012555132591843411
0.015510387997799524
0.014502988139344836
0.020104507080858976
0.022039067697059277
0.018646083042931343
0.021466947472670937
0.024180439107159495
0.018165822507547436
0.016891281586971743
0.008901798365252846
0.01900932383327442
0.02137169660473954
0.021068542510820416
0.025532821485271296
0.02404754747033755
0.023642904905504365
0.02422785068120673
0.021451573636492867
0.018806465263700566
0.024279662917103442
0.025239598287571753
0.03291368635563797
0.03795527431968681
0.02522072338359355
0.028266549806359155
0.02686987240875657
0.03173403410694694
0.03120296707773579
0.018270467868364806
0.019042020874475592
0.008848938854378298
0.005769599109517187
0.006357293278856184
0.013312865499120828
0.012490598894517924
0.010874686156699396
0.018809014983213437
0.01735696221965374
0.015716969021803535
0.01086877851030588
0.0035381964759809564
0.0005347836377237198
0.003650672227636182
0.004954094652084539
0.01101875799155166
0.015326852408188348
0.01145499783077512
0.014993034140563062
0.012062932114460379
0.020678892186285318
0.016375100059105387
0.02630659085159745
0.017176330902587602
0.02609083010050764
0.027076440978518405
0.03244999652630855
0.03308282715831689
0.03237487984830505
0.03385193176217416
0.03365042218388336
0.03541139048957896
0.03742914287012837
0.03742681060916174
0.02923854382240539
0.02841988853550616
0.020001478327601675
-1.0
-1.0
-1.0
-1.0
