-1.0
-1.0
-1.0
-1.0
-1.0
-1.0
-1.0
-1.0
-1.0
-1.0
-1.0
-1.0
-1.0
-1.0
-1.0
-1.0
-1.0
-1.0
-1.0
-1.0
-1.0
-1.0
-1.0
-1.0
-1.0
-1.0
-1.0
-1.0
-1.0
-1.0
-1.0
-1.0
-1.0
-1.0
-1.0
-1.0
-1.0
-1.0
-1.0
-1.0
-1.0
-1.0
-1.0
-1.0
-1.0
-1.0
-1.0
-1.0
-1.0
-1.0
-1.0
-1.0
-1.0
-1.0
-1.0
-1.0
-1.0
-1.0
-1.0
-1.0
-1.0
-1.0
-1.0
-1.0
-1.0
-1.0
-1.0
-1.0
-1.0
-1.0
-1.0
-1.0
-1.0
-1.0
-1.0
-1.0
-1.0
-1.0
-1.0
-1.0
-1.0
-1.0
-1.0
-1.0
-1.0
-1.0
-1.0
-1.0
-1.0
-1.0
-1.0
-1.0
-1.0
-1.0
-1.0
-1.0
-1.0
-1.0
-1.0
-1.0
-1.0
-1.0
-1.0
-1.0
-1.0
-1.0
-1.0
-1.0
-1.0
-1.0
-1.0
-1.0
-1.0
-1.0
-1.0
-1.0
-1.0
-1.0
-1.0
-1.0
-1.0
-1.0
-1.0
-1.0
-1.0
-1.0
-1.0
-1.0
-1.0
-1.0
-1.0
-1.0
-1.0
-1.0
-1.0
-1.0
-1.0
-1.0
-1.0
-1.0
-1.0
-1.0
-1.0
-1.0
-1.0
-1.0
-1.0
-1.0
-1.0
-1.0
-1.0
-1.0
-1.0
-1.0
-1.0
-1.0
-1.0
-1.0
-1.0
-1.0
-1.0
-1.0
-1.0
-1.0
-1.0
-1.0
-1.0
-1.0
-1.0
-1.0
-1.0
-1.0
-1.0
-1.0
-1.0
-1.0
-1.0
-1.0
-1.0
-0.027294193453360347
-0.0019557878857915864
0.011708068943507831
0.02173860081967709
0.026003988390860714
0.012343166996752286
-1.0
-1.0
-1.0
0.007293043409898336
0.024551348157167183
0.048259709804709686
0.029194080031393413
0.04279097922766551
0.06499684403953392
0.06778104394048733
0.05905239751031741
0.06915262321647986
0.07189568542452467
0.07426844867372577
0.07151222566616829
0.06304144576270992
0.05257469316928951
-1.0
-1.0
-1.0
-1.0
0.057647739012981425
0.06655258040339787
0.06222339749226265
-1.0
0.055299187332197394
0.046370771574299405
0.046855069237139134
-1.0
-1.0
-1.0
-1.0
-1.0
0.054614650055148706
0.0532284790232475
0.04970609766852846
0.04555884170461922
-0.0023977630553413663
-0.03761991042100833
-0.039455668956793914
-1.0
-0.04640176282834335
-0.047987086249398916
-0.04191185154971696
-0.047595130429890116
-0.05389537781516818
-0.051298708350354556
-0.0483102247396459
-0.018374077799338816
0.04958106342202098
0.026769736006445385
-0.01068660944044727
-0.014267368618715618
-0.01768073524801629
0.014089808586832427
0.05232779920428293
0.05518982245831265
-1.0
0.06763394892580628
0.06542244159231947
0.06511751714965193
0.06702904215986154
0.06663924146707186
0.06411990204642565
-1.0
0.01628807312926968
0.0020721346832865044
0.03329980882799525
0.014397893250610173
0.0008499593983676445
-0.04223480552117566
-0.03061790814108579
-0.04030799871159045
-0.05304860820333188
-0.05154346009955474
-0.044360420128207116
-0.07295909114526164
-0.07987627011945382
-0.07844866840984024
-0.07737160894213985
-0.07663423962178119
-0.05516312962917067
-0.00476958248811742
0.021039286238491686
-0.0030092810517561453
-0.002575282106470325
-0.019618476326733258
-0.032863864203156685
-0.02598953183672708
0.018200698195195538
0.003652354343308434
-0.02219584080423968
-0.0012219535704198767
-0.010442787436726492
-0.01814918686692012
-0.005554870278558743
0.028627925753108747
0.041614090461103016
0.03143274356070163
0.027279830728550444
0.02434279756591474
0.03292023851556126
0.03238021172811395
0.026886021942881956
0.04013398767883793
0.055787901762379674
0.037873725403285506
0.042640181200913875
0.039172049627074816
0.031354191178143295
0.06482809052336445
0.0765630899233231
0.06293123870145176
0.07551365745827768
0.07292694560375554
0.06778973341788379
0.06602605021720875
0.06082811213841106
0.06027189458121431
0.0626371924037978
0.07132849184216988
0.0757096618389452
0.07274370526218497
0.06468307894884781
0.071751768778888
0.06520366834062517
0.055521064717789406
0.06643383626856887
0.069505747454027
0.07105472871055904
0.07279882989020335
0.06408020321924933
0.05538483812314718
0.04480088233466431
0.034890123137160056
0.017096642192220044
0.016724513847842355
-0.0032982601039363846
-0.05065293136253638
-0.04549054125765071
-0.04165708249119938
-0.025270709001868768
-0.04077127547084667
-0.07311718895276076
-1.0
-0.07772168126719099
-0.07507428509321155
-0.07765411632709845
-0.07575398710349712
-0.07413008975023234
-0.07278234224574599
-0.07223258375003515
-0.07164252756002705
-0.07191437762432352
-0.07574517463864604
-0.07621741746181489
-0.07764765386470136
-0.07855292663443512
-0.07752966889282077
-0.07906095982076022
-0.07970548060388925
-0.07861472997069603
-0.07776878670062862
-0.07610827067208976
-0.07557958382964197
-0.07610323104333606
-0.07620768993729701
-0.07592517508250073
-0.07413183777865728
-0.07122985927183129
-0.03770716794196073
0.045348287401173075
0.04891270513877778
0.039266682983815325
0.045359643997579975
0.05428539091407913
0.058692349820893226
0.056773493248369326
0.053552802646914095
0.06122526801699466
0.07372594585216218
0.07405194900579029
0.07611209717383384
0.05997051282741239
0.024903345357335998
0.03408404481617766
0.044372068814808485
0.04790701255150663
0.05734135670948259
0.05775909224677811
0.07193700847117286
0.06763757663416853
0.07006387695712143
0.07417502727254524
0.07360143973364876
0.07533602867496192
0.0710843420942104
0.07054676005144726
0.059934696869100204
0.07096657008577742
0.06740065848264287
0.06357948590215126
0.06847882515929142
0.06077768077298652
0.0682691182753246
0.07075610615452856
0.056111332461989086
0.04923722902017146
0.05281182233017508
0.06495620597381667
0.07036633820328995
0.06933564030523792
0.05882269491757624
0.03372744563481989
-0.00036295742000503847
-0.0008713787361071752
-0.0006597642873412893
0.009760406516008442
0.026408474422382793
0.04417930026523125
0.05759855010046632
0.05850613422432459
0.06672164816438719
0.0648395725518774
0.0686388826145165
0.059792084576776226
0.0634193767551376
0.0583210836108362
0.06206327088014557
0.06343914291004725
0.07033853357892945
0.07496461960497013
0.06986197792030858
0.07346069848420819
0.07291520916384585
0.06633417524180482
0.07304290836552726
0.06352781620461331
0.05634674154651467
0.05690929692496613
0.05621728743442284
0.05137466524558522
0.055117323235651716
0.07238790092094892
0.06767363729231964
0.06250859004084196
0.0606246312661095
0.0647287419359524
0.059600771399895766
0.042954484215608615
-0.01885937506799118
-0.043432757370427275
-0.07447158422611969
-0.08382665401187647
-0.08098725603488954
-0.06964930856049975
-0.05145308627290281
-0.013084852719913189
0.024089293976847975
-0.00850325990329274
-0.05262789299950486
-0.042465855182233864
-0.05414896768268376
-0.054681112540054595
-0.03225196736899214
-0.05277038579061727
-0.07820316159277245
-0.07605271143533475
-0.06450594156593799
-0.02605276712650724
0.005617476790532177
-0.01353976034790277
-0.028934343757350652
-0.025237456520791825
0.01281191808514328
0.01572802040175091
9.527901417691415e-05
0.0027537564262074712
0.059299206158515964
0.024011694855368915
0.029958600731297226
0.013135689006748805
-0.02323293841794754
0.00018466486657474587
0.015583108310830079
0.014268519713324282
-0.030352544606021752
-0.019806536080266137
-0.025372905833618117
-0.04153323414484972
-0.06736378283121539
-0.067752728327699
-0.07577144712159997
-0.07859602805720359
-0.07756718167714555
-0.07817424386973741
-0.0768125810345378
-0.07580139362524024
-0.0775841615706901
-0.07816704080971551
-0.07576912337205419
-0.077147987170083
-0.06907193054320451
-0.0652183579037939
-0.07290967073429383
-0.07804680053247513
-0.07668435486879482
-0.07660858444623514
-0.07725634940805039
-0.07858209427689557
-0.07466750411774875
-0.07288201668130428
-0.07479153397064327
-0.07175177220335413
-0.04051493161893488
-0.015608559115454928
0.03449259919765113
0.052190612313517855
0.043169392492253544
0.04946715500716144
0.06697788548798664
0.0699558145521176
0.07246826616356053
0.07150168219921783
0.07132070558483199
0.0673961358704741
-1.0
-1.0
-1.0
-1.0
