-0.04839021329672541
-0.05040004485549479
-0.04771941952017158
-0.04936001526004307
-0.048631236826497365
-1.0
-0.04752756880085621
-0.04118851844527962
-0.04066011562724262
-0.044448841447959776
-0.042648567232459425
-0.04447253661541262
-0.041283857408950395
-0.04462145311197249
-0.03989300763314297
-0.0422265300545115
-0.0421140236402007
-0.041035360365776916
-0.03942239811123038
-0.0348958587571258
-0.03939956537126887
-0.04475950937236171
-0.04433381856279167
-0.045329519993510266
-0.044549836582372125
-0.04805926649657883
-0.04611861106324941
-0.04718089263613476
-0.04443961357134865
-0.04630410932966022
-0.022139780756326725
-0.029518327139881277
-0.048262803409615126
-0.049937088683773084
-0.04729790236216244
-0.04841501833141746
-0.04950553764310494
-0.04871684022304204
-0.04737579313012102
-0.04960206958873459
-0.051390922023882124
-0.04682255236072159
-0.01529158322975599
0.01690196181402977
0.01232099430794714
-0.0060742967513857556
0.021638743894814592
0.03141367099267629
0.018644962252834782
0.04057407358618249
0.009344282461003632
0.007469357686675951
-0.03177545142165282
-0.037769614120197456
-0.04777789031913296
-0.047006815158729974
-0.04755286592629833
-0.049380718460161274
-0.04575058937157047
-0.047510836384124164
-0.04742729800605932
-0.04637632050852305
-0.0452752342829214
-0.038160233612945356
-0.0399608980287891
-0.04789079631182919
-0.049561143361904994
-0.04265470216422884
-0.04191883498503018
-0.03938319086394959
-0.03180370940106532
-0.017130478055928988
0.009781635414135806
-0.006795841275410282
-0.003365290751026486
-0.010353925713241516
0.0018363943252444938
-0.011323832902841202
-0.018156437315353862
-0.03130454912116954
-0.030991003991068307
-0.03376205999161426
-0.031854409208158574
-0.019369472943633226
0.015864031719685392
-0.006755122059804217
-0.0043117550682137806
-0.003981704875914954
0.011292145649407295
0.002179482577376516
-0.004194439456466643
-0.00214335098568252
0.007157699609227449
0.042012407679640075
0.02757349222827435
0.011773982579957806
0.0408476993657794
0.04764975704352047
0.05141703112715555
0.047184659694567595
0.04794545210958633
0.04872757431351933
0.0398371922628228
0.012359688041659185
0.007058998410810513
0.0011525903511871536
0.005004869208844699
-0.0047663159713663035
-0.00032008906448875344
0.008091577127817275
0.019568691011364037
0.041382636274105274
0.0402182399881976
0.04079295410767592
0.04413622648990137
0.04821580765723499
0.02842945444083601
0.031256087191039304
-0.010968024818704195
-0.019429845500030282
-0.014262372464681388
-0.0011558772540907138
-0.007734257815315235
-0.007057595084652976
0.024625373846682185
0.0362884217067676
0.02350698411597382
0.031799873746897245
0.028754942019767037
0.019704578162049114
0.00040931076190964396
-0.00845350343287134
0.0002688120476564354
6.308986774743591e-05
0.006819934718090009
0.0009691013512183995
-0.018560536262122472
-0.02519731186776309
-0.022619922873032182
-0.03049926819135427
0.0064554308395034015
0.02694567391032961
0.02328322328092664
0.03913738888813752
0.03266006068997583
0.029040539906122452
0.030347328929547786
0.04936156472002347
0.051938114753337865
0.04867751417516335
0.04722494154786504
0.045017812622162506
0.05184820906065112
0.04952644645495995
0.03812473551556796
0.049630607560847785
0.047461028559765826
0.041882340566881386
0.015935121320601268
0.023051974941567244
0.03834061322111825
0.03546822609104431
0.028781480271898828
0.029670307343242375
0.03529183930275552
-0.013664775552731854
-0.020848866456878872
-0.015002469133971097
0.011173376362717874
-0.007727285678255729
-0.015054892956693686
-0.005058034029951888
-0.011508436180725126
-0.01203118577855089
-0.0111582707859359
-0.005215034310253203
-0.005962537532371729
-0.02495760967620549
-0.05189755118562773
-0.05670056266687506
-0.0574908217364932
-0.058356801103368834
-0.05417673862538613
-0.03985906979293586
-0.054441751026058915
-0.05725874589212309
-0.05678566659742389
-0.05651815279792624
-0.052986731106855436
-0.05510284182360503
-0.05486768154799466
-0.053851860271426265
-0.05513641329919126
-0.05369408231790729
-0.05676143063854011
-0.05794280556598427
-0.057494470026627914
-0.056114217391251144
-0.01920354584039885
0.004319572554969245
-0.0058059835960900565
-0.00797351351135456
-0.025910638601408534
-0.030438841646755584
-0.01609889800166665
-0.036008162487308475
-0.03698209345764564
-0.05007211719528317
-0.047387929981498565
-0.04782024673354311
-0.048694402875201166
-0.0410747352969532
-0.03344662037382144
-0.03390083834598637
-0.035285552680600414
-0.03766344757160567
-0.027629547204220787
-0.03975815343509334
-0.04264523986877655
-0.05153441316831068
-0.05207770894180225
-0.055360243800915344
-0.052969223747115136
-0.05719255126527873
-0.057752988861565456
-0.05789227571753873
-0.0569545922436134
-0.057072276588551185
-0.049852069447358746
-0.04473259669513102
-0.028901453777222363
-0.006433302934065508
-9.384286679188882e-05
-0.007289468440912211
-0.0037418900258672184
0.00437285359505563
0.018433829413825317
0.01714986452013018
0.027142151867786707
-0.014595884365921685
-0.04577946830036741
-0.029516792898073498
-0.03433446032905466
-0.037903747506709225
-0.02495309190806277
-0.023365721334954636
-0.046463731698045664
-0.038809808232287336
-0.04251335879002066
-0.0355938910394283
-0.03568174646173894
-0.039154112614840225
-0.040356275426856644
0.00085310413516237
0.02494129421116406
-0.0041617639628216225
-0.01975139773079286
-0.024831055222327134
-0.05269413748106816
-0.05887678722620748
-0.05982170984233442
-0.058421736438937465
-0.057164242532870606
-0.05619525902917073
-0.05688301010820668
-0.058006805161244124
-0.058000355183765014
-0.05591409875096087
-0.05786401420396956
-0.05770084694204979
-0.04404317667046173
-0.0396379748174462
-0.009806611233493204
0.028879738505035286
0.030963008389186968
0.031194617132390415
-0.008012136439811144
-0.05064109002761136
-0.05273464590739398
-0.05380431867408257
-0.05187756100791238
-0.04331323930886429
-0.016613761169382645
-0.04819247274737855
-0.042465580921882524
-0.04153253789575894
-0.02751688455949447
-0.025464342348183407
0.002943776531574111
0.011479708621521494
0.01864331838578975
0.029506263867905346
0.031282449324898445
0.0277739687818446
0.030890411803850718
0.025064761915747188
0.026082826893234927
0.008060906912712523
0.014218315342513093
0.01695226923131779
0.020784390082491833
0.030198286836159008
0.0423163732710958
0.028297634393075085
0.03940962343372212
0.044173476441919976
0.039784188931113455
-0.014455661906267632
-0.02464618239464251
-0.02427535571141771
-0.007701007939600358
-0.012451697979094862
-0.01559698976410884
-0.02456031450744047
-0.007301072512231843
0.02825408711798504
0.03615709149926039
0.0368526309219503
0.03991087427029088
0.03507014191750759
0.033881340922216535
0.04506110861328174
0.0420196031420793
0.05511029761055308
0.0504107485870991
0.03807415464275354
0.04619244902013011
0.0398884589068268
0.03312800607615627
0.042285866787883396
0.0519790956542701
0.043156990420036644
0.04990987822422675
0.04925347568884047
0.03418096487105925
0.043188370593431585
0.03467620252123977
0.04031119406139656
-0.021200154823298355
-0.031837662316881614
-0.034774257596821206
-0.008688273121773967
-0.027546092297469005
-0.04108008246289576
-0.04650401773114742
-0.04430625749179392
-0.04933298284735982
-0.05598244698930783
-0.05435442574644222
-0.05275660448986479
-0.053268869456659984
-0.045450185826118726
-0.031869015288618706
-0.015498679514888305
-0.036417948504677
-0.03615648470670533
-0.0376315753473908
-0.04247184692336351
-0.024186571314153738
-0.049793134603755125
-0.05673788846318382
-0.055074779364369074
-0.058442038110531516
-0.05945445162618078
-0.05861000732488458
-0.05883159803897838
-0.04439468393896203
-0.03578983769785685
-0.005546224760433528
0.03126245341101803
0.043557173538183426
0.03547015573798674
0.025218210334975184
0.0011360923228575534
-0.020646098382673107
-0.02958007772298094
-0.022863144500881626
-0.007052512521610367
0.02104851716582103
0.02873706595778108
0.012630580624081476
0.014445341540518805
0.005698326443203089
0.008905687261884121
0.014591722335546151
0.012014980068951452
0.009659997604308381
0.0024111999524049988
-0.012709143862762097
-0.0009892976010689941
0.030749369232838032
0.024043586619796612
-0.0011412155427837107
0.02066717872362813
0.011503951242469798
0.009061331408881705
0.005428470627926036
0.01599200467670546
0.025856682170089018
0.00649574744348364
0.0015593084316242471
-0.000648576970354379
-0.003368045466481881
-0.0033182069074535778
0.020784408453075845
-0.019795718449016918
-0.02409154195102148
-0.029278383767264667
-0.014774236402206726
-0.01941731538948214
-0.020125404189658046
0.005970150449500044
-0.015938208191461474
-0.02210255267836856
-0.024821279105160632
-0.024616686866253602
-0.013417298909955648
-0.009543735486862564
0.01612805000977472
0.03578926785697959
0.0360540541469925
0.026317436730713902
-0.018368123113233638
-0.007368482198752522
0.02789323933261303
0.04432094724510067
0.024133208464680322
0.012528913099901631
-0.0066395499494259925
-0.011813660655451873
0.006467969418043552
0.04081466904029337
0.042167172312964823
0.04330438029122185
0.02514567675604937
0.010176171237779032
0.01717458698918935
-0.0011791503738332518
-0.0017901582395496414
-0.018988695504710724
-0.018816408657604092
-0.015635709338672046
-0.014547846869623939
-0.007889874170504834
-0.005387980499374648
-0.021967659996513022
-0.01776055678901611
0.012254081483393152
0.031913462718628126
0.03791933683016811
0.028900638214878118
0.02296263115633512
-0.006140905091365735
0.019861006676276438
0.03359587094015641
0.04056117094618106
0.03419290973695934
0.011832807250794825
0.010203462684143448
0.010717080867749432
-0.008715636873821242
-0.018140078397029552
-0.009183950515243402
0.01605871063744516
0.026276764562443215
0.02118185004490631
0.03544709528081004
0.027738042314341287
0.05099582171956366
0.051342659710654846
0.04879731140688886
0.04981920960295908
0.05003836298880481
0.05137892056528236
0.04938471321831853
0.045616372074113634
0.04530126896582686
0.04550503226212787
0.047130080935206375
0.04550015024048943
0.04722875297092535
0.04446758310886718
0.04134224590444006
0.04646195330715906
0.04656556128120614
0.0453031710705853
0.04624303004318675
0.03918590909079161
0.045962695189512744
0.0481957055969855
0.04620330027221596
0.04155162410534526
0.04534714526897412
0.04485873077777053
0.047905067506984526
0.04290681758511326
0.047652481588556436
0.050402694977064594
0.04924001818991719
0.04936934692458773
0.05013611661905734
0.05216635212805109
0.05405893586646943
0.039358660748602246
0.04065597555996775
0.03264371624924181
-0.02718699923684808
-0.04740997258109378
-0.04395076701499224
-0.04791446663724103
-0.0427814197083848
-0.04375173023851545
-0.025751819247361286
0.022067144094623396
0.03437480169265159
0.03037168489661701
0.020629547740792585
0.002814515439942886
0.03356524658060542
0.05398725392379839
0.05354549893147699
0.05382041557838585
0.05110093669643741
0.054803784186824016
0.055228512163240144
0.05289565583894817
0.05556831663798017
0.052021683771711784
0.047258929163016716
0.04123422994196651
0.052417583216355625
0.04670018690912207
0.03210300178564149
-0.0183012305307754
-0.01747328509451788
-0.017786251756828332
-0.012724553323618217
-0.012880906445458305
-0.025000103677263037
-0.05540538269065857
-0.055785478948243206
-0.05741908260260599
-0.0576361394580553
-0.055781381750271246
-0.055186120648974615
-0.055446397054071825
-0.05522285776304887
-0.05535358329372647
-0.057758704697884126
-0.05642413982210246
-0.057197061739819074
-0.05961968717912738
-0.059292427808624065
-0.050609177000283286
-0.03354281975100658
-0.026765855887615802
-0.03826687003609871
-0.03788417082016913
-0.026897841094734493
-0.03039206038393837
-0.015756665448597895
-0.02492754822812209
-0.010508035437979728
-0.01722214361782999
-0.006746318012208288
0.03490511763950405
0.04473668237121688
0.046546198257203845
0.04507080441876659
0.049107348626063134
0.04787930147897788
0.05085203009085743
0.04523575565559433
0.04456648973299046
0.04978183068694213
0.047568300504227626
0.04774240801058525
0.05208191878180858
0.054134287016373614
0.05285221513182905
0.05640351110932747
0.05204023363580414
0.047850460149676914
0.04091888804753613
0.026857495849550956
-0.0004135377251073651
-0.029061453351957277
-0.004933024020501674
-0.010647653500204916
-0.018455332129984226
-0.03311066980427857
-0.030120240447740986
-0.04456397378487629
-0.0426925775998072
-0.044127704679519375
-0.05360570682840212
-0.05228259870020248
-0.04545036379759837
-0.05058175371308721
-0.05181067807814841
-0.05216098815426558
-0.05350983575178105
-0.04276457517730059
-0.05180456476992187
-0.047973512678559045
-0.050260192458048976
-0.05160425938175161
-0.04772804287941013
-0.04468576522575645
-0.04227624127833731
-0.03918648005078955
-0.029037368336640276
-0.03581227012772616
-0.035244570199985524
-0.007442807813492074
0.0013497791316823997
-0.005451966920119716
0.009770035588731718
0.006187486362297622
-0.0007290865605644478
0.0099183984024305
-0.020119587657592676
-0.027252078401347527
-0.032889585775214725
-0.008255045514752158
-0.03319693867948886
-0.044876510636369174
-0.05194016992214532
-0.05306942738110553
-0.05543989935235211
-0.05194434967646231
-0.04830050577188736
-0.038666184516743814
-0.046194280607898826
-0.050915557837149863
-0.04844631034209006
-0.03940887645379144
0.012004072720510415
0.033918267049642604
0.008789863760689158
0.012979210220775833
0.008029016463335379
0.004519313277868834
0.0034207557699776478
0.02922329206426406
0.03247483094062577
0.016188769201456656
0.02264421062810938
0.030013856784464
0.007582286960275797
0.00745834851479803
-0.005245555783329216
0.006192878588490684
0.010800726917200248
0.014553835541956911
0.01438245699717628
0.01965832724301509
0.03259407117425174
0.034352361318122755
0.03000148232215507
0.023499854828902027
-1.0
-0.001045312452992541
0.027082090438916132
0.016125462424245094
-0.015012915332932947
-0.02313394859134295
-0.019088332671810006
-0.031247271573514545
-0.019109575430557416
-0.028898335447408934
-0.048958872681201165
-0.04398733968703217
-0.022380190276785228
-0.00937455811644478
-0.0031460828987092578
-0.022922188943606956
-0.04360844743914511
-0.0480322884274356
-0.04911825355346992
-0.048123336114299246
-0.051830396801493483
-0.054499190609357435
-0.05083965964361138
-0.050795235228165925
-0.04746367250652863
-0.04934351980542969
-0.04445357062867366
-0.02709939778621898
0.025537846176909667
0.044146011728522276
0.047283301072753185
0.042702438994747925
0.03231468002585156
-0.004452260260153714
-0.007344479480912922
0.009493760484118015
0.026503981648730728
0.0007478381928147126
-0.015253630908408616
-0.011599601741912578
-0.014305181752438691
-0.008492040478773732
-0.019008304998382422
-0.01705436752969049
-0.009613697627882258
0.0012972363346273215
0.011289499047524064
0.010521938719075955
0.03578050110364522
0.039495880030321596
0.032330545018427935
0.02649514132615729
0.03540520670304671
0.04172441616094638
0.020679405970851
0.008059485633786204
-0.017986576684920146
-0.01299323608785293
-0.009170149628504909
-0.008327954674543715
0.0025121335837255134
0.016091167394922466
0.012315805737093734
-0.003255055771690646
-0.013608105822902523
-0.01012020747085123
0.007002345735706101
-0.0050197249124575355
0.01644739607637544
-0.009071743576444151
-0.035837833803900834
-0.035298172001986934
-0.031618482489187125
-0.03234212084326515
-0.03213093792774276
-0.033610905651661936
-0.02649175256366495
-0.03765097088243165
-0.03916649446963537
-0.04434609717775142
-1.0
-0.04285683162343272
-0.046177039071084836
-0.044792150128007975
-0.04075244165808298
-1.0
-1.0
-0.043608219350997734
-1.0
-1.0
-0.04059193289136953
-1.0
-1.0
-1.0
-1.0
-1.0
-1.0
-1.0
-1.0
-1.0
-1.0
-1.0
-1.0
-0.042601801401941454
-1.0
-1.0
-0.034053286241265066
-0.03289420959024228
-0.023841812754627392
-0.029617232620072216
-1.0
-0.024225926014292663
-0.02539092007285477
-1.0
-0.02042971258396352
-0.02602155784899362
-0.020102404270373686
-0.012462852892308996
-0.02177579638643351
-0.008278922394521215
-0.015160916970869742
-0.024815429165763403
-0.019786174518642837
-0.03082347313957072
-0.01324594353501021
-0.0002690324400260454
-0.010408345431820686
-0.005575825000035697
-0.0007430443494549087
-0.014938647232254939
-0.022500741338120064
-0.017438455970321152
-0.009203316343098641
-0.00027292998074486107
0.006706833753250279
0.00015284182817212115
0.018590172485035767
0.014087374089101943
0.018425527578955072
0.010586519640130812
0.016529228006357803
0.007529657413658944
-0.005429954543794479
0.008038506028086262
0.0008011128522313897
0.013364476917445675
0.008498835072244039
-0.00870380703716651
-0.00957936815755886
0.0013029000218923157
0.0036946716388282477
0.009640634808147058
0.009340964334213435
0.02505908549218491
0.02518691637309304
0.02875191485417182
0.0075835745287909885
-0.0038397386697867934
-0.008576685024370404
0.004820842765786542
-0.006588478053219681
-1.0
-1.0
-0.024133071170338825
-1.0
-1.0
-1.0
-1.0
-1.0
-1.0
-1.0
-1.0
-1.0
-1.0
-1.0
-1.0
-1.0
-1.0
-1.0
-1.0
-1.0
-1.0
-1.0
-1.0
-1.0
-1.0
-1.0
-1.0
-1.0
-1.0
-1.0
-1.0
-1.0
-1.0
-1.0
-1.0
-1.0
-1.0
-1.0
-1.0
-1.0
-1.0
-1.0
-1.0
-1.0
-1.0
-1.0
-1.0
-1.0
-0.023157548731420917
-0.004925344034110152
-1.0
-1.0
-1.0
-1.0
-1.0
-1.0
-1.0
-1.0
-1.0
-1.0
-1.0
-1.0
-1.0
-1.0
-1.0
-1.0
-1.0
-1.0
-1.0
-1.0
-1.0
-1.0
-1.0
-1.0
-1.0
-1.0
-1.0
-1.0
-1.0
-1.0
-1.0
-1.0
-1.0
-1.0
-1.0
-1.0
-1.0
-1.0
-1.0
-1.0
-1.0
-1.0
-1.0
-1.0
-1.0
-1.0
-1.0
-1.0
-1.0
-1.0
-1.0
-1.0
-1.0
-1.0
-1.0
-1.0
-1.0
-1.0
-1.0
-1.0
-1.0
-1.0
-1.0
-1.0
-1.0
-1.0
-1.0
-0.026688624319011003
-0.02174042163831519
-1.0
-1.0
-1.0
-1.0
-1.0
-1.0
-1.0
-1.0
-1.0
-1.0
-1.0
-1.0
-1.0
-1.0
-0.024025065749561744
-1.0
-1.0
-0.01426035526705175
-0.01573240598292335
-0.01748536410384184
-1.0
-1.0
-0.026255953657814614
-1.0
-1.0
-1.0
-0.03370668429402161
-1.0
-1.0
-1.0
-1.0
-1.0
-0.01845994832296338
-0.003102833215057574
-0.000497702537907482
-0.016129425735041544
-1.0
-0.029091480305560104
-0.02065157927385419
-0.022899021142163804
0.0026109609171295284
0.023142041652987944
0.03158466374177985
0.029368403725693396
0.0410329782470452
0.022239561017482593
0.024283759528357044
0.023703668345649062
0.028149000623343527
0.027049236549532434
0.03455307604084024
0.039337460919973824
0.04079360688790206
0.04525294827106803
0.04146284158708618
0.04378907590270887
0.03938593220068064
0.03289777007049606
0.0422495630757622
0.03309682032790009
0.025646017588169985
0.031044306365575963
0.03155371993177886
0.033199500528260636
0.0338214589359043
0.038393834251712895
0.03454105955844403
0.03119856973565141
0.03362025052890963
0.03774006601888795
0.042215534324571445
0.040510604926028676
0.036444601755550095
0.0208420926810685
0.020225703274879565
0.022346883722873596
0.02690269728857782
0.0033850993179749974
-0.02131574876485909
-0.02649911017125634
-0.025957936395087304
-0.0254476982793542
-0.031312679041762444
-1.0
-1.0
-1.0
-1.0
-1.0
-1.0
-1.0
-1.0
-0.03662056373726005
-1.0
-1.0
-1.0
-0.024820436461532064
-0.01805051555401896
-0.020046619514157576
-0.01680987865235538
-0.02097707953444301
-0.014564994148037925
0.0021415538629481865
0.003621724613369442
0.005021597648302782
0.00565498701293763
-0.0023633423347226325
-0.010312559622594567
-0.0036286179645321024
0.01394075335872978
0.009118296016834213
0.008513975427012592
-0.003984485948252142
0.0070953693841160625
0.02060451597377752
0.00019821692907050786
-0.008578334389388475
-0.016672163362595516
-0.00982858983755982
-0.013625503362520034
-0.013331979452367838
-0.010121112087319433
-0.001544521867430935
0.005179895220511073
-0.008726160840181194
-0.014408564799038034
-0.017219075024175672
-0.017288457152394857
-0.007013272775350378
-0.015042483324595138
-0.012494735837327615
-0.0009606412209200479
0.017209012294545044
0.006121085779519998
-0.006383126400648055
0.0026247562746782864
0.008246558586935057
0.012560750949540955
-0.007374831746090616
-0.009751974103634287
-0.006715198612316621
0.002125142597056679
-0.006379303423030345
-0.029889907787406387
-0.029880008002918727
-0.027230470322691564
-0.031082277099977774
-0.02881257662771979
-0.018985376373254613
-0.02322706958676651
-0.030524596758212497
-1.0
-0.03501176744358843
-0.03301387409617339
-0.031232116653989922
-0.030235071959399357
-1.0
-0.0366011683805545
-0.025609716810298833
-0.008512857307364985
-0.0030415117314334505
-0.011453553994772488
-0.015887000375691296
-0.024771718106321564
-0.02840206653086429
-0.03133976363641492
-0.021321631778239925
-0.014310779122728535
-0.027268354202324745
-0.0324226971827492
-0.03158573535461967
-0.031148317308591706
-0.01743065189487645
0.021456360724493136
0.027527535110148868
0.03822232872502769
0.0131499299500215
-0.0029286239586494107
-0.021734901585423957
-0.002353025906619656
-0.00873649234874478
0.009993023906385538
0.018574949397570085
-0.00526278389884609
-0.023653688733355674
-0.019886998519565824
0.003087856522096919
-0.00915815671096477
-0.0057652566866523685
-0.005836156874492544
-0.0010090381410085252
0.007210444126684017
-0.002694672499539233
0.03032115567435212
0.034167527695998484
0.022086929942328363
0.021647640692967166
0.028042692799613054
0.01124246128618716
0.010866477404278305
0.008899309172183578
0.010525535590020443
0.00800107533900065
-0.01841250516465692
-0.01543599534709189
-0.017091735628072067
-0.00117626471684918
0.0021033071239718007
0.0005529281403883308
0.002452526883130704
-0.0012536245982399821
-0.012040358530486336
-0.0220623831113508
-0.01709633765248993
-0.025089286134977143
-0.03936017097758067
-0.04182054900807183
-0.03985294467530925
-0.042072245668072994
-0.043314892176263796
-1.0
-1.0
-0.039818640965630384
-0.039014023781677766
-0.02888891173411905
-0.019208766859861455
-0.024005613640330627
-0.03162965151268096
-0.02343088895615498
-0.03474241961672954
-0.03623239261070511
-0.02578286026899238
-0.017622866518091387
-0.03397992098851879
-0.02478646161026731
-0.03172965263086842
-0.03356468133669546
-0.036825933102954095
-0.04058044001308305
-0.03809135205411025
-0.04051842510192448
-0.041602982897037795
-0.04161460702345334
-0.04041706389105733
-0.038456860427311244
-0.03867961463865821
-0.035069006052408015
-0.02137697983155355
0.0033994728880655284
0.039655272964744324
0.0405206326627648
0.03203353028035445
0.03872574252208699
0.037073312891833056
0.04102471761340306
0.038326399942266935
0.0332482599135069
0.03919772687383762
0.02675797600255528
0.02819051739869115
0.03600386634792214
0.0209402775552265
0.014136601210892767
0.015132464329620487
-0.00048042506035209434
-1.0
-0.035322225248662124
-0.027478618788780725
-0.025434517949298633
-1.0
-0.0007496678217091
0.005139876930347945
0.006148978976728389
0.009051633746692838
0.0018606213364171344
-0.02150543742611373
-0.012078241922797333
-0.018466808149422392
-0.01985550377882166
-0.008711941583771785
0.03439401422056405
0.032172952229255654
0.023895303274620076
0.02147238064182543
0.028498933298223814
0.024290526118780992
0.0401011349851729
0.0454206475981401
0.034744879232752775
0.030990991452948032
0.03046307523562513
0.03624539737343458
0.04451878693510011
0.039801631999735625
0.030802265321401224
0.0328820434578182
0.02979037025687904
0.026717068189865092
0.024059362630659834
0.022452500151081894
0.03229577963243819
0.035005288736779744
0.03458514571474655
0.04411228949541365
0.05314145444332254
0.046629335431921916
0.05464283416309206
0.04939315948323764
0.04807438576693524
0.04881846350031583
0.04671514321266279
0.0444646356616292
0.01987787268186908
-1.0
-1.0
-1.0
0.016365190998262436
0.007909469747812483
0.011088270967543484
0.016325683203858566
0.021276895206374626
0.01915744351143817
0.016230557535138034
0.020170366485217483
0.018373487325225177
0.032405167643813765
0.025497896996787405
0.008108144926161817
0.002273199313017371
0.0006372723091184284
0.011534055646806846
0.02359218194725159
0.04224306852348585
0.050241164268395214
0.045361596852753726
0.02568601107998394
0.044381420228054774
0.05666818446987882
0.05251069415006934
0.052351062393506606
0.05185588296138892
0.0543382496949373
0.05232660862989387
0.052863380965503824
0.05136852435911385
0.05081417844970336
0.05204164414866365
0.05286949653758268
0.05123017145638588
0.05515018872533001
0.056058121949078665
0.054327062489887834
0.05329473741325048
0.04987537821554386
0.04910321510914776
0.051805753862039464
-1.0
-1.0
-0.011479944363202179
-0.031792949475074245
-0.0331287182099818
-0.03156568283131456
-0.02591618559150295
0.0003086187360044416
-0.026699095143690055
0.006984380138519381
-0.004504076426875763
-0.026577294795424523
-0.025785558828468915
-0.011518829580698924
-0.006758309144848002
-0.017365904449631375
-0.03423586588749765
-0.03636411121916828
-0.031166715346871817
-0.03847460137315911
-0.02858448824788401
-0.020166650573798794
-0.025906307704452656
-0.022555456268048585
0.01737021838419786
0.03388856494394852
0.031300952692481884
0.0037465902052785057
-0.027950679966128475
-0.03283753721564887
-0.026696358382945283
-0.024635959011324666
-0.022996137988352358
-0.012781627003406083
0.0012869140707304238
0.030486894648387292
0.021211761915099967
-0.0034436116263583155
0.01984035175754375
0.03905654814090826
0.039647426291502454
0.029586248873093027
0.030412835690648194
0.040627330144004555
0.03364922511151884
0.004269356980691028
-0.023703930045129905
-0.02385810297045419
-0.020137287372061382
-0.03591161316337468
-0.03839744159231641
-0.03897630924442741
-0.04056510280498943
-0.049856476245697855
-0.04424190172563255
-0.04419604914699275
-0.041051512956752335
-0.04698546856601517
-0.03921853908498584
-0.02626648568711298
-0.013561680878883963
0.0140613398030721
0.02315940975330984
0.023028960349035957
0.03062039067718087
0.03761414214764896
0.039460018765986454
0.03570992830756641
0.03818091023565445
0.0397093165288005
-0.0008473216131141664
-0.04012987201924171
-0.04692886018029438
-0.04790788807558101
-1.0
-0.05111808085277357
-0.05049491499798274
-0.04459174511491831
-0.04661971718335485
-0.0414340618704255
-0.028808975021984706
-0.009857903130217664
0.012193390231980497
0.00796032444725138
-0.0016405267098554294
-0.0036369845515410518
0.01130920192683864
0.025544821256267232
0.033386462675923594
0.003416716245801866
-0.041905996155528785
-0.03449855010777912
-0.03703197728851317
-0.013009678738691965
-0.032127301019240856
-0.03295677010780554
-0.040838017589131914
-0.0409491351204188
-0.04585340946330361
-0.04365234625295905
-0.043516258394302045
-0.042110302117055486
-0.03589447604804003
-0.039140610419205905
-0.0328676441175556
-0.0405141404875937
-0.04351619468881693
-0.045578171815569696
-0.040617135626042244
-0.025528154322016727
-0.021022158898982794
-0.026043011738199985
0.008069279131787283
0.05299210123353628
0.053636047445614905
0.05404451762597166
0.05462215133785465
0.05172442178379055
0.05373485518486737
0.05241810088991458
0.042213623775833854
0.04099585555379492
0.039604128603162085
0.04239860255060141
0.043657280766312305
0.03808501027927647
0.02211575614152832
0.016628122232225262
0.017223624216811288
0.015780234649731825
0.028095126028201307
0.019758286029112327
0.005518816866259051
0.01924418196764858
0.016550319503500853
0.003575358305732766
0.0057586987247830596
-0.002429155358190864
-0.005443047052344098
-0.010134922968896511
-0.019004635797838298
-0.03010962480001204
-0.03569903240630763
-0.03213195852898283
-0.032385021678232394
-0.01908341676218809
-0.018897498627382076
-0.01815704009735662
-0.012767891011583531
-0.023811336815799534
-0.0213972321042791
-0.022990828088982375
-0.025832679191073703
-0.0363747810286046
-0.03319448834121535
-0.03689991750273436
-0.03057029375719594
-0.02587357944330942
-0.028444865892633592
-0.029339732002775277
0.004992709024309724
0.040896841533534255
0.0333017385361073
0.016764249707811086
-0.008809313991275766
0.006556026654456193
-0.021588883658073422
-0.03449186648860937
-0.03676787823131149
-0.04249330920855828
-0.0467713609838384
-0.04020863601803438
-0.04063801756599512
-0.016965321438302355
-0.027962439778571185
-0.0401313825142442
-0.04164549343420226
-0.03892302090102529
-0.02769744484838885
-0.027611065738118615
-0.012369976626032377
-0.041736796090987745
-0.04940240296246182
-0.04589140995138443
-0.03882222750476514
-0.037864735051846184
-0.04694981557182049
-0.04112274079414037
-0.028760548037141863
-0.00956185613877817
0.03131275393770937
0.033544747022306864
0.03249693357809394
0.048126882939538415
0.04887239678250178
0.05657148872666569
0.05862790128888846
0.05230754789127499
0.03859003636885309
0.02662661609168219
-0.012688136639220193
-0.010577857729474848
0.0272634580321084
0.043634715077773015
0.03999983182785121
0.03661371181674388
0.011397043140072895
-0.005179734367786119
-0.021537256493897143
-0.02867205429747797
-0.029164039300947086
-0.028577512573653607
-0.023276841124863615
-0.02537722461938083
-0.022851244429562212
-0.033299594240255706
-0.028990036507708795
-0.019322036450168122
-0.0017907567829950535
0.02578947741276939
0.030246554330216967
0.027732089000201892
0.03887603142568914
0.0564895967534311
0.04686172349054212
0.01523000914929305
-0.022686501757839244
-0.032929027155477464
-0.027068856487417168
-0.02694152298256921
-0.002293323738993871
0.008558325329096134
0.004648166650320069
-0.01943775735331565
-0.032791868411114845
-0.02923318198837425
-0.010557869804362291
-0.027449342883171225
-0.0207345990857141
-0.031989669897908656
-0.03896942615907963
-0.03589241806646487
-0.0274142051545602
-0.03493162113442171
-0.052974185060135535
-0.05636390562425194
-0.05356382456493114
-0.05450731311070005
-0.049972791667183145
-0.04137239241943199
-0.022581515974047284
-0.0360717190251972
-0.04507468890889333
-0.04767570503008248
-0.05396404006144534
-0.05405719186216699
-0.051574461375357684
-0.03952362179019783
-0.005308738333003605
0.005441233124894237
-0.02012248106024629
-0.007836954224601808
0.0077669023154032174
0.014151124574659998
0.010817895386143956
0.02524162468091578
0.01412515331692479
0.03940741428943067
0.02683179596532074
-0.0012673978943291316
0.00990556427882595
0.037185815425575974
0.04682574978682975
0.04526182579312218
0.04581941269605234
0.021205387852377928
-0.032942564228821525
-0.04626767858851205
-0.04876681529532636
-0.04664520238478118
-0.04109764015636761
-0.019930452513079223
-0.031684239728146386
-0.027988072402570032
-0.029868451262955138
-0.02248441216081098
0.009813457196466051
0.03593577414001133
-0.005545691141770097
-0.01989100966996057
-0.007705979322837449
0.007046020981728847
-0.002529950698559798
-0.030755542331507582
-0.03457227999345157
-0.031217770980269916
-0.009704655959702588
0.010510927016912131
0.03115431470834626
0.01279825620300724
0.0044308476169348295
0.0013230196523483474
-0.002734805394575514
0.004657054547798246
0.032426383038297396
0.021603064169516767
-0.021523431770488738
-0.022600532557099352
-0.03744946440501842
-0.028850160207215862
-0.00787523943182766
-0.006823434616048177
0.004011917388343104
-0.029960580280137976
-0.03555080366467058
-0.05125653566158167
-0.05085091647456416
-0.04970745505018989
-0.04575780888780852
-0.04484837338688271
-0.0458531238010987
-0.04192442419265519
-1.0
-0.042847110404336974
-1.0
-0.045503621498018176
-0.04570600152726302
-0.043853794753166656
-0.04515835161199636
-0.043198188553375184
-1.0
-0.03863525848009412
-1.0
-1.0
-1.0
-1.0
-1.0
-0.04224879167395121
-1.0
-0.044907690736013854
-1.0
-0.04414439431951618
-0.04570606745517535
-1.0
-0.04248521011256761
-0.04390771035331833
-0.04018953941439342
-1.0
-0.037971990338773756
-0.043285255952002
-1.0
-0.04133605404871536
-0.04595767782156115
-0.04737009149070111
-0.04455665458133088
-0.04524423303843372
-0.035535770544115976
-0.04402549810601451
-0.036493283597695526
-0.044991431740192996
-0.04281288019505288
-0.04552372275370067
-0.039725175409878695
-0.04383439465229821
-0.044045496751940943
-0.043817691374791086
-1.0
-0.044079490334424334
-0.04568762998006509
-0.044798529580618626
-0.04619373557042832
-0.04956575165123042
-0.04900039138485385
-0.04942162893146989
-0.04779218530365346
-0.0547380141665109
-0.04603807990464688
-0.030269187640982832
-0.044187103671495545
-0.04237112303371773
-0.015731057325841867
-0.021344995014603504
-0.02835795247299448
-0.03620792261021795
-0.035375968131476886
-0.02223998944194439
-0.026969395156964227
-0.02553880435712355
0.004520686272052306
0.02297207177244084
0.03873913714979848
0.04957800240083926
0.049840183169276984
0.048752906832520634
0.04973768405297788
0.05447507286226231
0.050488182078435855
0.03935919719448713
0.04436706677385861
0.04234059471007056
0.04469810575334268
0.050936128164369175
0.05153419035490949
0.05205089461492194
0.050160092955163174
0.04812836544406187
0.05069301800311692
0.05192763870117599
0.050913774307716174
0.04657435571543494
0.04983180396125242
0.05202720623455843
0.05161618140635706
0.05393963005251219
0.052160455032155204
0.048770840621268394
0.05075996411331914
0.049789476407344366
0.05351253559771111
0.050908482644049007
0.05144495903000544
0.05060600412729874
0.05253694341212967
0.055134510162475316
0.05010874308529419
0.05174638387452176
0.05429888476155766
0.054606471123373544
0.037285671784921676
0.03137442333999144
0.011454932788968836
-0.00036707160754290705
-0.004863207554682306
-0.0046666733617755285
0.012052035016658472
0.009101305867837277
0.015309158313498451
0.023335967297735072
0.017912407002432885
0.01770873389829058
0.008369394689659096
0.001412519041376082
0.006318601394374873
-0.006906313362630865
0.0003719572797089658
-0.014025877570813444
-0.014205209205751468
-0.021017351385380894
-0.018446668435538112
-0.012252027737752375
-0.01709685790722509
-0.015223786053058925
-0.00824566323697611
-0.012418524477201234
-0.014153070093063094
-0.020887894546133146
-0.019670834288358623
-0.023821489492293665
-0.027647257833003678
-0.028824495709981288
-0.03062671552567483
-0.031702869753613916
-0.032543545304186405
-0.026342771930359738
-0.022527268728854563
-0.017371172195817876
-0.016876556004310837
-0.024798243453680122
-0.021696864564031006
-0.0024192532976397016
0.020626075372199
0.035025356326002906
0.02576252022622582
0.029097589910865574
0.017832242785531992
0.016713854432921275
0.0122252617482513
0.013670619628225978
0.014959862515502012
0.01405807733654057
0.009983286396200938
0.021825601321437075
0.01602132720959722
0.012549819947329434
-0.01422079804352605
-0.02071498280668031
-0.03178868375594479
-0.03217410798612921
-0.03636334716735516
-0.02399288703841549
-0.004945107941525068
0.0032372054806380805
0.007021286619363263
0.014377004123887954
0.03096921066269842
0.023405647902518815
0.020216809099493614
0.00020054400570601992
-0.03236356030725491
-0.038279994059001066
-0.040496733571911955
-0.04460522160806924
-0.043416976513009076
-0.04274178539936407
-0.04392117260525777
-0.0435960437375732
-0.024716380901494008
-0.03914234815293552
-0.036213728981826905
-0.011074177880202698
-0.03290919931066604
-0.04183640300663185
-0.03458116763955782
-0.029638386998171822
-0.032693369859538066
-0.021951720143479188
-0.005451351310733713
-0.014516005461533206
-0.02623502250102777
-0.03315990475419271
-0.03986445034722341
-0.04126824710364496
-0.03563565477514604
-0.03528813558972661
-0.03704436787074049
-0.03575685731554539
-0.032430377091919683
0.004938469040929601
0.017165704012290485
0.02582932007947748
0.031184488920643544
0.04336628590040556
0.042613407037271296
0.03867528316358672
0.04637530990009456
0.04788974777812335
0.04247355111006281
0.04817862846257009
0.04722876514873416
0.04433835559361988
0.042935262508641166
0.04554604590468037
0.048948231311051714
0.04963560300231309
0.04136261475112599
0.04105903025169365
0.03318034155822594
0.035380658504494136
0.030845115912456464
0.02251508253429842
0.023077652019052746
0.018447369668153014
0.020525065205853735
0.019380995495968577
0.01792099671178551
0.025979897384147767
0.04167117352409947
0.04768577353365269
0.036744154015495925
0.03197311366378796
0.0033983353542963585
0.0038133008782841086
-0.001979012205618089
-0.01508494249674975
-0.012835567945569242
-0.0024326700563735665
-0.011933681192038064
-0.004418302388581017
0.012506271422067318
0.021964452436494312
0.020741327253800807
0.001854189416460012
-0.019031313060228882
-0.025848259393610518
-0.03534752764697687
-0.037177194398894026
-0.033406718632788324
-0.009891840238348033
-0.015486253135590653
-0.004809336752080041
0.0014094328933659897
0.013341783495265245
0.028578319068977974
0.03207038319487667
0.0239953417904777
0.02601336134840558
0.01938262547256459
0.013110328584839681
0.01680974147054364
0.01380335483962504
-0.0246565227120381
-0.02842856857957843
-0.0323561323667999
-0.03910098639025675
-0.04133902480555644
-0.04082362104513994
-0.03530913910316285
-0.028331626932597758
-0.02907482683804662
-0.01264661127876973
0.010116797493834406
-0.003835193960339099
-0.020563806865156898
-0.01523870648344413
-0.025707918430290452
-0.015943158318774492
-0.025980751308226524
-0.03611050948332068
-0.03514936040583795
-0.03997352795258236
-0.03465100909481472
-0.021213089643565705
-0.012677040445909367
0.007096520215352533
-0.015173697251162344
-0.029219065338087314
-0.03582923472598957
-0.03473878450254435
-0.030580259403656364
-0.02931280128057434
-0.02142154684250945
-0.020623577054733718
-0.024206399303915237
-0.029412157408227394
-0.016167764671522006
-0.021305428972456904
-0.034576421933444214
-0.0339899070397992
0.00030743563510739284
-1.4728495795441247e-05
-0.020135033136917755
-0.026050468407060844
-0.024746378173427053
-0.027559801510615947
-0.025831353939203754
-0.02305995283832317
0.025392425305337023
0.029277135954702438
0.038830893549645015
0.036321604332644364
0.03897577185115334
0.04009277969429969
0.03839003330368698
0.037967929565735234
0.04197321783909042
0.04708549748050103
0.048071771809040625
0.044797881780825534
0.045406658227629626
0.046140707059721564
0.04164059608581035
0.04493107878452996
0.04464176837450646
0.03810410753447388
0.040335770729186524
0.03791967448891519
-1.0
0.03815532669806865
0.038762518732049445
-1.0
-1.0
0.03750830024427332
0.03461624451478786
0.038233440957729854
0.03968712219460031
0.03766339265290828
0.04179340336910075
0.03908419037902992
0.038571902779489596
0.04140385464139253
0.03979407430725354
0.03961859264432569
0.03764195640460416
0.03888060444850291
0.040437952363230494
0.04190663898539781
-1.0
0.04222975131643757
0.037741719506019074
0.028000886891292435
-1.0
-1.0
-1.0
-1.0
-1.0
-1.0
