-1.0
-0.013529432914979817
-1.0
0.003782741629662144
0.03372652986430425
0.03818447799908473
0.04636142955089989
0.0430915818812899
0.05032476961678645
0.047150219966605775
0.05070220268410561
0.045870754437379875
0.05166264098889992
-1.0
0.04369730026722097
0.046000972664510066
0.047705734490410386
0.050231302688519226
0.04384976760544427
0.042044082076326206
0.04303420306696597
0.04670963949176073
0.04820938466809109
0.04364325281513325
0.04368109669289361
0.0418365854005884
0.04183821092460376
0.042924922183139605
0.04799137071836149
0.04704965698480259
0.04674101607549258
0.044444585947655324
0.04896811986633446
0.05063880137576494
0.04346929245364754
0.039189609133833445
0.04297522232263647
0.04023665764276124
-1.0
-1.0
-1.0
0.0326714756715706
0.030617550775962177
0.03265508815647704
0.027922968849974448
0.015228786561700597
0.004202683685198423
0.008897096467476377
-0.0018089468909828238
0.0037217776704904703
-0.020072661487855997
-0.03360826493039612
-0.026326224140839547
-0.008125256299242914
-0.004844206191171142
0.01670113419728092
0.03565576243817052
0.016418379489989872
0.006990755168151369
0.002688796204514607
0.008471599811427814
0.04192347930762724
0.03177960332924966
0.032218224927894994
0.0436803193339231
0.05032709576561701
0.05514032202899257
0.0502518944668473
0.058819718255288575
0.056309414187631385
0.05691953857553463
0.051521552963023756
0.047326845627217416
0.045502034401800215
0.04584503572560389
0.05277170428915842
0.06397359936230652
0.05863912545942373
0.057675346634113986
0.060661632727756015
0.06474476648950606
0.06344086735186703
0.06462261451686563
0.0594859591932162
0.04162172157978542
0.029268616818772138
0.017490778566419105
0.0277079515687588
-1.0
-1.0
-1.0
-1.0
-1.0
-1.0
-1.0
-1.0
-0.006554924358394343
-0.016203261375880657
-0.0037255452501942974
0.023107984217084196
0.021883964683030107
-0.011567805145768132
-0.011312015568383146
-0.004250151227411225
-0.0005767239036963443
-0.005305269551432878
-0.03643041265172948
-0.044324597395510285
-0.0469884568726496
-0.04354134847444443
-0.0480077979056885
-0.03674416897879431
-0.02781533699276281
0.015227136488887683
0.02275605389788149
0.015703400593994356
0.01652194242031561
-0.00861371028087971
-0.002718356361317211
-0.0427817459260542
-0.050440601187883315
-0.05214930619784426
-0.0504377249367223
-0.043445597160795754
-0.05300362199924219
-0.041957341896489316
-0.057235941534128885
-0.06205675053177019
-0.06536118824233421
-0.06893905113657699
-0.06534321897435591
-0.062330662600261544
-0.045077473365363295
-0.017139375391547206
-0.00813169984724242
-0.019975029786219532
-0.04811586293070063
-0.0319602908272139
-0.025738521553669905
-0.054203126110052575
-0.025461055597789075
-0.044893606586247345
-0.06176052733798032
-0.06517903838196787
-0.06606338782181266
-0.06503359058514252
-0.05934338458902227
-0.05462961451199192
-0.041688894741959574
0.0015713711673181207
-0.039342872862229546
-0.0436990903429111
-0.04618480976281413
-0.020479766771191454
0.010125582961418064
0.031491345946270205
0.008676443273923777
-0.01473184557113666
0.0020868193938464803
0.0052150700189933724
0.018156177466813594
0.010888294733412468
-0.01829854165469209
-0.01219943150902224
0.0047533561860998
0.02515446351197676
0.03259229259106305
0.045411638832673656
0.018517081778150295
0.013087760991596446
-0.0006935982443707677
-0.010799320959218251
0.008129327833509543
0.010958563722146165
0.02473456229664782
0.004192441209411033
-0.013603343433167152
0.007214554541598728
-0.008277497762489747
-0.017555874773386732
-0.0384820394996823
-0.047075904984511766
-0.03533240464041784
-0.045095042265092256
-0.02596162442508345
-0.044188904734282296
-0.054621560812284004
-0.06589868340099579
-0.06491068293829685
-0.06254127451691036
-0.054783309940929864
-0.031488276361609585
-0.03379798663232326
-0.029732726777977527
-0.011296920388619508
-0.012811981815307976
0.009590827213444253
-0.019571099711803003
-0.01468195428553606
-0.003056500463802051
-0.022949349225178738
0.0011689972307798665
-0.001022430346044934
0.016179310961605742
0.012795595837223
0.0025573910215201745
-0.008334708686374316
-0.00857614366111242
-0.013932106320132302
-0.009590581321002854
-0.01164282644207844
-0.03952262453710907
-0.04720123017689515
-0.03964805813786255
-0.04043173319143231
-0.03509204881961128
-0.020855688194459637
-0.04336619313469269
-0.06564085632025195
-0.06932178951108911
-0.06570532630052066
-0.0649771730038521
-0.0454949971425916
0.004092313640750828
-0.02475393113238289
-0.04911455259523157
-0.06892436433340432
-0.06800047930914689
-0.06888830476014557
-0.06830822135592109
-0.07049382912311804
-0.0703597562667015
-0.07154476967637345
-0.06835794649057113
-0.07004638981364811
-0.06994027536709847
-0.06646425928252382
-0.06938790638618982
-0.06899096947441695
-0.06584980204907223
-0.06590526073644108
-0.06737499368556067
-0.06348327943387097
-0.022798960062216718
0.04576756607487485
0.015967553640299573
-0.0022906668034848765
0.019918139886723727
0.019628539990880496
0.01564793243406542
0.02362112657233995
0.027465730967845735
0.03315601909303988
0.035953497078575605
0.010205861188668772
0.016192493974231736
0.02521682483433597
0.04956909008270925
0.029984552123036856
0.005170539695726956
-0.019275222315288987
-0.021687272661180347
0.022287191036667073
-0.005545726135668297
-0.00819375611508528
-0.011882678698605183
-0.006091427628593706
0.01180884356590995
-0.008454822926911904
-0.043912611146369206
-0.0715884027576817
-0.07480011446610654
-0.07214188490533056
-0.07216071823751208
-0.07156499591415502
-0.07145590436489446
-0.07056084650943228
-0.06891935580561037
-0.07082610936380758
-0.06841578633168059
-0.06176892537274924
-0.042147086811695246
-0.034406030861837036
-0.048507914403587
-0.055385323839955376
-0.060504535878599844
-0.06552693447368384
-0.07291871893129744
-0.07203982193280789
-0.05698173939825219
-0.03455040445494501
-0.014449521015467376
-0.014051976913175125
-0.05000078465885626
-0.05044628096448618
-0.06296021724482331
-0.06809031067472877
-0.07217101836713974
-0.06419522802602935
-0.056650492715369705
-0.04724750211989115
-0.0590548767857488
-0.04488700138527712
-0.024601521683787268
-0.043509413735214594
-0.05030070856124967
0.02588008929920485
0.00634205669883222
-0.006291915560230834
-0.006095434604293891
-0.010535716391552485
-0.029185778123240934
-0.039230609379594786
-0.047143409326674976
-0.042461084521919386
-0.044209545205809005
-0.052953282584792045
-0.05470544178545705
-0.049301020578768125
-0.040196362798393864
-0.01915157548079892
-0.04187592976308399
-0.059000232639129985
-0.05766179947731265
-0.06529025945304597
-0.06918916616346688
-0.06942405217743383
-0.06855177575397624
-0.07340054559815452
-0.06983629701078221
-0.0729084864537458
-0.07240822686634753
-0.07063233828048453
-0.0702007122284781
-0.07139846201295076
-0.07210917805950433
-0.061168975985254
-0.054659607387525705
-0.058296988742611154
-0.06517779875872398
-0.06046093408082297
-0.06854493739112674
-0.06876208151264748
-0.06816010507452369
-0.07049393324357031
-0.06727660314508228
-1.0
-1.0
-0.0678720158428321
-0.0668237137034339
-0.06827535956239096
-0.06796345152361354
-0.0662699607363465
-0.06822460303042797
-0.06800382785636551
-1.0
-0.06930488641286298
-0.06983524808862931
-0.06704679843029408
-0.06649154781361173
-0.06362903821980441
-0.0629219964660466
-0.06468658569965545
-0.06578591062684092
-0.06738667902255197
-0.06903982011805544
-0.06862686468747321
-0.0682038683792514
-0.06147802424514804
-0.05974239463430905
-0.06519663372829713
-0.06627693871894856
-0.06640831911431563
-0.03551010529565303
0.00047718489489190414
0.04243817854969679
0.015976171501200346
0.030744658839428
0.023425164065102113
0.0476942861191404
0.05277433709479566
0.041302722757774434
0.027160581360561736
0.016445693547489246
0.020600057840171493
0.04328353953176896
0.04438472722727243
0.05558203033315034
0.057837586884284725
0.052888233944616975
0.05318700547903731
0.055995714379776206
0.06091315638290853
0.05998261985165675
0.05290949668199967
0.05955316277861807
0.059080209441929335
0.054736415196286387
0.060872665250508454
0.052442150149275474
0.049729914906547885
0.049974837189518256
0.04126418412487745
0.014763613782114313
0.01906925185555775
0.031850410651319855
0.027942748383814914
0.05922418323219508
0.06210405661553418
0.06025298859425032
0.06003088839743891
0.05692452474841702
0.0323046621985528
0.02843247291828731
0.040567473116355675
0.026452757164285405
0.011742556832493851
0.01356664290535682
0.027823200823885494
0.012018557143567928
-0.013897595458353866
-0.011731252087106401
0.017471345124857145
0.0005000158564703947
-0.024937776595794322
-0.02370012402919185
-0.05041314082017699
-0.0510547016709
-0.06492505439184566
-0.06492136061858798
-0.06503680873583279
-0.062504026155701
-0.06285000314034239
-0.06080364830478506
-0.06494249708284401
-0.06211873326142566
-0.062013372921239845
-0.05933202624016559
-0.04805518004290645
-0.03597883215528098
0.0004180989880931357
-0.041008071588223886
-0.05141061223058859
-0.05016377507461989
-0.05599830219601565
-0.03679573547062842
-0.034327015907770674
-0.06116533367309262
-0.05870556593193643
-1.0
-0.05961300509026543
-0.060165377757497945
-0.06032730025960307
-1.0
-0.057294214995714396
-0.05877448859478465
-0.05696486151435343
-1.0
-0.05932952747189385
-1.0
-0.057808064362520666
-0.06164266075314179
-0.06187770724101009
-0.06162494523933936
-0.06478904451920808
-0.062167874500355075
-0.06247793783031031
-0.054040037489416624
-0.03344605247074591
-0.016264696108992963
-0.035249084947330735
-0.04684722394524147
-0.03501518614112973
0.00968226649835726
0.035707948826038574
0.0055965603014708765
-0.00736758370304515
0.01906898780775532
0.010994257828694582
0.031873717145797995
0.02690904032337501
0.01540981626145028
-1.0
-1.0
-1.0
-1.0
-1.0
-1.0
-1.0
-1.0
-1.0
-1.0
-1.0
-1.0
-1.0
-1.0
-1.0
-1.0
-1.0
-1.0
-1.0
-1.0
-1.0
-1.0
-1.0
-1.0
-1.0
-1.0
-1.0
-1.0
-1.0
-1.0
-1.0
-1.0
-1.0
-1.0
-1.0
-1.0
-1.0
-1.0
-1.0
-1.0
-1.0
-1.0
-1.0
-1.0
-1.0
-1.0
0.002019838082098605
-0.007516833607484527
-0.007567406200890933
-0.00019726226719385265
-1.0
0.014000650256003281
0.02105060956679416
0.005088340464360701
0.008778544868086718
0.00890062000795677
0.014765767536905993
0.014766356856665804
0.017408548996590917
0.029227824541591545
0.02281026163464023
0.024880450148953317
0.017526553820488417
0.01182101250928078
0.01835191308207559
0.02695950349911001
0.02873306627209387
0.018016991363389
0.007890502184512633
0.0069604966950405755
0.0006934685086307563
0.006166235518519156
0.01021088124153398
0.0030129531623065337
0.010550292372306251
0.021243699864879423
0.025351386460884834
0.029770047389262567
0.02803383646980506
0.024541382679172392
0.020960477541493352
0.018530578208951674
0.010593564899725188
0.010081910179037692
0.02609597548907468
0.027639087914170187
0.019756388030424548
0.015944796852976353
0.021807599623656852
0.028816481533984143
0.03640116874294891
0.015368659473248976
0.01678074776660176
0.021951683079284367
0.02690928915018534
0.03555644384015009
0.03518259191813081
0.01171776155788872
0.006363615131471705
-0.0067632087878994876
-0.005983857927077137
-0.01569490345858398
-0.02145098891645657
-0.018780681844185125
-1.0
-1.0
-1.0
-0.023285180721985505
-0.02374635401216661
-1.0
-1.0
-1.0
-1.0
-1.0
-1.0
-1.0
-1.0
-1.0
-1.0
-0.0221888596436495
-1.0
-1.0
-0.015430665511536585
-1.0
-1.0
-1.0
-1.0
-1.0
-1.0
-1.0
-1.0
-1.0
-1.0
-1.0
-0.028609780360950025
-0.02450221733010588
-0.02448712668763682
-0.013619498550513058
-0.020017756091792693
-1.0
-0.006886493949822999
-0.014012025121137266
-0.016629444511451166
-1.0
-0.024722376518919502
-0.025509884941424553
-1.0
-0.022747116242864154
-0.026914435108456647
-1.0
-0.029408947083964694
-1.0
-1.0
-1.0
-0.03115339205872737
-1.0
-1.0
-1.0
-1.0
-1.0
-1.0
-1.0
-1.0
-1.0
-1.0
-1.0
-1.0
-0.025591946997847413
-1.0
-1.0
-0.025754053180656922
-1.0
-1.0
-0.010732708455027377
-1.0
-0.014298360125145973
-0.013880421205769418
-0.011927443028754137
-0.004498740513345222
0.008418622114415384
0.018417100591263242
0.015699416461661148
0.008442934877398665
0.006543908180820259
-0.005249455301884877
-0.008994887786947651
-0.00386244424173061
-0.016352727580449578
-1.0
-0.0018091519763817443
-0.00823251223192957
-0.00566317525711639
-0.0054313227145498235
-0.013308502154142534
-0.023573038655328553
-0.019845396193277253
-0.018207224225943078
-0.019839564344175904
-0.018739251872107163
-0.0011272207412281032
0.020710282093062228
0.021567146271867576
0.031100809371443983
0.0019710426586743066
0.0015967206049263328
-0.01561987992501537
-0.0196063107015806
-0.01717196377074839
0.00021535378788028393
-0.003991148459770501
-1.0
-1.0
-1.0
-1.0
-1.0
-1.0
-0.012971833949203242
-1.0
-1.0
-1.0
-0.01955141814546814
-0.009718589600183973
0.012967170260995711
0.030718318133576568
0.011077132838974461
-0.0028176957142689724
-0.009691933928995262
-0.0015746159491536486
-0.008238763240045962
-0.02234102245646703
-0.009938032289539187
0.0009676078261644895
0.027107313625082785
0.03357406235463852
0.01874938057519732
0.018595509939561123
-0.000964437344623003
-0.007680804903222457
-0.014871530921228416
-0.013874401645619507
-0.02299178460300314
-0.014997601601313902
-0.014249028689453483
-0.017642575748114165
-0.020284251119200434
-0.012261245765513096
-0.021437863317331243
-0.0190923229158045
-0.008356330563169683
0.00949961978545019
0.0019964429235403737
0.0025321895267994164
-0.004675260511183388
-0.004924096100280427
-0.002340729849100006
0.018000094232902407
0.032838990221079584
0.03619564228052901
0.02238865395214561
-0.001766402567350058
-0.0013598916147321614
0.012320965003350353
0.036838317029352995
0.03471625350812508
0.032537509528844676
0.019106069534200142
0.025916176818232724
0.02443691269712081
0.016018741633157252
0.02079180978204963
0.020356584138332367
-1.0
0.030468595939838354
0.0035261039212638704
0.0007041526629626129
-0.0035127086229554036
-0.017442728398032015
-0.014435479776367829
-0.004022224071165581
-0.0112942107151749
-0.00014399988533575627
0.022828690154977828
0.02498423919345489
0.03315905968864786
0.019505224335078404
0.032490665155035424
0.027228423822479312
0.0343447480286281
0.027895906587199763
0.018740646162842437
0.01832046586478934
0.027492306281013602
0.0338754873843963
0.036690394189495545
0.022932661609125708
0.030516036683873995
0.03851992246591474
0.021101572106320923
0.014947088013167721
0.008742044769801558
-0.001998528367989272
-0.003637356794084765
0.013790379793051201
0.019836821427350528
0.0317329795350454
0.024533064763239913
0.013443090501987937
0.0005963589862960619
-0.006042310448228683
-0.003524445461826482
-0.0013363509853767937
0.019758707152769908
0.03269801458085231
0.029008262493854804
0.024052382530057658
0.01913153378312457
-0.014116790721010115
-0.019984897797740864
-0.01288242229791993
-0.01915915007954638
-0.015320720848192667
-0.019644556109926537
-0.0030607969781340956
-0.010782365486556249
-0.010707368365669725
0.015255648426468755
0.0332774780932745
0.02808577168139425
0.025507017672942313
-0.007029053485390661
-0.024688148082687808
-0.030418576025885564
-0.0334888343010863
-1.0
-0.03785544626174888
-0.030096111160464564
-0.028685120306829043
-0.02190352763894033
-0.026694707457240396
-0.02710432655412332
-0.0030531022078875945
-0.009420666400841158
-0.014185552101176255
-0.006028975624899146
-0.009352759115349869
-0.012168684372182008
-0.014192627311710697
-0.01681155880339959
-0.004367769039140203
0.027517140870531094
0.03758341573383625
0.04079249027844804
0.03754878704775306
0.041860594840000834
0.04340747563064064
0.04119908258711832
0.04683798354792061
0.04120011421978219
0.03672992449349951
0.036898999370245086
0.03546515411882575
0.02171631535597979
0.015598258596644616
-0.00525769565567735
-0.012577645779141307
-0.018914730627407502
-0.020902366672826123
-0.024066346392912413
-0.02663190931265313
-0.024318289395996322
-0.010666412093180005
0.008962220694270544
0.022968283063762335
0.035974157034803826
0.04185059840707807
0.03867552935959828
0.012355442197356757
0.000749607567805763
-0.010553154807177641
-0.006404273734196445
0.008509187111500222
-0.00395545013758023
0.0032240004790645062
0.02328401917951129
0.044404236076595695
0.0406205701652485
0.029693214576699475
0.0011640008302531157
0.0050567644200536785
0.009699511465708356
-0.003980966010026408
0.012655635367287251
0.014579855871264626
0.008905850619450133
0.01576119066962587
0.03673029015573042
0.04522789069793281
0.03894025169699943
0.02383820278879872
0.01601360174972005
0.021288387815678742
0.008208478594044045
0.010380075020312072
0.0007979176437563714
0.010652735514011084
0.019508846357207166
0.035888608511865386
0.0295359042709384
0.030239046075149975
0.02889635404139328
0.0262084189476105
0.03261700339041683
0.03989459216260833
0.03843026593849712
0.03365810870559117
0.03190001586216075
0.03325527401182922
0.03370721179011935
0.024799105074702385
0.02516074519869662
0.029557151764781936
0.044588824270281005
0.03200196952451564
0.04250048551352483
0.047499846337639796
0.03824474995744154
0.01687042088339715
0.014260984547644
0.006196184494160918
0.009813477589801431
-0.004334459374640753
-0.0036613683999243605
-0.004832527856604712
-0.00466629135484681
0.008657377722845472
0.0071900274325015405
-0.0003076220371689994
-0.00909453985585055
-0.01251974972204307
-0.01703354870823183
-0.026470021422776487
-0.02436207226159293
-0.027636011184561084
-0.019191889784173237
-0.025602450853194042
-0.028560725449059816
-0.032816122571773944
-0.02401210757973187
-0.014689367838611252
-0.006065800509743446
-0.008153575722232256
-0.012396827494514966
-0.009212135276147419
-0.016025429693387893
-0.014780224060643698
-0.0062303073664406764
-0.007600701534115452
-0.018402117059877765
-0.012446215819972304
-0.014417309758943649
-0.010362905946120089
-0.028136652094407785
-0.029598788957980342
-0.019679285725197313
-0.012402698892964472
-0.021738634021433605
-0.015705309469035204
-0.007896903788937544
0.03913721655609476
0.04466557337674237
0.0484962096829665
0.05248899589028596
0.040345532710424764
0.040119534504362606
0.028523232292419914
0.025578391835871895
0.02802779967976183
0.0328779983388529
0.016641773029042854
0.022477231239347053
0.007824148536188711
0.013540581498205662
-0.0022356268786328268
0.008574745816289565
-0.007561676975429151
-0.01063895077186208
-0.007315385710660214
-0.0010001119750052705
-0.008662166553035538
0.0047089818314026135
-0.00525604180360767
-0.006381258187854988
0.009806196907819779
0.006546204187648665
-0.008023306122372361
-0.01782294980089082
-0.016114700841894907
-0.017641743343523343
-0.022295086696063737
-0.022118263873030362
-0.02492134220003257
-0.0004280569014117412
0.005893964404532165
0.014530412174229254
0.008278329536902822
-0.003762194187836591
-0.004902108624084101
0.0008990165568968812
0.018327098107332702
0.027924198402980063
0.032436426947679044
0.045730139553661855
0.04478997784551915
0.04511663614139658
0.029748102192336756
0.027914949869832777
0.03480150832168852
-0.004275381926641135
-0.022418531410142904
-0.021463036851802328
-0.015686103474600012
-0.010597401776566982
-0.016841541978958416
-0.018385964488484473
-0.00765226116878647
0.020868351112700908
-0.005793702309499285
-0.004359883579336264
0.003039834539053601
0.010333329429312445
0.022761053741557388
0.03179658370703788
0.026723971216942793
0.02177388547405902
0.009010795781604863
0.011941641326242085
0.028125177666994353
0.03248110253875123
0.04133833802546143
0.03407646619791529
0.010513300762237722
5.164496247051493e-05
-0.0010303708171711802
0.002415290520384564
0.005549461286984357
0.007983827427845487
0.012400600438862042
0.018749989595593586
0.020945450421714314
0.011081499842174117
0.03129852911222251
0.04630915747507013
0.04252273903560537
0.023001606518755588
0.04204892831012724
-1.0
0.036572511924072265
0.04336558032199768
-0.004526321771543802
-0.019584523355199418
-0.023219702404427438
-0.023762057420366405
-0.014253058765833474
-0.011542130228997647
-0.025275258780590726
-0.028856862430425227
-0.044362617317652606
-0.050908963157250624
-0.052380450783665336
-0.0549334431821084
-0.04402926789726167
-0.040280995678280744
-0.05233441812192548
-0.05205792219123555
-0.041476672039819466
-0.04165257185822261
-0.03350381525411239
-0.0018480529536751779
0.020804707152607675
-0.003720444527259541
0.002245765783073923
-0.017775330015632005
-0.01760223064039681
0.009460990517168318
0.00427628693856123
-0.0015544609048549285
0.004651589525346157
0.005635852822140488
0.014780098561935235
0.0368687680949126
0.0040329754381088915
0.02232553080986794
0.020295710558572908
0.01579456457832515
-0.0012985426400310219
-0.009682712440804837
0.011560029960248764
0.01640836225214489
-0.00045759407622726655
-0.006441291473040836
-0.009285692683583103
0.007520028267123074
0.01429658897236985
0.03252792000233362
0.037925161469772095
0.028525845193683314
0.0041951841767854285
-0.0025856074224332535
-0.011713764259731824
-0.01848588673372365
-0.013775112971384102
0.00021340841639921256
0.03390937271820522
0.007522340209439561
0.010636900038426211
0.007814938548201913
0.012998838214831885
0.005952612333240831
0.020764464636539245
0.019072250850277753
0.03914094349003221
0.052515045454229296
0.03849437180592692
0.038877598250579695
0.025162934227114374
0.009968659847813113
0.01709077573659116
0.034048806826227705
0.01097395782775268
-0.014115299999205334
-0.014496408974041178
0.017074964071431192
0.004910559473429422
-0.0289846110919416
-0.02813448724661985
-0.030033297708744605
-0.038550397383558525
-0.03254259719635065
-0.0271397183849078
-0.03168481791726032
-0.026232164134282535
-0.00013123089809218344
-0.0010766130791688055
-0.016340643397685848
-0.020862863120632173
-0.01515207622620452
0.008736242950873526
0.051815992113103476
0.04357435189148103
0.006348453468909666
-0.012217979273041368
0.014292856026896861
0.014374700858801978
-0.006004810882727621
-0.021947865584246464
-0.02614471940105412
-0.03427740578190661
-0.027899397900127777
-0.023725603875245815
0.0029764488515732295
0.03988199131076024
0.03183127424691514
0.024158883644218174
0.028896479565539354
0.028686127393947058
0.04216751500191922
0.048674919995026454
0.013607631683834508
0.007970816675880196
0.0018009753999732466
-0.022184647636908635
-0.03404946107654713
-0.02715800416378156
-0.03724949844783003
-0.04648697225722662
-0.05165618880442786
-0.05609724524285803
-0.0514400932319497
-1.0
-0.05817067013077729
-0.0556949578882392
-0.055381831469224325
-0.05732671292381294
-1.0
-1.0
-0.05414229249931286
-0.043275052030727255
-0.03936866027830071
-0.03337777694088605
-0.021530386233175797
-0.016742283788500206
-0.01023505706803778
-0.024863288764424903
-0.03315339696969305
-0.03447406349034487
-0.031511288528459115
-0.030101196055841748
-0.029580175664717476
-0.03653818990362125
-0.030737605706546694
-0.02192727229967025
-0.03862969733810868
-0.04740627490513709
-0.045718943297666716
-0.05112452738335609
-0.04678945095097151
-0.028655298778014943
-0.01679282154968179
-0.013849004072900446
0.0020197388026018757
-1.0
-1.0
-1.0
0.053282822849221576
0.05528535596271956
0.04369437319789475
0.03188367127748652
0.045546459038902636
0.04228004212971898
0.022941317772639743
-1.0
0.027837125153510063
0.0034460973980078007
-0.010981775114420226
-0.02399062025001866
-0.02793723586531627
-0.0015301297748999232
-0.0029287672835543997
-0.026744891759617
-0.027419257640529743
-0.026205362154727616
-0.013013194794924533
-0.02593982143472016
-0.004787235127017624
-0.002225886890814952
0.0028426287054765928
-0.014915483381780949
0.0017212578474273873
-0.015275228717390706
-0.026475370799328057
-0.016791650234026505
-0.01851879676038411
0.004213315469285633
0.03632854888079481
0.04131085427170193
0.004886315712915796
-0.005206700370222542
0.00154831448403735
0.023602927096249122
0.014898977140723397
-0.007896839397730419
0.001722321907474545
0.02389906109031451
0.041472091865312304
0.050070689883605066
0.04763830405415916
0.03991536486901933
0.034211436746798635
0.037720021624543125
0.054100676732325666
0.050007633648175065
0.04252302782814962
0.038626844220935805
0.031617523565303444
0.04448290775321965
0.046667317893039524
0.04291354577047881
0.034793008924472256
0.033347060262657977
0.03393255884135928
0.04768398533790613
0.035200427714213126
0.03941138265289733
0.043002433027595995
0.024468866954977325
0.0324805985663162
0.02206972718375527
0.02084407973502363
0.03611511635976943
0.04013642614375169
0.0319298719817574
0.022470924447206293
0.011628252661202538
0.031505198977527654
-0.008229952911986742
-0.019765655531951757
-0.01618611233694353
-0.03038196261060062
-0.028386625726392917
-0.023369297092039137
-0.028365227043592824
-0.03201627104917334
-0.03263264257054233
-0.026551658732349832
-0.0352147521489113
-0.05018921596325096
-0.05423804456585044
-0.0563782087599068
-0.05851060606604189
-0.05571440841812616
-0.03441263619514978
-0.019742483525552662
0.015060497572931288
0.021152536724957545
0.03180976159454102
0.045448088736222046
0.0411990760862178
0.04813675652622586
0.04058998695858572
0.05187304769070973
0.04384132054614229
0.0545741667121467
0.037183880898285344
0.02648474709680536
0.04736381141610596
0.025531437088750334
0.012075543358626172
0.007491172099393491
-0.017155574564442347
-0.01150362119871499
-0.004433743832038251
0.011203066586671766
-0.007117000806066449
-0.026442011169272556
-0.027596404966126555
-0.03668864194915612
-0.03553125304889521
-0.03852933660062839
-0.034818082091674835
-0.020108277423657894
-0.017452122469109425
-0.031634494563440085
-0.034186432084285304
-0.04440768193455296
-0.045902090100254485
-0.04304666906646406
-0.03935404379154451
-0.04609402139852757
-0.05503700047585634
-1.0
-0.05482677063297136
-0.05407596600909294
-1.0
-1.0
-1.0
-1.0
-0.006179508874116811
-0.010996004512627217
-0.015698638561520782
-0.022821712394446195
-0.03236482425327267
-0.021001761229317968
-0.010493140763995601
-0.005983016183853574
0.0009333124417602593
0.011980410372737248
0.02532264896707285
0.023608709121027784
0.00034320707421352925
-0.009835288533770876
-0.009779236990398595
-0.004326495876264157
-0.009285518832382168
-0.016220683028366108
0.0014425354804749396
-0.010538687105815712
-0.004931408217576976
-0.003708980803472322
-0.0005287317255193056
-0.0014519146073025328
-0.005013375684366649
0.02590131685519423
0.02722992639227754
0.019341216373951583
-0.0004420999355011723
-0.012197401275754968
-0.019217544374774572
-0.023082150691310956
-0.016742816924569925
-0.01464688208077954
-0.012133142663384569
-0.005091885573945556
-0.02035201159997532
-0.012605191634683025
-0.011754258704187094
-0.007690027735945614
-0.004713672450560402
0.00335023340013541
0.009495490735600583
0.02919445104428262
0.02279714124501955
0.011014707588004083
0.023566471494131
0.016175444333226204
0.010042863628523316
-0.026337837017590203
-0.03374458086189672
-0.025176746630681937
-0.02266819955326774
-0.022946147589582567
-0.022520395762195767
-0.0009132588367387135
-0.013970632362730297
-0.005576772620945115
-0.003431227782642694
-0.009694366898371587
0.033188733534849524
0.04086119723247776
0.05024483569433987
0.019269471855408435
0.023930550769752455
0.016494213318750298
0.0023968554502887818
0.015050159916676555
0.010427389476612104
0.0368444666886952
0.0535648454959756
0.05259804355372504
0.049861440878027165
0.053293545632387966
0.052056331311062284
0.054149040705956886
0.04996383820658334
0.051180593714790064
0.05135108874663176
0.05016805499583121
0.054444824817728533
0.05626012135386289
0.052990287601541695
0.045550548076232794
0.02749441665905061
0.02895375836278714
0.03927202105326862
0.05012085540207449
0.02777897814620357
-0.0034623727312778035
-0.017721761331638504
-0.0028003298511863456
0.004886861905005574
0.010199029308329366
-0.007225148138665514
0.0058103067550702705
0.023003190844637277
0.021575876328135284
0.003995574097604461
0.008528984356643564
0.016835861507738942
0.022977686666459083
0.013002329986561225
0.017557203488187897
0.02462357473347859
0.008406863317887264
-0.004914119535661753
-0.009966818283023753
-0.00313808980397788
-0.019403258728806615
-0.020884169483086995
-0.015295602022922334
0.011246793697912257
0.025869387166058154
0.028003037625854127
0.028615458446901783
0.0016212195393411155
-0.0005354391686286912
-1.0
-1.0
-1.0
-1.0
0.0075009233619762845
0.012479976005032903
0.0176059483437994
0.021619512988864283
0.050859206546058904
0.04033781575182691
0.0018645191483426429
-0.003434744209657347
0.027156456937377352
0.04334186726970888
0.031367412862919435
0.03244166972219088
0.032675982684054
0.04403968128578247
0.02892582295512185
0.031280201667708056
0.039704489972020945
0.030948932320287937
-0.001529849663297458
-0.0006228788130006902
0.020311762705992182
0.025079798690549587
0.02751640374388639
0.019902898421790566
-0.00015564862979274463
-0.011603868693271385
-0.013800694090646905
0.007229345032462139
0.0012870140968185857
-0.000490105216666085
-0.0033571733075600054
0.01122393688659846
-0.0009134836864054265
0.008926758649744345
0.023953746276734827
0.04619950888470829
0.04627876869675899
0.02967720263112815
0.02434072136122146
0.006546914902615023
0.011327184209792786
0.016613084462458814
0.01925366063567977
0.008181341602312396
-0.005958554391893445
-0.00831276000965701
0.006924350731977431
-0.014527667568327352
-0.018601662830961152
-0.0364425601905273
-0.030658057880752803
-0.04763910950728528
-0.049195414215423436
-0.0522022412842207
-0.045124686062203025
-0.0369683643348469
-0.025599270014024168
-0.005694331236730079
0.025940985997159823
0.035130184303657344
0.040137947404337626
0.0378123803556952
0.033418129399011176
0.03400476287132863
0.034163704549507026
0.037472033234334116
0.03667181619225901
0.035320009054003794
0.042737329310841204
0.041768325722501665
0.041393013573829344
0.03983674483974137
0.023880193514959736
0.014343017243953614
0.022909109507854526
0.028606280266602755
0.012335963566186053
0.005912876091402065
0.00979684568214685
0.02022408251761836
0.026204051722350723
0.0235728280941876
0.02900342008230564
0.03750577833426726
0.0303643657057422
0.026373298579736915
0.021818489451829834
0.02600804174048835
0.017842786484480923
0.024440503803234443
0.03324750572692058
0.029078668228604145
0.03108627346551497
0.041968833025626734
0.03045900917153303
-0.0003311606998638356
-0.03254356010404914
-0.04649498221621475
-0.04745745479547859
-0.04730920862823868
-0.0537833114283213
-0.04761689178872487
-0.033113509024245855
-0.012195396584548216
-0.017728034023925122
-0.0244193430995854
-0.02703913175574173
-0.027057541665133564
-0.0006781051329756435
-0.0016329331069519653
-0.016854119587767023
-0.014221609640612976
-0.0005529305393146081
0.005325704250056979
0.006843418299253302
0.0010132283959892305
-0.008293401442777713
-0.014299353615270783
-0.023711414193153313
-0.021125141386955596
-0.018047845379051845
-0.010010555518226607
0.0009046214665860393
0.020141184050053614
0.021502820930976337
0.014949151804805582
0.015563697949013473
0.03382880591396041
0.02727776566497062
0.015502111867611284
-0.0011310911340865115
-0.0031251034450168924
-0.011916000167827913
-0.006201199879138135
-0.0031319439570546537
0.004118086142381216
-0.00033939021300818684
0.0021642998151185436
0.03597377813396429
0.03842893473463802
0.02186693261205
0.013485954275479547
0.003927818290475973
0.008072174178309952
0.019254471551623648
0.034929584987892184
0.043037610912338674
0.033948429790847896
0.039899543336844166
0.041824561697394735
0.04482873992104295
0.04297840068725114
0.03041893255293214
-0.004853481840921803
-0.02794267200735774
-0.032158093055399385
-0.04215699741933963
-0.04343975964371257
-0.04255364741170627
-0.04734148492419351
-0.05138551151689688
-0.04864125351596589
-0.04849694896230055
-0.04449006506134688
-1.0
-0.04707700742440436
-0.04563517305636464
-0.04521125220214939
-0.04506803650756863
-0.03978946082989858
-0.03229599554711887
-0.01809705397054675
-0.009111699891756446
0.013946552951784536
0.01736565572602411
0.017933439176251183
0.004575535827329387
0.010662959414650149
-0.00641091014352613
-0.008305527673470842
-0.030440019517700218
-0.03848964372716819
-0.03620188049652986
-0.04080962348959272
-0.04903643393747854
-0.04701159769557941
-0.050879028467135864
-0.04638651463878947
-0.03393953706871569
0.0005095727027893714
-0.027685030682148896
-0.022696863205287996
-0.01992849364987898
0.007079548300542851
-0.04340026513808324
-0.047389934170440504
-0.046089301845801116
-0.05215546998900567
-0.050410103247091116
-0.04892140331598322
-1.0
-0.04800235032897216
-0.048414475840181166
-0.04873044556280758
-0.04814709151791408
-0.0346156560820648
-0.03680138689140412
-0.020909929542007714
-0.010724502763120685
0.014943821968626364
-1.0
0.03200542618061631
0.014478045740194907
0.018005437574727428
0.03271915464249036
0.026629906475764013
0.025735112444567512
0.017199108732950615
0.007381753157592717
-6.237901521970014e-05
-0.011820426841896462
-0.016676828075954886
-0.018652662967170112
-0.03127243590149447
-0.03551500989591353
-1.0
-0.042895624351356174
-0.03064875294122203
-0.003460358855584981
-0.009586022603249734
-0.0026294250184417866
-0.007925405345361201
-0.022465587755486665
-0.027138561672240626
-0.008428126531957437
-0.008056888339648972
0.0021306411567493864
0.011576287576490927
0.008924322293873936
0.02738878442093712
0.03037982353400502
0.027960091393598275
0.044758990945494036
0.041808670090442375
0.039530664679018196
0.04018918192542035
0.039897355484466525
0.031198451114232043
0.04040408484322969
0.04779121472075356
0.04266255735518855
0.038603424266363116
0.03413418931786494
0.03113838766149151
0.036144003480933586
0.029379141236321404
-0.00407220679719999
-0.0088591439126894
-0.0002864484885798635
-0.027115451298221977
-0.036601873906053725
-0.04237560819708626
-0.045592830629719264
-0.04555762393022948
-0.04828816952269961
-0.04897392843012413
-0.045323843722758196
-1.0
-0.046625014265692155
-0.045533096578812465
-0.04464757379082071
-0.0441320116115376
-0.039230566396551696
-0.045623143259719404
-0.04459828229375828
-0.04351248323008084
-0.03022936031420625
-0.02557086936811782
-0.033366874524917614
-0.03676972524239541
-0.041021410991300765
-0.04126752330917313
-0.0404834691631003
-0.04316608105063084
-0.044077041849882516
-0.03870011998626621
-0.030542488648523054
-0.009746930041073649
0.01425461505322603
0.018418768643399207
0.03560023381219573
0.0266753084447615
0.007979763070725227
0.003859551356853534
-0.021046197948132915
-0.022817635572690495
-0.027732333800449517
-0.020151967647751404
-0.0170230530689022
-0.009501165156001416
0.009468444033394963
-0.0016862665430585188
-0.031100562515310518
-0.040935069001247146
-0.037628191913914706
-0.03772730203421134
-0.04057818205896881
-0.04744605323915735
-0.04413832350206777
-0.04862892442635935
-0.04400006845877725
-0.04618894167861305
-0.04321978604301367
-0.03794471634812213
-0.044339122391839694
-0.04434494300067543
-0.03750311746424346
-0.025238221024561965
-0.012882431245735172
-0.009717905989017343
0.001044343383507986
0.007786651619029128
-0.002953791409744309
0.005598412477378249
0.012261871687507867
0.03383237894832129
0.03909952624222818
0.038940522872318126
0.023802493045170535
0.00329668738692428
-0.0039265307651434695
0.007749270046791787
-0.0013617620139303804
-0.015209709377636868
-0.030277050008047986
-0.039843266215034215
-0.03840890916251557
-0.03651585763936453
-1.0
-0.038851892762393044
-0.04171307459761018
-0.03607148443353335
-0.04007602777093499
-0.039616480863521424
-0.03801493157856708
-0.040884776597389004
-0.03769387199814333
-0.03924006063178111
-0.03959636267902374
-0.040324420320912054
-0.04307031577318216
-0.04384146103128865
-0.04000454031840405
-0.04003223042907449
-0.037408120459981334
-0.04051314420658824
-0.04303819814482079
-0.04301642576114408
-0.039055468408448944
-0.0450242456809809
-0.04242774812669496
-0.04436541143162512
-0.043400712671432445
-0.0454675684291499
-0.042285510198708416
-0.043185927113962574
-0.040942188251137844
-0.04543742419698948
-0.03760984859615054
-0.034205054366503895
-0.03691028487672171
-0.03438164011406779
-0.037282521031888526
-0.027957880990176542
-0.031286496754043554
-0.0308137998582678
-0.036093079890598366
-0.023860583609315384
-0.027357628032593215
-0.01773244273144611
-0.02241885016554831
-0.02089420190306443
-0.0016158098519772248
0.012454014277397661
0.022192716375403633
0.008569042353491199
0.006232774364198362
0.020104228633892367
0.01598322364260455
0.039127540478016844
0.03685088344725459
0.034662798996874196
0.03092468218782685
0.02139532960639485
0.02077214122108366
0.017135967242772884
0.005773055547611028
0.004942279448059482
-0.0015768349789989145
0.004861333519298543
0.010952305674751294
0.022722544991846
0.037152718369360224
0.02984243602477713
0.031578271388747504
0.026764381735011975
0.022996372487209236
0.012171917151540299
0.01778059139344454
0.023610156887280975
0.03616498710722689
0.04225366955625533
0.03592891160609351
0.035564352740393504
0.02799141671607547
0.036978724042415104
0.03172236081128036
0.027119003073210187
0.01989877191744645
0.012870349986697704
-0.008453472176432464
-0.026821921732710773
-0.025840645301790754
-0.026087217049739604
-0.014948660270811341
-0.006860335109951247
0.008314815320345266
-7.242933013184347e-05
-0.017957052043755743
-0.024309865258684248
-0.025324513233011343
-0.024354754406226826
-0.02491597202649441
-0.01933513861415595
-0.01677328019887553
-0.028424592039159542
-0.022199008497589243
-0.03148575765004241
-0.0258760411466395
-0.022364018905910273
-0.03049066681766397
-0.031150652892555676
-0.03139040091213225
-0.02961843445876361
-0.032349405124260246
-0.03733902586478754
-0.03621200850261029
-0.03828789426159558
-0.03203396988578301
-0.036297727802087315
-0.02825516533026076
-0.02802040087937456
-0.0348187187742898
-1.0
-0.016553341061732132
-0.019350540179479157
-0.025394909487276525
-1.0
-1.0
-1.0
-1.0
-1.0
-1.0
