-1.0
0.048386985333748474
0.04033793855760001
0.04864171962545481
0.03729601831524811
0.023580579073393653
0.04318244287536814
0.05297863822739797
0.056815088948081204
0.05902980457298329
0.05810449953406112
0.05695176064802418
0.05220205042863469
0.047408104859436855
0.028586354189323194
-0.011875681844522689
-0.00945618862469088
-0.005970746075399209
-0.0035974075049182014
0.00270457168755832
-0.00531008671124832
0.011560415308259592
0.02120389159627814
0.020236187871063144
0.012847652709251823
0.010726498494792507
-0.024552305959210704
-0.04488566629669613
-0.047852735567336685
-0.04681022869219606
-0.047295866598268815
-0.04096289784475483
-0.04280117064621174
-0.03753734372201531
-0.032790974951843785
-0.030228362494415652
-0.04990083226449654
-0.05245779877910753
-0.04660104847222687
-0.041621680373025514
-0.03412992380891227
-0.02389456209155896
-0.017950270438732714
-0.005315679840397657
0.0006787672444582001
-0.02122079972458388
-0.013489977025526246
-0.02727139213793575
-0.019748045449287002
-0.008274090188568589
-0.0009224607746190314
-0.003731848439188686
0.0076171372226279685
0.028744123619475356
0.03994190219215995
0.04510483092821317
0.045180533124733885
0.054817091746371976
0.05339862697939568
0.053630827706884016
0.056644770765698516
0.05757426541033717
0.05447513299978687
0.06075681483000474
0.055151870850225014
0.04161283584613654
0.03671373446892023
0.03451227591188756
0.044014052834610656
0.032848830420341
0.003858519020587235
0.014603114029493349
0.03207040082178296
0.03825160585182637
0.0418939095076681
0.014435130642286995
-0.04547919193860044
-0.049911472532837606
-0.035185048337907136
-0.020671657284449575
0.04218203034972904
0.05324360332683074
0.05903708829310895
0.05410940199254188
0.058742244606161134
0.05878617286450165
0.05949732274388487
0.05810325818744684
0.056993800776461906
0.056730267737690326
0.05540831950055898
0.05600575766008598
0.05637971810586217
0.05484186820001801
0.05166740511751245
0.05434566025739618
0.059017709783897976
0.055452316063274956
0.05913462876044514
0.057825838279596566
0.059811009089074586
0.058073182701360436
0.05599198253161019
0.04218704347676194
0.028416665349759465
0.03905642031330419
0.020629741919121446
0.045431843279729954
0.0446922569744637
0.03766128061052939
-0.012696538118692226
-0.028931539095011186
-0.013027837155176076
-0.004964982030763417
-0.0035395350321636727
-0.028809339894977727
-0.008466814893050761
0.0034384576999212124
0.006269418307799999
-0.027139878133089296
-0.014372019131257774
-0.0017694923325250072
-0.02097421089129569
-0.014342678201296467
-0.030898030231224657
0.02750603741304512
0.04713205736404773
0.04303316799636117
0.025038370102618102
0.028617367537460726
0.030136764956408105
0.014551075974891458
-0.020689025093263775
-0.021226513823790007
-0.011731415478321742
-0.003100361217918054
0.03533385330528119
0.04607999665341681
0.05421335870256059
0.053266249929443094
0.052032935696266054
0.05427417684945072
0.05843150738384072
0.058190746833755996
0.06079165186476464
0.060238196046396
0.05787563790198631
0.05665297934700178
0.059439705815193526
0.056565556952953094
0.0588229508179402
0.0401111487096569
0.03764118842936423
0.03724749202609772
0.03623291800570475
0.03597016692301121
0.05000933813622528
0.04215336288582972
0.02662382981339604
0.04802593680835816
0.0296227705971871
0.0015007167496678502
0.0054085302583239125
0.020394085736281407
0.016811954100795792
-0.005518959344041063
-0.007703595285358983
0.046146746178234305
0.044100268225377
0.03496101651129464
0.04506134698611375
0.04455420852585104
0.04512714284983344
0.02603020218997781
0.020135688439684354
-0.022146638777824416
-0.024917293272518144
-0.02598348483595962
-0.022354524167475232
0.012129129160839346
0.0006004208383772811
0.009860422472676036
0.003244058454716699
0.0035557197977072034
0.05242707553697335
0.06566305237165145
0.0651609491944779
0.059373049906202714
0.06293247810916372
0.05769586849413264
0.05426657359426845
-1.0
0.05664126074065822
0.0569921475742659
0.055994659063235724
0.05887340191938251
0.05953375839848813
0.06216073741817923
0.06075825367206702
0.06113176620592179
0.05388399050058898
0.04210958993418917
0.03752897071784556
0.02284950372835999
0.011875053594353807
-0.013945215271058329
-0.00574688657813981
-0.004683395135186276
-0.0012104828376140713
-0.010984010433406558
-0.0006633153578568999
0.021289847559185775
0.02794464617320471
0.032201658347446885
0.020903627095200075
-0.01852537215266797
-0.01738703473120542
-0.018147885015513152
-0.019080473019071453
-0.005559738432803992
0.012121526244773532
0.031616234098294525
0.02917704973462424
0.022235724186362806
0.03564021506677217
0.027372410501773144
0.028580811711558157
0.008430650635723246
0.029663475177238056
0.04680881453693331
0.047483967855260566
0.04996383846237114
0.038153064925918224
0.03463560603055896
0.052644166121514104
0.05175892781073125
0.05297225841429494
0.05431952224158526
0.055331269848742495
0.053088817098924025
0.05079887287914951
0.04552304791344544
0.05406393286318739
0.05101218140820288
0.05249490418522139
0.04191711927385426
0.026455444963183222
0.046302259828839794
0.04495969197567329
0.031924114871614465
0.029953298733271707
0.04046087410964314
0.04685397010662289
0.04547069332930261
0.045378699550662205
0.05237049291208851
0.048355646231236116
0.04992118110769872
0.028668179083751126
-0.028459492770734767
-0.040043772302918244
-0.041801840633790645
-0.03770826530613393
-0.03325509274206799
-0.021430081287989247
-1.0
-1.0
-1.0
-1.0
0.035394690551449365
0.008292885430689192
0.03530656526119496
0.05270286246206857
0.03484004856769944
0.03235855565855664
0.03737190300521261
-0.0014617366710798609
-0.003553149779856535
0.055782456220706385
0.04693561809547641
0.028097926045306625
0.02300936702249759
0.02933759900330296
0.043456456087257365
0.05032339459524027
0.041233030231321154
0.03598467571626144
0.007052361148812791
0.01964475114083172
0.0602503960822929
0.0600513932375137
0.05885548876974049
0.05841918114301475
0.06270102678204982
0.049775051114044455
0.010950452963561045
-0.0009756133687257924
-0.0010923918833805005
-0.015624448643484315
-0.021752856314139354
-0.025000895738762217
-0.03466047346159364
-0.039794058427850006
-0.0539284232776168
-0.05607124381643319
-0.05551662746906522
-0.05689854174808657
-0.055340060226552024
-0.04920855715170561
-0.052509270552819606
-0.05223099063310394
-0.04507150588654838
-0.04906419386778352
-0.056107306702743324
-0.05485975972149616
-0.056435015718799504
-0.05747210914158894
-0.05512467378649082
-0.053830662418182386
-0.04720962557341417
-0.04902889716808491
-0.02423552303027298
-0.0264066749463016
-1.0
-1.0
-1.0
-0.02269479545432193
-0.039216006915598
-0.04334369867530941
-0.0392956384911036
-0.0482783803447609
-0.054074348497173026
-0.05664586136468133
-0.050169938928246484
-0.05675862025378249
-0.05992942019332193
-0.05149633658914905
-0.05411190222058185
-0.04313278085424604
-0.04981560203048542
-0.04892512507176409
-0.05520108133823116
-0.05160835754406429
-0.05053113237844852
-0.05494699395278138
-0.05561075708733405
-0.05608088568574834
-0.05313470201464846
-0.053277025604885064
-0.057088330205287224
-0.053445347370271394
-0.060857049421598294
-0.056905237675204376
-0.057134667520617306
-0.05087633034311755
-0.054071985945546235
-0.050535079396947
-0.0528651662633557
-0.04872939912639758
-0.056681728540174336
-0.05105946156403695
-0.056462399641057336
-0.05766568019648578
-0.055842884624006134
-0.05750785436955727
-0.057785040498221966
-0.05727944849140125
-0.05451473289931429
-0.05878299980833421
-0.05583064110939607
-0.05487244300479463
-0.055350906467643894
-0.05200982449782827
-0.04758963031624043
-0.05027462426251782
-0.04766851920090307
-0.04343582530431785
-0.044868847988669205
-0.04173480320529237
-0.04283111058903006
-0.04105220476467187
-0.03521501659811631
-0.031283864888086925
-0.0360110409847489
-0.025663078252581854
-0.02364439217235826
-0.013654861626721013
0.02847488864532503
0.0408612350542937
0.038905139121956714
0.04516470343787789
0.04596897272176825
0.04915309718771416
0.061387711197720414
0.06147360285638776
0.05941130813172333
0.05747449788645434
0.04403505956043024
0.059205775756517615
0.05445380066245888
0.05789957199048441
0.05773564212996019
0.05555795532868012
0.053321096027445426
0.049348977407425866
0.0509579033571012
0.047254033433827086
0.03891106002810415
0.037686329669806055
0.022814606098081034
0.04160118519489062
0.031166016983257314
-0.0057551193113823465
-0.015253036378807731
-0.02797448118116086
-0.03365573881929407
-0.04667801277613641
-0.04879694337144411
-0.043827026398545264
-0.04866709999092315
-0.05106596460881515
-0.047082603908895355
-0.043112911005762936
-0.040251513139084476
-0.04882831854750211
-0.0542425982465025
-0.05651535402846519
-0.060356595740394675
-0.05944375855919632
-0.06008434327394846
-0.06008464743652771
-0.05733183147001065
-0.05810256960093638
-0.06198411354951119
-0.053730635323683315
-0.053637824377038554
-0.04914115426581623
-0.05024102370265804
-0.04893658509374436
-0.054356969257939036
-0.0518121989886559
-0.044399225738769844
-0.02778635896933355
0.021501113613785868
0.03451625086238697
0.036723444075873364
0.05133486008166778
-1.0
0.030542991368924407
0.026004078061227683
0.03865356913025771
0.03271910667155618
0.023703809901361256
0.031327214584389515
0.04268226030637582
0.02515061253947517
0.049949484027108415
0.042610023976071214
0.0467891620203892
0.043856296292999176
0.04694942305715298
0.047709857506528175
0.05091534687065996
0.051028538837987025
0.05208966016560354
0.05093915570011274
0.048198586763625074
0.011280240037304112
0.01714532298327997
0.03157722898901799
0.04065818991014573
0.03134535629474023
0.04298865774124567
0.031035876025238895
0.029336621612879886
0.04697993434787002
0.04227371829073673
0.05112199515773103
0.05176467667944339
0.04108688038735499
0.04588399229553362
0.049177013961962335
0.04300585219340928
0.04541744476355785
0.05095582955517519
0.047071271525009575
0.03671001958023805
0.04982163910638362
-1.0
0.05246670481621073
0.05061132164286837
0.036907905397881316
0.037677597839177956
0.033616698527655746
0.027195863970664293
0.04897682308363031
0.052651479843886115
0.05066069484544624
-1.0
0.05087929513688607
-1.0
-1.0
-1.0
-1.0
-1.0
0.041957182312278886
0.05009773468694336
0.049315249688003326
0.05191073369555138
-1.0
0.04885703278721612
0.050323172681377606
0.051055004932064746
0.04996647037709873
0.052797656741555586
0.05238479941813091
0.05393459236553461
0.05378408162792136
0.05471155922695239
0.05051580361469189
0.027871308665637834
0.003892787627105089
-0.016375820835599134
-0.018478100471423196
0.03473864414124662
0.042745258342070026
0.04353070667458465
0.030516791810394583
0.024928217987347755
0.03474322661645331
0.0033928213315892763
0.018808584008912187
0.0342650007984684
0.037173679579710156
0.03169185040843041
0.012836220361619716
0.00982237957953119
0.023320624068280314
0.027463840717420043
0.03096658212961497
0.010093109671245082
0.020364939449820874
0.03441127789679122
0.03841528201252338
0.036494234659077154
0.04674408235190344
0.04605753432984264
-1.0
0.04612390950946696
0.044364563851714375
-1.0
0.044207265693414044
0.03559744059171911
0.03456313794751059
0.03333791024890599
0.03201155355979203
0.026801772770441278
0.013655823231481566
0.0036063403562824
0.019664880358171672
0.010061612749180243
-0.023709307026918355
-0.02537740041908043
-0.02987720894323424
-0.04347652538279387
-0.0377940779959612
-0.02530039384138865
-0.011939226904686998
-0.01755504250691698
-0.010780764553260904
0.0025982951899932785
0.03824703216433611
0.037436932550135915
0.04108152136717244
0.04361175915414803
-1.0
-1.0
-1.0
-1.0
-1.0
-1.0
-1.0
-1.0
-1.0
-1.0
-1.0
0.05443229536859494
-1.0
-1.0
-1.0
-1.0
-1.0
-1.0
-1.0
-1.0
-1.0
-1.0
-1.0
-1.0
-1.0
-1.0
-1.0
-1.0
-1.0
-1.0
-1.0
-1.0
-1.0
-1.0
-1.0
-1.0
-1.0
-1.0
-1.0
-1.0
-1.0
-1.0
-1.0
-1.0
-1.0
-1.0
-1.0
-1.0
-1.0
-1.0
-1.0
-1.0
-1.0
-1.0
-1.0
-1.0
-1.0
-1.0
-1.0
-1.0
-1.0
-1.0
-1.0
-1.0
-1.0
-1.0
-0.007978286811872315
0.015408947504930309
0.015443750774715617
-0.009138620803251667
-0.020949550416195117
-0.027516333835293505
-1.0
-1.0
-0.01658614556243358
-1.0
0.0020397297928614545
-0.013320814226480899
-0.003246794679922584
0.002479520860398006
0.003550678704593501
-0.00045437781322733194
0.0021001827181508187
0.010807610725477921
-1.0
-1.0
-1.0
-0.02911250156385873
-0.03701832639901976
-1.0
-1.0
-1.0
-0.033682043481364485
-1.0
-1.0
-1.0
-1.0
-1.0
-1.0
-1.0
-1.0
-1.0
-1.0
-1.0
-1.0
-1.0
-1.0
-1.0
-1.0
-1.0
-1.0
-1.0
-1.0
-1.0
-0.03401807175474989
-1.0
-1.0
-0.03920873587389339
-1.0
-0.04083998329171222
-0.03412608797980889
-1.0
-0.03995163645575762
-1.0
-1.0
-1.0
-1.0
-0.04001009538357771
-0.014476236193953218
-0.02099409677141198
-1.0
-1.0
-0.037869945730993164
-0.0324485213754253
-0.017153053793116466
-0.0016143410843086757
0.004347710437658842
0.0012218471301797503
0.0011415476764981539
-0.005533791555059844
-0.014818551143120744
-0.02465572491376572
-0.012258728252820074
0.011735446573338528
0.016760115106839557
0.03688320478139736
0.0037968658505608834
-0.018393767642117056
-0.031814626747632496
-0.029344447380192786
-0.033812633745873524
-0.025715720060425242
-0.019825681081215508
-0.005312312125701262
0.002279055119539764
-0.017698067241519243
-0.032090440959301345
-0.02457044097978578
-0.022038406870790256
-0.012956867035682622
0.0014029205107174174
-0.020226932373791837
-0.01901944310950254
0.008998778492903283
0.019341858560187775
0.039263005336541444
0.04909045424226382
0.043237135235815634
0.03842827881282827
0.030979751048687068
0.002760436560346948
-1.0
-0.0006041418383600957
-0.00592152856571864
-1.0
-0.0014034923521159838
0.013932245021917162
0.005873051666669809
0.007056403418285608
0.006287017924297252
0.01523106327188578
0.014149009405840794
0.025919926135010287
0.03696181422995615
0.041709341167428665
0.039046490604022835
0.04133101384030271
0.04959866721840226
0.04882538753608959
0.04503021898875079
0.0102214532032366
-0.02545532158895794
-0.033171191113190335
-0.03330745975488935
-0.028076265431491592
-0.030055362730132814
-0.02157016436369986
-0.006893117942379583
0.002599902693503531
-0.004934995110142822
0.0008996088954082661
0.006434888052915788
0.008337035164912231
0.016566485662243127
0.015840167442881838
0.0162878681940303
-0.0022479244087878847
-0.012992665159545475
-0.01461788910507957
-0.00896000514092195
-0.014872368380192161
-0.011072497528151702
-0.011233976381066026
0.0003125916169933911
0.006937433681209374
0.016785064216922968
0.02465998230443834
0.01705240164193783
-0.005971248888983473
0.012950559409634528
0.025540920160354696
0.03745596625305678
0.020859822253568173
0.018136454797421635
0.01666576395770635
0.03057278029412527
0.03685016948396255
0.036827440206434414
0.02603911966021794
0.00602011769042824
0.004884881544901728
0.01664266850449646
0.02001402107067984
-0.0025259544701142144
0.005051319345949649
0.002440381230278167
-0.0017304052588844423
-0.001065597361795787
-0.01842201758954559
-1.0
-0.021093882177611236
-0.024443439726315495
-0.023762245635921612
-0.010323140553348986
-0.01594562040184006
-0.020874033270493204
-0.0036915063243710966
0.006350444120747339
0.024377672109789392
0.030301815538109518
0.023254441040147813
0.019534790606344807
0.013025603083558943
0.014435901490477623
-0.01913913031292669
-0.029727448573841082
-0.02957657743520843
-0.03556011793028267
-0.03170511318549057
-0.012225611283144625
-0.006837804594251253
0.005201401952180188
0.022411861569405233
0.020109555723120075
0.013918956190845851
0.002803218561885884
-0.009482745467394301
-0.021083825110926088
-0.01737946373212859
0.004694771394168188
-0.0035959061252441014
0.00830641509083211
0.007928639928495757
-0.0016815351730981407
-0.017532566425629434
0.018936379338641694
0.02959796832488554
0.04119832665551439
0.027942284217897812
0.00421619985735869
0.0049459161684782494
-0.014222867490714691
-0.019147353440644572
-0.02572109799795868
0.014220365335984014
0.044749595834185786
0.032868311199128974
0.03816023326325025
-0.02948760474402224
-0.029352154507447232
-0.041577579861083014
-1.0
-0.05244977932084685
-0.05259316589333213
-0.05428300440515299
-0.055749207854618975
-0.05046629113753717
-1.0
-0.04872273303910473
-1.0
-0.04558222811115166
-0.02729483839017565
0.006760987852114836
0.012303902926611663
-0.0025538313902167594
0.006878674674572257
0.029573532557214663
0.025826140283442343
0.015493728708094102
-0.010999256419610389
-0.01509934201768063
-0.027639546920769753
-0.024338856071218717
-0.03175362955679165
-0.013985894857788552
-0.014542626470441264
-0.019810365176852533
-0.0071881035447677434
0.012192326247801054
0.009237215442356356
0.017343513829858943
0.014869409380122768
0.019997197549181552
0.017129088739772223
0.04294603498292486
0.01808001509500835
-0.0006019820129626734
0.03734940578707226
0.04471757624290403
0.04148543227733114
0.014933801605693603
0.014927393984390665
0.007375158033864914
0.03385867633371094
0.01302205311902541
0.008841499345188754
0.024690447110170682
-0.02712590070816592
-0.04655712714794657
-0.052231962521268153
-0.04968195634430579
-0.05118287054308589
-0.0494466260031232
-0.041688992647333084
-0.02901250242802896
0.0004054732499072872
-0.021626711124137745
-0.03939235683522301
-0.04968165987024184
-0.0452487820805819
-0.04815191089097096
-0.0446472368918952
-0.03814397641766531
-0.030298454037491394
-0.013331371622773154
-0.008099884010022962
0.01813935275383334
-0.01702412571863705
-0.034948362274294376
-0.04287348893075711
-0.023405434669706446
-0.02096519024072405
-0.034636643489651
-0.025814392555589195
-0.029409038875983395
-0.01962612088962567
-0.03889172500511344
-0.02291145431047273
-0.018051206136221888
-0.025195278710352553
-0.042314299402922216
-0.037241934123392974
-0.03389445600317151
-0.042301913357191835
-0.03086947874641587
-0.03658135870417149
-0.024243976958905095
-0.03175432706933931
-0.046059040860526895
-1.0
-1.0
-1.0
-1.0
-0.04855138405931756
-0.030452353907618072
-0.05465268790374609
-0.0534077718381834
-1.0
-1.0
-0.05375093457811353
-0.05786506192670892
-0.05698527948021701
-0.05648585663270955
-0.026862449822906632
-0.05101888675486525
-0.059294145913419756
-0.046593536233876576
-0.026796166631481412
-0.0449796255228363
-0.03309993706532451
0.004462494297429705
-0.014197253960325716
-0.03253557838645637
-0.050839712882072924
-0.054549584023895585
-0.053479496301486115
-0.057837848696799116
-0.053304499584541504
-0.059618874927047455
-0.055485739616573895
-0.056722056956751504
-0.05891220714014357
-0.05811687151922861
-0.05874902736646073
-0.05867730279652408
-0.05566149661536869
-0.03247470186981721
-0.007409370107835638
-0.03309805567535153
-0.046952682507452846
-0.04718432836032503
-0.019893700048619144
0.016303720569817895
0.02547113155371217
0.004240567105299166
-0.03752628774324237
-0.038152336679794945
-0.04736462492572606
-0.0426849543466528
-0.012292720303757908
0.02715445630678742
0.04688813242119006
0.021555304510213112
0.0244473053230475
0.020117454942298413
0.0092128172160447
0.0002016482898242
-0.03125984009941723
-0.05763877671913551
-0.06046951212577569
-0.05746188120127807
-0.05800501817823425
-0.055729578961712954
-0.05328822896373293
-0.052239415272268615
-0.03783447944826644
-0.04365752593958371
-0.050940332974742174
-0.05695212765654118
-1.0
-1.0
-1.0
-1.0
-0.05592935819945095
-1.0
-0.05692200317674462
-1.0
-0.05375948178953681
-0.05739686085536736
-0.05320283811489935
-0.05510003650268481
-1.0
-0.05710473237881846
-1.0
-0.054062028588627034
-0.04610768088764512
-0.03942385503989432
-0.05519147203736036
-0.05116773379070805
-0.05102965582449331
-0.056738550590640265
-0.054986103577362194
-0.051123924553833335
-0.035861889765335456
-0.015753586383003237
0.02189524475587165
0.0055488751490745895
-0.01141440965138119
-0.003591531057787038
0.012258757406317662
0.026827402946080343
0.018535452683879405
0.03027002884862326
-0.0002493401494940125
-0.03454102521318132
-0.027663957535393458
-0.023651525310780182
-0.029928488210684143
-0.022151759693368075
-0.007963867937785356
0.002472351639580356
0.013854352092055438
0.0007595044870698581
0.022899455126110285
0.01790134077182823
-0.021880813155743695
-0.027196321203430844
0.02068768612098938
0.03238924467475866
0.0330470967264499
0.037684833558639455
0.04014885097133815
0.039538394633672876
0.042074196408572864
0.024053141276580172
0.02915299369205679
0.05022451711114565
0.037690239188424686
0.043941018476870444
0.04157254796947798
0.031130737010179682
0.03487596200175484
0.046677072007699646
0.050605082544021684
0.046597039177328166
0.03971297075515242
0.040818866081088104
0.03878926038799211
0.04029292119972261
0.01301966871865588
0.021971028398818475
0.04306235947796166
0.016554547278739163
0.026233107209916527
0.022584816109940214
0.014007904378443294
-0.0017819939487600679
0.009983471124642686
0.015594869430087772
0.0218284686409677
0.003827945984362354
0.02192063468235151
0.0407845277411433
0.021983746822521084
0.017451604694358802
0.026846401740247793
0.045974606860848914
0.04328126123693965
0.027534280243423095
0.0425592357967775
0.05310335640226884
0.05788709160141984
0.056817875036415486
0.059851618080004
0.06111388830545573
0.06161222454081024
0.05875566208342168
0.06424784734138302
0.06280759363317794
0.065221266863044
0.05339633634339927
0.028438526466295713
0.02407256153667959
0.03226329304193762
0.02979328579437295
0.03127086526598329
0.042033798903480364
0.04625158670352805
0.04559067317525294
0.03878074896532525
0.050011912219144
0.05418321927188847
0.05473220346890161
0.053108408589289016
0.047392590837935004
0.04539329773478746
0.044943141290721335
-0.017781431233209605
-0.04248816734343854
-0.05339850140823911
-0.05359841672724912
-0.0600305010891469
-0.06254168872625433
-0.059768530694773926
-0.0597238802738697
-0.061343883018591075
-1.0
-1.0
-1.0
-1.0
-0.05841856491796973
-0.062212506703999845
-0.060725840493877026
-0.060949626404761176
-0.06377247400059367
-0.06200162057599127
-0.05298496054298111
-0.029334703219437274
-0.018107755460400242
0.01225862417883338
0.027615286293501268
0.021533924201693186
0.023634978289870556
0.0251597180740673
0.001076069210548457
-0.041419175744371324
-0.05342534461169347
-0.06404680845588147
-0.061428665403221464
-0.05759028100280664
-0.04909237990972504
-0.015441846925165124
0.041719500314432216
-0.008245804930525027
-0.03819768250807611
-0.05293257724835001
-0.05100097393745689
-0.0535527748031793
-0.05320287051192573
-0.04201744620357596
-0.012908695540336353
0.007820960596235426
0.011356630620725129
0.020658931717557893
0.017240343906691883
0.007852659755989377
0.01979990661698305
-0.01888697530118089
-0.00464433903927985
-0.012204409042509867
0.0036009606554854344
-0.04104832658839246
-0.04956938092674555
-0.04274434888446817
-0.04805731068142774
-0.053357250389055116
-0.0584800906739712
-0.05801678449464485
-0.0607859077808194
-0.058771774738197974
-0.05150410678342994
-0.0503171203649533
-0.05251013455945409
-0.049927012067101983
-1.0
-0.058548196685567835
-0.06033912372865576
-0.040270547733427524
-0.02940877192131408
-0.026675308590371864
-0.016984954600283552
0.014796616279484993
0.04262704301646018
0.03174640816925939
0.01877079761032959
0.01072042946451234
-0.012237036582762595
-0.024047771442387157
-0.05014714692188536
-0.05016274362454113
-0.04806458737273608
0.005154650557979984
-0.04245272017387642
-0.05123462076859783
-0.04254533418123115
-0.03214878220042798
-0.05756681055840942
-0.04672413302929778
-0.04472929244847173
-0.05217266839950378
-0.04520633678625784
-0.03980441932789436
-0.030964637607780187
-0.036030398996346816
-0.03542488194189307
-0.013611500649625081
-0.02354047767489435
-0.01767104229097753
-0.03103599458961941
-0.034060207883388455
-0.03972316115796235
-0.027997836085924814
-0.0233294696274753
-0.03929134688692693
-0.04314667205756698
-0.022243053235384894
0.023336089603654877
0.037870764580133255
0.014028379872908961
-0.010830293715808324
0.009975137034794006
-0.0020778823648679064
0.011903586717521793
0.005609220053700528
0.0077263966439518935
0.06184356462661929
0.0609313649165809
0.028532091800594017
0.009151957634385846
0.009260786973320069
0.017028697790925154
-0.007279561930712383
-0.010097260976473406
-0.011839694440423681
0.006359990682317508
0.02711005649536269
0.03008844245668146
0.01992313502944432
0.027873829060823817
0.02131897331910091
0.01935228070177254
-0.007753532739840823
-0.00505816959872803
-0.02897561802187145
-0.022697665876294494
-0.017589994598322316
0.009140596925522403
0.022676010146779474
0.031433150508350355
0.03462348887088732
0.03216334432884502
0.03706404630702649
0.030248403497655913
-0.0006952485382571452
-0.0160367841914533
-0.027937760113349315
-0.0403689761943842
-0.03168156350856674
-0.02868671956607637
-0.02063523433839906
0.0010930775796153492
-0.005907404845545563
0.02668598328791544
0.052783552586459705
0.05305692177480814
0.008117161591345871
0.01520812487363121
0.03752081857932777
0.015994870327201073
-0.02910572078232427
-0.021092281095416856
-0.028980020053393705
-0.03300134853189764
-0.011966758953855015
-0.01610765213531896
-0.0034138286382347275
0.035748458080263605
0.040922688591418094
0.01699751263143781
-0.010228764233015362
-0.021180860858329247
-0.0334809997803791
-0.014636317070554992
0.015268004774123154
0.013377562508259992
0.014986571242870663
0.03477133254574273
0.04252501515747421
0.04968244651777348
0.03211888200537746
0.012560868117456814
0.012426162886172133
0.007414878791054813
-0.02718853317946428
-0.016425133615393044
0.0007404913064673513
-0.021339277406752098
-0.033084497073819615
-0.033165098119824335
-0.03299712451750958
-0.031066593414162662
-0.02996929945390151
-0.024430698287052317
-0.037801412451538015
-0.037104242690517056
-0.02615050153825527
0.01786286172348415
0.023387926740139193
0.03505052782064052
0.040527542621957256
0.047337139364050464
0.04424223477680498
0.04646101528828098
0.03859351168409521
0.04151898778327989
0.035112811239618694
0.03827641051752593
0.03906399291953983
0.015141856122970209
0.006129711318206763
0.016624997046245232
0.029247552447809785
0.02784009133591066
0.024104058250866534
0.017782754220612512
0.019558573857273925
0.03234885660512567
0.04886564267632889
0.041750498998317384
0.04450333974389118
0.017907391856211655
-0.010708481752981568
0.0073695818301170515
0.0360667930865717
0.026541650521789258
0.021290079461590655
-0.00040746704370091296
-0.0059629239285056085
-0.02000385417704786
0.004976727247426976
-0.009054574662190963
-0.019222720706566658
-0.014715676052612283
-0.0016227531367228488
0.029813494255189844
0.03440594234432227
0.022911380859336805
0.013402880400591273
0.03231313542737243
0.03603178318442251
0.035580662271297976
0.05018259584966758
0.05783924737476947
0.04880400857391456
0.05121606417122584
0.03822893853322116
0.04259842154156704
0.036945869673289174
0.031829575186150386
0.02404977355474738
0.03244121550749094
0.027379973740475252
0.03276679552855557
0.03187513168051964
0.030208009685713366
0.030202957386911394
0.02982068065666904
0.03200299092056192
0.021941672144423482
0.02029332272965951
0.03366558521794801
0.028288667556135818
0.01652513245617891
0.02410516260967446
0.024807384510708637
0.029579387367165588
0.023756405825705398
0.018935199313593273
0.020197643401357847
0.02044026193875744
0.02072280192014785
0.022462551339201182
0.027021219722647778
0.010037083273011605
-0.004332466795312855
-0.005555227308507478
-0.004236320777856273
0.013192143509132894
0.017318074766452484
0.036571376871564615
0.050916588609004505
0.0392432155019184
0.011532089857927658
0.00808145679082164
0.02674089605584031
0.047571796211526754
0.037773292726507604
0.013295045838247947
0.016192255642887423
0.020575434702903656
0.01509325130922831
0.03402911028626839
0.04302283286477226
0.0406927638973293
0.04827985072507786
0.04673809553263039
0.02860407000159287
0.033584374402908464
0.04550321317905961
0.04417176639247627
0.05414764279704131
0.04800362406489357
0.04064616313927402
0.025873731019831647
0.03084720055033297
0.024202672789024486
0.016191261798982424
0.005326771122860793
-0.013995368346215654
-0.013416404670668526
-0.02622895617899374
-0.032459799098223836
-0.02769957399078478
-0.0055549753071037
0.015978632110932086
0.012339407565468315
0.0030186204965081407
-0.02320525260520974
-0.03717534813713409
-0.027776899811153305
-0.0036386196908868586
-0.02502046923774623
-0.021028720406253726
-0.027868187664388443
-0.020428959702336335
-0.009629813850194412
0.006086755561814544
-0.008576166806347756
-0.00962273773490025
0.01217929297117061
0.01228249030092097
0.012008137409041926
0.022401906031803098
0.02022374786430402
0.023031890511304956
0.023762332150073534
0.025097978497624854
0.024004919973752828
0.028205993473019882
0.039965255345383824
0.050065771907851234
0.052100668044581286
0.04358053334843848
-0.0035694440451263985
-0.012993143061184074
-0.014674330851317715
-0.00552042700096492
0.008974898356083267
-0.0009304148713141233
0.0009449999790790445
0.017667589739961763
0.018623273317734036
0.0316342404120612
0.03389529884202297
0.03838295141682634
0.04394324199453514
0.04282023586847522
0.03805490962745274
0.007754398207497094
0.003176391420884948
0.014813051156941663
0.01283474451250205
0.004359731877060012
0.022161298382033744
0.018796191008031815
0.03346963550019728
0.05032301428582628
0.04594174727453732
0.03998355129967017
0.04400797476756606
0.04716297195572565
0.04054496468036641
0.008277374456471356
-0.001241832579415434
0.00042116907936473483
-0.014803545772593123
-0.0032371699962642306
-0.008519158386395994
0.019454026125417658
0.0091859947831831
0.020903985514397212
0.0045598566380952695
0.005493624203818734
0.004562988490788893
0.015791812729821893
-0.004477466800723908
0.0018465433561768378
0.002406735802217065
4.118308893225592e-05
-0.033412827797969044
-0.04673007988200697
-0.04329275330203133
-0.04859188284936278
-0.04691417707366496
-0.05346407953251012
-0.0482278773882916
-0.04473615719181004
-0.050617164381945606
-0.025258268536121987
-0.0150613916607921
0.005615450376021864
0.02380607938753844
0.016957153136802895
0.02188623312070259
0.03310196121097126
0.03885812171145116
0.037168536949503006
0.03772762631749026
0.04454578790082507
0.045320134645123425
0.013175735912486554
-0.0006989524323322211
0.009953474705620854
0.000248097926838004
-0.0006506707910089568
0.005147675754896537
-0.007891583407434451
-0.017820552807878292
-0.007303226777758792
-0.008209947004446345
-0.011943608708414457
-0.0069759057755119
-0.006191860400425979
0.00588842821975489
0.010174225160285986
0.03390574197842223
0.03440384948656835
0.039959934299567304
0.04633679565140269
0.034772525159852595
-1.0
0.0422835004441783
0.04642214466956813
0.03949476064850385
0.03856705706724042
0.04011795745088565
0.04582976134054439
0.039943063505302204
0.0508570050843994
0.03936357875106594
0.04632188260970349
0.03954646764173773
0.044100964788344806
0.037659193506910014
0.04152862581594295
0.03816638930538578
0.0362642278698131
0.023296981876660607
0.011806196327712142
0.003115159752141691
-0.021484970354071348
-0.029703868303412834
-0.030680982698702078
-0.030555112294102443
-0.010407272570364343
0.027783509845112218
-0.001328543337281144
-0.0053794734634650095
0.00714436162618198
-0.007995200420781107
-0.025213490407184316
-0.029010100935538755
-0.029248757596666668
-0.02260991778061831
-0.03044072125666036
-0.024814858769292587
-1.0
-0.0121836383271912
0.012991796291889212
0.01671093278640125
0.020403504353944217
-0.007617084285823443
-0.009823495659370034
-0.02566029827762226
-0.022976286700946123
-0.01957347203341057
-0.023242120466032398
-0.018129359144507102
-0.023177527500256152
-0.008766677411159156
-0.013549622599694989
-0.02610000958753673
-0.02342586142195002
-0.029297772393463564
-0.029179994476004195
-0.014545120536678897
-0.02849381852116922
-0.025202775941302488
-0.024269680172461502
-0.011696734324275305
0.008547224511971069
0.034927628725474856
0.03593692293018974
0.030151769117489936
-0.002703893953912773
-0.019452911620931865
-0.022346221069238958
-0.018051423903829442
-0.01518384888037701
-0.002704854507106786
-0.01919171818597456
-0.0031846859892707448
-0.0007456541195632864
-0.020218789955767615
-0.017476932695009682
-0.019616339221832917
-0.028061931405715487
-0.020188042748790394
-0.035772401124994295
-0.030401008834344087
-0.02889755437710713
-0.01174325769050087
-0.005578324972965198
0.0032731045186041806
0.007593857412337058
0.004751720430042697
-0.005426500712797954
-0.02519860837125704
-0.021147102802974983
-0.0213394425234046
-0.013191012137643988
0.012485595061484653
0.024855673014711647
0.044881981717923354
0.04214113537707975
0.027657856577054933
-0.0008521148359855199
0.00916096428261754
0.009351740502951776
-0.0060526337762978055
0.0012463563704534753
0.003049015374039457
0.003311666509212886
-1.0
-1.0
0.00433584145168146
0.026859116349957027
0.020000890593616465
0.006698548842606661
0.0015401701517411645
-0.0022492145103706024
0.00041294806564403936
-0.009914608658821399
0.00018430072736712067
-0.012550720121376018
-0.016869628881400162
-0.00860546048859903
-0.01572811140881306
-0.01633756981262217
-0.014172604486495587
-0.009922598811977027
-0.011310961865404383
-0.013410601644089531
0.003857805563929959
0.02388015709430431
0.024247576795179027
0.02074344680984396
-1.0
0.009195868692395802
0.015829643716804814
0.024863992221871672
0.011478031748025573
0.021666273552322514
-1.0
-1.0
-1.0
-1.0
-1.0
