-1.0
-1.0
-1.0
-1.0
-1.0
-1.0
-1.0
0.0006486313590547329
0.002761555074117138
0.002465092467669566
0.007413875754051969
0.0045224229626506605
0.00873282941319688
0.004770129192778955
-0.0036645776591391504
0.0017115023923118123
-0.005947412614261302
-0.006308755300393634
-0.00805638440181476
-0.0006750973262028959
-0.011562288208802077
-0.007368745108062532
-0.00870058782443871
-1.0
-0.009183912989285977
-0.008742615025723386
-1.0
-0.013453846725339152
-1.0
-1.0
-0.002381131069901574
0.011684463201683024
0.007542492460938238
0.009174516711207663
0.017650999292985435
0.017588903890149547
0.015605185157428456
0.01206455322211831
0.012243769633907312
0.01800724697083935
0.018785319041346935
0.024546605258680895
0.02343080487303331
0.019623843968416592
0.020092844497885048
0.02143052144792207
0.025283471735225157
0.023603946505701096
0.02134591509085711
0.02904841509514819
0.019427970391580177
0.02495536380709742
0.017828504739899137
0.019718403141490235
0.019625512124424746
0.024493599036986346
0.024391389698795875
0.011766374615321816
0.01923443913607311
0.02613487503083202
0.019670922607584608
0.0233215668428589
0.01871537717810541
0.0146554961927179
0.021860863518693804
0.020366559737838682
0.025755953952996714
0.023136322805708875
0.021084151021712613
0.012528746057714696
0.016512565766976947
0.01414149860519712
0.02470431234696896
0.02932072525008784
0.01805561283601926
0.0095853451856516
0.015687320173154152
0.016944449801192772
0.019090178795598906
0.011684121155202853
0.013367979054802666
0.015191717164091383
0.01351006593207019
0.0023229119091096036
0.002664111855188779
0.006989816506045168
0.003239537921745047
0.0018670767470876698
0.005661216066135392
0.007283218360980908
0.00243230733361334
0.0028116849814481372
0.005650531204875656
-0.0018084118488204235
0.0072205999845161425
0.008186316579219838
0.012644757118421453
0.003982211989273001
0.009768894770132127
0.009014609438803682
0.010921803471056701
0.013662017128612987
0.010699642062766303
0.007450644791874953
-0.002086326233884412
0.002909466562082545
0.002144294477015245
0.0059698973342251944
-0.0011970291535267283
0.004050404590540229
0.004657208243768321
0.00226157764902011
-0.0007682828097640111
0.014299698887174637
0.015369126477127976
0.018562897046825674
0.019167042213596133
0.009935928002905645
0.012257008088085419
0.012112852331865407
0.016997455928903484
0.015073480394180432
0.011772850879829762
0.010548318019234134
0.01811426460953163
0.012879681080553314
0.012659278141863833
0.016434750527690962
0.011298929021165397
0.00957948563837836
0.0070597462136244285
0.007945089203371242
0.011252643824031974
0.01056831842043906
0.012491276797550613
0.005294441121846975
0.0011895221351339955
0.004158923508992132
-0.003836281284563028
-0.0017240184863822935
0.0044740198613020645
0.015914405497710577
0.007440601568520508
0.010953804668241607
0.014697685017514762
0.011762563564793445
0.004799041701811513
0.006184999404588727
-1.0
-0.000493762043055104
0.0030410856492956956
-0.0023881598586519047
-0.004497500984590949
-0.0009153121982617915
-0.004828991093590616
-0.0009310647086145952
0.0032227740319001725
0.005558493937684693
0.00019495132062794502
0.0020052160352961586
3.861376253184571e-05
-0.001689153311181623
-0.001571729646054884
0.001469834110497448
0.00020602738192633443
0.0007525042400802893
0.008124946573167206
0.005664215422105463
-0.0010915257993012563
-0.002788800060768294
-0.007355598699613092
-0.0029140803190318915
-1.0
0.0010911322973385588
0.007825790663510234
0.009565808249952913
0.007283321053244885
0.013929994856486648
0.009652960572990088
0.007253751221436587
0.009484236970102708
0.005391771951131918
0.0038902898900441633
0.005071983448230814
0.00923513898631046
-0.00037557054682297626
-0.010978016888646542
-0.007832158591226553
-0.003794521812683719
-0.0013600010386733683
-0.006533616958479802
-0.004811943092564089
-0.008370021587688096
-0.0021408434361434004
0.004255079641522862
0.00235478627650922
0.0036739657913315857
0.00228728668222973
0.004268320101244986
-0.0011473274210642662
0.004721456343587405
0.007699503507989648
0.01011488864099047
0.009491256973880226
0.006326792832659797
0.009870913264598189
0.0047070904446547745
0.006873988608440885
0.008413291295282291
0.009632145010243775
0.006749328915342392
0.005839235009000445
0.00031263957814688743
0.009300189059794411
0.008912180541163618
0.006499822693327255
-0.0027466725687504212
-0.00838053685429399
-0.0068818750576933275
-0.0070759589410940285
-0.005631536185839996
-0.005650647993498728
-0.004342868379604151
-0.010471689073786941
-0.00869123261033487
-0.005460571496280209
-0.005684993673214571
-0.007501807681436145
-0.008819769698776375
-0.008576062726938546
-0.006967803513560688
-0.014915153963711151
-0.01780581951590492
-0.013802601408945854
-0.011047214090484588
-0.011146201433227329
-0.015068206319888222
-0.014728659865182916
-0.016651062259093557
-0.01869517009220263
-0.013120661471737512
-0.014483168238730445
-0.018424115323483658
-0.021023391273515154
-0.016438330662669594
-0.01414345056976154
-0.013241276297187157
-0.005388641411215691
-0.012209404206791093
-0.010298336835629385
-0.007478514198137794
-0.007414298595323066
-0.008372069731702684
-0.011027106067837205
-0.009854833715741605
-0.0151321713088933
-0.019792282469590923
-0.016913486131832977
-0.017454392080628465
-0.021491512452104556
-0.015961163026508747
-0.019783583023435
-0.007991452169785099
-0.00569363588422192
-0.009429250877277445
-0.008995193600495326
-0.011213669062908015
-0.0073068340050123125
-0.007548315002406596
-0.0032969844081107338
-0.000671736879421941
0.0034847139767742222
0.0007563268883056157
-0.00020110848585044213
0.006424945706531943
0.003413358390728349
0.0036141278620356624
0.0054784534439302115
0.00791446583474953
0.0075388828577301415
0.018409469693319584
0.01268738145461562
0.014603581742842858
0.012057943527403485
0.01498184216773718
0.013066666917214887
0.011132751818101817
0.016313385770461764
0.018615970483018517
0.01498560824325185
0.01895436303603192
0.018837518583463074
0.025435363273673413
0.014844296939336744
0.023304184853575147
0.027183416632311885
0.017766269725765418
0.024535215335423074
0.02304247535976448
0.021787815882257672
0.022254426375371953
0.02830378355567216
0.017063444346680574
0.02189532985332703
0.023572997946835015
0.026649676724735193
0.026989863886718136
0.02811153479257239
0.023658372134423684
0.023462219852758433
0.019695867552283645
0.02342923340196871
0.02097980343517535
0.01850233886063587
0.024573515713233397
0.018285766653316306
0.019802207705084392
0.02661411842011016
0.024627653887413087
0.021253702045062713
0.029408593484747562
0.02662787109794962
0.027902145191545137
0.022531267316235715
0.028071343293901076
0.017575494692247475
0.022421228181128256
0.014906676455973617
0.020424593435249022
0.020774202574762847
0.025224197972359873
0.017961898611500226
0.020215802309636193
0.028981005831959273
0.023806343884308225
0.01666361231460331
0.025748827290421616
0.0200143170965117
0.02572183768473171
0.021133603257417078
0.01632355033792573
0.018801491117492394
0.020503145120545907
0.02073544136475011
0.03096728208375357
0.01973519307664791
0.01995645541330438
0.024733165618779224
0.021432527471601057
0.01508225517068168
0.020202315130154472
0.024119480796988335
0.023216246384351043
0.02023053192704256
0.01862762416514028
0.019053428283924936
-1.0
0.016051356261964373
0.020656651977138035
0.01996315510711072
0.017828949041242756
0.021887031858717956
0.025030542302900877
0.022604778258729044
-1.0
0.021782848081507912
0.017560568211183434
0.023985706398096926
0.020014089187089856
0.027712067351473968
0.028355105450067582
0.02826496733159767
0.01917116519254836
-1.0
0.02406359148684582
0.02186292453358699
0.02412308060310183
0.02025617203593712
0.023214640602523158
0.028011256568452315
0.027967879996827087
0.02421337786775569
0.018038288453268117
0.023923729111226876
0.028578291712824812
0.022339822267951077
0.023133380495382137
0.025753290547164305
0.025693809552255507
0.025352950187465022
0.023937446012787744
0.023062394964175705
0.026979272163165213
0.028291205867189508
0.029045465173562636
0.02986687252849389
0.033397234524461285
0.02410179460849213
0.02140435238896525
0.018871763523405017
0.03182132524343714
0.024544042905869274
0.02500456431710649
0.019981711625066588
0.023280704105067516
0.02173343112259434
0.01828991440174954
0.025580404795066552
0.023195196297626713
0.01675026482048546
0.029756237973660424
0.030481341175602195
0.022756178086813114
0.015672420990067968
0.017525506924784117
0.017703389563520404
0.021368965246374237
0.020639125352552204
0.013907336385975176
0.0254644894800366
0.02020951263759716
0.01663001600394615
0.01673696628040944
0.017765794606781845
0.013948786002301249
0.023792521427472804
0.01954931529016476
0.01819708801361794
0.018123638261944557
-1.0
0.020158821996891608
0.02264618321161228
0.013091388328866827
0.02066115378102177
0.018550287696883074
0.017279105828942636
0.016654616560004113
0.017939406239620138
0.016334094791630213
0.016229626697717922
0.019617119253578067
0.01577597013759491
0.021040513688384572
0.014437298726689207
0.02131137684819244
0.02178838995867506
0.015813672831219067
0.02861702019771749
0.02000500819824991
0.02115896909581878
0.021668772844112696
0.01718914361329509
0.019142938021806343
0.021258576414163483
0.027872176360426448
0.016257622597610315
0.013190915600479738
0.018451485730490404
0.023293723103567726
0.022048477885661253
0.032164372472795064
0.019173432949437304
0.02043959949994613
0.023142980816237807
0.018880713090788124
0.022433899461539078
0.026528510981894102
0.024651785752760218
0.028184341658679363
0.020113250113454727
0.02343721060092043
0.01834721394099886
0.027188772577976767
0.026180382489304634
0.017421596606856552
0.018781132742023664
-1.0
0.01816347631475926
0.023280842986407726
0.025293135827587958
0.019767577065216466
0.020545017494119373
0.022781271016843557
0.021922050702950793
0.021317476267431898
0.025136002326716977
0.02277380244689618
0.022408719668251687
0.017070939025522355
0.028804689948069433
0.028947650938008017
0.027206868784311597
0.02370048810290926
0.030925931710790288
0.03105526482025003
0.024747099615337602
0.020346604383396923
0.03643278056907761
0.02022650483635598
0.020593954574113293
0.03467923943543289
0.024390793881251524
0.022796678928752374
0.024396532825507074
0.026710241827556377
0.023467357945145415
0.012050366828491862
0.012140473060396971
0.0031552681212561155
-0.006213224165746359
-0.006078901803102567
-0.004058860866785611
-0.0016338532232876937
-0.001140429724425551
0.0020442602769482144
0.012968857885397702
0.014323374971162624
0.014049332072874792
0.017577935086553198
0.018067384448527218
0.006793814655938959
0.009629243393369447
0.004691436608982981
0.01322377820596938
0.012258533183788022
0.009505923505094896
0.009309503507620366
0.006973299923374269
0.01617555991803089
0.0050317354309845725
0.007132401726080228
0.007387760539030933
0.007039919507108348
0.008295449872882962
0.010632738331686722
-0.001460282875255416
0.0058209935399708215
-0.006481238554213239
-0.0032020811628810136
-0.002985684303453974
-0.0022752751405347616
0.0013577943215847719
0.00041730791152384236
-0.00020629601751054132
-0.0008712404377353107
-0.0004308474579002083
-0.002203733434709513
-0.009751152317478144
-0.004483524287305259
-0.003332625408481593
-0.005642268780445876
-0.009161837728837354
-0.005761678235129564
-0.004418271078699013
-0.009894220410069675
-0.00746297366737612
-0.0062826114395233956
-0.005187911045646413
-0.0043894569194384055
-0.005326395287142407
-0.00832425736595376
-0.0013622922064974502
-0.004773285155048429
-0.012627280053390172
-0.014599001157496046
-0.013644489761213723
-0.019589712240562784
-0.016548404548282377
-0.016964769403500286
-1.0
-0.013345487716317397
-1.0
-0.007988655723752137
-1.0
0.0017557757366240985
-0.0012197749745952806
0.00907290400699467
0.006766387778255025
0.01710012713294434
0.01638955962888914
0.016262497532013153
0.009280821309246689
0.017061422784017906
0.013948108024890046
0.01829286220165821
0.01402500824879643
0.007628382071574303
0.013884359036293223
0.015055239298578656
0.01654779330827861
0.024712606380421148
0.015778368709367878
0.02998134696680423
0.02649092757162113
0.02222371391914055
0.02250184926714154
0.018087462322151124
0.01908324495676644
0.02205044077138277
0.020613739859055926
0.02791795381091677
0.027164354489775416
0.022240886108998433
0.01583457771487417
0.014616399853487306
0.009124454068240652
0.012174725100874972
0.009205723694809854
0.006290088736357134
0.010232858319164529
0.002742109481338872
0.00010190364019177323
0.009897445452914589
0.011749014573332816
0.0008689450890592774
0.0059427322009022255
0.004713610420286578
0.008072518081191641
0.007979373668935167
0.006534477279845424
0.009363350499683808
0.009014320473616479
0.0131891608110312
0.013327345527275672
-1.0
0.012701771705748715
0.014624855379355373
0.022118236448964358
0.01673353508815769
0.023209306933869005
0.01935961704937102
0.01857246085749589
0.02512937073941144
0.013228933774701515
0.015275784095276294
0.016734663060256283
0.01552334426366756
0.01752720289969414
0.007246304315649644
0.006365801526125051
0.009435002670216875
0.006737788570359454
0.008940069190234368
0.006267018257976135
0.0073485237039033705
0.01118887265151288
0.006632594237068887
0.012690861118053351
0.011962350306295362
0.006924091032050264
0.004520361876737049
0.0033183188205652965
-1.0
0.00028420587822630564
0.0018604341250264736
0.003319836652575798
0.009590498709005066
0.00231015336971134
0.00952819715997176
0.006025280674373462
0.010972599188580758
0.007185038114976552
0.00860186494425696
0.011197241485679688
0.009566213451330333
0.012166765648035264
0.014888813329046742
0.01754933049315681
0.015181518864220634
0.016682714779212533
0.01780897443330952
0.020552450699900266
0.02045321911567309
0.017347595085843995
0.01281105066378097
0.01739195070440884
0.013121829346351364
0.02014724084532852
0.025720754945125053
0.02181544849282225
0.022026777327219443
0.020853445590501396
0.017489635422623724
0.01734659338262232
0.015463679215512009
0.02112079195244334
0.022234910117051247
0.024154135828640247
0.017534340974002274
0.013768378639968612
0.017277842675538353
0.02646869802067841
0.017898012333536828
0.025308032544862077
0.019539102882126923
0.023468161922770826
0.020809201488659716
0.0273854345941826
0.030484228874599402
0.028048467795840044
0.023713153091638788
0.02188131701546332
0.02268609332657971
0.02561156061931029
0.025832776257564825
0.030399920156957506
0.02283892764684184
0.037553236353191306
0.01628781501305867
0.018088861906585634
0.02218936908287218
0.025876956485627267
0.017061777511617287
0.027495397246503607
0.02186586362752853
0.01882480876146614
0.023964708049445917
0.0310605174583102
0.0338876107481213
0.03028057896694127
0.020317499902882823
0.024266920884246507
0.020012688167438536
0.027104522834166977
0.030102401000197936
0.023132504332780326
0.021438196839568442
0.016767891028276853
0.012801204965773399
0.008616710680559218
0.00798661473501319
0.00841203751139574
0.007631035698000623
0.009669171450462182
0.003177472504509299
0.007184915597898424
0.008137625639819662
0.0007954883641215159
0.0034469885260517154
0.0025205902617994823
0.000143492860479754
0.00359101970815461
0.01023474781996096
0.01571655540109582
0.009721974430184627
0.0029842300525841315
0.010432640574361286
0.015464857513788543
0.02157221756289575
0.01632267955675628
0.023249111379582358
0.014753511423098602
0.017839276263264436
0.016881824346663896
0.026250034743729927
0.020849222452835697
0.021576615810958853
0.018780656397006813
0.025722317164014682
0.01048879963221968
0.006396809732798789
-0.0047739082669276765
-0.008202593660755214
-0.012919903488894978
-0.00955537718869638
-0.006634733772478128
-0.0038105005892575252
-0.003092068618267742
-0.007573329891371523
0.0005359285033295272
-0.00467570270247259
-0.004066415907011642
-0.0013691984614779093
-0.004896238331496253
-0.009300428626994555
-0.008457176018616636
0.004037189906736815
0.004890704398635188
0.0050268241553289355
0.015116814587993866
0.014943059537953371
0.01656024618437605
0.012867397246959858
0.01456829020941082
0.01561117311864566
0.019368709717820447
0.010356200862511527
0.011878505858471835
0.017900189144141057
0.00965568611093391
0.015798043149961683
0.024064939606800676
0.010814147260287477
0.022982325564478573
0.01607231858385144
0.010813369510079298
0.005135926247452688
0.005709887691473313
0.004508839489227963
0.0057756767872448895
0.004783239367221804
0.006537562124986884
0.013653961938272794
0.007799283820269329
0.012066755590950058
0.010146679895660848
0.015300831648626846
0.005052000374611141
0.0010348812103505084
0.0027320648906273026
0.0030043841956358753
0.003992630019323954
0.003088050939247599
0.004190733577258916
0.008715758422949372
0.013267901811731373
0.008077860754908628
0.011196898064921183
0.007208936901119972
0.003298289204485401
0.005738359404381997
0.003693682095539223
0.0091012381573214
0.0034444310733155767
0.0029973075040129024
7.2423395162740675e-06
-0.000798605333737018
0.0030497358870461193
0.00021532601869952324
-3.1767840444297885e-05
0.0040126451160143435
0.004644774814521975
0.006835026681545212
0.005720706127726479
0.004511298206488549
0.010005537670299424
0.0045235933014793036
0.003536394709194064
0.010832565390671515
0.007148895606690018
0.008673768352931759
0.00985934737171369
0.007166265475461639
0.010538606539360947
0.01675017272585617
0.022998046852521877
0.014310201972076489
0.00932027808566436
0.01281713461073451
0.010368017609077636
0.009835140327886223
0.0015780040387699762
0.0029513230128124946
0.005676798096307031
0.011424951127549123
0.006579485156582635
0.005019267311252787
0.007353535969759333
0.0013277684606051192
-0.002882566084219989
-0.007020673794692984
-0.014322527454580394
-1.0
-0.014207059095083283
-0.01076511575685768
-0.011495254576152072
-0.012130779003874442
-0.008010985312192463
-0.008223184718280556
-0.009775282462085706
-0.006050130221053919
-0.001402776362926314
0.005715923967328719
0.008122114556249662
0.0044796965225020165
0.00648013835371887
0.01005564912722723
0.0027769665775997853
-0.003653737885224964
-0.004949135518862992
-0.010582233869988675
-0.004385227784307662
-0.0052784905666196456
-1.0
-0.0010549433374520093
-0.0006597645263857308
0.005457312721658436
-0.002797185718893078
0.007078932914137905
0.01899993217598175
0.015282190733887282
0.02136786195412865
0.022735331195305294
0.02478483062163048
0.02742775631665214
0.02419134615998752
0.018882167676987246
0.02887696916807757
0.020763813245403547
0.027461624789651272
0.02838121716319322
0.0389618520820168
0.03893852346581233
0.03908312423630757
0.032843860006122515
0.024756586442268132
0.03654787643689177
0.029108972612922043
0.021788805958636335
0.028040774036376944
0.021463558816125952
0.034063173019616685
0.031852996739292115
0.02744496795618902
0.02973014493499938
0.035860002721160474
0.03454659559619555
0.028627451186881814
0.02565681838035658
0.029067712701088638
0.03210876398705659
0.028067868127802542
0.027544566672669035
0.025619999358359555
0.03266450167876053
0.021891756845413946
0.03506998237330759
0.029829423985606947
0.030753733395908887
0.02559415773280277
0.026499332269652596
0.026674391869892986
0.028130641847889697
0.0268446989225034
0.015441996208558814
0.025133409488430774
0.028994644782374412
0.026325307004803244
0.024108404849629016
0.023395167052496602
0.0301255593501962
0.021078438847041952
0.024316385751018698
0.017560735109939322
0.02144641681529656
0.017131319437475458
0.015255299277085521
0.01961761704780586
0.01753313184366645
0.008816677563096911
0.009070442823942476
0.01714921042898001
0.01764883992448977
0.026107866425267166
0.02472143368927427
0.02512999745070039
0.025074038783536857
0.021731335053530237
0.028551139978513784
0.03989468602471013
0.03731365492349618
0.028294364654579494
0.023336650779457967
0.02681347951210017
0.022287132717021863
0.03342548199489178
0.038070153932646594
0.031540910959012305
0.02963359799973974
0.024771817599446067
0.034332832760914374
0.030855423767780197
0.030867538780712595
0.03170392577116012
0.028222424775143803
0.022289022595078433
0.02825820476487891
0.024158574037084088
0.027769914405635476
0.024319883855026644
0.021796463647721916
0.02426089972398871
0.01743375033249011
0.027613946569593664
0.030089468741995484
0.023510976896280046
0.03564067762927878
0.03926439153705011
0.030523527728055548
0.03440490492969623
0.03311756206072875
0.03250804286929378
0.03105516609608823
0.03402141832456885
0.031435741347986074
0.03532547572017372
0.02378162403575727
0.030575304088769684
0.034814672724750036
0.02664261611396206
0.0330875398554605
-1.0
0.0421102132861502
0.02231373357402548
0.0326179139831645
0.028440252844142325
0.031908808931093186
0.033583652529885745
0.0196822376453068
-1.0
0.03158240755614205
0.0316588406057763
0.03312163728251349
0.03091894094257262
0.042072876205814645
0.0342828231165784
0.02799640835070597
0.0380962966489712
0.025497377338444156
0.039284145434794186
0.027311084770365018
0.03233482956236952
0.02429690858394033
0.028465244983386186
0.029962062205370708
0.025792109513859546
0.02939269795694571
0.032172790201111856
0.036621238441718496
0.028071216160962493
0.030963108915678866
0.02710749512493238
0.03371461748754231
0.03507547702838909
0.030782418945079184
0.024995798405457827
0.029990822246425252
0.032702702962549436
0.0280795634588114
0.028516750605977345
0.024645886588007336
0.02675833174356011
0.030112412608200658
0.025095670834343584
0.029946395915603854
0.030495663808005297
0.030396975654938724
0.03647286779645928
0.026601649756341078
0.02447525657829379
0.024932066944477426
0.028234652081960097
0.03926760014606193
0.03518052999006789
0.04104893220887803
0.03986957844603701
0.03168670925132883
0.03911103807589983
0.026577732703076146
0.03811561762753795
0.043326186790318987
0.045688974990631376
0.03828052792179694
0.03717088682068546
0.0406642485091147
0.039053092130602214
0.03809231054849794
0.04287510335285547
0.028137301950927604
0.025182997546000174
0.023202915017964856
0.023731978972328687
0.024425682815640056
0.026832405204247466
0.015709036119534902
0.012112696635171904
0.0020068729217307185
0.0031527122931078707
0.01080287030437976
0.012720456940203162
0.010600865780454626
0.011223108900645979
0.006944987866681111
0.00771316369413184
0.0034059565569719147
0.00855480791113792
0.004801944529085788
0.009469200638487541
0.007352089645790062
0.017300933662111637
0.018900347509506612
0.012624681668351137
0.00952519655105084
0.001375521334361228
0.00127963549115478
-0.008082967436857137
-0.006051293971622485
-1.0
-0.00685881325972559
-1.0
-1.0
0.009483859323620678
0.01845947012819824
0.010914115656988937
0.014764200816082708
0.026630564865253382
0.021958597036520044
0.028072154090352863
0.02096728745868189
0.022501697635511495
0.01638475852515699
0.016959817724286345
0.024304633155816577
0.02350913841340262
0.021850465239211667
0.03252818134240509
0.029057103263622774
0.027297804470447443
0.025935561298425145
0.03105597460674989
0.031082771358201335
0.03243664742594086
0.019426477925945738
0.02070440110700053
0.020450394359027988
0.029893707553432666
0.02224031644020701
0.019388827056786215
0.02423759259912028
0.013164612090821362
0.01958307817981534
0.017644034075550496
0.023438636004691295
0.02385157429170897
0.020602028127323233
0.023245983052896477
0.023996460851468015
0.021088944975736153
0.02842216710171321
0.029334136217712123
0.028864031013065
0.02018562422545969
0.02822263806565692
0.024711711119686498
0.02246594324202559
0.01805435864827429
0.016260273251198495
0.026892583776394148
0.016740935331133272
0.017712416761722496
0.004829566918471026
0.009499724996072063
0.005929651378527532
0.010421767596172386
0.00510132454531826
0.004377596407412471
0.004634427123309467
0.011709826151614146
0.009864390207999766
0.011625111346754625
0.010355696591072824
0.00654674710871705
0.008689117219263217
0.0035951453224306513
0.010323812788975659
0.007845977368085543
0.007634766673589592
0.016842955696148233
0.02037949827205022
0.02296745630816646
0.02397382371856559
0.017722179450743114
0.022358741927941725
0.020442949493387187
0.02833270596784651
0.02696469014188942
0.027237022149211483
0.034440567746979386
0.020329903574824747
0.025816752006836183
0.0157153170696076
0.020062841451805848
0.028562737901587754
0.026452011791652928
0.024853139647301434
0.01839004764799396
0.026267778743766443
0.021745010555925384
0.03220221675960853
0.03350859127068472
0.02309706437326551
0.026501342271347855
0.032820361137654984
0.02938964075881885
0.03118989802117514
0.030074350266121996
0.03085065811906382
0.030395336362340944
0.03252282806464019
0.02898562190103197
0.03590193240930935
0.02496632026605432
0.024229347815424792
0.033769303441117636
0.03857690141870857
0.032150346867241913
0.0302061367771352
0.035884832142018555
0.0277126550585001
0.03188175313525055
0.03043018096322128
0.038224692950765866
0.03223746404861431
0.03037641981363574
0.03064978308490218
0.024970408090829236
0.027741660934332106
0.02921259044496777
0.02784714803989342
0.027807809045500283
0.025006341013422036
0.02670920843821995
0.03333805158582701
0.030908070985399258
0.029063914106895836
0.030792965895431
0.026673151031755188
0.028167300951063626
0.03194252795233927
0.026506431422167475
0.02345019514839454
0.036810166503455505
0.028841319086196863
0.025594098111264233
0.025989987028763314
0.03371526687702075
0.02668374077741888
0.028360911572971437
0.024626697699803426
0.029422676264498192
0.026792467746143314
0.016832420830229615
0.023507852437037798
0.019319748178583337
0.01308803991314715
0.014806244290141534
0.01534662166915666
0.019847159272220485
0.01763283564206726
0.008942958947488781
0.012574914630825471
0.016987282277792747
0.01437136263042199
0.01790372061172185
0.014220288553997887
0.02476061748609809
0.022541824323278684
0.022669612268138562
0.017371340117683286
0.01731126467988914
0.02010202922019323
0.014446637892667275
0.011045464862156094
0.013789757625044809
0.013824773914800923
0.02203006159021018
0.019736080561106505
0.024475118657346934
0.02246401269145341
0.01795153587118992
0.022522238097872536
0.03370539176745434
0.03176633635339836
0.03265267286144242
0.029991350689136064
0.0380037987960353
0.03297824334604306
0.035045489184553864
0.03564422993317492
0.030347944650268962
0.041472629203086954
0.03331654879440768
0.03912385621391152
0.03728272168280812
0.035495338470449125
0.02277591849989391
0.040224786856253164
0.0337897219353788
0.03762477476423928
0.03590617100754557
0.04338110683583074
0.03413872746068564
0.04490030775121436
0.026306376242012663
0.01576596778288469
0.011873817368399951
0.010912333038343625
0.01705325101885435
0.01200675422861946
0.015581657855869895
0.009380940458426636
0.011716976519489474
0.01965985893970243
0.01608098126594267
0.02106958099945855
0.015628244032009755
0.015625329778841
0.017870534150800716
0.023751844846139077
0.028104788748532592
0.02501930812942328
0.027588300538783236
0.028574833938520137
0.0194703000134673
0.024754350825548666
0.028319809927011632
0.02583748805702389
0.02049935957734402
0.005124440707248619
-0.0043776837313548225
-0.012551731672842478
-0.014632530794384518
-0.010943090064306417
-0.017206050206833887
-0.010996045425213447
-1.0
-0.01844560723254629
-0.013673180135384455
-1.0
-0.019148535477656138
-0.022120473432268972
-0.018023609502578922
-0.019353632382047528
-0.018134343581073912
-0.01558039737550265
-0.01717585282476709
-1.0
-0.021949372224084652
-0.018321447558811335
-0.021982095936029636
-1.0
-1.0
-1.0
-0.01767525317941584
-0.01675361105018212
-0.01690264796058617
-0.018268968828522518
-0.014258519787984848
-0.02110692372493434
-0.025253452082928
-0.021589285613382334
-0.025550564310322006
-0.02517331102772847
-0.02335429768721464
-0.02116552237110501
-0.022489480239083304
-0.0249478341246285
-0.02410071837481578
-0.020812441121477645
-0.022326563041048898
-0.02351412980201973
-0.02251060595408653
-0.023684192069670984
-0.024023353499031733
-0.02238672340671918
-0.029538331770816172
-0.028421476063746582
-0.029298829965588767
-0.02247234429710728
-0.023000150960631346
-0.020185228237755422
-0.027417628844896545
-0.026924001199893886
-0.024402055421588405
-1.0
-0.024687530520284707
-0.022709308604895638
-1.0
-1.0
-0.027299039412858293
-0.018079251328253262
-1.0
-0.018611008754085473
-1.0
-1.0
-1.0
-1.0
-0.022295980600012484
-0.024264192111551574
-0.021105243344639684
-0.01979077638864211
-0.02330019518588493
-0.020625649193641214
-0.017453657264708444
-0.02065192445239961
-0.016129722531496065
-0.020666905779552484
-0.01697888772822588
-1.0
-0.020410987123589314
-1.0
-1.0
-1.0
-1.0
-0.02176800200597003
-0.02264734798998946
-0.022509424431854618
-0.015205626914471424
-0.014228724906740552
-0.02488407803214556
-0.019144900151981954
-0.02186615432395377
-0.025218562091029392
-0.020834234439425062
-0.0247088684451337
-0.02228053677632214
-0.019877550667926222
-0.013745801224840322
-0.022122905864988624
-0.024597557082922678
-0.026591110244004276
-0.021184093638816296
-0.017649754784305447
-1.0
-0.02246953443480421
-1.0
-0.023646152600426917
-0.02339485932092307
-1.0
-1.0
-1.0
-1.0
-1.0
-0.027473878218792384
-0.016215608230670805
-1.0
-1.0
-0.024013038287013327
-0.026522817466610137
-0.023433084196446925
-0.027647438259008693
-0.023605511172974766
-0.023821879010750786
-0.027142475922448502
-0.024320306740849805
-0.02334103333453158
-0.02766660308602629
-0.026008099490359107
-0.02126574567318126
-0.028226646449761025
-0.030960033728829356
-0.02332254069982792
-0.027289295869939136
-0.02271397448725073
-0.022745657923131917
-0.022570826634809325
-0.021349111127709108
-0.01880427918823968
-0.0217592476197398
-0.022190612013213356
-0.01858183709921403
-0.028502807943754805
-0.024861089868814724
-0.028759638842198437
-0.02606968758635062
-0.023239518927206566
-0.017909998956936977
-0.02173109790693599
-0.018516241934877706
-0.017614093316258767
-0.018175810657900863
-0.01901169429873898
-0.01632422710875643
-0.017885595860140713
-0.017750838542934994
-0.02310716717705406
-0.023045140797185424
-0.021399034178510166
-0.01966992749135277
-0.01637180876411185
-0.02159748776751745
-0.02426168956980286
-0.02765589562094592
-0.02963687654304698
-0.019051042580107
-0.02882462369165577
-0.021003085063473176
-0.02484824560766553
-0.02450657026389102
-0.015177630242436152
-0.02054743665984691
-0.023834645367101982
-0.022385643280968082
-0.02356244752514386
-0.02275257123909329
-0.02377619749467536
-0.022924043149909114
-0.029486632535605302
-0.026342742409672167
-0.01903395639925684
-0.024327826235646013
-0.025709447686169676
-1.0
-0.02059155543312851
-0.021421723296127036
-0.01981402830033621
-0.016880180885509605
-0.01702113390159461
-0.01992268145256626
-0.02094527723983259
-0.02251361863062522
-0.021596701457302973
-0.020874430472080405
-0.023017442968314733
-0.021484183801280147
-1.0
-0.017304593788025263
-0.025084983897508135
-0.022746668370781393
-1.0
-1.0
-1.0
-0.021661471978927926
-0.01878918675938111
-1.0
-0.014214250428265353
-0.021267008332390643
-0.021312758715943427
-0.01909619626513675
-0.017097304039914194
-0.014162905343612699
-0.015376839356089777
-0.013906436876743094
-1.0
-0.01571914715444641
-0.014838795513041734
-0.012643175865119234
-0.010278693858754741
-0.011833103139831587
-0.014136452752189162
-0.011153886216737699
-1.0
-1.0
-1.0
-0.009094013310239346
-0.013898205812914273
-0.017397282594770073
-0.010942671000032394
-0.01000489833386174
-0.0064036676304935125
-1.0
-1.0
-1.0
-1.0
-1.0
-1.0
-1.0
-1.0
-1.0
-1.0
-1.0
-1.0
-1.0
-1.0
-1.0
-1.0
-1.0
-1.0
-1.0
-1.0
-1.0
-1.0
-1.0
-1.0
-1.0
-1.0
-1.0
-1.0
-1.0
-1.0
-1.0
-1.0
-1.0
-1.0
-1.0
-1.0
-1.0
-1.0
-1.0
-1.0
-1.0
-1.0
-1.0
-1.0
-1.0
-1.0
-1.0
-1.0
-1.0
-1.0
-1.0
-1.0
-1.0
-1.0
-1.0
-1.0
-1.0
-1.0
-1.0
-1.0
-1.0
-1.0
-1.0
-1.0
-1.0
-1.0
-1.0
-1.0
-1.0
-1.0
-1.0
-1.0
-1.0
-1.0
-1.0
-1.0
-1.0
-1.0
-1.0
-1.0
-1.0
-1.0
-1.0
-1.0
-1.0
-1.0
-1.0
-1.0
-1.0
-1.0
-1.0
-1.0
-1.0
-1.0
-1.0
-1.0
-1.0
-1.0
-1.0
-1.0
-1.0
-1.0
-1.0
-1.0
-1.0
-1.0
-1.0
-1.0
-1.0
-1.0
-1.0
-1.0
-1.0
-1.0
-1.0
-1.0
-1.0
-1.0
-1.0
-1.0
-1.0
-1.0
-1.0
-1.0
-1.0
-1.0
-1.0
-1.0
-1.0
-1.0
-1.0
-1.0
-1.0
-1.0
-1.0
-1.0
-1.0
-1.0
-1.0
-1.0
-1.0
-1.0
-1.0
-1.0
-1.0
-1.0
-1.0
-1.0
-1.0
-1.0
-1.0
-1.0
-1.0
-1.0
-1.0
-1.0
-1.0
-1.0
-1.0
-1.0
-1.0
-1.0
-1.0
-1.0
-1.0
-1.0
-1.0
-1.0
-1.0
-1.0
-1.0
-1.0
-1.0
-1.0
-1.0
-1.0
-1.0
-1.0
-1.0
-1.0
-1.0
-1.0
-1.0
-1.0
-1.0
-1.0
-1.0
-1.0
-1.0
-1.0
-1.0
-1.0
-1.0
-1.0
-1.0
-1.0
-1.0
-1.0
-1.0
-1.0
-1.0
-1.0
-1.0
-1.0
-1.0
-1.0
-1.0
-1.0
-1.0
-1.0
-1.0
-1.0
-1.0
-1.0
-1.0
-1.0
-1.0
-1.0
-1.0
-1.0
-1.0
-1.0
-1.0
-1.0
-1.0
-1.0
-1.0
-1.0
-1.0
-1.0
-1.0
-1.0
-1.0
-1.0
-1.0
-1.0
-1.0
-1.0
-1.0
-1.0
-1.0
-1.0
-1.0
-1.0
-1.0
-1.0
-1.0
-1.0
-1.0
-1.0
-1.0
-1.0
-1.0
-1.0
-1.0
-1.0
-1.0
-1.0
-1.0
-1.0
-1.0
-1.0
-1.0
-1.0
-1.0
-1.0
-1.0
-1.0
-1.0
-1.0
-1.0
-1.0
-1.0
-1.0
-1.0
-1.0
-1.0
-1.0
-1.0
-1.0
-1.0
-1.0
-1.0
-1.0
-1.0
-1.0
-1.0
-1.0
-1.0
-1.0
-1.0
-1.0
-1.0
-1.0
-1.0
-1.0
-1.0
-1.0
-1.0
-1.0
-1.0
-1.0
-1.0
-1.0
-1.0
-1.0
-1.0
-1.0
-1.0
-1.0
-1.0
-1.0
-1.0
-1.0
-1.0
-1.0
-1.0
-1.0
-1.0
-1.0
-1.0
-1.0
-1.0
-1.0
-1.0
-1.0
-1.0
-1.0
-1.0
-1.0
-1.0
-1.0
-1.0
-1.0
-1.0
-1.0
-1.0
-1.0
-1.0
-1.0
-1.0
-1.0
-1.0
-1.0
-1.0
-1.0
-1.0
-1.0
-1.0
-1.0
-1.0
-1.0
-1.0
-1.0
-1.0
-1.0
-1.0
-1.0
-1.0
-1.0
-1.0
-1.0
-1.0
-1.0
-1.0
-1.0
-1.0
-1.0
-1.0
-1.0
-1.0
-1.0
-1.0
-1.0
-1.0
-1.0
-1.0
-1.0
-1.0
-1.0
-1.0
-1.0
-1.0
-1.0
-1.0
-1.0
-1.0
-1.0
-1.0
-1.0
-1.0
-1.0
-1.0
-1.0
-1.0
-1.0
-1.0
-1.0
-1.0
-1.0
-1.0
-1.0
-1.0
-1.0
-1.0
-1.0
-1.0
-1.0
-1.0
-1.0
-1.0
-1.0
-1.0
-1.0
-1.0
-1.0
-1.0
-1.0
-1.0
-1.0
-1.0
-1.0
-1.0
-1.0
-1.0
-1.0
-1.0
-1.0
-1.0
-1.0
-1.0
-1.0
-1.0
-1.0
-1.0
-1.0
-1.0
-1.0
-1.0
-1.0
-1.0
-1.0
-1.0
-1.0
-1.0
-1.0
-1.0
-1.0
-1.0
-1.0
-1.0
-1.0
-1.0
-1.0
-1.0
-1.0
-1.0
-1.0
-1.0
-1.0
-1.0
-1.0
-1.0
-1.0
-1.0
-1.0
-1.0
-1.0
-1.0
-1.0
-1.0
-1.0
-1.0
-1.0
-1.0
-1.0
-1.0
-1.0
-1.0
-1.0
-1.0
-1.0
-1.0
-1.0
-1.0
-1.0
-1.0
-1.0
-1.0
-1.0
-1.0
-1.0
-1.0
-1.0
-1.0
-1.0
-1.0
-1.0
-1.0
-1.0
-1.0
-1.0
-1.0
-1.0
-1.0
-1.0
-1.0
-1.0
-1.0
-1.0
-1.0
-1.0
-1.0
-1.0
-1.0
-1.0
-1.0
-1.0
-1.0
-1.0
-1.0
-1.0
-1.0
-1.0
-1.0
-1.0
-1.0
-1.0
-1.0
-1.0
-1.0
-1.0
-1.0
-1.0
-1.0
-1.0
-1.0
-1.0
-1.0
-1.0
-1.0
-1.0
-1.0
-1.0
-1.0
-1.0
-1.0
-1.0
-1.0
-1.0
-1.0
-1.0
-1.0
-1.0
-1.0
-1.0
-1.0
-1.0
-1.0
-1.0
-1.0
-1.0
-1.0
-1.0
-1.0
-1.0
-1.0
-1.0
-1.0
-1.0
-1.0
-1.0
-1.0
-1.0
-1.0
-1.0
-1.0
-1.0
-1.0
-1.0
-1.0
-1.0
-1.0
-1.0
-1.0
-1.0
-1.0
-1.0
-1.0
-1.0
-1.0
-1.0
-1.0
-1.0
-1.0
-1.0
-1.0
-1.0
-1.0
-1.0
-1.0
-1.0
-1.0
-1.0
-1.0
-1.0
-1.0
-1.0
-1.0
-1.0
-1.0
-1.0
-1.0
-1.0
-1.0
-1.0
-1.0
-1.0
-1.0
-1.0
-1.0
-1.0
-1.0
-1.0
-1.0
-1.0
-1.0
-1.0
-1.0
-1.0
-1.0
-1.0
-1.0
-1.0
-1.0
-1.0
-1.0
-1.0
-1.0
-1.0
-1.0
-1.0
-1.0
-1.0
-1.0
-1.0
-1.0
-1.0
-1.0
-1.0
-1.0
-1.0
-1.0
-1.0
-1.0
-1.0
-1.0
-1.0
-1.0
-1.0
-1.0
-1.0
-1.0
-1.0
-1.0
-1.0
-1.0
-1.0
-1.0
-1.0
-1.0
-1.0
-1.0
-1.0
-1.0
-1.0
-1.0
-1.0
-1.0
-1.0
-1.0
-1.0
-1.0
-1.0
-1.0
-1.0
-1.0
-1.0
-1.0
-1.0
-1.0
-1.0
-1.0
-1.0
-1.0
-1.0
-1.0
-1.0
-1.0
-1.0
-1.0
-1.0
-1.0
-1.0
-1.0
-1.0
-1.0
-1.0
-1.0
-1.0
-1.0
-1.0
-1.0
-1.0
-1.0
-1.0
-1.0
-1.0
-1.0
-1.0
-1.0
-1.0
-1.0
-1.0
-1.0
-1.0
-1.0
-1.0
-1.0
-1.0
-1.0
-1.0
-1.0
-1.0
-1.0
-1.0
-1.0
-1.0
-1.0
-1.0
-1.0
-1.0
-1.0
-1.0
-1.0
-1.0
-1.0
-1.0
-1.0
-1.0
-1.0
-1.0
-1.0
-1.0
-1.0
-1.0
-1.0
-1.0
-1.0
-1.0
-1.0
-1.0
-1.0
-1.0
-1.0
-1.0
-1.0
-1.0
-1.0
-1.0
-1.0
-1.0
-1.0
-1.0
-1.0
-1.0
-1.0
-1.0
-1.0
-1.0
-1.0
-1.0
-1.0
-1.0
-1.0
-1.0
-1.0
-1.0
-1.0
-1.0
-1.0
-1.0
-1.0
-1.0
-1.0
-1.0
-1.0
-1.0
-1.0
-1.0
-1.0
-1.0
-1.0
-1.0
-1.0
-1.0
-1.0
-1.0
-1.0
-1.0
-1.0
-1.0
-1.0
-1.0
-1.0
-1.0
-1.0
-1.0
-1.0
-1.0
-1.0
-1.0
-1.0
-1.0
-1.0
-1.0
-1.0
-1.0
-1.0
-1.0
-1.0
-1.0
-1.0
-1.0
-1.0
-1.0
-1.0
-1.0
-1.0
-1.0
-1.0
-1.0
-1.0
-1.0
-1.0
-1.0
-1.0
-1.0
-1.0
-1.0
-1.0
-1.0
-1.0
-1.0
-1.0
-1.0
-1.0
-1.0
-1.0
-1.0
-1.0
-1.0
-1.0
-1.0
-1.0
-1.0
-1.0
-1.0
-1.0
-1.0
-1.0
-1.0
-1.0
-1.0
-1.0
-1.0
-1.0
-1.0
-1.0
-1.0
-1.0
-1.0
-1.0
-1.0
-1.0
-1.0
-1.0
-1.0
-1.0
-1.0
-1.0
-1.0
-1.0
-1.0
-1.0
-1.0
-1.0
-1.0
-1.0
-1.0
-1.0
-1.0
-1.0
-1.0
-1.0
-1.0
-1.0
-1.0
-1.0
-1.0
-1.0
-1.0
-1.0
-1.0
-1.0
-1.0
-1.0
-1.0
-1.0
-1.0
-1.0
-1.0
-1.0
-1.0
-1.0
-1.0
-1.0
-1.0
-1.0
-1.0
-1.0
-1.0
-1.0
-1.0
-1.0
-1.0
-1.0
-1.0
-1.0
-1.0
-1.0
-1.0
-1.0
-1.0
-1.0
-1.0
-1.0
-1.0
-1.0
-1.0
-1.0
-1.0
-1.0
-1.0
-1.0
-1.0
-1.0
-1.0
-1.0
-1.0
-1.0
-1.0
-1.0
-1.0
-1.0
-1.0
-1.0
-1.0
-1.0
-1.0
-1.0
-1.0
-1.0
-1.0
-1.0
-1.0
-1.0
-1.0
-1.0
-1.0
-1.0
-1.0
-1.0
-1.0
-1.0
-1.0
-1.0
-1.0
-1.0
-1.0
-1.0
-1.0
-1.0
-1.0
-1.0
-1.0
-1.0
-1.0
-1.0
-1.0
-1.0
-1.0
-1.0
-1.0
-1.0
-1.0
-1.0
-1.0
-1.0
-1.0
-1.0
-1.0
-1.0
-1.0
-1.0
-1.0
-1.0
-1.0
-1.0
-1.0
-1.0
-1.0
-1.0
-1.0
-1.0
-1.0
-1.0
-1.0
-1.0
-1.0
-1.0
-1.0
-1.0
-1.0
-1.0
-1.0
-1.0
-1.0
-1.0
-1.0
-1.0
-1.0
-1.0
-1.0
-1.0
-1.0
-1.0
-1.0
-1.0
-1.0
-1.0
-1.0
-1.0
-1.0
-1.0
-1.0
-1.0
-1.0
-1.0
-1.0
-1.0
-1.0
-1.0
-1.0
-1.0
-1.0
-1.0
-1.0
-1.0
-1.0
-1.0
-1.0
-1.0
-1.0
-1.0
-1.0
-1.0
-1.0
-1.0
-1.0
-1.0
-1.0
-1.0
-1.0
-1.0
-1.0
-1.0
-1.0
-1.0
-1.0
-1.0
-1.0
-1.0
-1.0
-1.0
-1.0
-1.0
-1.0
-1.0
-1.0
-1.0
-1.0
-1.0
-1.0
-1.0
-1.0
-1.0
-1.0
-1.0
-1.0
-1.0
-1.0
-1.0
-1.0
-1.0
-1.0
-1.0
-1.0
-1.0
-1.0
-1.0
-1.0
-1.0
-1.0
-1.0
-1.0
-1.0
-1.0
-1.0
-1.0
-1.0
-1.0
-1.0
-1.0
-1.0
-1.0
-1.0
-1.0
-1.0
-1.0
-1.0
-1.0
-1.0
-1.0
-1.0
-1.0
-1.0
-1.0
-1.0
-1.0
-1.0
-1.0
-1.0
-1.0
-1.0
-1.0
-1.0
-1.0
-1.0
-1.0
-1.0
-1.0
-1.0
-1.0
-1.0
-1.0
-1.0
-1.0
-1.0
-1.0
-1.0
-1.0
-1.0
-1.0
-1.0
-1.0
-1.0
-1.0
-1.0
-1.0
-1.0
-1.0
-1.0
-1.0
-1.0
-0.005932678622213106
-1.0
-1.0
-1.0
-1.0
-1.0
-1.0
-1.0
-1.0
-1.0
-1.0
-1.0
-1.0
-1.0
-1.0
-1.0
-1.0
-1.0
-1.0
-1.0
-1.0
-1.0
-1.0
-1.0
-1.0
-1.0
-1.0
-1.0
-1.0
-1.0
-1.0
-1.0
-1.0
-1.0
-1.0
-1.0
-1.0
-1.0
-1.0
-1.0
-1.0
-1.0
-1.0
-1.0
-1.0
-1.0
-1.0
-1.0
-1.0
-1.0
-1.0
-1.0
-1.0
-1.0
-1.0
-1.0
-1.0
-1.0
-1.0
-1.0
-1.0
-1.0
-1.0
-1.0
-1.0
-1.0
-1.0
-1.0
-1.0
-1.0
-1.0
-1.0
-1.0
-1.0
-1.0
-1.0
-1.0
-1.0
-1.0
-1.0
-1.0
-1.0
-1.0
-1.0
-1.0
-1.0
-1.0
-1.0
-1.0
-1.0
-1.0
-1.0
-1.0
-1.0
-1.0
-1.0
-1.0
-1.0
-1.0
-1.0
-1.0
-1.0
-1.0
-1.0
-1.0
0.004536589006750482
0.010257129202369859
0.0038208637435303027
0.006755928749486675
0.009136210569691858
0.006843386022882043
0.003758779777605882
0.00568305677757537
0.004097149225575023
0.009408102636515933
0.00585473778054188
0.006321222572454273
0.002710695015052387
0.007862935194399267
0.004879019382277961
0.006047119175034977
0.008889278620737196
0.0004224644940279681
0.00815583277927037
0.0076326658889304625
0.005066120458046994
0.004397979163601774
0.003229956672826758
-0.0008552098353916528
-0.004568972509345953
-0.011178534825945023
-0.01520486522848081
-0.013395404144134593
-0.015374264561728771
-0.01739761472490132
-0.021384524945389127
-0.013956915649568157
-0.011333399341001658
-0.0073904396034822845
-0.003432073918344644
-0.0009065318438925064
-0.009468400255985398
-0.009742530581529758
-0.004863858620372356
-0.002653793125907542
-0.006752084843634225
-0.0030215945170617713
-0.0022157082114365595
-0.004406862405287464
0.0025687890832596276
-0.0012866326893426164
-0.006544927928343653
-0.0027099613068029362
0.0003589364686399025
-0.005588915588692199
-0.007009442414265572
-0.005783134646776733
-0.007875216696767695
-0.006355204600457896
-0.0041825475192054686
-0.005700981559648124
-0.0005317073543374398
-0.007866064370114062
-0.004703734965371187
-0.011388045614949851
-0.009145397486188324
-0.00946404683454865
-0.015165554429201157
-0.010239766958961928
-0.022464438520890386
-1.0
-0.015830400726055217
-0.017242090915989296
-1.0
-0.008422477084360927
-0.009722567796726256
-0.011201307211787984
-0.010768643741606633
-0.014538055479541123
-0.011073385051623943
-0.016774272024389913
-0.010757196793433357
-0.008113193062055265
-0.005447509937139919
-0.01209588133052756
-0.012932496324184245
-0.002259345604006824
-1.0
-0.0039499824437483145
-0.00470610914019544
-0.005209995278491869
-0.002856875385611127
-0.00401264340441099
0.004273650683838133
0.0015051737196537542
0.009189105347896983
0.008419164575611985
-1.0
0.001470686026206153
0.002614045085288257
0.010933718213192686
0.011197674859581149
0.004773059325920011
0.006055851481904793
0.005465419098491878
0.00559893275371875
0.003626082249177089
0.0043728740643212295
0.004131665038295934
0.010658727616652772
0.0075815226377901395
0.0018374797822261182
0.013653306168221413
0.009591820758129106
0.010095650277708975
0.011284729636538041
0.011523258532982616
0.009003925797322074
0.00475629386100693
0.00589395707973161
0.00566769892232687
0.01041829347545648
0.010521724019348961
0.0016330306422163525
0.01135810216939159
0.0013373546000798344
0.003234413249035788
0.0007257470907950836
-0.005296020603441027
0.001474916240290333
0.002385367929903367
0.001181377366362305
-0.00779870310530588
-0.005072271447678087
-0.0064014541431002495
-0.007722087757554423
-0.015167615271746098
-0.014250423123678689
-1.0
-0.0143993454253751
-0.012724921271104922
-0.008291367427227206
-0.01023949411048136
-0.009442178974134983
-0.008638778967947994
-0.0103018974898179
-0.012018162855980221
-0.013180358233393035
-0.014214519244547797
-0.010594015966706494
-1.0
-0.00667581497699974
-0.005099938647495037
-0.008144885868328932
-0.007285436534529583
-0.00937970604298812
-0.006972490362028291
-0.010404716360391768
-0.012621278210491495
-0.013260501780832622
-0.018603031410329353
-0.014263971144309518
-0.022318734490355492
-0.022644664545693055
-0.019379825482475792
-0.026173332687713307
-0.024609686170783414
-0.021205036077501873
-0.017883630618312368
-0.018671143246422668
-1.0
-1.0
-0.01550735551259054
-0.02387350007604686
-0.0172030263228424
-0.018252825856074312
-0.012043988762550303
-0.008712723820888743
-0.006317065591141675
-0.006583386397887949
-0.005547165500599673
-0.007913726448831896
-0.008258587539168546
-0.008542338975920697
-0.00804210070652758
-0.009937609151404729
-0.011579827887213161
-0.009023219736025965
-0.00955471697204811
-0.008204764110757922
-0.010852944547314437
-0.010500878817978733
-0.016390847133955628
-0.024133218291796345
-0.029359661251742507
-0.03082083127751763
-0.008644568703526897
-0.0010583707067415692
0.001095308938824385
-0.0017211133943370817
0.003947889942536756
0.007749393325706777
0.008212628388594169
0.006752101528863051
0.006532285139689281
0.009685932062901614
0.0038997631778232215
0.009100853504989214
0.007137501462664758
0.0074740876176268775
0.004483424925602059
0.007220105539993944
0.004568714922582494
0.003222012233179576
-0.0010348929588141847
0.0026180327508238616
-0.0006745102150473073
-0.00027207353549001584
0.0019019956768446388
0.00101877382146438
0.004332736790233322
0.007597715793937416
0.000975611693336612
0.0017492598800212694
0.0036411207615883786
0.005715671720305668
0.008341526764169745
0.008432805889545352
0.0021708255853319846
0.00259499450133522
0.010503617217471851
0.009279683287590223
0.0036984208058668112
0.01095117001375212
0.009918059881550959
0.006463871106876551
0.00742512070660426
0.007352642778622474
0.008503882339011254
0.01217867003068722
0.010418469624879896
0.005039424398246789
0.006081579053696105
0.003560143203502345
0.010361079641446995
0.009330786715186057
-0.0014944728694832753
0.00010788255330062852
0.007303912910709837
0.00433158188104285
0.0011173701033181565
0.005039018116431842
0.0035060933665294848
0.004672907976396602
0.0057927735194816775
-0.0009703153684093988
0.009680208728759724
0.004902079478879259
-0.0004118860894274108
-0.003976777891373168
0.0005973898675164127
0.00043889908088493734
0.003972082779299544
0.0016666993907613287
0.0011384482589291548
0.005334093994354601
-0.004399288387391366
-0.00018863541999921706
-0.0010640004774489268
-0.006454502466835876
-0.006341339326515237
-0.004003557592677702
-0.004102958132931245
0.003380206362371987
-0.002551507917586616
0.0004724104750070271
0.002924869646863889
0.002534080376456465
-0.0008107887373489087
0.007592828696138206
0.01252399685203391
0.011698599867548672
0.005233908497675719
0.012392596830022033
0.010832251847715652
0.012264034888607854
0.016311073022189426
0.011762175676276904
0.012573746340099196
0.010195413443198202
0.013381334654703196
0.017217431476314445
0.01274313596346202
0.008037527611477233
0.011062315831535018
0.013764408937406429
0.00889023608897841
0.010952438946658495
0.010123327307894588
0.011275775505520844
0.013875818624505104
0.0080095255844636
0.007164492747621934
0.0045505754939391425
0.0015119419003429867
-0.0009909677006340945
0.007267606626285616
0.0030919201496347327
0.007810059284069642
0.005595073385782045
0.009455456290436322
0.010299767602004328
0.011604300156974624
0.005935193272649244
0.010066707063105607
0.010190688078067858
0.004466896366297801
0.006499318929694724
0.0007862531606422174
0.002856452962952658
0.003123525904598408
0.0010462095952018166
-0.0013195936603269838
0.006489193295699822
-0.009431114065243475
-0.005169841442236637
-0.006040208798833997
-0.01045033187270031
-0.006115522001534299
-0.00791424435745967
-0.012931999141391605
-0.010369688659411914
-0.006191384554859924
-0.005904344027955889
-0.009120456520650261
-0.0052433425918649405
-1.0
-0.00292875139868328
0.0024761100270429674
-0.0050214055752758335
0.003761914140431406
-0.0024462892269240884
0.0026268814760844225
0.005654714058437649
0.00397405520465526
0.005733815667060917
0.0019168143036019318
0.010224734972697866
0.002072802571532568
-0.00389603889812009
-0.0029587817107677122
0.0013257692142587146
-0.0036667859322141597
-0.004547472696787304
-0.002646148666029221
-0.014458185075959716
-0.009748184212115658
-0.010204263690252771
-0.012843147237326057
-0.005624952860575207
-0.009446954811185392
-0.010087478624964036
-0.014023266542657157
-0.01179517391621585
-0.004467801013799663
-0.008835959278538861
-0.008518545251646196
-0.0037153567901838233
-0.004345208593358595
-3.3244896956370795e-07
0.0002279437540528435
-0.005032788325864561
-0.001777125414167326
-0.0004882437420077859
-0.0008222672287836078
-0.002312074512649421
-0.011617493590554567
-0.010359694139040037
-0.011980810255468584
-0.010534549228291406
-0.01773336083439121
-0.02150229739283445
-0.01611443257541929
-0.015783549178031677
-0.022270099299339978
-0.020946647875924238
-0.01938001940314163
-0.022423459506134696
-0.020523053056745164
-0.0161521938711658
-0.013861228690756967
-0.006195547269784494
-0.005738570856132757
-0.0019129039319993168
0.0013337608204827003
0.0021032340395557075
-0.0012214421910086099
0.00489672734842597
-0.004731070236796812
-0.008650753704526273
-0.008785268455746491
-0.0016829215639684461
0.007619075787202037
0.0037919299304107795
0.006528974107077675
0.003006557129198728
0.007986976802429546
0.017749575491117373
0.010178979958518682
0.010385914441594868
0.012672410219630836
0.007575416624568891
0.009610127281069197
0.0030039959258998552
0.007151270797199351
-0.00015045743631736592
0.0064765813794427475
0.01041839589272784
0.002906453803630274
0.004886365887697609
0.005146927384129226
0.005518419643866258
-0.000648568627806883
-0.0044911243418224184
-0.0010643669419255605
0.00042424243147864293
-0.00442093193532943
-0.005306312267277347
-0.00599074884948327
-1.0
-0.006175175293720274
0.00570841354787704
0.0032453780951454715
0.006981328345818028
0.009679631816289188
0.009276759112669517
0.00010221748076632
0.004708004555181483
0.010412913262320593
0.013428268912698622
0.0074728840425255195
0.007856661395639305
0.01431632132099715
0.012412835935545607
0.014524071589429083
0.01095011407311002
0.00435231874119297
0.006283082883852853
0.003838221581187198
0.010611291464231324
0.0032959637840876263
-0.0053990558427458295
-0.0029440975755085103
-0.0008331329655776166
-0.005040209130407087
-0.00957973388916292
-0.0024041606055610104
0.001526609630306289
0.003776675978008269
0.002939843873112937
0.011301677976545221
0.007247485997971047
0.006940004302682892
0.010037320618789886
0.007422747717214498
0.0097970469106262
0.011566754408523342
0.007954416738180614
0.011113946876671913
0.009057202198074321
0.012017922093055897
0.013456916247077894
0.012157693585134475
0.009385127245030635
0.00965026308806494
0.009303630623847533
0.009824997330574585
0.009926052745057142
0.010702488101352308
0.006713859360297895
0.008153461910126326
0.0021598982141204552
0.0077926655854210726
0.014492196205063826
0.010615624093218808
0.0107673849674189
0.008810576900490757
0.006514326180830921
0.009130026889446802
0.01270698475514355
0.012111995986622315
0.007297875363949917
0.007753020016540196
0.0058867140013374375
0.012209026547915041
0.0027000329427169815
0.0021499011811107775
0.001327175636541846
-3.0069999062291053e-05
0.0051360395556448646
0.004004471788447432
0.005872486200828766
0.004890051822125352
-0.0014168739598109663
0.0027774153649367996
0.004897755560816624
0.0031132087766684844
0.003683420626164115
0.00413644096605607
0.004921373032543104
-0.005768168246839454
-0.0028387756069915364
-0.003918967639312994
-0.0038490112119660266
-0.0007985969306219416
0.002997597620798283
0.0033567402660876267
0.00044392998066578206
-0.0033605253977220103
0.0007169040767946081
0.0017513949088450414
0.005344401887760455
0.005697038644581329
0.002068729628201874
-0.002526392571052459
-0.0019606163401972936
-0.002069494360151344
-0.0020912677585029444
-0.01147578273815707
-0.008354560429363472
-0.015021566461991136
-0.006908459667475171
-0.005303526642864176
-0.009714395963029797
-0.009774012763270824
-0.00982417662038891
-0.0036800277664341017
-0.007055605259238165
-0.001943457322055115
-0.00476381433704717
-0.006057765501928103
5.036695078651857e-05
-0.006778326104733956
-0.0009658979976923711
-0.0081276889099236
-1.0
-1.0
0.003984272242037581
0.002717686700756259
-0.0037679437633029765
0.0006128482899531135
0.009291969138599724
-0.0038486458457316097
-0.0012854855851920186
-0.002447119636668713
-0.0041474910522484405
-0.005529974214704284
0.0011607845058818967
0.004369672218240429
-0.004645044357750052
-0.0009649837473700746
-0.0030189041886944327
-0.0087939631942134
-0.004252179781575071
-0.0018956811085016271
0.001814859734054621
-0.007392626100464407
-0.004165712148498349
-0.00911337067679358
-0.00032172351103347844
0.0018140664706182098
-0.0008448633747869159
0.006378070137356471
0.00829805068340382
0.01203627633730786
0.006134014320436823
0.006875613769376586
0.006454226105076014
0.006978360048184376
0.0089662546477532
0.011956567196992311
-0.0014973974487362514
0.007347407379718168
0.01056167293774178
-0.00010897231044570618
0.008048437143075892
-0.0008002677565995133
-1.0
-0.0034754538320981077
-1.0
-0.001943520092937016
-1.0
0.0066629237404605655
-0.003974433631158174
-0.0030919768583787506
-0.002850667081791868
0.0012967272784248
0.008245258814139142
0.012523016425573196
0.0023879610752328725
0.007663263229410393
0.008768150734433072
0.009075472369658624
0.010747792125335252
0.014429890145784129
0.009057597525586348
0.013631875934977002
0.012006594796843621
0.010868974438018927
0.01108407895500598
0.008131045816796975
0.006168816589972063
0.005127099314853307
-0.001930489984071214
-0.005554554652824271
-0.002625698372447373
-0.00910600448118675
-0.00045388388492658365
0.0009945237761445264
0.0007135274072179597
5.026620185730135e-06
-1.0
-1.0
-1.0
-1.0
-0.016776227391040264
-0.010333976758694949
-0.01615910100189283
-0.013594466628116761
-0.0034148028023036907
-0.005192099238945903
-0.011242895644901964
-0.008329078050008024
0.0019989749750496623
-0.008032037389801632
-0.004806626597639894
-0.006962347832309859
-0.017874722885503843
-0.00840501837334545
-0.009414004795278322
-0.014840402140771492
-0.01427963091166735
-0.00804838170583197
-0.008035948662408768
-0.011178922956423627
-0.0046333765962404926
-0.002323152482202781
-0.007248818219059327
-0.008248998836575316
-0.005901746178183538
-0.004552282885954808
-0.0024594286845594266
-0.005905528657714334
0.0009795759741540702
-0.001792950261961747
-0.007293867622968152
-0.009090008156165338
-0.0071923474441596665
-0.017580723963585596
-0.017425990535308043
-0.006362216293805266
-0.010745875905671392
-0.011709634892950944
-0.0036358793900843492
-0.004197773200974106
-0.009750820497198021
-1.0
-1.0
-0.01346499425635723
-0.010181757494204918
-0.009030171119277829
-0.004394491846792125
-0.00761170926026461
-0.011506489131864153
-0.0049135846017495394
-0.01289083534944652
-0.015475053582175798
-0.014313524876728675
-0.007963193819420693
-0.010880801101227255
-0.003395560085586843
0.00023290795190210076
-0.0013026200639475313
0.0002906408042989932
-0.006101323625595277
-0.006088762902428931
-0.001868856104276513
-0.006548260897567812
-0.00687000557974076
-0.012513116846221656
-0.007497851615284928
-0.009377825754385028
-0.0008225109640873679
-0.007312518964038376
-0.014390916420406885
-0.01029238700155977
-0.011849771346915765
-0.010456614076097066
-0.017011188143369733
-1.0
-1.0
-1.0
-0.018558262426899667
-0.014097484558184095
-0.009327577132539967
-0.015631748352470543
-0.02228043226170005
-0.02051646460343585
-0.015194136757608128
-0.022009041044623645
-0.01899367739436616
-0.01870684910443026
-0.01905385140307669
-0.014074870317468685
-0.015511492848482772
-0.015043619974058281
-0.010823351333428684
-0.021682557303757077
-0.01896994024845122
-0.025773314594871075
-0.027857000959090588
-0.026043649212976104
-0.030286068878107707
-0.020243006846206175
-0.033730947933731735
-0.020733245045829653
-0.026868609022900874
-0.02042979613678574
-1.0
-0.021998512816926368
-0.02238089715046495
-0.020022806357806747
-0.017546931741175994
-0.014393065423438252
-0.021193204669552143
-0.026323170273960528
-0.026377808919963615
-0.02846161235052377
-0.023360510182634915
-0.026637595155370664
-0.02804791514507934
-0.019370004615116808
-0.022045993088960616
-0.026102523894436774
-0.018049173948687682
-0.01713547829695845
-0.02271442895886086
-1.0
-0.024604123692693197
-0.02214952746055393
-0.020760508830344086
-0.026332652260018248
-0.018914573540090726
-0.021303353878431158
-0.021344517291574883
-0.023724904682803513
-0.026078137339135228
-0.023565412146204473
-0.025633317152851862
-0.02358926094177325
-0.01613838731893795
-0.019374439382235664
-0.022687353730282505
-0.02232927974519141
-0.028240614711120163
-0.010784747197438032
-0.011440280159905638
-0.016578254861355578
-0.015661058615904323
-0.018861592571655324
-0.019649010237993383
-0.009196580620493743
-0.011555112680887518
-0.017456248338046505
-0.019879258379592014
-0.014289475525106829
-0.021150889200662326
-0.021264876033417333
-0.00918926251428343
-0.021414080860054124
-0.0182318523213091
-0.014588243206545068
-0.017115072622440997
-0.022898329885660786
-0.019282680891552016
-1.0
-0.013846132580428189
-0.01593358173140229
-0.015550734075561312
-0.014642841559875962
-0.015265007287159522
-0.021910263190885706
-0.013846979632031787
-1.0
-0.009033440782677588
-0.012774790508230658
-0.015019065212857145
-0.016138910810432498
-0.012347004760008015
-0.016025939741782208
-0.015377483944434578
-0.010923268774109913
-0.018131313506085076
-0.01811714619913892
-0.023310478002175245
-0.019058106201869724
-0.02185746418270938
-0.020886278419285385
-0.02116649900320759
-0.018665705328868794
-0.015278470252477529
-0.013377618572089531
-0.01226095576970872
-0.00758477739721307
-0.015179844391507756
-0.00962878629184237
-0.016314165509449242
-0.01582707361925254
-0.016089208916640205
-0.020403292271466977
-0.01802734033836159
-0.02257047128083683
-0.01320848509284552
-0.013364654036289343
-0.007587828268181281
-0.006454443386950723
-0.014712090121354481
-0.00802552916733758
-0.011739164085363095
-0.01572219730049512
-0.012024098400513284
-0.011503071866865514
-0.00906654323897546
-0.007523637499586464
-0.01902285482882226
-0.007852307637294218
-0.006397258114681722
0.0013813531104829456
-0.010291268692236882
-0.00934710746737204
-0.014318560680221252
-0.017893054160414413
-0.012263446751907691
-0.008468737405693283
-0.006908483896502722
5.60606706005898e-05
-0.0034752983135021972
-0.0009499346254344503
-0.004287733289189307
-0.004258037462025231
-0.01071880654796289
-0.006061104507880974
-0.0066302038080818205
0.0005582033726839348
-0.006753261158636313
-0.008519695695419605
-0.004610952039467462
-0.0018681815860921744
-1.0
-1.0
-1.0
-1.0
0.0030590021139539816
-0.00450578797621342
-0.002561036663694711
-1.0
-1.0
-1.0
-1.0
-1.0
-1.0
0.002358716427480621
-0.007524315065397712
-0.009538590011800567
-0.005742382564302141
-1.0
-0.003713979446680158
-0.0015513819826131546
0.0001846133690178418
-0.0036038383210610135
0.006210653771668325
0.0008106148628409685
0.007245845799027992
0.005323954161269918
0.007896704299715463
0.009621098835703236
0.0017007485605832538
0.004465537791059554
0.008131919669122582
0.011091321299618597
0.009734419774444347
0.009755628703296755
0.008142639495726614
0.010318170716670948
0.0038366736216386495
0.012293928424954585
0.0022106278043660804
-5.1359889448051257e-05
0.0076598592377210405
0.010457296372610263
0.00551952878903234
0.0027156137349607047
0.004907318322548005
0.008375980243421743
-1.0
0.0065759301381370806
-0.006724710839174205
-0.0025541206525507313
-0.0023385574296876793
0.0004599193175777992
0.0007180057110203454
-1.0
-1.0
-1.0
-0.018064083147152465
-0.007947117627300706
-0.010511899812134757
-0.014147338928741187
-0.011972304246808806
-0.02112277825465064
-0.019359716407934182
-0.012926443707303843
-0.014919809868602616
-0.015003759899335056
-0.007271572313181643
-0.011880409177724432
-0.013811202896626313
-0.009590991766624202
-0.01695852881513991
-0.008330542722444146
-0.011785601133860735
-1.0
-0.009542643356404354
-0.0011940103594255743
0.0024366236106627887
0.00047721515549412584
0.000488736850878524
0.0035727675261103113
0.003140683486980083
0.004422382681049522
-0.0005405214438284554
-0.0006877448132327418
-0.007031671703667515
-0.0029952750785873744
-0.0023375618611037596
-0.007683174610262867
-0.006457182077633749
-0.003100132412617926
-0.0009742182686600067
-0.004839583293782946
-0.0035187471060847153
-0.0063771250078388025
-0.004149007570715141
-0.009193028292867951
-0.0010643764546149068
-0.017934008381586524
-0.014246211651657757
-0.01225167102879519
-0.017482934194672263
-0.021814402271999416
-0.023413228807175026
-0.018334685277429427
-0.022441114548913767
-0.025751862723076613
-0.025279746916053947
-0.01826105126410572
-1.0
-0.0272726116422564
-0.02069579820290698
-0.025928097946368626
-0.015391311700643501
-0.017585581548161398
-0.02023007283609146
-0.0205129568137961
-0.0267348175307626
-0.023472740550043225
-0.023186918051209874
-0.012633048896190546
-0.022644436880369125
-0.023538034062116728
-0.02189074493408085
-1.0
-0.02787666472019479
-1.0
-0.037397044075918005
-1.0
-0.023840529440973476
-0.02485144788268656
-0.01817454458343225
-0.022337675738854538
-0.019046142232014337
-0.02330213971604215
-0.0247607946502076
-0.024158958520186784
-0.012258417359897715
-0.015965612862867937
-0.017968127764843456
-0.023888094993582822
-0.024457724836832395
-0.028100628556323802
-0.022234579660434396
-0.016849090351933084
-0.014921860376729811
-0.016612553943021125
-0.018480681680083315
-0.014014341606537035
-0.01465519785122598
-0.014998305451880795
-0.016729309576839397
-0.016439365769067106
-0.021669238992524053
-0.01693077985635797
-1.0
-0.024313224210245746
-0.025516896214311927
-0.01808895930585851
-0.021133249542954778
-0.02874036010905318
-0.019041686112544594
-0.015169369940298882
-0.006542640669236397
-0.009445778366042944
-0.0060647627444704805
-0.003646651914037113
-0.002072978627813734
-0.005228995089758129
-0.003542413375327975
-0.007255151170088872
-0.007090266948148954
-0.0032226766655899983
-0.0064165988815292185
-0.009401492313690783
-0.009973956114899022
-0.008696678764814869
-0.021063971933440107
-0.019705674086344025
-0.015997085713450855
-0.01865814827685303
-0.018207283782250352
-0.016795959223897483
-0.021467694596724377
-0.023527489374539582
-0.013979362757444186
-0.01183822483614769
-0.017790102049414266
-0.015249343009332896
-0.019687128166427554
-1.0
-1.0
-1.0
-1.0
-1.0
-0.021339526591782322
-0.013991987855121344
-0.01660890508266776
-0.01867488572666591
-0.014181276759540421
-0.01604338405726561
-0.015029854774404623
-0.021135891857544394
-0.017187340246293824
-0.015124820264482102
-0.016438112266322948
-0.020292092222068146
-0.019147862576066668
-0.011782258040642434
-0.02220566897968984
-0.01893264588356362
-0.02331047005659429
-0.028288841423476735
-0.02225347735493736
-1.0
-1.0
-0.017782526445141958
-0.026120514203838673
-0.030355463053108888
-0.02846953391523314
-0.02260911061500908
-1.0
-1.0
-0.013069240470627961
-0.014013790389918427
-0.011184599616726338
-0.009046658992294449
-0.01430131675065191
-0.012156725676963943
-0.01405873260853745
-0.00844284457954286
-0.0031874492025099396
-0.00923520283665018
-0.009697025405744358
-0.006930933001519974
-0.01271208819898547
-0.011098484667290198
-0.010969624059374499
-0.01591597924538607
-0.005146756452581822
-0.01055578599340597
-0.0018314235393737403
-0.001581655986810409
-0.0014793712283159973
-0.0067794751447012
-0.006446952422475305
-0.006817852864881008
-0.0035218452527555114
-0.00794397553778648
-0.009170287781154614
-0.0057563136446259775
-0.009958995178557509
-0.00991902951261737
-0.013853530209345016
-0.014055149043768266
-0.002905543811840323
-0.006095744198029813
-0.015350583615530104
-0.00142279823407908
-0.011632464280982493
-0.013485334483111878
-0.006385200190213358
-0.01200050953959245
0.002129238261347231
-0.001498012683266027
-0.006246552591711029
-0.017461406487028895
-0.011371653804082428
-0.009801118168232578
-0.013469337476986245
-0.009873866268339561
-0.02082587398172001
-0.019256710466790755
-0.013246515261866284
-0.032034382471618564
-0.01447713913120794
-0.01178721502844267
-0.017757112733009506
-0.019682319487714622
-0.018791818669597667
-0.01717571071497639
-0.016806095771402713
-0.012115204191581942
-0.015774540348531763
-0.012278957708813047
-0.010056855045101452
-0.003887849209009703
-0.00754904147024808
-0.011018636398436556
-0.01522711974654618
-0.00617811064109156
-0.014767112874445997
-0.02777718652974355
-0.006996555016998954
-1.0
-1.0
-1.0
-1.0
-0.01578337562938416
-0.023055733906387717
-0.022936095895085273
-0.017378258887090547
-0.015804210174096448
-0.00502639361817546
-0.004276230034907613
-1.0
-0.014220249936853866
-0.010217513425308872
-0.015972444140643412
-0.003788238271889196
-0.01237156444395998
-0.012655017083461515
-0.013597370465143772
-0.0172268093480692
-0.016008469643363728
-0.0187702822886254
-0.011879266849850382
-0.018353708417626444
-0.01162865521847757
-0.016852664221933034
-0.008520963967070097
-0.013836844873407646
-0.027289437666956365
-0.03092493752013388
-0.029723391449813154
-0.03256609414234226
-0.022685143128571887
-1.0
-0.020924950831968398
-0.029960982630249336
-0.01983481122931093
-0.022312826027559376
-0.020046553972240682
-1.0
-0.023814202039644954
-0.01753099720315639
-0.030897586976059554
-0.03000412490939828
-0.02793948908351827
-0.025395334473101824
-0.023222831614284956
-0.03011337164612642
-1.0
-0.026181297384528283
-0.029460216699916785
-0.02208906946915231
-0.029567851323906255
-1.0
-0.014626904303403767
-1.0
-1.0
-0.009742896078804422
-0.012553464139670387
-0.009859126450974766
-0.009892944134708639
-0.01180144392653991
-1.0
-0.014319432514855497
-0.00394937445863669
-0.009632226194122046
-0.00808586842884502
-0.004806057597956284
-0.006096594761877835
-0.01276441423665198
-0.008515161455875211
-1.0
-0.010324636697146235
-0.011038989671193258
-1.0
-1.0
-0.01685877116391948
-1.0
-0.005262040973460518
-0.0039055547656562835
-0.0005703754750123889
-0.004749277176165893
-1.0
-0.010692127280519995
-0.022589410105957088
-1.0
-0.008584361279144134
-0.013555318671941635
-0.011838473955174482
-0.0021923551335843467
7.128350167509584e-05
-0.006196135810661815
-1.0
-0.0037574373403366636
0.004665329670690872
0.0061275474588900775
0.004478218171014042
0.008964645738661289
0.006126145089728202
-1.0
0.004324053875083625
0.007247020370246545
0.013739211709144227
0.011502946113235678
0.009588696999814005
0.012321269449194048
0.01060899819431977
0.012164553081655385
0.012233020680511799
0.012452424445189266
0.010703618075533376
0.013360534602962765
0.007628665525088394
6.940114151650234e-05
-0.0010013368663391179
0.0010024311825000385
-0.001907119602149637
-0.001748937709703695
-0.005208547104418537
0.001959685290685273
-0.004105870973990043
-0.0010405778449630667
0.0026051019487315333
0.000792465119672172
-0.007654006028505427
0.003184100444666865
-0.004854855985814117
-0.010689889871611777
0.0018245612646474547
0.00476436027893447
0.004833213788307517
0.00548552977623696
0.006745740664763724
-0.003987752985115764
0.0044968537650968195
-0.003952950310703333
-0.00963803868012506
-1.0
-0.0015179031525712236
-0.0037541256979600297
-0.0014079018267470918
0.00225667989421928
0.002637145873591178
-0.00039743072620274924
0.008136909262320795
0.012591088277550039
0.009188525714633576
0.010104980158503902
0.01045062724075922
0.007361385570121633
0.014208897935039834
0.006816664288688138
0.014189263833099854
0.010909639966021458
0.008762234641897746
0.014962848964575283
0.01176192010591874
0.01998670274159815
0.014739329759174545
0.01272909337422919
0.0159411152931715
0.01414572068461766
0.012521769731102757
0.009446874322024318
0.009965994374865676
0.013815632644373169
0.015802212474339876
0.007453880281763431
0.010893943333804905
0.012387877647847113
0.013125630948314723
0.014351893877655144
0.012159969136732769
0.015070970479244734
0.01125552572945389
0.013833504810215157
0.011633640418963061
0.008885035434457646
0.010312785913333072
0.0026749796981727406
0.006493815841798764
0.006645515689938195
-1.0
0.006425183653143945
0.0015967303772577914
0.0017965871344054914
0.005914398079516723
0.012760204819735764
0.0128449378213958
0.01817450951152078
0.013657767909249307
0.01438307875804948
0.009749727218597877
0.00945426062683667
0.011730077827798557
0.017653460908146082
0.016774806109028168
0.012087489282215487
0.012080413829130835
0.014506185012726915
0.006953270833835258
0.012143702937853492
0.011892427985492813
0.01147895089360696
0.015107834209623687
0.010268032430325818
0.005841082651884852
0.013547628029625326
0.006840869157466097
0.009382964381956658
0.01129606969935215
0.011434329724901363
0.00843622721265394
0.012805965823796573
0.01721528343036307
0.009007161170374386
-1.0
-1.0
0.01122021331971812
0.009907056280424766
0.012243966006885211
0.011285591538327719
0.013063626850555208
0.013096559690601786
0.01268227050853234
0.013147156132123514
0.010487139516988079
0.010930739872568956
0.01236526487798424
0.01684029134142651
0.014100094407447136
0.013469602189890097
-1.0
0.01001298392014798
0.008960295204578172
-1.0
0.01272518484513342
0.011519611999748396
0.019344824487178974
0.015244131800521431
0.013116078789708822
0.014876450615940227
0.010142574374762792
0.008478285066780417
0.010994918003312171
0.011531498485918671
0.008710087265363198
0.012206848415005914
0.010535408485077571
0.008329797258794354
0.012329449227600247
0.008201701291098611
0.015421056832719564
0.00721212372069714
0.014757557137447518
0.018303052712874086
0.011650386751398291
0.01182046235184402
0.013229831819239937
0.012108130564907766
0.01291650470514738
0.012462536399379682
0.013590886417342813
0.011464602587016346
0.014276396496235516
0.012604770273560264
0.01170563827371132
0.0023218562480883938
0.014597205391831137
0.012279108988538876
0.013854397930711602
0.009795426542679257
0.013575883173238316
0.007815791012762861
0.009818975060432103
0.005107894255818597
0.008110709764036593
0.01104058964870635
0.01031197554481382
0.013820362394519153
0.011075067227710868
0.019057612326818775
0.012466020139480507
0.010635104443946946
0.010407844568073452
0.006309017706405219
0.006577661847426038
0.006160802880226732
0.007978199962816245
0.008793932753451701
0.01088867048866664
0.012359063575651889
0.008356799802587099
0.008620070027913944
0.01289512243958962
0.017985818167173203
0.009866990138280421
0.012229494612290554
0.0146715775288252
0.010146225193063912
0.020740224922346114
0.013155112333973028
0.017391376300520633
0.00693734369123639
0.015929500441531807
0.011545284700908603
0.015615584311185529
0.015304952591996256
0.015513062394820937
0.018962825622456516
0.009448191395311143
0.016140358268995163
0.011653145937197448
-0.0009204055481464961
-0.0044406285634736265
-0.0074734847841422545
-0.00014639375709004978
-0.004628367735040396
-0.003996397533418123
-0.008305945191637309
-0.008778339989108696
-0.005275801164965313
-0.009238156061460742
-0.004128976203572526
-0.01152216222978916
-0.009483277290858844
-0.007280232615910848
0.0008829856571672656
-0.005492517968075164
-1.0
-1.0
0.0015045316497206843
0.00163680606539756
-0.006824554621874663
-0.007604524447266621
-0.002234345973310884
-0.004497352364005681
-0.0008419622539298811
-0.010919241879345336
0.0007497895315936949
-0.00831338440118251
-1.0
0.001421462897809122
-0.005977912605128832
-0.00438400088876932
-0.008630921427891888
-0.0008944227204620794
0.0012258614027252342
-0.002774747435011281
0.0013867540654572271
0.0009399291239972275
-0.004086253283148681
0.0013248553680078065
-0.00487871484236742
-1.0
-1.0
-0.006811755178047507
0.0020849802244736885
-0.0032635927576400996
-0.002018532469179529
-0.0009076756435157115
0.002322536974579602
-0.004853466312576017
-0.0020746673202179447
-6.942548552187965e-05
-0.001112297934389422
-0.00010712102435425399
-0.004552704048712213
-0.0037348993733775085
0.0010349338717404193
0.0028933996410906502
0.0019767756361219
-0.0006105780228315178
0.002753755099142351
-0.0012552739824928285
0.0029643988563254763
0.0038794417285052643
0.00036619201940175987
0.003797866214124465
0.0020905740837795592
-0.006025464024736607
-0.00787086931188129
0.0005313070230785846
-0.0009686980120868259
-0.005868238988690975
-0.0027690813881803425
-0.0035043530056028094
0.0019071189765838912
-0.0048001223357815245
-0.000576200501525345
-0.0028335622385082526
-0.008122564456924608
-0.004949210673732926
-0.0032698484096716127
-0.00699044267749203
-0.0028126828928385517
-0.0018394060682249901
-1.0
-1.0
-0.00839329378285607
-0.0026289013536942444
-1.0
-0.0069872348576367075
-0.005088520952297855
-0.0057193962476177725
-0.005832916953336383
-0.002686176424614546
-0.004616902945721266
-0.00853125148219682
-0.005851582841873159
-0.009401023075781004
-0.011740898650292023
-1.0
-0.012028897913109042
-0.01629701027370337
-0.012423516368617191
-0.014873947930385416
-0.017693980377714663
-0.012022166501136142
-0.011347237508057167
-0.009666871125917912
-0.012459591129819102
-0.006887383490914911
-0.01707623298296595
-0.011089247683401415
-0.015999400609104073
-0.009289619914351984
-0.02038428007854223
-0.01627863459962502
-0.008477872800120606
-0.009546418858049363
-1.0
-1.0
-0.017177923216828466
-0.011593645796332933
-1.0
-0.014697222166943138
-0.014989248633016327
-0.004855998229404496
-0.01661131376310285
-1.0
-0.014463205878112237
-1.0
-0.020721632176601484
-0.00907280564148388
-1.0
-0.019836089206867583
-0.012595178331571257
-0.011922965910115236
-0.009099972615196341
-1.0
-0.01345620239637344
-0.014221680166285687
-0.010494702715371569
-1.0
-0.015166927948454147
-0.011891972331958078
-0.016900655330312094
-0.019841334505478942
-0.01310505760849618
-0.012021148496550295
-0.01505834893650012
-0.015655691678183203
-0.016330029952585885
-1.0
-1.0
-1.0
-1.0
-1.0
-0.01476973564107882
-1.0
-0.015911738943229923
-0.013221508536498814
-0.010563810498402437
-1.0
-0.011627227184122815
-1.0
-0.016055928597848122
-0.018983793648087336
-0.018267506966707446
-0.01970299215656164
-0.014983168593446516
-0.01708264139538906
-0.016533955771931994
-0.019922769135873025
-0.02316639860502091
-0.02536657177447396
-0.02549880091614051
-0.02328838394501093
-0.022419573031056517
-0.02035211401731879
-0.016449388600590597
-0.018548969735249877
-1.0
-1.0
-0.01600093566121485
-1.0
-1.0
-0.014275208119344684
-0.018208217216075632
-0.014877089671527545
-1.0
-1.0
-0.02103579677808819
-1.0
-1.0
-0.019574296570050758
-0.016820671172950392
-0.014043191070245627
-0.012921846636923586
-0.009701217985136274
-0.018446893263015917
-1.0
-0.01559785945248973
-1.0
-1.0
-1.0
-0.011494683893700279
-0.0244148440673386
-1.0
-1.0
-0.01286336125462979
-0.012929389669651365
-0.015064896634813167
-0.018199421233016544
-0.016714041270132426
-0.019141126692296645
-0.02330037946996999
-1.0
-1.0
-0.019654467527483403
-0.010253082286438554
-0.009514865746278358
-1.0
-0.01743489184366409
-0.015067046656205518
-0.008905900461441935
-0.01247574628408897
-0.009787045679098534
-0.011774933547203768
-0.007499220780091239
-0.012040780735738265
-0.01188561563434009
-0.013104864534111927
-0.009841444748913197
-0.006879109931547967
-0.01658446489923403
-0.014499372423677069
-0.015991705283976015
-0.01409122363150396
-0.0067067750488130845
-0.004392592538153439
-0.003265893163932812
-0.019171509904273538
-0.010431482289769109
-0.01166818947883167
-0.005674729953975461
-0.01402893306157356
-0.006630550334089869
-0.011737816604413177
-0.01286262838548259
-0.009108404599670598
-0.016543907721180317
-0.008763738741539788
-0.005090762780441892
-0.008725645304664435
-0.007738917048048902
-0.010586321849041107
-0.005717387436977295
-0.008587511369421952
-0.008132781572492295
-0.0035384407597104438
-0.005620897947295546
-0.012707367686479301
-0.004847765849048875
-0.00599742853846976
-0.014408527458513613
-0.0060599379960506825
-0.011697745505421037
-0.020650075860229527
-0.012473659706751267
-0.016594329626761484
-0.015714603117708482
-0.014368272999560557
-0.02141190829224689
-0.019335024718674536
-0.017362825101989825
-0.013732189420795763
-0.022077463576012698
-0.01610109980750666
-0.02206587066460819
-0.013352651504864359
-0.020967505719214918
-0.024197064568033225
-0.0191655357255525
-0.01262583663864069
-0.016934468927247124
-0.019549964847866932
-0.00987566586080308
-0.017331830039139438
-0.014564917717653019
-1.0
-1.0
-1.0
-1.0
-1.0
-1.0
-0.011186391300393547
-1.0
-0.023073023426891978
-1.0
-0.015900769482230008
-0.014063502723295615
-0.01644728234328994
-0.013809458381817878
-0.016690352121838822
-0.01492785123233986
-0.010864581114132457
-1.0
-0.019310579445744745
-0.013583372286826373
-0.013406335832906926
-0.014672191299940714
-0.013048994971482316
-0.009486695568473254
-0.011067634414356273
-0.01409275699958041
-0.009997570934549001
-0.014866512474342572
-0.008114033204733927
-0.009475534031593714
-0.009191064511567022
-0.013574204679463516
-0.012311863400963508
-0.013418531254398385
-0.013609508853415084
-0.012000465897200847
-0.012160177611984353
-0.014378052682129664
-0.010740825365882426
-1.0
-0.009769590172435894
-0.009644295369025028
-0.007849164428561536
-0.007138731570825826
-0.011778584512995781
-1.0
-0.009637652409773434
-0.0138742571715801
-1.0
-0.01829685046923936
-0.019238612657881106
-0.020052955791401653
-0.0174885356102496
-0.02118434234211384
-0.02002788349797432
-0.01561681956304981
-0.019416975891496862
-0.028304396560640266
-0.01546145190669264
-0.019721431068744508
-0.008742947384671552
-0.021217131852637485
-0.017851989421106676
-0.017394571496384518
-0.019828237089968875
-1.0
-1.0
-1.0
-1.0
-0.0156417328948106
-0.01653247178544726
-0.015846334969207492
-0.021133648873091965
-0.01985737471822326
-1.0
-0.019429232703947228
-0.018356257408428056
-0.017614132360161034
-0.021567955668093147
-1.0
-0.010143467425830091
-0.015063101538333892
-0.021402308364508457
-0.023430057537997415
-0.014105630960562306
-0.017781588798394588
-1.0
-0.02097923014742253
-0.01714015434065179
-1.0
-0.014901635715311643
-1.0
-0.020113310276931987
-1.0
-1.0
-0.010646370529604385
-0.014502472529401695
-0.01595511943745164
-0.021931746783247767
-1.0
-0.01250629475032086
-1.0
-1.0
-0.015916167479912636
-0.01648584798657412
-0.010569462843571393
-0.01621184591189894
-1.0
-1.0
-1.0
-1.0
-1.0
-0.013706475083973687
-1.0
-1.0
-0.012679817428964707
-1.0
-0.01498525039101503
-1.0
-0.011472799466622526
-0.008280665761358948
-0.0020492767302126656
-1.0
-1.0
-1.0
-0.006513755611282276
-1.0
-1.0
-1.0
-0.011572334923945464
-1.0
-1.0
-1.0
-0.016047808184432324
-0.006675599523483678
-0.0055580983877695205
-0.004946028615909971
-0.006963921302898409
-0.007781425017261128
-0.0038332242443778336
-0.005387703612205563
-0.0009178493838574825
-0.008676680937145059
-0.0051412830192443726
-0.0022087943725724265
-0.003933091261229346
-1.0
-0.006659580112004859
-0.002281339087622199
-0.008857693495096106
-0.004152061162635372
0.0008890191973066992
0.002382511631321699
-0.0022619402661094726
0.00511275811586722
0.0010162356726590017
-0.00394167354251061
0.0008306786208333031
-0.0005143114972530189
-0.007121613510463857
-0.0075930158813381525
0.00010415202851499455
-0.007316523956267498
-0.0054904289963793994
-0.011031302109470153
-0.007119395324633349
-0.005278515175746214
-0.004747180118167995
-1.0
0.0031431588342884314
-0.0029281622534447164
-0.004555596291517494
-0.0016060309419736907
0.0021381289829067083
0.0035547475352138806
0.0018333574944817857
-0.002512702681504926
0.0031558003132810615
0.006432838836602405
0.004165761545948185
-0.002364152326560099
0.0016554848953388955
0.0019640502264524355
0.0037373435357781495
0.0003741815584129053
-1.0
-0.0029186712754991086
0.006196101629486509
-1.0
0.001920306366254976
-0.0014929930000156708
0.007533745306048378
0.005351816651318686
0.006837721687879041
0.008479048479009557
0.0027063545281949394
0.002311306447273819
0.004001050447995858
0.006267890074132582
0.00964355652819398
0.005508268064080578
0.010554809806920612
0.006953532084175167
0.016847775708226584
0.00974011826324168
0.007191961448125244
0.013387417588922292
0.017494180371580622
0.0142149322545746
0.010604292432327045
0.020684242425462383
0.019191374025956862
0.015085423086998777
0.012269472778734098
0.01573814671507085
0.01856336307893634
0.020117129511582548
0.018652466412730936
0.018301433425764492
0.007526947391630566
0.011784518450720911
0.015333256464589395
0.016375610256757125
0.01688753092962371
0.01591323332817669
0.013930927688000323
0.010088846788946903
0.015503115623426355
0.004817099879574305
0.0001970088063355523
0.0036564054444687038
0.012273239785740606
0.007788779039407836
0.012860282027314342
0.013171052283925495
0.013503841026810709
0.012054072228187575
0.0097216803648732
0.015375463346017141
0.014344762646885056
0.010160888202780332
0.016334403676709297
0.016270111599593958
0.010594735971571638
0.013298992606798506
0.013089357706462426
0.017612527680410477
0.012174235832562138
0.017165739263733402
0.004516834749170841
0.013404902090918264
0.010554624737921119
0.008379887268056642
0.007876804525343825
0.0024141768603687334
0.008112513008121772
0.012396526961045937
0.014862096019564657
0.013616287468976668
0.009073235143454145
0.0156561419709038
0.013836798541539776
0.01168496527034302
0.015454645538019307
0.003097317334200639
0.005415122055196402
0.010918404747868796
0.010677539075015044
0.003283947267380185
0.008941948229090746
0.014698078289893876
0.015282380918230282
0.011520176175653141
0.007705469978706821
0.012561004038812098
0.013870783324994288
0.009876314170587581
0.008153557445041239
0.01732334482990343
0.0147297084985785
0.011954259862246644
0.0102249842294845
0.009164719297733066
0.01543949877656013
0.011516321823196698
0.010185427324822503
0.011747223738782845
0.011903675358949505
0.011282120874267939
0.009342443713968864
0.012636938233038303
0.013592175972368286
0.01079072703581234
0.015571029729276417
0.014966417157197038
0.014766834970068619
0.016322301495911767
0.010807033065891513
0.009731861056220403
0.007807340057397896
0.014579359554022443
0.008511901528682307
0.008520150701848335
0.015790705036406023
0.01002060240969062
0.013458419242359632
0.017782926793536793
0.011585462233817907
0.015138375625491206
0.018701213557842915
0.011330019636516572
0.0108469602821562
0.012121535242724092
0.017601524128700214
0.0142839323277797
0.012947652454747955
0.016440269392605115
0.01520488655455995
0.009585016115864462
0.014774285284768122
0.01419015191548974
-1.0
0.007706781722926994
0.008979353853464933
0.013567598951338968
0.019553057780600736
0.014451113276041186
0.014431248286951252
0.011557357210866953
0.01575676970531637
0.012945138040255074
0.01124286809160148
0.009071795169195054
0.012921281827381458
0.010339279498615211
-0.0012920125161344697
0.006099810363069137
0.006588263621844293
-1.0
0.015021734242899898
0.0050269487785776805
0.00850492778485436
0.005015057674450451
0.003775051883333089
-0.00028905540946737567
-0.00023009345591658024
-0.006866867523798355
-0.0073685437277142525
-0.008837213068456041
-0.009588643358362469
-0.00805329059907379
-0.01238383702450578
-0.009340683598851686
-0.01040286717953392
-0.011652621371260878
-0.008069219146154176
-0.007306130312165849
-0.007730225913588021
-0.013168777024640343
-1.0
-0.004981154136850861
-0.007438257381165631
-0.0023279956122197842
-0.006172804274770788
-0.004949848784317073
-1.0
-0.010716251554282073
-0.008082954869826969
-0.013616967730513348
-0.014803912400435585
-0.011356184873824312
-0.011427590653198809
-0.010414638243078669
-1.0
-1.0
-1.0
-0.016463580142638806
-1.0
-1.0
-0.002715084257396086
-0.006889188190311875
-0.010170423950671085
-0.011351128576394589
-0.010716527506417628
-1.0
-1.0
-1.0
-0.013178595094006759
-0.008667106287486803
-1.0
-1.0
-1.0
-0.01604929139681634
-0.004072807451396918
-0.005347765728199556
-0.0009364586493839462
-0.005517468533229729
0.005647420324071013
-0.006386538095817152
-0.01230614889187307
-0.008740802496205775
-0.01013039323245023
-1.0
-0.004825004783040537
-0.009611620281251483
-0.007907063870324402
-1.0
-0.006663613895300616
-1.0
-0.005143514317508692
-1.0
-1.0
-0.011876484710837252
-0.013750392368568804
-0.006591040793024608
-0.008261153895320894
-0.005309274124308811
-1.0
-0.0017963335355864669
-0.002749409917493608
-0.0045515493893053495
0.00556514170050737
0.008585326378227493
0.004957935295447407
0.004601576841689845
0.0067308198622675055
0.007548001090290712
0.009960150081056511
0.006681947023723234
0.004462797663712811
0.006036288794085838
0.005806788957797197
0.00671320712281554
0.0056912011449457576
0.001393158355226347
-0.0012515526702282277
-0.005660380152958369
-0.007130291512633721
-0.011163013610481567
-0.01292080143223574
-0.01239789718036841
-0.014003728552726686
-0.009542393466520775
-0.009893287206241887
-0.006404170551139397
-0.012284962353971597
-0.0058210508393936895
-0.0015149991168625888
-0.007995644704058637
-0.005788591552616586
-0.005599365195718735
-0.0043637667612385495
-0.009908569158102155
-0.011894238911280821
-0.006890935472046174
-1.0
-1.0
-0.009050955674708674
-0.006375211425661562
-0.010572134481539987
-0.005604221853768911
-0.0031431452726269024
-0.004031201848982697
-0.002317622895164353
-0.0018285687991540847
-0.00791979428761619
-0.0070801147043343775
-0.008026871016934984
-0.00034511615113607026
-0.002919864800645495
-0.0029873845577979715
-0.009866241842211652
-0.006099521516662481
-0.007374662783152326
-0.002752009373108298
-0.006813548784175286
-0.008880916658392603
-0.006863055724043733
-0.0013579732268777416
-0.015254862143762192
-0.012558822648835176
-0.0018652210553430923
-0.002929297127904603
-0.009670796214573351
-0.012281637435176355
-0.009506818214584704
-0.008488570662046866
6.099347681476709e-05
-0.0107374254194883
-0.009612421603862789
-0.004177248278862266
-0.007670000555320233
-0.010650444626143262
-1.0
-1.0
-0.013805378941248864
-0.013470951336113628
-0.021546299891753096
-0.02516035294853555
-0.025585445201783335
-0.019752440893567327
-0.01723781221054879
-0.013120520841190243
-0.016073553586237115
-0.013788005930840922
-0.014964400344476722
-0.011797259405192901
-1.0
-0.019103185487664865
-0.021855797242203618
-0.01633097715720071
-0.020044351453382306
-0.01590455972895644
-0.017238843695671142
-1.0
-0.02217228134073651
-0.018731197574338995
-1.0
-0.015520504425456197
-0.018282554142782202
-0.0175396458749594
-0.0077247880019597325
-0.014238031179982128
-0.013691541758720782
-0.010195933375932522
-0.01756967852011579
-0.014487760095110918
-0.010176479259774624
-0.017024969765844982
-0.011073050346317186
-0.020342988422766644
-0.01646986911877158
-0.01953940770352297
-0.014164523186928018
-0.015430707354785144
-0.01972957351293789
-0.016560563193180472
-0.018879349708770792
-1.0
-0.017091701916442128
-0.007838044701020798
-0.013023322765169643
-0.021891587568306482
-0.013391327892048546
-0.020359194853973944
-0.01406845965081999
-0.01650373301576861
-0.016346186966510544
-0.018904423188148122
-0.018795428011135724
-0.017013735957706538
-0.012609711024074651
-0.023107528068472626
-0.015381734550654443
-0.017060110636773314
-0.01717587337109408
-0.01886845832840981
-0.017413040387388185
-0.010513345182268766
-0.00999451004278036
-0.012916313830615957
-0.012367853852689643
-0.010229286371319752
-0.01129464742151131
-0.009379878198297316
-0.011485844562899345
-0.009038463311296187
-0.016396351318423513
-0.015486632099369797
-0.010239842071322535
-0.01778305256872678
-0.016552468750714495
-0.01550096133605709
-0.013178621919023355
-0.01575605318947367
-0.014981714683971746
-0.013741213658651863
-0.008561778853256038
-1.0
-0.01542200391994859
-0.01215757692732537
-0.01782804907298331
-0.015439278993153824
-0.021448145464437105
-0.019912973142106747
-0.01896956071659047
-1.0
-0.017922114053223095
-0.020462594081294017
-0.013049529816269702
-0.018702155449055905
-0.016652893629584553
-0.018842416878112417
-0.011502546061891359
-1.0
-0.016334707795971966
-0.018341954566488832
-0.01404657001436523
-0.014262554258332234
-0.015190052535454534
-0.012993863174100482
-0.009040010366292654
-0.01006729533786661
-0.009086719078566194
-0.009837978615798564
-0.016834125726354374
-1.0
-0.015416395831749464
-0.015149327150004678
-0.01716804406866752
-1.0
-1.0
-0.010627016419379697
-1.0
-0.015055199464239834
-0.010618960032824368
-0.01215359160146375
-0.010765975672236435
-1.0
-0.017107653685850568
-1.0
-0.006372881525370836
-0.0066370030777174694
-0.019839774015362976
-1.0
-1.0
-0.011210984159566935
-0.013685578787619014
-0.012036476949699277
-1.0
-0.015744006591089068
-0.0129161280247208
-0.010691555328831247
-0.013840391217022439
-0.014560886224221869
-0.013150516458447017
-0.01862299875459356
-0.008088113347108733
-0.015511681391330958
-1.0
-0.007719586342182935
-1.0
-0.01104064502507527
-0.013915941573931452
-0.004572787614247877
-0.01671688865718643
-1.0
-0.005285641366522072
-0.015282899640609615
-0.01380873709982033
-0.010967887931932875
-0.016265502405580123
-0.008137174575442982
-0.016409628933462168
-0.008824509715683335
-1.0
-0.01809507887998935
-0.01162249088040685
-0.015134391629776771
-0.011170356816110926
-0.014528221677777618
-0.014005375691285921
-0.01006067890431774
-0.012258283900673144
-0.013213893560332082
-0.009980429064372406
-0.013717346255826128
-0.010929095225238595
-0.006683189265484625
-0.013171727175254767
-0.012329665952906856
-0.019859885924385864
-0.006086305331249678
-0.016674722492382728
-0.012081978440613523
-0.014992211520593428
-0.016886832440750125
-0.015486309741713753
-0.016623642671797986
-1.0
-0.014833600149612854
-0.014405973733260483
-0.012540244882448197
-0.013093179577843004
-0.012220556330725533
-0.009130639632592441
-0.0162906299192953
-0.01331981898236379
-0.005119161533628594
-1.0
-0.005699038388956179
-0.009939634981821538
-0.02776865603659118
-0.015484612797392218
-0.010901631496414306
-0.012358644634311838
-0.007249128728458014
-0.012890334040888378
-0.014125642699307453
-0.005595309965880133
-0.012474521636214483
-0.010203707131070263
-0.010552004154873323
-0.016684733651124876
-0.01300472914313929
-0.007497598501884886
-0.01237039139667646
-1.0
-0.011948279043959936
-0.005589777185878048
-0.009562196248441023
-0.012100247895034505
-1.0
-1.0
-0.01456000509883896
-0.013225334272043685
-0.01149502111822276
-0.003175963567134603
-0.01012997317971122
-0.013817836320334514
-0.010961532664084445
-0.013858026938484395
-0.01748334972614028
-0.017772878304139973
-0.016788232413407
-0.008154784373902392
-0.019994457881161446
-0.008353236669098119
-0.010122898224160855
-0.016056023185077335
-0.019239668403592657
-0.01407475082860389
-0.012522159633667417
-0.008198437580477244
-0.006225618459979107
-1.0
-1.0
-1.0
-1.0
-1.0
-1.0
-0.01687479616123255
-0.011481270752476064
-0.009307071132707958
-0.011046353042532776
-0.013507771422646878
-0.00849153183513174
-0.0067571017366678515
-0.011547644570955121
-0.010816884027630659
-0.010885469379154954
-0.012528118828427753
-0.012428328633053522
-0.011601742483972792
-1.0
-0.018358500887567998
-0.009071169719391821
-0.011697387424432616
-0.017933238332547074
-0.00750026661491787
-0.01816595519387483
-0.013237123725096193
-0.01319733711978427
-0.01641619802284519
-0.01856933557032456
-0.01235262528959727
-0.011970766277055046
-0.007725663093961646
-0.006614051035818903
-0.005238507125125047
-1.0
-0.010709032749513953
-0.01566334680496312
-0.017020284521620535
-0.014894145807700054
-0.01539537013111898
-0.013831369548765357
-0.012783962133132293
-0.018808753600626334
-0.010727226053431507
-0.00957586970651719
-0.011604315112857746
-0.01907647885421204
-0.02065381858710398
-0.020967336118584468
-0.011512087200732418
-0.01390758878154385
-0.012163679395598696
-0.01623669529097667
-0.012036748220158617
-0.017624919324061954
-1.0
-0.010539770274498754
-1.0
-0.021318018262434218
-1.0
-1.0
-0.005673487075148604
-0.010083797474157297
-0.006588564264617565
-0.0107144043719917
-0.009306129911781149
-0.010067142799625952
-0.00805285678795064
-0.013228732069155471
-0.012338111322280833
-1.0
-1.0
-0.020876473530537603
-0.01276673356488684
-0.011366719803613881
-0.01805158795342137
-0.011657414494764068
-0.010573354700405397
-0.009169947306357788
-0.011636652076031507
-0.016664665379140374
-0.015682073071845486
-0.015502036041312214
-0.022581872221359416
-0.015366918568141484
-0.013131858437960352
-0.012214417881113352
-0.011097893747740104
-0.009627711298247459
-0.008321053254550582
-0.011447345779456794
-0.013897560943719774
-0.008709820176593287
-0.010809090927041949
-0.011170826990413829
-0.020185903762706705
-1.0
-0.02206941486636022
-0.02463885982189673
-0.011705598216640599
-0.015053638289353277
-0.016319663011185023
-0.00408593586940574
-0.010547916487788713
-0.010348645419617828
-0.008914794256759158
-0.017855381002073928
-0.015246594242079655
-0.014643469868345426
-0.01535688445859172
-0.018093417222884288
-0.013583164521345904
-0.015500411540482682
-0.01746013599825598
-0.012115182310605033
-0.018641016670629732
-1.0
-0.011624781988026937
-0.010065043635064348
-0.016618204110014995
-0.01486669250717046
-0.014593585254882382
-0.009883179745377857
-0.018619042388062782
-0.015213834800269341
-0.025713905925648664
-0.010089818700344843
-0.01600135179524258
-0.013682957195271336
-0.012022556287649918
-0.016033634707688052
-0.00975409736823803
-0.013702445660947492
-1.0
-0.0106480460270432
-0.017144787224321372
-0.007116084601528372
-0.01383756235315283
-0.012513257745657617
-0.01184045876490685
-0.01781450716175351
-0.009655607142616552
-0.006332132647670869
-0.010733331167485835
-0.01727885485322071
-1.0
-0.013651453597563814
-0.01268823137025504
-0.008222915568228278
-0.017797857068244192
-0.014066434514512628
-0.013742917544923317
-0.011931642629113556
-0.014342381508138775
-0.010143185070989274
-0.015998966139262
-0.004204873690353989
-0.008662604281522029
-1.0
-1.0
-0.0066711402404028165
-0.010280360102809555
-0.004763956010255127
-0.0010330376672927374
-0.00941628893908328
-0.013099437924338356
-0.014939701429874622
-0.014857036104688436
-0.008354087556962032
-0.007363083674769292
-0.0036502648379582096
-0.0030737843726174026
4.445066728052308e-05
-0.0016776814354305617
0.004748501242263756
0.0016630700607373132
-0.0025038765089833545
-0.0035923665160024452
0.0031005950759261276
-0.0007896197237935427
0.0018743139459149606
0.003461296317784443
-0.0002158373706576592
-0.004875236445446021
0.0007621671223423344
0.0051052636432784
0.0034522297873851807
0.0020537193941063277
0.004304091767137137
0.0023991254930795765
-0.00039620858793628825
0.004137490956077603
0.0013793006718218804
0.0022790325677705565
0.0035402800615571043
0.0011796488045283167
-0.0015033142399042982
0.005637614873765523
0.0008349342905422669
0.004636569800554871
0.00382078528220047
0.00651361561263911
0.0005088835054675193
0.008631590995460415
-0.0005774152616843234
0.0014098982254029647
0.0007776940305627766
-0.003887924073121298
-0.0018702126688252376
-0.005132956182535638
-0.009881783619229745
-0.010457511478122197
-0.008882502855615175
-0.008937360816173643
-0.005597386344006947
-0.003895407345628906
-0.001555844330614372
0.0001691014891611957
-0.006458536859592655
-0.0031800442626882435
-0.009313502933985878
-0.006333189914746404
-0.0015087172376471213
-0.0013016392549964758
-0.010281301088560678
-0.006666417713343728
-0.015332877075739684
-0.016002971494023698
-0.01615171454712096
-0.015373196931034032
-0.013260614712927481
-0.006987198719617167
-0.011315560747764018
-1.0
-0.014182531607131104
-0.01976521136349005
-0.008727531221757649
-0.010756450385064509
-0.01117956914743539
-0.010615223337833556
-0.013882344183557516
-0.01623552894870317
-0.014596327018535353
-1.0
-1.0
-0.014051864378705451
-0.010535987607416652
-0.011030142335744262
-0.009196629093439962
-0.014253481774783815
-0.01644083490739027
-0.009454918552671946
-0.006044297252280655
-0.013209634504489368
-0.010993632555819269
-0.015307683819480932
-0.015348967012011421
-0.006144568215944225
-0.011057358556016705
-0.02392167530789646
-0.009793230489877385
-0.013221566782207202
-0.015624676095830523
-0.019780857696118377
-0.01442229090684229
-0.014606653926719143
-0.014410134176897533
-0.01585994264366297
-0.014069009799100834
-0.012867995139924836
-0.019748046249794354
-0.017013135792701757
-0.012748731820035268
-0.013232970900984728
-0.011369540566969268
-0.015261934852627635
-0.01301443950785922
-0.012777684281215762
-0.0173285679634909
-0.012166509600946613
-0.017160717440581192
-0.015040115434384799
-0.008919460812691907
-0.00825998655230224
-0.015243898957309324
-0.012517201028949397
-0.004268916162529973
-0.008103011188253422
-0.014777724573755707
-0.012028351111821515
-0.01109391592693183
-0.013033063367782333
-0.01689411650181654
-0.019875033185917365
-0.014613601625929815
-0.01521432325194094
-0.016536498198870642
-0.008883864871075065
-0.00785196176819538
-0.016154374807221646
-0.008399313463692009
-0.012189383252535388
-0.003945644300363349
-0.01788912458654536
-0.01339304466090668
-1.0
-0.006106629285447376
-0.00549126184380171
-0.0034791629901860036
-0.0019328216211548564
0.001605533702042089
0.0024828267796031143
0.0004609707938046044
0.003737581973097686
0.004410251304101383
-0.0036933751959723877
-0.004597965875147379
-1.0
-1.0
-1.0
-1.0
