0.01760126261592727
0.014010420142265572
0.02065530987050634
0.01208149083373387
0.010998796212038777
0.009808965938828825
0.012523695673943278
0.015178708958677508
0.01718347413432627
0.008077917911984957
0.018206338353114346
-1.0
-1.0
-1.0
-1.0
0.01712124635372398
0.016556722435180058
0.015575229726426623
0.014071665374148784
0.01792229453411861
0.01426739691261771
0.010180383662237733
0.011270222346037704
0.013942843629251328
0.024394446643669895
0.021757198083936505
0.01824723472509407
0.008504289063710091
0.020420771023489506
0.02071991201449952
0.019405933415372688
0.02145976653041449
0.021798589612364132
0.012000045654969971
0.01702534717800028
0.020530259576876347
0.027742799213713
0.02140563495242557
0.022149284418637977
0.016412437301237235
0.017909305961738738
0.020511081056214353
0.02312722141208033
0.028601082500771015
0.022630334398663084
0.024852697137913427
0.021618242201905134
0.019064515202240437
0.015040012963712095
0.023448603574664214
0.02549312929490118
0.02393983373635868
0.0195593077129071
0.021031273420578103
0.018221487707581755
0.02487392556760358
0.025879080978502896
0.030048750492045896
0.024761800861679478
0.03013358409460856
0.03555991160273461
0.033026251871210714
0.026352136098897833
0.03459831512896526
0.036237672830477206
0.020253887090002917
0.026265560264020153
0.0234429687807337
0.02416503931954939
0.029577191535588188
0.02197983219077402
0.032731854651352595
0.02276527847491893
0.022198268072419796
0.02774827463099627
0.027309222610880885
0.025212387667184734
0.03293780807855781
0.026654690235345852
0.03084541340517543
0.02778200116159016
0.02336157925225866
0.038977849012736716
0.02850275791578854
0.029711770228211913
0.02993492517011414
0.033041938905034214
0.02541508925515581
0.03156140988124668
0.03563041032997709
0.03645572768791838
0.035075034203170215
0.02837258847350616
0.022874778980473607
0.02318425714173774
0.028012313189729136
0.014497893121526776
0.01707387779579728
0.020642955476626524
0.025081017608054222
0.029388718946161633
0.020696164749046543
0.020057084002736852
0.015511542879814611
0.00813775316014553
0.0009467846427010922
-0.005118319709150364
-0.0015017837215531512
-0.00407028611897358
-0.00798732297974216
-0.01713012568846822
-0.009867009985856183
-0.004429744085799554
-0.0017449978502144991
-0.002955370343399014
-0.004921329433666836
-0.012625082712338238
-1.0
-0.03272049252847878
-0.04420248710581007
-0.03842689845041378
-0.04331791522221891
-0.04442436012708949
-0.04822096287034718
-1.0
-0.03721845897679816
-0.036782613699573544
-0.04145996986004324
-1.0
-0.04343347766453418
-0.04754046969784661
-0.04691420657036482
-0.04551684290926735
-0.037897232804837234
-0.03836025985256099
-0.03541331490586254
-0.0342620358258231
-0.023455739881629963
-0.0185442569620506
-0.008930248639269358
0.0008364570239995467
0.012023180468150239
0.010697678757359186
0.01528699595261379
0.021444591054090287
0.017023762833770197
0.0160609389941746
0.021914895575057384
0.024347821826056625
0.030864661123065254
0.03290043533092143
0.027199586019654852
0.03262411368396133
0.028125848783141203
0.03301438351236695
0.029434768364790278
0.0291159297101815
0.029485643533958678
0.031116804638544434
0.04028192474332189
0.03429879790164978
0.0342998877636016
0.03472264483227966
0.032691841879138844
0.030581232266969644
0.031090887137629513
0.029255705991092194
0.03062904919944949
0.03439434690711965
0.02649946082353371
0.029599474576453975
0.025638570425516875
0.03335793616807176
0.032203296214976335
0.03708414353590753
0.038251697231022216
0.036225024803058246
0.041403070585166256
0.033039490619586345
0.033617302498299535
0.03261375529973387
0.031923693052045066
0.03640140487191147
0.037650644960246976
0.03362720427113238
0.03148758560444664
0.03680616292291685
0.0325721014817778
0.03213880635175141
0.0328687880012807
0.03103364632941905
0.04164513216913261
0.036983227734164285
0.0384449159038651
0.03650776623626223
0.03635912129657832
0.031171148112014053
0.02537441240639995
0.02217453938804213
0.014567931971112278
0.01727192083612223
0.007941446584108018
0.019599903262468278
0.018256067025979875
0.02083295640803692
0.016982022163455925
0.030597479450609817
0.025050901574376068
0.02585359245895842
0.024019565947643286
0.03293811892779312
0.029291121082939048
0.03178608635374447
0.03463970255475193
0.029815032183052387
0.02699540476231071
0.02738821033943655
0.029385209159705238
0.013034991589877394
0.01029802857701585
0.012574716904940629
0.004487847157787407
0.01044067467752163
0.006755826883106239
0.004564251423536201
0.009419332485010264
0.018812544443775916
0.016126768881417945
0.020611734410889898
0.011586397829482585
0.009379680875181557
0.006287744024874367
0.004730587587698923
-0.0037228095457200587
0.00517485709664107
0.005591183596398464
0.006861812937225599
0.011464642369079847
0.015138705636374025
0.022119710694568428
0.009308485992895453
0.01372206366248024
0.021248525229397255
0.021013894170026314
0.018636376378682314
0.013028176999205953
0.010486390757706172
0.009812008923434404
0.011414738055593912
0.010008801250794121
0.008512451025146056
0.008647887939161696
0.021252947096049715
0.023508420021960418
0.026119033363933924
0.022578660828400387
0.016718309954232534
0.019107711975853515
0.026941643533241473
0.029119596939312997
0.024722730837471136
0.02162559718917137
0.012203132243832638
0.012427089338019283
0.009208365454294183
0.014726554483113599
0.013520451484463797
0.005681029511680061
0.009744285396501299
0.010589413118306364
0.011439185156427232
0.020982134447769002
0.012765974152863444
0.004447910237341164
0.014730253746585658
0.02486307091327275
0.034936847383525704
0.02809653459267505
0.0257217269659793
0.024974227432724493
0.02686220099210556
0.023851823753030663
0.030577077587202326
0.0368715464925868
0.03581604157731623
0.037766875191341844
0.03371212236162871
0.03632840166305186
0.036397662854905054
0.03541052149643735
0.03549470237477272
0.035347078546676014
0.03915571249345198
0.030070556781461803
0.04129592008711635
0.03553364937335531
0.02561129131480058
0.03618520588312853
0.04104762716925911
0.029409114589289253
0.03247658206194961
0.03743863175549922
0.03511045879195066
0.03379327775615512
0.024322702860193977
0.031584949832195286
0.031073338898892595
0.026696512493749786
0.030482156556701428
0.03806285185948215
0.03467741817669355
0.0323778178927319
0.03010537892580639
0.02625587069772621
0.02547477025978874
0.034425417543585336
0.028050268743523416
0.03236296632069352
0.03408421145110619
0.033295764052890135
0.03589731416928858
0.03443398774627139
0.03517774955782941
0.026558062431107556
0.029550607962325868
0.030008379988944622
0.02395548441005124
0.026180174220307745
0.018613672731918683
0.016813072070552274
0.01201455219153288
0.002067729688159718
0.008122474558825954
0.005835499407410769
-0.00020933665338832827
-0.0014645238937128864
-0.008687514112275132
-0.003426631571327347
-0.008340292733752157
-0.006154639569855182
-0.0026834216742624693
-0.015735115848814554
-0.0018869800398229135
-0.011536083532114943
-0.00920454965326722
-0.012847043356193716
-0.013475981597750014
-0.020216594166732615
-0.020285539484355856
-0.02130973508574623
-0.021876699019984097
-0.028025851871851335
-0.03279912226499135
-0.03232913362937159
-0.025943408168692058
-0.03340987412685065
-0.031001081578166924
-0.034910684725588795
-0.03954912373113063
-0.04202523223932112
-0.03665829856522059
-0.03843583287224887
-0.037290329709225314
-0.03319627304374877
-0.026505600465940367
-0.024523012065172354
-0.021653026968490124
-0.02611957733263609
-0.03467827052764186
-0.02196158109724333
-0.01785471835193131
-0.02447378837547881
-0.03068691709591733
-0.01786786635931834
-0.023113632825207554
-0.020143704852854608
-0.02966264330008969
-0.025553556364410118
-0.03656173907274809
-0.0369763939905726
-0.04816137258558661
-0.05052712839141069
-0.05455957827089096
-0.05232705243696065
-0.05140382597905751
-0.052526797060987826
-0.05815754366291807
-0.05112838832716057
-0.05527933092002956
-0.05764368306245594
-0.05339576836713855
-0.05631580907914558
-0.053962645571148056
-0.05859255063931913
-0.050685232288542596
-0.05676114182052539
-0.05624777975841029
-0.05595163495801597
-0.05578256588104867
-0.05733081238393867
-0.05818445462715111
-0.05599853644270621
-0.055921860173645616
-0.05463955885156136
-0.055637800403127914
-0.056551064477355174
-0.05585828126181743
-0.056829681794542286
-0.05055883805525206
-0.057711831367399755
-0.052824516720073614
-0.04987115019574467
-0.051455206027994374
-0.054707982843611606
-0.052923302754512215
-0.05567631635996315
-0.047923906465068014
-0.05249018507192612
-0.054279897688826156
-0.04810077392421756
-0.050563565660587124
-0.0400292935442338
-0.028504254688452274
-0.028354678128297527
-0.03696013930015126
-0.044559227177271794
-0.0519024472882065
-0.05299728792540442
-0.050894009240378554
-0.053657454543561474
-0.054622766008246046
-0.059087499864084375
-0.06048085204789241
-0.05760814651953343
-0.05953127589878128
-0.0586747224889602
-0.05604814129183818
-0.05421739924845239
-0.05918767609660085
-0.05733264168471498
-0.06064100119059103
-0.05454973425290358
-0.057382719900291
-0.055563740817746225
-0.056250620992435094
-0.059223411519426485
-0.05621658079895784
-0.05877566845949687
-0.06104726538359844
-0.05283834895482667
-0.05696794831724377
-0.05325406002867968
-0.05711655055223878
-0.0556280034759955
-0.05596447495003821
-0.05298583782080776
-0.05630146034441461
-0.055292246856888744
-0.05748546284930879
-0.05715486027590346
-0.05832629395643648
-0.0530081539302224
-0.05303676568580218
-0.057528085411931856
-0.05689815938599142
-0.059220291641922294
-0.05940064567614846
-0.054596652269807644
-0.05645663097438301
-0.05209139522873612
-0.05674785657133962
-0.052341394442523344
-0.05397192548413594
-0.048026724995096644
-0.038338517178465016
-0.03464819677624757
-0.03147145886951546
-0.03775772301107289
-0.0351895939434375
-0.029817928652157048
-0.04300880203527508
-0.0459304774758734
-0.05299631580188047
-0.05837888866041024
-0.05454764344779469
-0.055939301135985706
-0.05008630758185128
-0.055540504245170805
-0.0552385030022303
-0.055509030283892445
-0.05516998304203454
-0.05511048615677105
-0.05726971246753814
-0.04968363393970834
-0.05376746599092585
-0.05133018510943907
-0.04958627210765383
-0.052086481711534495
-0.05062452330897201
-0.04973284194407052
-0.05022952259268292
-0.05343758007675975
-0.04850776191330352
-0.043639339801186186
-0.050227446404102705
-0.04702064690757957
-0.04666436976185296
-0.04405972586260068
-0.05264485118546196
-0.04553247613200668
-0.04780214432777154
-0.04618809292093081
-0.047942434622910604
-0.05054514847665197
-0.0335411813327294
-0.03739143023944684
-0.051472477954573215
-0.05751756446962009
-0.060117285130782475
-0.06232089375631868
-0.06174945286103283
-0.060762950523703105
-0.06065862074911664
-0.06106313907229688
-0.06090343106974092
-0.05901985993686993
-0.05969434374773485
-0.058190633089161885
-0.055878136426709156
-0.061266587576863256
-0.0609278917355217
-0.05867142003158053
-0.05823367757264341
-0.058460273233413074
-0.059184743720431414
-0.05781721171110389
-0.0634304478902726
-0.057183297808285016
-0.05455167368751402
-0.051015039428526955
-0.0579610896142157
-0.05764217039964842
-0.05044949808442242
-0.05938600904021581
-0.052769961416325346
-0.06047532953409187
-0.054520241203189164
-0.0559850289919572
-0.05654752109441212
-0.049513410149013455
-0.05295840919823647
-0.05242567254233349
-0.05013937050425055
-0.0477699275332199
-0.05116734067338001
-0.0435702945629576
-0.025944206392127116
-0.03369460462733163
-0.024298593750931304
-0.031079729959562555
-0.032338168299322186
-0.03569561795059787
-1.0
-0.04035523511137861
-0.03562097116288725
-0.04794947875788642
-0.04606880166410612
-0.04621367263181795
-0.05176138361795195
-0.05508564157499005
-0.05818663510303985
-0.049688282349156065
-0.057846726818323646
-0.05638421526101562
-0.05425199060181425
-0.05901165018286273
-0.05131978593464532
-0.05250134847845876
-0.057057406167181426
-0.052801662776921984
-0.05578507808219163
-0.05374765681574653
-0.052968126481318836
-0.05262574505046887
-0.05436979587979848
-0.05680987206093947
-0.05561360233963147
-0.05487370575526014
-0.0570367869103816
-0.055291214374272236
-0.05453100154545051
-0.053942592759956755
-0.05696430442327516
-0.059569051545020825
-0.058799525801705874
-0.05591251256700778
-0.05407372410540765
-0.056641871325580816
-0.05381981294609816
-0.052716135460238116
-0.05536282991370678
-0.050753846718567405
-0.05369145918129452
-0.04508423266134097
-0.036102813606858394
-0.03028292853789101
-0.03166969925325457
-0.03806164537237139
-0.03501459963572078
-0.03264602085891689
-0.034805237487169176
-0.03239947164648085
-0.021429156389039847
-0.014058644007428463
-0.01828556058575425
-0.021669653810707446
-1.0
-1.0
-1.0
-1.0
-1.0
-0.0062239221323970965
-1.0
-1.0
-1.0
-1.0
-1.0
-1.0
-1.0
-1.0
-0.005573546859206041
-0.007174575982438341
-0.0042395042465647745
0.01058573374985199
0.0013998956461831213
0.015147008018131772
0.020479915000670496
0.01465874522946774
0.01265137654192109
0.019233294563857077
0.016575589593549524
0.013894735567422559
0.010401979232495563
0.014204624307255378
0.015140040102002018
0.012871881817204714
0.019791510948379314
0.013471144638175928
0.01753787372077926
0.01718479050226957
0.017739979649367004
0.017638007957392135
0.016718657875545377
0.016185322790846123
0.01596525117622033
0.013072736910344834
0.003352570559723442
-0.004981525147371136
-0.011264530867376228
-0.017812244314961315
-0.0153678627976757
-0.009067805754302336
-1.0
-1.0
-1.0
-1.0
-1.0
0.012784084185599792
-1.0
-1.0
-0.002718569121377799
-0.0029391967602498004
-0.0026614723747361464
0.0008937654692858603
0.0031854330206367463
0.01618823879845397
0.02389386707572539
0.023645536174481067
0.02056625381717795
0.01843380013013415
0.030435636550228466
0.027878846433491134
0.027154558092200562
0.03460844399055122
0.02976985538103432
0.024392675027172954
0.021876956659401176
0.02892680688208446
0.02649190678762518
0.029160994526501508
0.02971628649005249
0.0374893068453372
0.03135298814108845
0.028749088107983135
0.026038243139510038
0.024355842492347526
0.029581015527673525
0.027065798765391853
0.03308914429910733
0.031903556398858016
0.024643742226871088
0.031843950629665635
0.03450689325731525
0.03670436978125757
0.03361103098432079
0.03235369264689654
0.030760570165580856
0.0330702404412595
0.03819999753981542
0.029350111231691383
0.036030761038153086
0.03325253065293001
0.03007301736418937
0.029708085692390276
0.03419471325710911
0.03206887502057412
0.03692749884770571
0.031217292734419196
0.037155525412277374
0.034602284364401714
0.03756722312690485
0.03404054352246497
0.03661016548349633
0.03149636875384374
0.030048102365725086
0.035323430198061216
0.03255294205310803
0.03566455749274144
0.0322608350211819
0.0260061880212765
-1.0
-1.0
-1.0
-1.0
-1.0
-1.0
-1.0
-1.0
-1.0
-1.0
-1.0
-1.0
-1.0
-1.0
-1.0
-1.0
-1.0
-1.0
-1.0
0.02360209229523382
0.019276360680790774
0.02631421961845626
0.017750433918257407
0.02349181832488268
0.026433470945913615
0.029158046155868884
-1.0
-1.0
-1.0
-1.0
-1.0
-1.0
-1.0
-1.0
-1.0
0.02216271817999649
0.0184743613821959
0.02034414555049627
0.018488160607519028
0.013629349003670858
0.010726943140512129
0.008131939701065845
0.0021418128819227435
0.00878095307445094
0.006527469482298142
0.001678821721618755
0.0006664433108492423
-0.0039024274330165154
0.0022212664664957764
-0.003306257066328187
0.003612034958330802
0.0024895171549716754
0.0029863989218585026
0.0046966913129740575
0.006498653904262959
0.00771046961419208
0.003396407583854765
0.0015028228082373922
-0.003243568133515585
0.0036735557694770504
-0.007962383076208121
-2.1084243747150295e-05
0.001982999683149446
0.0015395333786416023
-0.009902267212472634
-0.013568561256423424
-0.028581364251857654
-0.026181545186645547
-0.03044911661072685
-0.029640171705338583
-0.01916747689268134
-0.01918961566753518
-0.0251591189001491
-0.023276705087050865
-0.023787168380169185
-0.026333692598103243
-0.027378867678646765
-0.027875412241964197
-1.0
-1.0
-1.0
-1.0
-1.0
-1.0
-1.0
-1.0
-1.0
-1.0
-1.0
-1.0
-1.0
-1.0
-1.0
-1.0
-1.0
-0.03189312084606397
-0.03690279144428354
-0.03055112494613451
-1.0
-1.0
-1.0
-0.017878951677176732
-0.020262217936675545
-0.029733355735233124
-0.023846743963640317
-0.017806927761605133
-0.008146994660759061
-0.02174335263695289
-0.02816793104515759
-0.022362985856476964
-0.017476183629087153
-0.03078066938319053
-0.021216424828131165
-0.011783732507937643
-0.013106902046428691
-0.01204880866365287
-0.009588708074600194
-0.03892436542376192
-0.05143883001952942
-0.027300581273364332
-0.015571448372957635
-0.04558365189193254
-0.03528877708522181
-0.02995491477633585
-0.027877954307525776
-0.02254376936342747
-0.03346085911809937
-0.033543927101652736
-1.0
-1.0
-1.0
-1.0
-1.0
-1.0
-1.0
-1.0
-1.0
-1.0
-0.0484187732295475
-1.0
-1.0
-1.0
-0.048580135995107056
-1.0
-1.0
-1.0
-1.0
-0.043140216530122434
-0.04619363756646294
-0.04492265773476517
-1.0
-1.0
-1.0
-1.0
-1.0
-1.0
-1.0
-1.0
-1.0
-1.0
-1.0
-1.0
-1.0
-1.0
-1.0
-1.0
-1.0
-1.0
-1.0
-1.0
-1.0
-1.0
-1.0
-1.0
-1.0
-1.0
-1.0
-1.0
-1.0
-1.0
-1.0
-1.0
-1.0
-1.0
-1.0
-1.0
-1.0
-1.0
-1.0
-1.0
-1.0
-1.0
-1.0
-1.0
-1.0
-1.0
-1.0
-1.0
-1.0
-1.0
-1.0
-1.0
-1.0
-1.0
-1.0
-1.0
-1.0
-1.0
-1.0
-1.0
-1.0
-1.0
-1.0
-1.0
-1.0
-1.0
-1.0
-1.0
-1.0
-1.0
-1.0
-1.0
-1.0
-1.0
-1.0
-1.0
-1.0
-1.0
-1.0
-1.0
-1.0
-1.0
-1.0
-1.0
-1.0
-1.0
-1.0
-1.0
-1.0
-1.0
-1.0
-1.0
-1.0
-1.0
-1.0
-1.0
-1.0
-1.0
-1.0
-1.0
-1.0
-1.0
-1.0
-1.0
-1.0
-1.0
-1.0
-1.0
-1.0
-1.0
-1.0
-1.0
-1.0
-1.0
-1.0
-1.0
-1.0
-1.0
-1.0
-1.0
-1.0
-1.0
-1.0
-1.0
-1.0
-1.0
-1.0
-1.0
-1.0
-1.0
-1.0
-1.0
-1.0
-1.0
-1.0
-1.0
-1.0
-1.0
-1.0
-1.0
-1.0
-1.0
-1.0
-1.0
-1.0
-1.0
-1.0
-1.0
-1.0
-1.0
-1.0
-1.0
-0.00524844056462109
-0.003416333590635121
-0.005959944853240911
-0.005798828918646494
-0.009180394078102902
-0.009144826239230996
-0.0121709220725668
-0.01792370134048476
-0.016761428805356176
-0.016775508254670772
-0.011741072080610681
-0.009708739272624146
-0.010431141938375237
-0.013589508194376354
-0.015371544627441305
-0.009945225960771518
-0.013257936657857896
-0.013219377882258146
-0.009527498313874125
-0.0077683266877024
-0.007525670700817205
-0.004797642256640219
-0.00507646388795262
-0.005451314430107696
-0.002858565549646346
0.0016545149006646903
-0.0034980976107058144
-0.00335397570925755
-0.005412169042109
-0.0049950348880408385
-0.004517143311489151
-0.00813300846240388
-0.004422688141203433
0.008018789704746232
0.010960845795188861
0.009247722694883588
0.0038960573633798996
0.005265096132637665
0.002770367001401943
0.00950524633220642
0.008574673717046077
0.013268452676082695
0.017264165166771
0.019668200331742602
0.02300470102543454
0.026118011495701084
0.022573908260973666
0.029265625160049685
0.026373665704338523
0.02386041886054398
0.023140180836248227
0.023172934406101957
0.021744657144697793
0.023931591275665617
0.022991231047068777
0.024078217060228196
0.02503681763835599
0.022513216812205892
0.025619539941382365
0.020976912529082
0.02077535420972123
0.019716215380941607
0.02003688803111454
0.019440764188981316
0.02264776318910108
0.024110046554650093
0.02455777306579079
0.01666967510809055
0.019967937087858774
0.020856754710469955
0.02229734560706375
0.022168595018718474
0.020751122650620738
0.012715434900152827
0.018177157591618042
0.017420446140165045
0.020719018616190986
0.01891189086714659
0.021539239205051304
0.021120031964885565
0.020958024916508375
0.016825250365186242
0.020633237272678087
0.025068860995196566
0.025353856748251337
0.021674180106306246
0.021650328608266982
0.02286442978841482
0.023176210703373647
0.02010063880430396
0.018048218977034826
0.017780268367336642
0.016378284443054225
0.01884989607069255
0.015082870976812147
0.01360322924042721
0.019717985496758853
0.019493864207247757
0.01806577558554278
0.014109509802710477
0.01615122688551251
0.010237626969661476
0.013874335228985506
0.012449712430505112
0.021244724583714878
0.0169327416367711
0.016121179957131027
0.01761879164047518
0.02006388618147843
0.01990667163947015
0.02071531795188983
0.01966642662722434
0.015274908438853365
0.016486979384704607
0.017555231598379007
0.01589891139155408
0.017220910112673342
0.017147416152337256
0.019613343305451638
0.01906113049746085
0.02084690340817203
0.015941320224173168
0.019087571909260467
0.017131560260067576
-1.0
-1.0
-1.0
-1.0
-1.0
-1.0
-1.0
0.020420949236971506
0.01992859835991711
0.020538091201220646
0.014989930792104407
0.017637429160568024
0.017041272250663857
0.01845518809080852
0.016562094118375024
0.019474651982321015
0.014669970271608348
-1.0
0.01747891862013775
0.01800370395926887
0.012648299643509844
0.01725007174259238
0.016313115151943065
0.01435779364923634
0.016393519552344638
0.015110578031652286
0.015634137224446516
0.01826173067685892
0.01747767535017031
0.01700528297387644
0.01654723914139051
0.015972541213195215
0.014907673502812562
0.013840412329902779
0.016396306704748287
0.013929073269521839
0.01881499484696236
0.018967164600451062
0.01665100364765534
0.016964706993081138
0.012825759333186214
0.010679763391294055
0.011473856546968577
0.015360045714322569
0.014529004489362382
0.01788952323905488
0.01717837383363214
0.01373478798874779
0.012086041230361725
0.014884998844957281
0.021587063992105127
0.022081977756193187
0.023293920113501024
-1.0
-1.0
-1.0
0.02040898250403916
-1.0
-1.0
-1.0
0.020457973623678027
0.018158817377840333
0.017542000042080532
0.016230187268478573
0.018030471005177007
0.017198741788166525
0.017064929738690563
0.016099886280035024
0.017231882099784275
0.017078999412046457
0.018314503630797684
0.01763942871453401
0.0116838202772714
0.01015363343297428
0.011639673932304714
0.0072117487324596915
0.0003214533136336941
0.0011404002555433443
-0.0033065630461158197
-0.0012971130704078112
-0.006194835087460222
-0.004473632506851371
-0.0037264405579991904
-0.002396401759324632
-0.000942206554944824
-0.0017158497976470074
0.0020525864308845415
0.0013864516969514125
0.0005430579648930014
0.0008365993703516561
0.0007733912119569819
0.00020609643506292727
-0.006923626502297596
-0.00701718706362501
-0.01277658093425267
-0.01930289848426437
-0.018545982243789113
-0.02631033786357806
-0.018874076402527695
-0.02571336464401838
-0.024003404143847766
-0.016619855329668455
-0.022965950263673648
-0.021799014576067827
-0.022379499566267735
-0.021771346970784863
-0.020274335477345872
-0.019662761286656033
-0.017304633682871454
-0.022638478327417878
-0.020304076296029303
-0.022738950002938126
-0.020626475298730695
-0.024193507051912658
-0.02417520104094323
-0.02430624614504989
-0.022750180011919332
-0.023909216881503402
-0.022998177200323305
-0.025184951032339937
-0.020938091552197724
-0.023658973818655886
-0.027012529847316474
-0.022754358216422858
-0.022198485948355103
-0.01820181884098865
-0.02138921410518697
-0.026121715538894256
-0.0228453829557238
-0.0248018337304718
-0.024931983698544078
-0.022750937997937686
-0.022037681342075347
-0.0255017544467099
-0.024401373488738918
-0.02333086723653027
-0.021501157895584707
-0.021790798704510506
-0.02202606538512458
-0.022013735218193282
-0.01963455055139958
-0.017242684864788527
-0.016952662349277337
-0.009723912140783
-0.01161612375614531
-0.011554727584498851
-0.009465175111339368
-0.010455531249567069
-0.016039023142474764
-0.014061004669877758
-0.015678796839241206
-0.009309326277966245
-0.013944227463754887
-0.012294778933108486
-0.01688004676688993
-0.018711462723172412
-0.015115732853151933
-0.013954013634923388
-0.018793729225527078
-0.018202414548572875
-0.016443313926997834
-0.015500194736463486
-0.018073225212474144
-0.0163030855171567
-0.01624176172685204
-0.02000121365643922
-0.019728569012001505
-0.021522222088522208
-0.01955154186704091
-0.02074365293709041
-0.017183176930413414
-0.020465382397467542
-0.017626024374504654
-0.013094795926917974
-0.012906674115116935
-0.005208230932346532
-0.0019375373957715044
-0.00041578127682711635
0.001586142016627931
-0.0017730071498504379
-0.007097672181248954
-0.008439378750962484
-0.008169517522998618
-0.010353336164191367
-0.007576701620682005
-0.003195004533721219
-0.0022441019067247748
-0.009678633927772795
-0.007573930542280283
-0.011713655097113586
-0.004275545570233683
-0.0029068408326474136
-0.0068186419700454115
-0.006517705310873512
-0.010254923854250184
-0.01336371231172079
-0.0063972538300150665
-0.005395571613860301
-0.002950034912659618
0.0009371238198251596
0.005207739237608229
0.006580751286584409
0.006967618240542414
0.005704292719483978
0.0038231419020801705
0.0032564338015678876
-0.0003013543543886687
0.0019721868190610207
0.003423014820051455
-0.0007916807992507715
-0.002078250564619991
-0.007473795844283877
-0.007816843268627392
-0.007762367648140361
-0.006707770938740627
-0.0049630422889029
-0.007102380027234227
-0.01005672972158833
-0.012517829260077945
-0.010550211567111379
-0.009491087489040012
-0.008794890999768754
-1.0
-1.0
-1.0
-1.0
-1.0
-1.0
-1.0
-1.0
-1.0
-1.0
-1.0
-1.0
-1.0
-1.0
0.0014660834931676408
0.007708877426633436
0.011328721131923267
0.014768503120573592
0.014876824786354418
0.016315675725355156
0.010551466578128244
0.007320358232464619
0.0021583850784602033
0.0074742283564413715
0.00600663168039106
0.005446473325625038
0.004941305531033192
0.007546509763920425
0.005205197929429877
0.009068692862078153
0.0053830649090659405
0.008952594791389334
0.010709430338891239
0.012418114734225381
0.010874641807315295
0.008530960227536587
0.008398946029558048
0.011282983557623775
0.011445384591896887
0.015121600805758853
0.01591424780911289
0.019282394557054782
0.016097038720856487
0.01521942842494688
0.014423903862606453
0.01758731508649497
0.016521249530238945
0.017171014452506305
0.01541258694271494
0.014780301148975963
0.016207047657892965
0.015196009495214373
0.017067209145147935
0.01377026752907226
0.017566035508513655
0.014637166200284303
0.012966753966933345
0.013635058543728814
0.01351600582182165
0.012762503617088278
0.011355580165279777
0.007367026212209745
0.0036085399097217216
0.005359283522177249
0.005554824396433769
0.002389648459367414
0.0015883605980243547
0.002218968886157527
0.004312706572816675
0.0008769763853295497
-1.0
-1.0
-1.0
-1.0
-1.0
-1.0
-1.0
-1.0
-1.0
-1.0
0.020731789193381908
0.018896486836523025
0.01594234328173465
0.018167322276162298
0.02361020437019219
0.025581099869645463
-1.0
0.018902030012369505
0.015776862527951133
0.02173262498262573
0.019481251654214465
0.01641480018427115
0.018380296728677255
0.02086251330766372
0.02381793911075422
0.0287527342333991
0.026839870245775155
0.02408819825397228
0.026184810728510435
0.025216285935665807
0.020334420838980755
0.026544891179967556
0.022643843133908097
0.02767258473476836
0.01839661037429424
0.021251608586658373
0.01765929943746433
0.016771417818820387
0.016869009623724358
0.01746479593015916
0.019160366654829643
0.019420082882226002
0.015438151319204094
0.020307570953953233
0.01982751492950695
0.025127921099768774
0.019997542595958213
0.019251321034247974
0.017506351908137072
0.017908660365123407
0.015505160357828339
0.017039727407034206
0.01745723666603228
0.020847960920090152
0.023247679360548962
0.025983148970152248
0.018991742671964948
0.02183919469416649
0.02113030697204234
0.02619204746894517
0.023918067708446487
0.02238150175316406
0.026555826601913537
0.022174371528336647
0.023232310488927713
0.021694650951493786
0.02046207568215152
0.02061817422766591
0.013874243890622355
0.013148046867951301
0.011869711844424698
0.012679449471019443
0.011440912346558058
0.01738568555859528
0.021942146251005788
0.02044980955140394
0.022769731239099762
0.020665035089174926
0.025457966519807966
0.021540048151533812
0.019432023164629497
0.02621108332912015
0.021767512384193822
0.023976180611075548
0.018165619530047264
0.019832427557517286
0.015006945383946002
0.01783268343885158
0.01738240493673582
0.01945508414929403
0.021768736144628837
0.016554139381579958
0.014555204328959976
0.011726643104617936
0.01240708204016877
0.011331898032842161
0.010078165676981549
0.008087677097650433
0.01146485239934091
0.009270511351551203
0.0006055063226509938
-0.001882035701583243
-0.005714036120491203
-0.006915979819309629
-0.01275841924103642
-0.015593175799234162
-0.017484255530198115
-0.017070311052691654
-0.01297559582814252
-0.010513927099539563
-0.011351692853044888
-0.011790366089259187
-0.011672460157631511
-0.010288069788277641
-0.014014919442347706
-0.018108226549760766
-0.0178074365541639
-0.018397350199882437
-0.017080180959888003
-0.016279983678024582
-0.019127114761047122
-1.0
-0.018330636136049967
-0.016082015896928887
-0.02211463535218205
-0.013568074829636219
-1.0
-0.016225442972239032
-0.019092618186940392
-0.019179237841559338
-0.017243646340593444
-0.019514621731341882
-0.014714799072618205
-0.01426900730281108
-0.016650847786166982
-0.01600497643884194
-0.013606570346350814
-0.006930464236231064
-0.006225988511323656
-0.007405954258471381
-0.007781040554514056
-0.010260110273102557
-0.003369662531188769
-0.0004902108288699856
0.007091174022911767
0.011463858023297675
0.017150233903973133
0.014265744581987998
0.017732367734212
0.017777681781829927
0.01862774742262155
0.022948885562846313
0.022526530868932106
0.02556803698897924
0.023858931147180823
0.02405550284798878
0.024736367575488718
0.025557689770026808
0.023586848188053976
0.0242638872142394
0.026794479033244393
0.02286386270339233
0.024167018686289524
0.026235725923232377
0.02416883122990295
0.02223815048522147
0.022856304258543646
0.02317615952224181
0.02616085958864213
0.022584969716432084
0.022642542873531426
0.02533000605958303
0.022024873762697888
0.025597977190467244
0.02182187753137863
0.019568838478329253
0.022656576867578073
0.02109932325345299
0.02296554285344867
0.024399126913771968
0.02622159689414472
0.024216834290317707
0.023571437524782694
0.022895642299406084
0.026866755279700606
0.019718077985117814
0.020807049798756583
0.023700551684741417
0.0260328598614555
0.02707440972053033
0.025833898464584504
0.021700322669945798
0.020026241200296207
0.021892486364539023
0.022631060727691256
0.019884011360476756
0.024672865229442724
0.02555390687200959
0.0236428619605177
0.02252660606895299
0.01915893052186286
0.018553272549992835
0.021470220050510167
0.02118597710622846
0.021544494233241326
0.026762355378925715
0.02892235356207839
0.03746512710509914
0.022336568086440623
0.023479399190051414
0.020294452041153207
0.016173939441146177
0.01678172878714941
0.01962982124476342
0.019989560110149317
0.023004414311144472
0.019906177316768005
0.02435226082537797
0.020739271337052025
0.018760021721520814
0.01930741327572402
0.018972464204484524
0.02117039144988057
0.02104015587971499
0.02084550976164572
0.018654562994170096
0.023471404201856238
0.020500328782288222
0.02343758010152953
0.021432969838504835
0.023099090525876838
0.020947051118904568
0.020741104148712147
0.02125053617967202
0.02474959918915966
0.022815390443403513
0.023718874120251414
0.027134019447188143
0.023784457944885824
0.024407526970286905
0.025051549024974067
0.02156402800576198
0.02287244676212134
0.02324183746081706
0.022937029807231984
0.02184335438146528
0.02324153957709235
0.022930347681719285
0.022160135560301972
0.021362555487681872
0.02153817679350696
0.01979876413031786
0.01982818612386246
0.0177951696946816
0.02208295738776574
0.019246715010329787
0.02110976239501004
0.01893730149946801
0.023093445836401123
0.016130990352660232
0.012845975729763957
0.021513192712132156
0.018384141100198363
0.020249328638466076
0.02086526494101906
0.022484532348731417
0.01877058887835762
0.021958078449660544
0.023442172160175193
0.023425497584836887
0.024211577994972398
0.02200804007276538
0.022388561939759733
0.024755854996792576
0.020976257345058
0.022907131093991315
0.023849072848107597
0.020775610032883314
0.02346627902597742
0.023195386998185293
0.02375984652936084
0.015604900503552406
0.02146686451212955
0.018549791042825798
0.022171114008832125
0.022441421536411748
0.024653248251096056
0.019924210299929808
0.018685802243125472
0.017303937821256322
0.016704396840115668
0.01755134947545374
-1.0
-1.0
-1.0
-1.0
-1.0
0.012928428055137048
-1.0
0.009972247476816158
0.005673513630125956
0.007734587961253905
0.008431911023170043
0.006871337026127132
0.00622118478105624
0.008132730845329323
0.004441963188271342
0.009653338661937983
0.008882065292488623
0.007964416030320137
0.009981124169737378
0.011267025636949844
0.010786004666312413
0.009286104103686459
0.01046237738307116
0.02042253662318042
0.018726064609792113
0.016369297883133408
0.018368330387622558
0.01743806221165292
0.01816347978766964
0.0176361721617446
-1.0
-1.0
-1.0
-1.0
-1.0
-1.0
-1.0
-1.0
-1.0
-1.0
-1.0
-1.0
-1.0
-1.0
-1.0
-1.0
-1.0
-1.0
-1.0
-1.0
-1.0
0.010951543235766302
0.012922554035317255
0.014073772184489292
0.013404474798664252
0.012537723221277277
0.013233101768427645
0.011238390775940363
0.012481382954595395
0.019783334442008704
0.012638165460007766
0.015504826865703225
0.008928568783667608
-1.0
-1.0
0.013993388493668033
0.016370986712060043
0.018732579126710325
0.019302973161174724
0.021087546811536843
0.020258530632776692
0.02498479811918076
0.02321773663409938
0.022322289333537575
0.019633802695101458
0.0176128373063546
0.012703106879264814
0.011712231234080281
-1.0
-1.0
-1.0
-1.0
-1.0
-1.0
-1.0
-1.0
0.020181044543503508
0.02089271813990487
0.024185285007300286
0.025317484788458182
0.024528608432895598
0.01934445880197241
0.0184437625503793
0.017761562647512306
0.02473007106597489
0.021289384490062575
0.02708274977608468
0.026189517578721105
0.021876709162887215
0.022868567886284295
0.025987227114761702
0.0272415694883629
0.02330721100095506
0.023733068998577828
0.024313783557602876
0.02005857170520478
0.020174395693876496
0.017201507004363015
0.013711366057527909
0.01931240343025918
0.015757946144547594
0.02356378943196671
0.02095382432956488
0.020240753696812032
0.015650760127973777
0.010533346209049301
0.0127696814821789
0.01073347957621709
0.014705142975639613
0.019112856187164677
0.018491036449755183
0.01789807690298217
0.0213200151782851
0.019849255532323345
0.02348624105994037
0.024388773346044567
0.022230183627779464
0.0190184268030064
0.0190458054944556
0.019174545938658707
0.016985343137565497
0.019600501203735743
0.019262654306171495
0.018909187406020878
0.01913342959268365
0.018970677221446196
0.02017690494564932
0.022451864252883338
0.024814689386403695
0.024817813131250283
0.02476279191192603
0.019290679667433676
0.026670164007175763
0.024509285744492196
0.021643835451396958
0.020283878148379546
0.0205387208878658
0.018562500020162635
0.019334333287174668
0.022696135320272967
0.028328000692169807
0.024734663804180157
0.022428688653838114
0.021581232734163666
0.02093164049674127
0.0196705247174854
0.023039313305143336
0.021276470649077207
0.02346529981119261
0.018847027785246044
0.01625370955507438
0.022061757957771534
0.0204451347238959
0.01697315600361362
0.020718473939656867
0.026499326793593153
0.02436480774067024
0.019326907500353752
0.021901111416814754
0.02415312426013821
0.020970286007677908
0.021897766062962253
0.02106799949733916
0.02518480815827136
0.024930810162508383
0.025305985831597377
0.021785990178700657
0.0201250662241814
0.021655930527149675
0.019979905923217776
0.022301732386035295
0.02437529905467386
0.02104733537518628
0.028405606542768604
0.02857875143807847
0.02641079578901012
0.027487397966868863
0.027699327743986025
0.028625159949671557
0.02465800654669921
0.02334405992422055
0.018054505127075977
0.02097215935980676
0.025257805246907978
0.020544863221158345
0.02098867150245703
0.02891444828623063
0.027553927324604082
0.020936129179170426
0.022849590623365792
0.02148073344048086
0.02081696193106959
0.0196555295431202
0.019482952016496153
0.01802725771560563
0.014968470679627274
0.018349105329425935
0.018893781606402055
0.0210750095346745
0.01901409311674166
0.017617503583905788
0.014672677316155604
0.011061550219245297
0.008889682887432434
0.008425250927609061
0.008114657515118397
0.006254235117982212
0.003444240860244466
0.0032522853362236996
0.006624533864102759
0.005480547530618607
0.0044225985045308865
0.0025288885465287875
0.003413522999118791
0.0039420496637593535
0.0028022591970201954
0.005988563840751158
0.0020823169877052265
0.0032275877815976972
-0.0008111855988724464
-0.007455682137365848
-0.011480193812882997
-0.01141997473554726
-0.0233020904118644
-0.029137502928336927
-0.034610902725246584
-0.037506180623166255
-0.03646150804882466
-0.04093531001750867
-0.03922862532887781
-0.039495882352558645
-0.035721009176824255
-0.03852253810941155
-0.04087978584675471
-0.043076308925303446
-0.040629490796659874
-0.04200591833342293
-0.04342695771430511
-0.04364308704665592
-0.04419508196968739
-0.045049169290179845
-0.04482294035519906
-0.042544543656983826
-0.044376302350382396
-0.046252871434588456
-0.04390443169954259
-0.04441840202193331
-0.042334840515043645
-0.043684639313264356
-0.04321230647215788
-0.04025393507782495
-0.041208177167648505
-0.04411279350242345
-0.03887355138709818
-0.04200147629572603
-0.03978002632473499
-0.04638824136830006
-0.045204314760681576
-0.04269197754802387
-0.03894530217793613
-0.04039859309759682
-0.04299178518261258
-0.04040196146846045
-0.03655414739291005
-0.04172696813152949
-0.038074114657319254
-0.035750726653059686
-0.03879513400507851
-1.0
-0.04050882209631123
-0.03870882627772829
-0.038729612079935326
-0.04168771116720317
-0.041434308483414166
-0.03860977818219706
-0.03857309411078322
-0.0304816064936572
-0.03808451453391817
-0.03249357741841119
-0.03999815893721953
-0.03434314820289106
-0.03230996578054634
-0.03274050667093699
-0.02587170016313056
-0.03556616061006165
-0.03382843979965741
-0.03641464503423303
-0.03509040327316117
-0.03836181818866319
-0.041017404724140644
-0.03355887812478213
-0.03663913892706035
-0.03669930121966191
-0.034166020164170016
-0.032332436022336285
-0.03585068598454799
-0.03533525474343379
-0.03253261572541048
-0.032545434124873346
-0.040467005409532034
-0.0375272556068706
-0.03704445626206636
-0.03903950946277237
-0.03473039623294974
-0.035474770203809625
-0.03579830440521908
-0.03502317580856169
-0.039366848462732244
-0.03633216525301689
-0.0383862230142786
-0.03761725021919189
-0.04041324413954564
-0.03705735727079859
-1.0
-0.03534819782308134
-0.039594042659874
-0.033257236098305006
-0.03678529164130085
-0.03338714638993704
-0.03618289624429415
-0.037853843151894793
-0.03678334310265678
-1.0
-1.0
-0.03638929778084109
-0.03540540228503141
-0.04031072890166086
-0.04008839653681015
-0.038479467657684785
-0.03811032069200165
-0.03820277485525595
-0.039253579266849525
-0.037224021831320134
-0.0411939788778637
-0.038298654742572
-0.04122661936144216
-0.041384906408575006
-0.041136078124093436
-0.03784812129551429
-0.04173741362770115
-0.04037074701980766
-0.03960749188585353
-0.039065722309179665
-0.0425045084334343
-0.04172302089870707
-0.04023520048180896
-0.03856714019065127
-0.037980710039496206
-0.03803805818552361
-0.04202472251581682
-0.04274904401954465
-0.04104921096327195
-0.038090042074537846
-0.04275798396633502
-0.04351268474109132
-0.04062428866540332
-0.0424531777071736
-0.043856582254921284
-0.04452493662285889
-0.04195663143687807
-0.0424110408604147
-0.04741611433302426
-0.04409834487065786
-0.04582006446537784
-0.04497355907991086
-0.044226036750493816
-0.0456713264713651
-0.04304855076422254
-0.04012096964117491
-0.03936683018839436
-0.03381598547975156
-0.029575481177431452
-0.029176484259709146
-1.0
-0.02658965846597901
-0.026287976991179084
-0.026069794318000338
-0.032632345647352165
-0.02645847217174381
-0.03255257970868936
-0.0372646715994437
-0.03447900719704522
-0.03331554662577659
-0.0400946245617982
-0.041241126263581666
-0.03962677644004224
-0.03723755327525912
-0.03505786686409328
-0.031119534165722353
-0.026616980771033544
-0.02813117515990225
-0.032964632517759156
-0.028209523746378775
-0.026496091317564682
-0.02706312455670269
-0.027898735170326185
-0.029951848219104293
-0.034176164490409326
-0.03548209207091607
-0.03469342757767922
-0.03547891909047689
-0.024475022340886266
-0.02825481276764493
-0.032499534554339564
-0.033377936346806227
-0.03655347964008737
-0.035711536419004083
-0.03726557539564287
-0.03903577942247597
-0.03943555859212734
-0.03703313998115824
-0.039393060688053816
-0.03529598496388331
-0.037302745249735945
-0.037763578926204244
-0.036885792103897995
-0.035619823545915655
-0.030263518117409106
-0.030137912553294576
-0.024402058748773936
-0.03250815583432927
-0.03428810844605189
-0.03042564143766713
-0.030399304678780954
-0.02573424484918123
-0.03104223057859987
-0.034069719965916685
-0.0290508122035939
-0.03266599604714562
-0.034139172645983644
-0.028258693727408954
-0.030859449922493416
-0.03311184567736049
-0.03355665618294422
-0.03828465346840132
-0.02617383719775233
-0.03210714599842786
-0.03288154186938188
-0.027540118061597462
-0.025652449288238927
-0.025265692542580535
-0.028826414080171718
-0.02314583396284799
-0.02110421370779472
-0.017897841438304075
-0.008594115560820419
-0.007925706052025116
-0.008104054591913514
-0.0076258880980484885
-0.013631188566683551
-0.015494766876357344
-0.017250513443072893
-0.021222466627374644
-0.022966909248344956
-0.022580102139796117
-0.012469208689751321
-0.013990822726952274
-0.01295541057652888
-0.015433555057709268
-0.015944728743972847
-0.011727064222902147
-0.011558203430688677
-0.009024706305702982
-0.008482477323713286
-0.009449248041791663
-0.009830226485067565
-0.011323856182063547
-0.008018064097203395
-0.006948621203131997
-0.005161216020959962
-0.008345375699353988
-0.009629971833268958
-0.007982866384595796
-0.012792969326086905
-0.013753301231313849
-0.013168398333965173
-0.011774961413615654
-0.012325615749713801
-0.013551874923227288
-0.013114786554460066
-0.018044201719576682
-0.017628738391246415
-0.013579696183516265
-0.01716043148869168
-0.012528883942585672
-0.011947467028037681
0.003713845433037726
0.00662811369095759
0.004666810894249561
0.004977604429260814
0.004301455095360315
0.004516927422962293
-0.006844262980521766
-0.013642984491844118
-0.0198067319308147
-0.011612668731841774
-0.017555900857135306
-0.01720935207954267
-0.02260963143190853
-0.021231909489922794
-0.012213246699798603
-0.015306700162067133
-0.014094868827851433
-0.016951665586094972
-0.01865757287951135
-0.011581148215740623
-0.01806862872310147
-0.02041821405895186
-0.016604073025408526
-0.016293599407276246
-0.016735572976799534
-0.011679156078903321
-0.010392654671586694
-0.012884561030364743
-0.010643371840369351
-0.012958884637214323
-0.01065664807651135
-0.006566797928944183
-0.0034427117884694124
-0.005625429799777165
-0.005959338545252986
-0.009657304868927904
-0.010583477610495091
-0.014958565869074816
-0.02084410786387757
-0.02024426840141117
-0.02027955796559612
-0.022301365355438696
-0.02008134779318903
-0.013704125538728454
-0.012659358872527714
-0.009712738601539914
-0.004617675162916854
-0.005425357758974147
-0.0022875277562241785
0.004744788024854266
0.00692975295500794
0.0050760731149551265
0.010988958087306475
0.010488625951369212
0.010604415785213952
0.007186790122437456
0.004875499316438639
0.007195669514011416
0.007368999708009397
0.012700798067563362
0.015012261996793837
0.012113197488257657
0.009683260702292404
0.012101031623210813
0.0063475441615201845
0.0006932257364908551
0.005159057717199103
0.0004407782525917054
0.007472960528132235
-1.0
0.013219578416308183
0.016068393769544127
0.019199130046439947
0.015566261704362682
0.01925860363918409
0.0180788772816685
0.021023370714991173
0.017433020388112987
0.018617698882191284
0.017810770433394855
0.015591438912635265
0.016009111444264333
0.01670520517440659
-1.0
0.010750371811168537
-1.0
-1.0
-1.0
0.011603068996783851
0.0104899626740156
-1.0
0.010037418958529158
0.00745860012559311
0.004816763762281532
-1.0
0.003942701111921182
0.003736578627831753
0.001642659478920054
0.000260884142910666
-0.0016435918701911178
-0.002080040778379873
0.004688752977851399
0.0032815622246142313
0.0028719126174948932
0.0011275236524329825
-0.003950214768501326
-0.0004483588483232548
0.0021234827554923136
0.0016801220351461334
0.0010770012220394534
-2.5288640565526552e-06
-0.0008006121248866788
-0.0016935841355217155
-0.011214890301281167
-0.01875148885856017
-0.02015833546597794
-0.021948379026264526
-0.02347345201112779
-0.024974516971384357
-0.023358603321469336
-0.020797275518290102
-1.0
-0.020740535713624376
-0.019892105415923098
-0.0252605744609944
-0.020609764803171896
-0.020663799336609674
-0.02504082306577419
-0.02361308405595436
-0.022819356195637224
-0.024357705775467173
-0.027189256885726196
-0.023500602776169287
-0.02377222211129205
-0.02869774566016788
-0.024237828502806147
-0.02515710616340798
-0.024397222640645647
-0.02573383043036665
-0.018314937880519563
-0.02356521102673736
-0.020561972991674633
-0.01489965074373325
-0.021221788347045818
-0.020535050909993136
-0.02222829868959023
-0.018765860503646405
-0.02256243367801126
-0.02163125977054879
-0.026610015050455595
-0.022159171269693984
-0.017946089577616627
-0.017966793782652677
-0.019877728035193904
-0.018572303882272535
-0.019338591650948613
-0.017200267386977306
-0.015276651948091552
-0.013517506936249686
-0.016447467410949164
-0.01102996848132119
-0.01024597912584749
-0.006354350135275258
-0.009529807623921483
-0.009089225228915148
-0.008949760615519465
-0.008061862211556312
-0.010130817120575031
-0.009270806123423883
-0.01830693032445628
-0.018182655014989713
-0.02248730458646455
-0.025101255320850793
-0.018916527826111872
-0.023897435290147064
-1.0
-1.0
-1.0
-0.02702286517857907
-1.0
-1.0
-0.02575625057708256
-0.02056238228232407
-1.0
-1.0
-1.0
-1.0
-1.0
0.004539093726110782
0.0015272583101478855
0.009366401085011307
0.007874533586698122
0.0024822116076111977
0.001160844364798834
-0.0003282051345429522
-0.008291384685927886
-0.005969599616692462
-0.0081685690800138
-0.0049565478206374265
-0.009498574514462598
-0.008142033899703536
-0.007516992226298683
-0.004767093618244974
-0.005918016639065086
-0.007359777004730038
-0.004639174932188112
-0.0037137704716035786
-0.005640411335799014
-0.004115549309775508
-0.0028963042605107234
-0.0034148495310373714
-0.004730296113621938
0.0002889093272664334
-0.005249179240203853
-0.0027339158943437106
-0.0034463497176001
-0.0047228272997791075
0.0024909171996385484
-0.0004425932600625021
-0.005395191636953182
-0.0024404071382060034
-0.00016904094396919813
0.0014030065199097726
0.015979205856758105
0.011715074912939858
0.01264112755488005
0.0060599134876109075
0.01103852608322377
0.01467396098370444
0.014725612045961048
0.01823645421799843
0.017342594960817838
0.01829196017842421
0.022320369105457344
0.02070595220187639
0.021907353354320373
0.0211186814932152
0.029730165319152988
0.025559176803357547
0.029863963399321933
0.02391011949884178
-1.0
0.01767508861857803
0.025990547421695175
0.02560379615104209
0.028569328563397875
0.030295498889594957
0.02608483971243335
0.025177712958363237
0.026299435244153735
0.026028236219761396
0.02220614980300861
0.02523206382988409
0.025606271432813726
0.023433633283371558
0.023545735334693313
0.02500942458975058
0.02325529447388599
0.023563940564060682
-1.0
-1.0
-1.0
0.0241929513401188
0.024239521669331788
0.024729219847686685
0.024302498262880945
0.02444960362294956
0.020275106955310356
0.02397155270664933
0.017960577123297673
0.02315230626523204
0.02607552540643558
0.02231163845089598
0.02113625223655008
-1.0
-1.0
-1.0
-1.0
-1.0
-1.0
0.011781150961887463
0.01364203131403281
0.009980821191753695
0.013756475238268276
0.009807665484491425
0.010710886954173283
0.010179299561431652
0.012595674800736483
0.010304009952780965
0.010551420812818964
0.008178453644650918
0.0024035135315176345
-0.0010083029019748526
-0.003663174211742434
-0.0031648997910848913
-0.006990400008576193
-0.010066864887665112
-0.009222022482655688
-0.014033556548483372
-0.008797248397608922
-0.007324806053055956
-0.011281577426108302
-0.004113303034409564
-0.011872980547973646
-0.00895151811741726
-0.0023648569028796376
-0.006104729628293924
-0.0062101295685920415
-0.006642875814762723
-0.004058903724743396
-0.00623483299709331
-0.006282800944686618
-0.006282792601020394
-0.004920247799609945
-0.004446799907515492
-0.0034302843433213514
-0.0069533232712207125
-0.01051329773006149
-0.00865238434534968
-0.010110044115153908
-0.009315997613302186
-0.013599500538751572
-0.0041003289740562335
-0.01010818684092301
-0.009004592787503148
-0.007851199636056102
-0.00710381406062485
-0.005829748085662611
-0.008488471061735336
-0.0003140496348198803
0.0007978905813378711
4.843130725624207e-05
0.003417340116027168
0.005053279722278953
0.007755613435464324
0.007620595328436715
0.006860040302179524
0.008340751326791636
0.005876917082681491
0.003227393318225954
0.008989424008783265
0.01293323275605576
0.0064322219224142285
0.010243792347110434
0.009802823410627796
0.010454192292495341
0.0045933045153812736
0.0034669978708910367
0.003458057237144686
0.005514309830852552
0.0034033138443129497
-0.0027054223376497904
-0.005365468265495438
-0.004079207540066218
-0.006163500534057287
-0.009048486614264996
-0.006271002033057865
-0.011532473443501445
-0.00877311746902274
-0.00663043375166915
-0.009197640972475121
-0.004659607875553591
-0.009199189491854144
-0.011136636632140819
-0.008272381340897418
-0.004808202752839825
-0.004243895490266759
0.0017829323798377362
0.0029169465842480927
0.00445521187913303
0.0028847331443157018
0.00851998620900585
0.010666032918723142
0.002722165133564577
0.00539021882376412
0.007313957176851298
0.007867285317448755
0.012333825719517319
0.007275736586493071
0.008828215500343286
0.008885986411966806
0.005516385454305497
0.004863399760889653
0.0037970515149855317
0.005687217564627471
0.00240486826155661
0.0054054841992133545
-0.0005110076789059833
0.00390690331130804
0.001958343635377942
0.003086927592995564
0.007635432208439659
0.007797311976143425
0.005846805886138988
0.0077841175720439965
0.006430016637532014
0.011112501740721955
0.005180644160196268
0.010605366327267846
0.007156673175775233
0.006575752375766304
0.011196423080838696
0.011367884865602772
0.010018216466464683
0.008273378653813033
0.008802571479515733
0.0004320563315567306
-0.0014925160095482807
-0.00532963165731151
-0.0057807907217069625
0.0020595699600664983
-0.0006543355314353184
-0.0008033821103457455
0.0029813545871164304
0.0007818218552047711
0.0016890120230867015
0.0010064242166311968
0.005956290994932894
0.005267188072698916
0.0007166949286341658
0.000363094904827107
-0.00616815958108816
-0.01021460322231922
-0.010369220281915956
-0.021313426833754968
-0.025893663271296323
-0.027110575055133146
-0.027337184978046027
-0.033164893319008674
-0.03206085667597972
-0.03212016911693252
-0.03083056129795627
-0.029843417043443635
-0.016479566193795835
-0.015224362073403644
-0.02035280911457418
-0.02168625423390533
-0.02201375952476682
-0.0255089077503616
-0.017603989963520156
-0.016052720879278823
-0.018113702608972007
-0.015590330888649749
-0.020518815626027535
-0.017005191049055474
-0.018411490465373753
-0.01951851951517964
-0.019475200172192297
-0.019547381685944405
-0.01676219346867448
-0.017623934424891585
-0.019665876753148563
-0.014794343989188287
-0.014682310346056385
-0.018157480140019687
-0.01916570872588999
-0.02335173598033959
-0.025830195665575362
-0.02656811238805306
-0.012104960995472468
-0.01720072072845362
-0.01914868821724733
-0.02529516177214028
-0.025245768865707615
-0.023854782920787996
-0.022618887294757486
-0.02262694764271592
-0.023078132647218752
-0.02539672310101714
-0.0228714870220285
-0.02594804971569869
-0.02645682032877253
-0.0237999958708147
-0.02069802227656447
-0.022793825709115163
-0.019322584963265967
-0.02159832607577996
-0.01448732920021755
-0.02159760287409858
-0.022499932847402555
-0.024977902043019043
-0.024585783555072436
-0.02300789717031926
-0.021700516924366104
-0.014174851272191695
-0.014841919562817293
-0.017533756839276424
-0.014661392758331658
-0.012877517006637086
-0.013246053274863591
-0.0225288753032379
-0.026142132393357942
-0.025822731277369355
-0.02409889790206997
-0.02785903771599883
-0.02936233967551916
-0.028318026851541722
-0.02829987707581123
-0.025822644747614053
-0.029643552654367303
-0.032204343395256754
-0.027417608284185078
-0.029736214013916674
-0.030574763255594873
-0.02376266038165614
-0.023756309350990518
-0.02834118847499684
-0.027441804952251875
-0.03498663932231304
-0.04159199391772193
-0.040226443209501514
-0.04124723664178587
-0.03939576298929564
-0.03633703252637801
-0.041762662959489966
-0.04359490384522164
-0.0414262468203367
-0.04266443886969157
-0.042461289774619215
-0.040108951981613884
-0.041350246690392195
-0.044198744838961385
-0.042269310000635364
-0.04263954319104388
-0.039600695521259006
-0.04133301290497607
-0.040226246573388184
-0.042699312866073126
-0.03392648579232608
-0.03838923612266603
-0.03935112685580023
-0.035751606038555594
-0.03872469846216915
-0.04158241719228129
-0.03994080296980311
-0.04137825270784861
-0.03988334543279208
-0.034954372246400134
-0.04018899519558367
-0.03899116037249114
-0.03947270569419598
-0.04002332832323847
-0.038444586511411576
-0.043935684787141854
-0.040238294154598474
-0.041273251716210525
-0.03806988532994882
-0.0371580259416446
-0.039428755835077
-0.038957578350629726
-0.03880715632715352
-0.03762022426945317
-0.040652739308334275
-0.03884528904009069
-0.040246024759989035
-0.041030380242976464
-0.039892898507540166
-0.04087650504461597
-0.03990784666927775
-0.040010543793085704
-0.04081664160656155
-0.03721302600591127
-0.04210137801414331
-0.03952020200499001
-0.03916975787245538
-0.03883648018967057
-0.04009918539793787
-0.03826675359222557
-0.04230322884806383
-0.041044154475189484
-0.04054392644391874
-0.038555829587513094
-0.04145851239313129
-0.04103456496194608
-0.042160778854569876
-0.03757507239891415
-0.03946377030785691
-0.03312039341195997
-0.034880922353662865
-0.031784978278048305
-0.03585132368473514
-0.0414105398892132
-0.041257152107502866
-0.03706794741167919
-0.03600975262534426
-0.04031369968803213
-0.04069245183935969
-0.040255056194358305
-0.03713384537531263
-0.03576964584322878
-0.03477640205189748
-0.028632286282742288
-0.02889879672766005
-0.030583162752855487
-0.02994296183030081
-0.031202211549758434
-0.02822501572433005
-0.026431344584361974
-0.023124434320329335
-0.02290273965745862
-0.025127699127941622
-0.025484468677008796
-0.019051412623225242
-0.024725778468215148
-0.027423492638611453
-0.024992924000229736
-0.026560876829316734
-0.02825574843624544
-0.02448446725068994
-0.026790184048054944
-0.01698464226391513
-0.015790457350738866
-0.016207955226514664
-0.019600086073176714
-0.013349858230594393
-0.015083721730805135
-0.023200245554033733
-0.01934265774883121
-0.027169011596167837
-0.02573387159421187
-0.026972379740406397
-0.02800069482747383
-0.030945031303142495
-0.030298570729571386
-0.028760079112905772
-0.02595097180568513
-0.0270730060316909
-0.027257883136512267
-0.025716981596470026
-0.029000768896253644
-0.03401636524146933
-0.03211505207470063
-0.03052976162438657
-0.0310601306793387
-0.03146039041361594
-0.03411299620690053
-0.03423778893917978
-0.03682936885465116
-0.037306823956901346
-0.03812708271420028
-0.03358555027578293
-0.033060245230457155
-0.033441922359209446
-0.036064287735630494
-0.035410457938864714
-0.03522138494268115
-0.03413202517455098
-0.03393594426203517
-0.0354352409890131
-0.032062200682909194
-0.027717918419196852
-0.019777017827756514
-0.021150649371738214
-0.01911593987748707
-0.019364419449302124
-0.018297812600685706
-0.01646181049438562
-0.018229549589791203
-0.01704838063150507
-0.024141436383661563
-0.018930683795530076
-0.01929239366246187
-0.024778817137240127
-0.02523339982748516
-0.02338427132918543
-0.02419735771506077
-0.02321675325024875
-0.027253446155298018
-0.02161914742814811
-0.01886799821533774
-0.023695529740324493
-0.01604347871740525
-0.00598855632729901
-0.0011529441345976776
0.004884814015526883
0.0035743605743157837
0.007731274661864917
0.00894925238937736
0.008088720034628424
0.008925439034115936
0.010982549188221506
0.016574703247483297
0.015851935121909837
0.016228096743399603
0.02119000883952758
0.020633203911736585
0.02148484866526309
0.017742230668465513
0.019470874703311266
0.0195368082101936
0.019412733715222417
0.021734813175083086
0.025283066595993355
0.024652593979186576
0.022135569553351605
0.02212583638575685
0.020923768306834636
0.01958084808718357
0.0242385516726722
0.021584408582229164
0.01979164862915565
0.02234705307318303
0.02536650857495717
0.024086610691264068
0.02351909746333935
0.02568545036860801
0.026114971172097344
0.022659025836295494
0.02306658036081182
0.02584278921872424
0.029693773573642394
0.024849902227859204
0.023248568531006764
0.025760455633109733
0.024424960912439855
0.026107809317232684
0.025499546580974808
0.026926814913859135
0.02879231208335364
0.025427045819089354
0.023002584811918938
0.01927784363429378
0.023184323289055994
0.026322449396550138
0.02539081343770504
0.023787449808594843
0.024477279094204604
0.021747550815081073
0.021243131523994953
0.021837394385668396
0.020274303180200123
0.020527938591304612
0.02258492965371375
0.02060643701393496
0.023329718271453904
0.021937521611848386
0.02307960282369212
0.02548778349737563
0.023298489812608607
0.022786191298368386
0.025457528167827256
0.02447601635156551
0.0228292943108047
0.02386274446959032
0.024494544725676574
0.022606657536413687
0.022468720559540693
0.015491672880122143
0.01750794938521324
0.021727831168327164
0.022664232059567958
0.024574601188336268
0.019777856004943146
0.015341796387945637
0.01292750081737209
0.009758464412958752
0.010109600234761408
0.012355406171226081
0.015407800386125043
0.010128909105231676
0.008118448100438781
0.010779806119467748
0.010918566292171392
0.0061560429888586924
0.011693219415313186
0.010405347983604825
0.02133783498081741
0.01856397809238318
0.01661084449851884
0.019841260411818756
0.01724196698102833
0.017755208792420468
0.01654692242481821
0.015197980387421445
0.0157200241353285
0.012969234483086184
0.013591323671255295
0.01937615864364033
0.018173397303642595
0.01539762466759329
0.017310705509588582
0.016276807924197455
0.010133400039469245
0.0030489991827378437
0.0052752246470348305
0.0016116076462366973
0.00035198933549988057
-0.00022304351965650988
-0.0007988263810046326
-0.000844924333012133
0.0005657633335343132
0.0003365716075423273
0.0014847560538610873
0.0025723774799531756
0.0013822795502019987
0.00568195486591605
0.007430825846760629
0.003401099048563175
0.0038222754945619335
0.00414925566143228
0.004007136136644291
0.005969087470388523
0.007227042393084906
0.008920407546095138
0.012164434025380595
0.007440644677693827
0.012084236773011034
0.01269294225455173
0.016187712158954468
0.016562098388294293
0.016087267946371643
0.01572786200631873
0.01621614899881308
0.015575125056080592
0.013926671366052773
0.019617376796111818
0.020790363417545615
0.021940477718527834
0.019312318891723093
0.01977485041357608
0.017141049177298626
0.012048914068737085
0.01121078828597896
0.010586262538820201
0.008657075676197577
0.014790266287211444
0.011030580581651631
0.009364037011273094
0.006975109860467885
0.01348210696132257
0.01566469321700967
0.015104938313837276
0.013807907451928218
0.015398923898254854
0.017387675768772936
0.018536775920150458
0.019301048615821624
0.017088640128881998
0.017682261180049293
0.016194313062663262
0.01587959317700461
0.014248017794365077
0.010241595806662451
0.0065356555933959925
0.004403486133308689
0.00399041379314876
0.002458010016425304
-0.004661552965159007
-0.005230705939406654
-0.003216644133801655
-0.005029958559069377
-0.0022673416785296335
-0.008000934738138977
-0.006407595896392794
-0.00719913051665396
-0.006068451563875058
-0.006628105193062381
-0.006011871237237165
-0.005371034946074746
-0.006840113147561288
-0.005921933547436889
-1.0
-1.0
-1.0
-1.0
-1.0
-1.0
-1.0
-0.0041873329239960075
-0.005109773961131476
-0.0016728220102647294
0.007422520430212936
0.0054937062471706365
0.009346481636346814
0.016930212627963185
0.01090140925315836
0.010021852293891883
0.008794798785022746
0.008969957781022383
0.016138585235008048
0.017527763706608853
0.013881143346906667
0.012869068001219794
0.015296279615177004
0.01734435388488712
0.017248051364940026
0.018131252332284672
0.018883811933675505
0.017924999032219096
0.01962888589646199
0.01749828560755329
0.0210929247715613
0.020584412468231995
0.020850885629169556
0.015005163009974261
0.01914055416184332
0.0203833335663652
0.019541935461940923
0.01661917644643306
0.016866060940681375
0.02156384482531111
0.015842299697768982
0.01862773339180492
0.015616871205701027
0.018532356058159227
0.01765933414674299
0.01990062727993605
0.019430949798197705
0.019561810024804074
0.0168238713217099
0.019760087984737693
0.015997177931868327
0.018624364986186123
0.0202186414084663
0.02270050424202866
0.021195042801627696
0.022524093410274375
0.01984366013385153
0.022194913320914264
0.016054201383908364
0.015340228578457838
0.02119664072521848
0.01677613186516439
0.022776381484150083
0.021229974230947458
0.023403124539604674
0.020147984768213213
0.018516947778040995
0.023140777509466262
0.019219758722336458
0.02075932917256632
0.02017353651840382
0.020287244435997127
0.022564167632817732
0.02016839475295851
0.023544937303675847
0.01975070407686313
0.02213308144541791
0.016047753122292216
0.01413696789353087
0.023358189924578752
0.01690902007079335
0.02073243086934433
0.02402431103759661
0.0216083484779974
0.020525606289537916
0.021270064766402502
0.02229004855885711
0.021695794791875143
0.021850932346801823
0.022836837299952856
-1.0
-1.0
-1.0
0.022913826861952615
0.023696384607906636
0.021606489107096897
0.0222927310982964
0.02573142198705777
0.018287324581352373
0.02243831503090263
0.018177509148273447
0.024356872611842474
0.017124092706930775
0.015599793313022754
0.0196201878009369
0.018643813672256666
0.01811387965301914
0.020558960486197857
0.023076841685662382
0.019421561459685502
0.02381018482655254
0.024621893412669182
0.020744387878956293
0.018889611471376674
0.018801812899668136
0.015549161950377475
0.01590441265807417
0.01874151976212117
0.02191414253786432
0.020186999384056374
0.01648305546751603
0.021541392135762345
0.018328426724379576
0.018214554342158344
0.02024595676891704
0.0170285094983198
0.01914277250054757
0.014887594381817333
0.016765210042750864
0.01907029539366388
0.018703911822552124
0.01733107225959327
0.016147839500999354
0.018900764918721873
0.015576661081110629
0.016028124070065795
0.014694995180401807
0.01233015482728883
0.013971168654291917
0.011684633912388748
0.013464094669701263
0.013307241579887823
0.019577693996839285
0.018400720343218525
0.016505075672300397
0.014432209320450952
-1.0
-1.0
-1.0
-1.0
-1.0
-1.0
