-1.0
-1.0
-1.0
-1.0
-1.0
-1.0
-1.0
-1.0
-1.0
-1.0
-1.0
-1.0
0.0024200017297151487
-0.005178523796769426
-0.0017846530644100352
-1.0
0.0023255438728716844
0.01137432023313015
0.007266094056995091
0.016078611766594794
0.02601467867972862
0.01603370219106188
0.02725262826629074
0.01988713655181973
0.03552703253832315
0.03083530950871687
0.028365999149696935
0.026454210261853777
0.022649290709148916
0.014752737973286082
0.02844804022718751
0.01637169876687385
0.029104870247087897
0.006297064574720163
0.031257659303438504
0.0177981342637406
0.029248187576332987
0.03368962626606929
0.018229064225901058
0.02496719329903109
0.01926530833652892
0.03223038517137735
0.021159789645981687
0.022319227230152807
0.008309372736467532
0.037848742406259156
0.01349067743474577
0.03776235434035014
0.04233974451147689
0.013604077823795436
0.032873888492276
0.02322775257931425
0.015127625145471028
0.0334917163360646
0.03352979168138294
0.011060281184121007
0.027116987524259156
0.022695636458559463
0.020670812276874645
0.033303489988001846
0.029236374051631514
0.018380499431490786
0.0339926495501227
0.027938547115973357
0.03459533469269822
0.028323074072886013
0.007072967832250276
0.02351933435613106
0.02096532488081042
0.021993421209910134
0.012674528813207134
0.02202169473164148
0.027875755538527166
0.01649897651195066
0.02727479384146502
0.012730748449285139
0.026487351668261456
0.018113302371279057
0.02767220852539221
0.022773189436902236
0.020157125846251192
0.031004597627683077
0.028026256371603837
0.0336078432411486
0.030339039857305773
0.013314369934218208
0.0038557911386612824
0.02218537383310148
0.016687816359022896
0.025409346560648645
0.013838777834653437
0.017334530236089492
0.028470653190044708
0.00459969996965449
0.023091945344632193
0.01317693977141491
0.021504833501637937
0.025694591885976836
0.018857707388661805
0.031023610516365412
0.009098451584129062
0.004496375417757361
0.01048841153601033
0.010499708465087644
0.016815791815924196
0.013454320525191145
0.012791607072098171
0.029088977047783977
0.025163441982342563
0.016438291780283252
0.020690057273552026
0.026954237931263152
0.010171575412120385
0.0005696149780110775
0.009005271098028747
0.0033754212769464822
0.020132492135003177
0.02044889593709017
0.021021241648105236
0.009151843575609423
0.027357703252432985
0.03822826045624721
0.0241115037616221
0.02137895981592612
0.0368919653751517
0.026128430308890872
0.03206183360849948
0.028640956899686428
0.030168414962203814
0.034921115240133103
0.033423736746868125
0.029907731140016137
0.021740042280965106
0.028232876223131607
0.032347378472505746
0.024290756722230522
0.030062710479805178
0.03454476892734813
0.039281937991526426
0.04058797008759887
0.03790690196327516
0.0326233018062997
0.03310072968843786
0.017969841369123038
0.03925467649046165
0.04000766005010485
0.03715334282233455
0.02705831679553846
0.030805426430597763
0.03234993566184541
0.013166397249073614
0.0197335561935685
0.02515053389793981
0.02869425680866866
0.016524137992554488
0.014699527892420763
0.026551838322659234
0.03131188500487029
0.03913716410797238
0.028258504383987325
0.03212132251408341
0.042257267365043254
0.04334142894676453
0.03843967487987575
0.02941373117076917
0.030261987511658737
0.03106584949147194
0.02227060220674937
0.034259278914335826
0.028483704233256493
0.02924401014040529
0.027874384019762274
0.039399681234919194
0.03597719429740667
0.042653440376926095
0.0399202860289263
0.04089852316001283
0.03720709532691813
0.03255388558080949
0.039521966634892464
0.0437018100627403
0.03430014595022966
0.04589236619552839
0.02385149591480273
0.04727462547219062
0.047240264827130264
0.02783319839320208
0.046912824813902666
0.021398255106875888
0.030795807357297176
0.03048355456384377
0.030717212291885246
0.027589342005022294
0.03470597956672073
0.020995163782762585
0.03140583126468802
0.02547546180128874
0.03018795687230231
0.02399772567139442
0.024255139949510004
0.013313426031650337
0.014926960645129854
0.028110658141544398
0.02206360705483621
0.021738699481020578
0.01092738486094985
0.004646948664565775
0.009187554206116921
0.006991300855340444
0.004608210663350616
0.009450214236932677
0.012357383120050584
0.011220206536014146
0.0007457138228727623
0.00202262925882158
0.00015110593321026138
-0.0012927792450866137
0.0009140773893311636
0.0008866114840281688
0.014256343124021272
0.009890661635399757
0.022017751279055232
0.022616003517395872
0.034565814159830496
0.03385864469746698
0.03338738011309899
0.046566229831307294
0.039357074969040395
0.02468851767495012
0.025362428429649125
0.03825149761032819
0.028499299734694797
0.028312898717480425
0.026262682378897336
0.027588891335459033
0.039122285913883476
0.03303165078844301
0.04198787862013773
0.04430385726282865
0.024921992833492407
0.028819086775405987
0.04205449496816535
0.03228694455642584
0.032847309069093486
0.0158420261280414
0.004949015901664842
0.015209993007343775
0.03191388946535335
0.03588620368031324
0.03856587291644151
0.021121165150313852
0.0030065343885778417
0.009335035703781046
0.016426770310966038
0.02313976018124891
0.023178773345315203
0.012089902285597554
0.011983829700811644
0.00612765116437946
-0.01059182963658292
-0.015353062028320236
-0.01277581550662288
-0.010645910966281006
-0.008482698961964985
-0.012417593573531862
-0.010640090836908528
-0.007807943354814767
0.0022144687020837052
0.004592027667690833
0.0012754560867914552
-0.009437157539564653
-0.01818224324725914
-0.01034034288381121
-0.018059992190728274
-0.0277720674679069
-0.03578781378606159
-0.03610708239040201
-0.03387404722624646
-0.03756151293094085
-0.026012609908540357
-1.0
-1.0
-0.01871543499536211
-0.007616060522130754
-0.015686837786627873
-0.0011069212569142942
-0.001382702033849534
-0.01063753607048409
-0.011058913998742424
-0.012597627299606963
-0.0031821688910509387
-1.0
-1.0
-1.0
-1.0
-0.004906326631273429
-0.0007459157040936393
0.0008469542721024387
0.0027290155521952713
-0.0011045681007939108
0.014749300439966117
0.007646632581067725
0.020441892779648037
0.019905787831087537
0.01210525858287544
0.013120368514616107
0.024616482999424358
0.02273381198264893
0.0064457671493861925
0.01399834962348911
0.005802152174245144
0.0024714670702530883
0.0012853177658621693
0.01988250829666831
0.01514359748200771
0.021336611845019907
0.02857829190086665
0.03863325871247325
0.029588936199553495
0.01978882765638081
0.011308326088363185
0.011346145452894394
-0.003107030331817953
-0.0020314875047477664
-0.013012832768793265
-0.005669601052362493
-0.010298078696730268
-0.014007858228068415
-0.0022773484020605244
-0.0021761453892480175
-0.00031404274253961183
0.002911914606855194
-1.0
-1.0
0.019057800993406968
0.015546312010228519
0.02418100076102482
0.015379929583963886
0.017401801802146753
0.020039617840589784
0.014262419692944056
0.016679320520581728
0.0003065443947629953
-0.011709750042781483
-0.02216675482876096
-0.02644238484990929
-1.0
-1.0
-1.0
-0.04857830974108332
-0.057863109942273394
-0.05663385810767354
-0.06999756330713632
-1.0
-1.0
-0.057266350679930175
-0.059406189091662
-0.065957433803882
-0.07197154394091658
-0.06674487094233467
-0.055598019118458034
-0.06508632933188377
-0.06688126716081562
-0.05900531391783733
-0.055621272233913555
-0.06083884283525342
-0.05142055809830619
-0.05638178345969393
-0.05528804159057428
-0.06096802054447538
-0.059096163996792156
-0.05662170178433134
-0.05991210004863724
-0.06342934717397429
-0.06276924423009905
-0.06062358193336968
-0.054533762925233
-0.06185535966115969
-0.06745971686649037
-0.06771333035749434
-0.056844883287940184
-0.06203082198398725
-0.0655080633025748
-0.07155782295326468
-0.059699210747208735
-0.058524636686272107
-0.05342102458307517
-0.058860758739146445
-0.050690095289143054
-0.05044152815952354
-0.05927600269496449
-0.05917004164737807
-0.05864043137980714
-0.06383698139382184
-0.04637232570074723
-0.036011865279233814
-0.019540634202737574
-0.021119987952528833
-0.027633613634545893
-0.01662720738958279
-0.0025149179857696206
-0.01325056081345413
-0.012089634903777733
-0.018911801918234803
-0.0007687703551657907
-0.009529665255070478
0.0022885085186087734
0.013605186500775253
0.02337102279499063
0.04086073759396962
0.026762509454714166
0.030275560920376678
0.018933974678970532
0.02377760541207514
0.04214279228013937
0.03873932231111074
0.03647243209360272
0.03697990071980946
0.02934680648782954
0.02977754603403046
0.04235314986408819
0.04442977634871724
0.03712207590054034
0.03917632254373213
0.042158612273071744
0.04522414232405053
0.0388774110254508
0.04134416638570709
0.0514970681290059
0.04038508113567103
0.035215996263739814
0.04587127485966728
0.04905057243541386
0.0479460354717904
0.04345289585525531
0.05008289462903401
0.045713246386879736
0.038853918968011054
0.05640653247973345
0.054440680375074914
0.04515493613172435
0.03705476108281295
0.04384415939030242
0.04451032424469548
0.04506903164507369
0.04285683938994678
0.040213665183762945
0.04493989659710003
0.04194669287910845
0.04357053336784986
0.03929754820231821
0.03959584314895336
0.04002949796441659
0.042588695221204134
0.03747224869939621
0.029027427451003642
0.034881593551189326
0.035660458798148484
0.042825122144599936
0.027688984804801423
0.028299420372391748
0.029352471671421104
0.025622647844394397
0.022149493803054626
0.012328268709407359
0.02105643503576194
5.387341987354619e-05
-0.013679767908205548
-0.011073919498701443
-0.03656640149942354
-0.03329702450682941
-0.03763367898181081
-0.04476366775765306
-0.039121331534318016
-0.03284626004222057
-0.03434307660859559
-0.031235550302463742
-0.048677678894480235
-0.040149371334807005
-0.04345925322726925
-0.030366952268411573
-0.04856407218826673
-0.03490803637010342
-0.04674680943576764
-0.04251055303803433
-0.04373866194603604
-0.04198136839720794
-0.04759098354798558
-0.03975177605768988
-0.03786499488589797
-0.047793263522560296
-0.04702364482816132
-0.056802061560733336
-0.047616065817533214
-0.05008081072508868
-0.04502822620079774
-0.050312432942981954
-0.04820074692221701
-0.05010247166548543
-0.03786554743488754
-0.03805395756591945
-0.04988657015600352
-0.04784269050073928
-0.043346622455187236
-0.038985438516206936
-0.032330957865386055
-0.024658276748728798
-0.01975166588815752
-0.018389704535143776
-0.007695606320116057
0.005297937849056733
0.027272128799409632
0.02290700297325264
0.03194793456471923
0.038506325093461975
0.03318089087620436
0.025392670646220094
0.0225675873231544
0.034331062468172815
0.028052456446127402
0.042218060255049684
0.03156010935772201
0.02428528577234023
0.024793544559732913
0.03699528582276996
0.036075554097020776
0.034826516908934874
0.03250134605060011
0.03951180371804489
0.027774600091498375
0.01645448509985695
0.010313361285184055
0.007296713724703861
0.0031605309521868957
-0.012623917118990994
-0.013760763684060552
-0.017460410862829043
-0.01617389746893765
-0.014472333909893225
-0.015297123439754007
-0.014175361434475049
-0.024984533765735912
-0.02166536289732862
-0.024223014038080023
-0.022757073497273256
-0.018016772920197578
-0.019825697483359717
-0.012132289377367513
-0.01589626305064693
-0.0248926051801982
-0.02058720355090183
-0.012593008084719784
0.003159531473779991
0.016781889717705303
0.027895433574159148
0.023240655451091528
0.03015292108197453
0.038940319137051184
0.02540955611682832
0.02751801975744339
0.0312929533729511
0.025665903167087913
0.02953304581789937
0.028401244638606084
0.025783158208956106
0.021174835417731883
0.03612131977699512
0.030868729495568507
0.033208744188352124
0.028460421797674617
0.028091769419946854
0.01453367003008599
-1.0
0.011927666477468358
0.027537341504540697
0.02129059034342864
0.013105293142790415
0.016948033254683453
0.025579017363174805
0.03429075706522141
0.03511819439335048
0.029856312466208967
0.026987964059869526
0.0226594466018774
0.006138457355085902
-0.01701907677932204
-0.01685858680590035
-0.049276597644782615
-0.04927999262472921
-0.050231639528623216
-0.04486897511444468
-0.04109416172184286
-0.04835836778826667
-0.03934403757215128
-0.04260586069532258
-0.04844835420733833
-0.0404507165057233
-0.057820129143719486
-0.04328397402441598
-0.051612601978890074
-0.05008316155001386
-0.05736331930657485
-0.05197020452340828
-0.04916670714273028
-0.05503128170848244
-0.05810131936047161
-0.044673940791950695
-0.02710724745003081
-0.026001338813855007
-0.028759774642561166
-0.0160284240884154
-0.009509174267271428
-0.009078043576719824
0.009703830295969556
-0.0032378277949298667
0.00038334604145075316
0.014681151403288753
0.006504515138120474
0.005960578247071296
0.004757642993485927
0.0019310302316875212
-0.0014762157791894193
-0.02112776381072335
-0.021033496808535335
-0.03121073615757059
-0.023899990511147273
-0.027807688853942154
-0.03388870320758433
-0.04339087291797893
-0.04558443845041531
-0.05084714444686665
-0.04605191203180847
-0.0534160296696104
-0.06041918849696808
-0.06334235083202717
-0.05000367502412162
-0.04130182371580717
-0.047888770038134375
-0.043576863546606316
-0.03856421018694486
-0.04451338766342883
-0.040174931063195016
-0.0355929393566964
-0.03970939895707223
-0.02461283456310328
-0.011526896954748928
0.00474559029491167
0.000781949279729395
-0.011100730187645895
-0.015317998399802135
-0.00343114822928536
0.006601061814454921
0.013563683732995506
0.019021296052559738
0.027577595659164792
0.019044357789548393
0.02339062868048078
0.015418704454070464
0.013222872972384074
0.011328001323153281
0.025169748161381324
0.02290627607874581
0.03171770713116777
0.02697740608283624
0.030538626633669536
0.04287382661344195
0.041067883201689095
0.028065320331000992
0.034949063048550125
0.025190704087884087
0.02710973623313917
0.015325051528753875
0.01915719819151489
0.004278511484667448
0.008239459811408554
0.012950887070269673
0.027296128711169855
0.034040485432214676
0.020922723388672907
0.019806979027155253
0.007595836807532908
0.005021748054333486
0.0037058671372546784
0.007692064543776262
0.01404545846429398
0.022963217956435206
0.0354666822707917
0.037216178915656636
0.02698617084514043
0.034150012880954206
0.03279990469981481
0.03431700933435996
0.044510052574203575
0.03953782944262885
0.03626374698805952
0.045237590393620415
0.037400004389642603
0.03859701508498894
0.026363853616569427
0.033701141708013665
0.03423385750806298
0.03569037465163714
0.03726596790065812
0.03446941317630092
0.03048900231213465
0.030824246204681462
0.03891124843853924
0.0280553227232752
0.024266591904841043
0.027153567405495238
0.027048306371245712
0.025606325936954923
0.031407161091528545
0.030276434006024144
0.027534456121164404
0.0231428467566429
0.03010351512872504
0.03439037885773887
0.03081270432887329
0.01945100156141865
0.03189212425699675
0.0325398258573351
0.026868363072045515
0.028974060461934813
0.037415732402893025
0.03011481397701726
0.029464590044824723
0.03583877711010271
0.03560310179560402
0.03360952644433347
0.03404707870099042
0.041484282530803496
0.03410604698725306
0.03226249430869956
0.039822962309972336
0.042723137949692826
0.03941809595521949
0.037405477515023024
0.043803502747965975
0.035734477652382746
0.040491251027520804
0.04292718352045497
0.0407771143228641
0.0407828940356946
0.04137710943202097
0.03836165321942027
0.03822444947387166
0.03374891795250462
0.03459425495296926
0.03730192484799009
0.03682437602525143
0.043085750306796296
0.04025261061785346
0.02885074499204023
0.03302948924586638
0.03144146506833341
0.037762655377883064
0.03770619809873886
0.03685257466466264
0.03337931688611068
0.045150020243434466
0.03741750260968696
0.03532743875602026
0.03864332609429658
0.03143980209396011
0.030211541815817835
0.028822936331775503
0.03008665156487316
0.02513018413270919
0.020581069515557455
0.02079364383742693
0.026963428795570128
0.020302628013410075
0.014441772039305327
0.024472836429169198
0.025677755150977363
0.03138653473115443
0.022886297458551422
0.022863355779068395
0.02355061822323716
0.022417829292538435
0.023100428694427622
0.023030554982919393
0.012169561226939143
-0.018387511973921897
-0.026094235054966816
-0.03333615750119316
-0.03610578233612395
-0.02725918255266223
-0.028899455892862417
-0.04481290670844166
-0.045184922138263514
-0.05537131256496574
-0.05924757726252582
-0.05738700823233894
-0.04092170540655055
-0.05873087858026022
-0.05891441775018291
-0.053338304079591996
-0.04073390151316951
-0.03650578239942639
-0.05805034113025078
-0.059353931952418226
-0.04584666683830936
-0.04371134722157875
-0.05784959789417946
-0.05836423841734114
-0.0350437977574362
-1.0
-1.0
-0.04247713851470179
-0.029616229148541853
-0.04484209913761966
-0.05245707540021108
-0.03228837866381005
-1.0
-1.0
-0.04484345429202789
-0.06306560573965676
-1.0
-1.0
-1.0
-1.0
-0.04839434887855896
-0.047357815900422734
-0.06405535074202286
-0.05010119291401239
-0.039905264938233674
-0.04985995974249008
-0.04349910759249079
-0.053481287766886244
-1.0
-0.01973494322834836
-0.032155807919567236
-0.06310950367091916
-0.04778359634167466
-0.04522870296217162
-0.03967549082124453
-1.0
-1.0
-0.04717756535012783
-0.042805860447035174
-0.034939493375114504
-0.0300145397685173
-0.045147927894331946
-0.050181982689795734
-0.046154848895891255
-0.030091903490800067
-0.02655833828597572
-0.02219414375016812
-0.03205936255944485
-0.02030219114131362
-0.03744015573104563
-0.04095294943691716
-0.04778848004236407
-0.0512024755824262
-0.05876384938536515
-0.03852468574353328
-0.02550073564356894
-0.022898786850513102
-0.023282469689504964
-0.018332138275445494
-0.04313431827107944
-0.04699195226755312
-1.0
-0.03885311499299349
-0.052140436270496596
-0.04510661030130997
-1.0
-0.0494853872691238
-0.047501413576763164
-1.0
-1.0
-1.0
-0.05650962591344023
-1.0
-0.035673888136872695
-0.040267344562872516
-0.03920283798712349
-0.01010646279205113
-0.02877188778251785
-1.0
-0.04532848790931888
-0.04222955183979947
-1.0
-1.0
-1.0
-0.03608952911589089
-0.041461464587548555
-1.0
-1.0
-0.03819641518041683
-1.0
-1.0
-1.0
-0.04896951820871128
-0.033303054500396126
-1.0
-1.0
-0.0454127264918451
-0.025793387875634708
-1.0
-1.0
-1.0
-1.0
-1.0
-0.0403149421130897
-0.03899284516058745
-0.040657053818044374
-1.0
-0.034603093620407664
-1.0
-1.0
-1.0
-1.0
-0.03942518714003094
-1.0
-1.0
-0.045413850310254154
-0.04540765162037047
-1.0
-1.0
-1.0
-1.0
-1.0
-1.0
-0.031168829840860317
-0.04413996484282437
-0.0466356272562957
-0.037615068066632965
-0.038501694337823154
-0.04426567437596232
-1.0
-1.0
-1.0
-0.020980144612450975
-0.019237367280658817
-0.04342471731940319
-0.05307377936930388
-0.028571910759974124
-0.03086807366604167
-1.0
-0.02559146446432854
-0.029977001883254622
-0.0483493591223677
-0.04363433850832546
-1.0
-0.05328471989500121
-0.032723450632740764
-1.0
-1.0
-1.0
-1.0
-1.0
-1.0
-1.0
-1.0
-0.041596553829762364
-1.0
-1.0
-1.0
-1.0
-0.032833974032569095
-1.0
-1.0
-0.05077654570564651
-0.03453021391722943
-0.03677042793909656
-0.021759081714517896
-0.02609543524659728
-1.0
-1.0
-1.0
-1.0
-1.0
-1.0
-1.0
-1.0
-1.0
-1.0
-1.0
-1.0
-1.0
-1.0
-1.0
-1.0
-1.0
-1.0
-1.0
-1.0
-1.0
-1.0
-1.0
-1.0
-1.0
-1.0
-1.0
-1.0
-1.0
-1.0
-1.0
-1.0
-1.0
-1.0
-1.0
-1.0
-1.0
-1.0
-1.0
-1.0
-1.0
-1.0
-1.0
-1.0
-1.0
-1.0
-1.0
-1.0
-1.0
-1.0
-1.0
-1.0
-1.0
-1.0
-1.0
-1.0
-1.0
-1.0
-1.0
-1.0
-1.0
-1.0
-1.0
-1.0
-1.0
-1.0
-1.0
-1.0
-1.0
-1.0
-1.0
-1.0
-1.0
-1.0
-1.0
-1.0
-1.0
-1.0
-1.0
-1.0
-1.0
-1.0
-1.0
-1.0
-1.0
-1.0
-1.0
-1.0
-1.0
-1.0
-1.0
-1.0
-1.0
-1.0
-1.0
-1.0
-1.0
-1.0
-1.0
-1.0
-1.0
-1.0
-1.0
-1.0
-1.0
-1.0
-1.0
-1.0
-1.0
-1.0
-1.0
-1.0
-1.0
-1.0
-1.0
-1.0
-1.0
-1.0
-1.0
-1.0
-1.0
-1.0
-1.0
-1.0
-1.0
-1.0
-1.0
-1.0
-1.0
-1.0
-1.0
-1.0
-1.0
-1.0
-1.0
-1.0
-1.0
-1.0
-1.0
-1.0
-1.0
-1.0
-1.0
-1.0
-1.0
-1.0
-1.0
-1.0
-1.0
-1.0
-1.0
-1.0
-1.0
-1.0
-1.0
-1.0
-1.0
-1.0
-1.0
-1.0
-1.0
-1.0
-1.0
-1.0
-1.0
-1.0
-1.0
-1.0
-1.0
-1.0
-1.0
-1.0
-1.0
-1.0
-1.0
-1.0
0.04282167549595372
0.04154128520898457
0.04098685389049969
-1.0
0.0439827848337749
0.0359778822885383
0.04000770835427408
0.045860083987386134
0.043270685935008615
0.04419495001711486
0.04304977905761146
0.041809461521167546
0.04093337008685724
-1.0
0.04086732683362939
0.04369653009579009
0.0491680847427939
0.04453030894000276
0.04595299708601095
-1.0
0.04002466624441025
0.041190589568416106
0.04604982682298315
-1.0
-1.0
0.044535260282100635
0.04972995601787439
0.048577697266669745
0.04727299554957934
0.043535884787556656
0.048066692729657905
0.04365038765837722
0.04666288849164493
0.04554691471250973
0.046816672349134565
0.04627167634231684
0.049069286407125094
0.04897597123126048
0.049011607389710554
0.04628009003876262
0.047961878651054966
0.040543627844346515
0.04538472890954152
0.049109133951726704
0.05298136459876656
0.043548961333882474
-1.0
0.04514304079476029
0.04705156525229295
0.04390738589016248
0.051245323501309906
0.042541453381661
0.04679346160186408
0.04171461824412499
0.04611072032887909
0.04407046977012832
0.03886195469732825
0.03391699948755188
0.03210300194533701
0.01987551161639735
0.024978752754925608
0.026473785848492682
0.03543445344826516
0.040451812588954555
0.03148720255589809
0.022205415714167148
0.027655150682847043
0.02541454912536261
0.034972437964748186
0.038035191462365
0.02234221791976775
0.028313597858064685
0.031876511971301716
0.02942202704414848
0.040140700441031595
0.04876434227378352
0.04722665553807242
0.046355348909116086
0.04622326891762434
0.04522523450180173
0.0390673876985656
0.04493930717985328
0.04957845308424527
0.050976922192563855
0.050594931099656945
0.05011669212515793
0.05293010622425181
0.04902715794128549
0.05126114772505693
0.04859372136777554
0.05083808054015625
0.051913626424163695
0.04934931741000622
0.051334957231219114
0.05627055689171165
0.04883759657376724
0.058173626819071435
0.04798687163714764
0.051236781231892424
0.039419619532384695
0.04573097154223634
0.046356499023033085
0.048263905233966134
0.04434039419802066
0.054681436485719596
0.05648474708220818
0.05671369660925065
0.055708380111988295
0.057289151829069664
0.04967830341207386
0.05481395390641772
0.050101723082354416
0.052506755078380006
0.05355498730485189
0.051156788816161064
0.0574030540549348
0.05031275755661369
0.050985434136181076
0.05429837826749227
0.053398548736943316
0.05264414599845499
0.03893966285398725
0.04387742936284353
0.046568247002271954
0.05026307728106518
0.038154269092521266
0.03367606204552064
0.046943680902276484
0.049909485126814514
0.05600037093778067
0.04950491756008014
0.045978885018209036
0.04728828578269383
0.0506509772284577
0.05701506754146918
0.05626121079357252
0.05300246051752637
0.05314537710800812
0.0555147817713459
0.05110004489395199
0.04935757058747934
0.05487429504739435
0.04740175703617009
0.05391872364877956
0.05398372427720624
0.0561836843038968
0.04912046425495591
0.05397523795017853
0.05100629152771658
0.05423391394104327
0.050815426339191644
0.0508711812833615
0.04897118416039344
0.053430523887591314
0.05873337168656608
0.054892570400545106
0.060899515732564906
0.05535174515461602
0.051701431831828536
0.054748669166345534
0.05008632192478603
0.04674318037368141
0.0533315313065852
0.04825344099686127
0.04721934012341438
0.04343753842752811
0.020699394669659532
0.014311195312777096
0.015049503507120834
0.013088680529907172
0.01686958324714998
0.0329703980907065
0.03357229948757116
0.04340629560443238
0.04360209260848286
0.030855833389655807
0.017632428160602467
0.023061374477961524
0.025292422720340265
0.016197211685871824
0.022445323788440726
0.03352599354428992
0.029319948474771106
0.03595026113168359
0.03955404269919791
0.039166845640580754
0.0334272655448861
0.03449881749204762
0.033596232982701285
0.025224796037107724
0.024200124935373487
0.017065781197076548
0.024234090690417077
0.023585477921034652
0.028383392935409073
0.015469206298873816
0.012727124330029052
0.019305450511717587
0.025313098673812446
0.016985675526762455
0.011241111227761872
0.01363778123672268
0.018504603533332938
0.019059826071243863
0.01875515048043286
0.025559276393245144
0.02582626882339169
0.012071152197440418
0.009245884663648653
0.01280993069416285
0.013800921651811703
0.014303081248735609
0.01929854969008172
0.020969537299058878
0.03224320867513095
0.02859511096204096
0.0349787900918989
0.024365145414027282
0.031053239016408628
0.038484254232399984
0.026624040311693294
0.03171242686625599
0.03274473938664969
0.019430328762185263
0.014967153867159843
0.01804380965473976
0.022358844971424166
0.020088357219563077
0.01754998632400228
0.028135705575239308
0.032526364756268654
0.026066716005929913
0.022991461420902803
0.031052680926063284
0.030879427629327747
0.026654527942595572
0.030411181904737294
0.01770658238734383
0.018912416459581777
0.007996982977104331
-0.012799145353589572
-0.014152757436904192
-0.01652232211531191
-0.0216109646089208
-0.01699844374988346
-0.02052215330321268
-0.018076420495705743
-0.018649681331634853
-0.015535202570114074
-0.012744520998131123
-0.010093837244852154
-0.008709334387591257
0.008403437134503691
0.02280541428877317
0.029955004095569997
0.028132416763301752
0.03686762267173253
-1.0
0.030191796583287335
0.021308279945723086
0.022257083467769903
0.023966023604078856
0.030090159833162634
0.028478343545972718
0.0354593649947909
0.03940706654485204
0.031701528830778765
0.02879137998784158
0.03717563981886703
0.019219412600113554
0.007778477919878761
0.006310579849210738
-0.007892590477989684
-0.005684037050087908
0.002778813004073158
0.009658152032493757
0.014702816299419193
0.006883472556187951
0.0027123535063465092
0.00851877576479646
0.019373404517787688
0.012692935749392661
0.020391117826789124
0.006153444748065932
0.010934275414135951
0.017226855145341564
0.02580556607389727
0.028657609632827964
0.02693344386392658
0.028245563299721953
0.03262088653264464
0.028289901572803384
0.019734771285009323
0.010663772379037602
0.001322661482442777
0.015090595897828239
0.011979555595594557
-0.0005488679751955342
-0.015321303128983844
-0.005226263650091889
-0.005577091772106083
-0.017466762099844154
-0.027828946176563302
-0.021023332845842232
-0.013008390274808268
-0.004779067322777694
-0.0038156544531283113
-0.005070216168435372
-0.012611090796275098
-0.005627719489128642
-0.009026906748420719
-0.009147954354519377
-0.01204411394720062
-0.016912564017914675
-0.01887351668369486
-0.012939188888596872
-0.013209355600048066
-0.011073655879554462
-0.013829280953344401
0.00036167633224245166
0.010724057832081592
0.007624446928653482
0.023429401835352633
-1.0
-1.0
-1.0
0.03198224181839427
0.032953237000295336
0.02850561533732558
0.023597867866402496
0.022609548023803654
0.02562367824797769
0.019735865492448688
0.018695178808630027
0.016149392091997852
0.014705666227792336
0.022529943602023424
0.03011383187867713
0.023269578436821977
0.016298918033990344
0.015400061703749118
0.023105169540464345
0.018919612816336768
0.020639565791454213
0.018433773194289838
0.018882431381365652
0.007079008051776248
0.024859859837026696
0.02171817627309938
0.024091921873137127
0.027825478426266332
0.029015011053702557
0.03365733868631694
0.038558360966304044
0.037657385302124494
0.03374717737992954
0.027722440419886165
-1.0
0.026139028060929503
0.022744218635066264
0.023058146290262083
0.017823476463932224
0.03191326368803337
-1.0
-1.0
0.011412516966165277
0.01830469509337608
0.02485515465019669
0.025257414323796763
0.027801319311463294
0.027682948058247295
0.023774043931972515
0.03300416348886704
0.035011845471172205
0.03166591230229429
0.0307254681083766
0.03132157501707981
-1.0
0.028170571102557433
-1.0
0.027958013525980693
0.0310659094254066
0.03044208122009382
0.027551980904450636
0.02839083682919433
0.035545004570646306
0.031236189926745997
0.021336640030981638
0.0013996553711197797
-0.01284286037157443
-0.009400133520504781
-0.01782647231050013
-0.02309902911040882
-0.020785448543970922
-0.015116552385776829
-0.011174904787417672
-0.010490216835042896
-0.009430202450178497
-0.009915545397295862
-0.014970286429963741
-0.01573164139798536
-0.02152748578101669
-0.019613326302762513
-0.02195004833304869
-0.02193248844858863
-0.027913022847070472
-0.022579262430167377
-0.023935213745209814
-0.03550251747046945
-0.018508094106730655
-0.012164843178027645
-0.00474452654243277
-0.017579697890144817
-0.021667716661083594
-0.019173599779194476
-0.020768891410994732
-0.01675581487979125
-0.02710932255491355
-0.0330314303300046
-0.0360103848256926
-0.03917640435324144
-0.03798149945443889
-0.025622422663555754
-0.027454662803091362
-0.031022994142710772
-0.03210692272308971
-0.0360434829512257
-0.035858085116581936
-0.032232478624666355
-0.03492899763885053
-0.028610952408015502
-0.023727025701448565
-0.021365802690335254
-0.02452344669881886
-0.029119336721619617
-0.02548571148978703
-0.02289728376216612
-0.02987331293418895
-0.02585902967236304
-0.024259424810402584
-0.017790070335496698
-0.016284378270856863
-0.010014061380103745
-0.013300159298775309
-0.01883873420763445
-0.020761520176263842
-0.03166980855626091
-0.03517014740902446
-0.03286989207704442
-0.03497968341942149
-0.026519722209361805
-0.025436862967203266
-0.01673245742056059
-0.012433527131526574
0.005776445089930576
0.021992175652976932
0.026715717978379516
0.026219727986215868
0.03164433114107866
0.015195873945852758
0.028357924059306615
0.022588651731378865
0.02613210907394096
0.020477602006383353
0.01683929677478583
0.007549023307232437
0.002149430571508494
0.012767330006942301
-1.0
0.009686630579748027
0.015625272710477228
0.013149442820021144
0.009681778178364565
0.009936144107191734
0.022964958865826515
0.016100231189444095
0.018773377428337568
0.020417583062023313
0.014101377383467227
0.006692460331321029
0.0014378435817656622
-0.002160617618153044
-0.010555249218215577
-0.013690653077707187
-0.01491840439793538
-0.016279169417495704
-0.0181104591879097
-0.014150891716675476
-0.023280876280102593
-0.025078675198220646
-0.030098063113238066
-0.02647630733904812
-0.014763720841445114
-0.015850274977155264
-0.0177663499926806
-0.01824635980926311
-0.025512732501787948
-0.032082117773761
-0.020459818204156443
-0.014438341702225396
-0.028570582041689194
-0.026596363908243298
-0.027431055671558045
-0.024929111329790123
-0.02473093966169845
-0.021491939580513354
-0.0013565058653979482
0.004367491470521823
-1.0
0.004978034297835317
0.0050042135701023616
0.006931123333271762
0.012057030813873567
0.014970039371803915
0.008007265657113412
0.01082694970843537
0.012909845466164433
0.010830540443758469
0.003983714770354885
0.002184306129895678
-0.0031454895245961356
-0.015906671471758463
-0.026344087887743735
-0.026471102398553895
-0.023236826847982638
-0.02691538100518162
-0.034359243982277556
-0.030708867771130858
-0.03103754750552377
-0.029968129927874176
-0.0263173016300535
-0.011381864913076953
-0.006692043954060159
-0.012969552060872191
-0.012113556865560806
-0.014988756193008252
-0.002375103829530215
0.005319081767795286
0.009223340307986902
0.01454970449511608
0.012800329696032052
0.017158124291687952
0.01626862413728561
0.00676491481561128
0.011966594707820036
0.01109329050567393
-0.0024994830166836972
-0.013903888241630826
-0.026567178592606322
-0.020858536218287753
-0.020844423350105463
-0.010110445158709807
-0.003270669571607664
-0.006129741444280134
-0.0074116258637174914
-0.009806293577145613
-0.019352517770673587
-0.01700775755745533
-0.010498975686881995
-0.012060519463960468
-0.015489995349236887
-0.019684093258444932
-0.021495713813655084
-0.022783534468730743
-0.02441117333600272
-0.01868111986968357
-0.012813028485841904
-0.005895012260877714
-0.005544056994942747
-0.00082507014709641
0.011311859509205952
0.03669751661350571
0.039934094902860484
0.0411815404013001
0.041221442264211046
0.04300711765759574
0.04808030114428759
0.04986999430564178
0.05485432377051643
0.05332677187336328
-1.0
-1.0
-1.0
-1.0
-1.0
-1.0
-1.0
-1.0
-1.0
-1.0
-1.0
-1.0
-1.0
-1.0
-1.0
-1.0
-1.0
-1.0
-1.0
-1.0
-1.0
-1.0
-1.0
-1.0
-1.0
0.05773552012255003
-1.0
-1.0
-1.0
0.045620871387281145
0.03618817235919639
0.017456449672207774
0.020843985730713922
0.01394618860812136
0.0034962652598702223
-0.001914926283132003
-0.010817276905908288
-0.013748094778365045
-0.006336380188495242
-0.009423253268309536
-0.004787191532019617
-0.003222541927731297
-0.004914093002295991
-0.007922724198555416
-0.0006860082361939955
0.006848898503987243
0.017148382396422898
0.02607459835388223
0.02598407218685996
0.026655789660320547
0.01716010876902744
0.021764490057591627
0.014362294697238771
0.014248504192421794
0.02041717280534981
0.017158217040631602
0.009902155085800377
0.011382724368528996
0.013280787409745046
0.012051637777139638
0.024124305340418893
0.00790853214225158
-1.0
0.026128456851297062
0.022077372599348583
0.021607135810531284
0.021720461994467928
0.017882236050604083
-1.0
-1.0
0.023601638468382296
-1.0
0.015334347508964345
0.005605065452603533
0.007229559112657139
-0.006854802121863335
-0.022523341528162988
-0.02400499285830426
-0.02648395309259438
-0.020439614970448283
-0.020429757307284527
-0.02755626827236469
-0.027544624736574822
-0.029483136832485376
-0.023341426322284194
-0.02958728201275482
-0.025182002700360327
-0.0252049379486253
-0.03858695660217138
-0.0305055553565819
-0.02576402063947619
-0.03546236896975938
-0.038203254095074655
-0.0321734746411215
-0.03391659564802816
-0.03415535611358696
-0.045961859039314545
-0.038390311215500926
-0.033270234616913086
-0.0392556463940751
-0.03241851141481264
-0.031222624402430756
-0.03794630175284814
-0.028347924922894573
-0.02990623992049089
-0.027014244419846484
-0.033304857123751856
-0.03802319535172854
-0.034136189690885624
-0.03878653364026612
-0.03976210539337728
-0.041235223003617975
-0.04351643736392192
-0.039364149032416196
-0.029834917086784984
-0.03650710869813679
-0.03197628809980401
-0.03948757867369094
-0.03768874469710085
-0.029242643954446333
-0.043673163697860756
-0.034641306601134826
-0.0421983401255734
-0.03859834720405832
-0.03797418575755595
-0.03452902052737989
-0.03472259914661473
-0.0350980379926302
-0.03672165082633724
-0.03637490336236589
-0.028044544834793336
-0.036821145623568426
-0.03221024512792364
-0.02864529410229717
-0.018534146675113692
-0.013721057485365775
-0.014062478470310776
-0.012315562276571415
-0.011484665239523935
-0.007429333547991864
-0.010842171677665402
-0.012194430834385074
-0.011257601756309065
-0.017783872062678893
-0.017218967422611857
-0.0197587085240218
-0.01900179606167155
-0.025093104662027826
-0.02430897240405544
-0.019021463234566785
-0.024010576138702864
-0.018080936185506307
-0.021755494129187862
-0.017323154912216945
-0.021196967106980692
-0.01975567236122284
-0.01865698155937741
-0.03366340055959812
-0.03649359246955393
-0.03151517457438317
-0.03472227960871114
-0.031188213706459727
-0.03937083837741185
-0.02986633548952139
-0.03507225636670891
-0.025133284447320766
-0.033546825994415344
-0.03387187942280591
-0.03164075797997991
-0.02956936107484279
-0.03146092358596742
-0.030063258698579707
-0.029419513328907958
-0.02294657509365266
-0.02849993001065434
-0.024145682356725595
-0.026638475024196074
-0.02983743472894082
-0.02829514937007131
-0.029563843709835544
-0.027408203348110748
-0.023657048000932213
-0.03790316992457176
-0.031412792114112756
-0.028359065936894894
-0.020871285079857062
-0.02024705794152432
-0.03330051777746757
-0.024301133707779064
-0.027905003938324374
-0.020972867593075106
-0.030395083598569145
-0.022433120394585705
-0.03292565897802396
-0.023563785919112124
-0.013261439091750968
-0.023659836352745815
-0.024632203737591937
-0.017544426755996538
-0.022900776250350523
-0.02656036864936056
-0.02733819061008383
-0.030720697972651676
-0.028874305719115576
-0.024201618468780835
-0.011724979043573043
-0.007396858878295748
-0.0170238636386221
-0.009795028315562355
-1.0
-1.0
-1.0
-0.01391595703014615
-0.01138606956863324
-0.010283386029853772
-0.009827377842701702
-0.009003652281912357
-0.021164792660889675
-0.029201656989677936
-0.025258648558435293
-0.023168600867704364
-0.024204170827788005
-0.028771402075750012
-0.03123660581178074
-0.034644120844232906
-0.028136342505015607
-0.030687755280355996
-0.029553571490905633
-0.031447441411350995
-0.03052954195470317
-0.03300703708828372
-0.03682321578495905
-0.04458056308719259
-0.033715171565839815
-0.0248758438985615
-0.032097359383770174
-0.025113899852647906
-0.03469861586721536
-0.04011437769177263
-0.03691728680997425
-0.0370448777885279
-0.037029721308282235
-0.04257658837046463
-0.03626710908021419
-0.03497835477823783
-0.03333417874677376
-0.032844217683539186
-0.03547416877001255
-0.035813662661311294
-0.02856989425033111
-0.023456205025523917
-0.037229710459762505
-0.037709536909559194
-0.036309205894301144
-1.0
-1.0
-0.03253597530102514
-0.04133399360018606
-0.04050506135676781
-0.039651635620733955
-0.026272087871191452
-0.03443319336205006
-0.023768718186277443
-0.02306968339928005
-0.023900987557390497
-0.024006835631850822
-0.033180146343509846
-0.03242901907651756
-0.025166477377688592
-0.03524585475205827
-0.0345804460315853
-0.04238354740918785
-0.039212220315118146
-0.03765844258342083
-0.03605915370464458
-0.039453565600303664
-0.03849958977886542
-0.03964227740420028
-0.037893023250341884
-0.04065511112839806
-0.03226472313014434
-0.03200604318691214
-0.029248417524626022
-0.03452562748758577
-0.03541875145863293
-0.04248847980633124
-0.03560940746035053
-0.03968823510957085
-0.039421598472161826
-0.029639066976427167
-0.02313132102065627
-0.004847368051351609
-0.006826056933498365
-0.005784008442909623
-0.00282382947937321
0.010653263959444794
-1.0
-1.0
-1.0
0.024654900077094144
0.018933860576511558
0.021300433002955955
0.01926670572731094
0.010782499704945471
0.007130689188488534
0.0070983141269412835
-0.008774651658706759
-0.013859649636396276
-0.013113109153436765
-0.012584268764934719
-0.00483392966800716
-0.009755986555647621
-0.0062680764203494775
-0.006149945555640345
0.010667504526527614
0.002691128037111167
0.01575780425888538
0.009911891162260496
0.007961272058161044
0.0041154421947151255
-0.0005487398399059536
0.0032258848030883237
0.0023951059332546027
0.00683465550187281
0.0064078880338356466
-0.00021482410788207162
0.009896988405920546
0.01841709934522954
0.02885814495432489
0.01799745552327972
0.01947878758926462
0.025089715699969588
0.029227661665739632
0.022166295855734493
0.02527134233077879
0.02494581626234865
0.021983449794522596
0.017271908317128614
0.025475201425335332
0.026786586338727016
0.03322180755323366
0.03871114232233533
0.036086233775565156
0.03647211235063378
0.04021678180806775
0.0306366821279786
0.0157837358242152
0.01063189017916941
0.019541774878723456
0.028064885675064124
0.026584082853310903
0.030384355366542024
0.03305591054841841
0.0322441977660351
0.023855853318622684
0.011727504692885415
0.011261514096370946
0.026203233432372443
0.03219976771600215
0.029181469186881154
0.017192700620456948
0.021501761942265527
0.03252930236853658
0.0407421759894126
0.038937544271758065
0.0467220540865618
0.04215338732205717
0.039668820476899236
0.02924123617176751
0.024078454915343574
0.018700320634465722
0.0276272809167913
0.015532354662171725
0.006554962780644566
0.011517238596480989
0.017529947254318244
0.015018458420123918
0.0178098795513891
0.017207335531700528
0.02348125613702333
0.005656560877224996
-0.0029990739237114247
0.010436724587538429
0.011906950337684878
0.01168571859274208
0.012591801245917491
0.02119300570846844
0.02518376689862491
0.024963482345085195
0.03160588409786376
0.03246899160068856
0.03079362511302071
0.02668079901744905
0.025058536067385426
0.012194852186619132
0.012272781346590282
0.009056111627332894
0.011435124022949565
0.003929923246307787
0.004402032659862222
-0.005537805521455618
0.0004964222042789667
0.005438796233528508
0.019550135340910813
0.01795986492454465
0.009754611542687667
0.01643981068421828
0.019101660995872786
0.023563169292269998
0.008064986516371333
0.014408134536213629
0.010604420295625626
0.012584917192959838
0.027289781083484444
0.027813879853802254
0.02015237246219417
0.01845929704916463
0.025330500583774274
0.02729476694688773
0.022139098060282938
0.026363709652252775
0.030129827538737313
0.02415515690387106
0.030159922422499853
-1.0
-1.0
0.026743879910499323
0.020018784597152953
0.016469347326088683
0.02143402271219148
0.013707559994796906
0.018258910847403227
0.027741629729060014
0.020918051326882507
0.01790922107001911
0.02893900057491526
0.03363406582848259
0.0390777981766585
0.038865410595908666
0.03657365578283115
0.03958961573278576
0.046310730162124794
0.03939724353179418
0.029907147404725
0.02182681454159622
0.010860040428841884
0.004255049680452533
-0.014423913860473973
-0.01881443456504679
-0.0028797264027436396
-0.0010099210683914756
-0.0034224004096660714
-0.014784445120931796
-0.007666070917006257
0.00271785028315668
0.014738606437501713
0.011587667858476536
-0.008996346874791387
-0.016209059226654714
-0.015746348906566225
-0.020178791153545827
-0.017516197402209582
0.00045493989217428363
0.008766252455538075
0.014269073761325309
0.017218734468795623
0.0181556079581576
0.019914081427805316
0.025022201279404518
0.01638040503518496
0.010165824725001943
-0.006186748206753972
0.008340104809021604
0.02668390281553603
0.03474849729288672
0.04410623534425199
0.0443247140563952
0.04225336336035625
0.038930915961664404
0.04365570646602067
0.03149162253762935
0.03766391296148153
-1.0
-1.0
-1.0
-1.0
-1.0
-1.0
0.040513298426190274
0.03784728534858907
0.034981665272391264
0.03170958810519438
0.033161962242773235
0.03063678559210745
0.0223245050011136
0.0022038982713487414
-0.007738258688201717
-0.019262480463779576
-0.011904744913155635
-0.018450678087095433
-0.019640972767782917
-0.02108178041173772
-0.02824132318858833
-0.02622438712541639
-0.026253349692058246
-0.027436677813597772
-0.020880672255252523
-0.023465394129406562
-0.030522856494525408
-0.022946109135861505
-0.017517202580572308
-0.02385376683657397
-0.027218874496041885
-0.027098647233437235
-0.021000602621704383
-0.019044676542273372
-0.017422646210166908
-0.025242398093404794
-0.020998424752758794
-0.021407570260120946
-0.0036620984429407244
0.015407086549854886
0.044757343549150466
0.04844370705384243
0.0517375823836943
0.047622023916121387
0.044676649246239215
0.0464396869258901
0.05284199935429684
0.05288776076590345
0.0498689920047275
0.049529844730525026
0.044130292541689174
0.04815375859605513
0.04558133989062571
0.04193603045312585
0.024122123731496494
-0.00023764701228925586
0.005735125138957959
0.01125830538827753
0.025848653844890764
0.032966371205851816
0.028346649483990006
0.028883017125193398
0.017132508555669976
0.016203364595421203
0.021061211599361147
0.027968434660344006
0.024619154803335236
0.024493524304147193
0.0311832478305449
0.03967757070075872
0.038539143878116446
0.030496799833900176
0.028249201390705917
0.02392203937828058
0.021499590794416545
0.030986831053090455
0.041314712107567986
0.03342109910912094
0.04173663053047212
0.032945651016430245
0.04037302538003957
0.04370020304869373
0.04015155617248882
0.04452953245653294
0.043487708088076206
0.039281300621949455
0.04094853899670821
0.04619801149684235
0.04610074754946773
0.04143516330534708
0.046909276118950884
0.038599949457278494
0.03382848068671753
0.044960493223954304
0.04051928563934519
0.0339423443694734
0.03800836825901277
0.04056650478965253
0.031141000785994574
0.020739431894913146
0.02578313085750577
0.020843776254110706
0.015381841153090874
0.01200528923050041
0.015439419397559198
0.009945402991996118
0.010500825145827623
0.010036428800599307
0.009760287820973539
0.008314946063015086
0.0048829592382524985
0.012424054996410113
0.004485746628534289
0.019655927490267767
0.009737463393202347
0.018166319172327722
0.01479105276780824
0.017639211133048487
0.013604013543041577
0.02464747284549948
0.01736848994090886
0.006257644555761349
0.001913290043217369
-0.012357876315912142
-0.012949365430093535
-0.0033295315918489337
0.0015246080881820428
-1.0
0.0038635738489555364
0.01858980151186874
0.02545092023669127
0.016109671084704423
0.025704061343695073
0.027291310477500278
0.023390091435429285
0.023133617834374804
0.023351952466081283
0.016711167381629897
0.010238601433643937
0.003631837566531305
-0.007235763931153896
-0.009493290713808904
-0.010348327651649104
-0.01838238225733147
-0.023428522425457007
-0.027182280968201234
-0.02611791794794888
-0.027381072604689437
-0.021519841020914917
-0.027708635235913052
-0.0253917522991599
-0.02797921140834981
-0.03318775456987253
-0.0449355431638931
-0.033153403958401155
-1.0
-1.0
-1.0
-1.0
