-1.0
-1.0
-1.0
-1.0
-1.0
-1.0
-1.0
-1.0
-1.0
-1.0
-1.0
-1.0
-1.0
-1.0
-1.0
-1.0
-1.0
-1.0
-1.0
-1.0
-1.0
-1.0
-1.0
-1.0
-1.0
-1.0
-1.0
-1.0
-1.0
-1.0
-1.0
-1.0
-1.0
-1.0
-1.0
-1.0
-1.0
-1.0
-1.0
-1.0
-1.0
-1.0
-1.0
-1.0
-1.0
-1.0
-1.0
-1.0
-1.0
-1.0
-1.0
-1.0
-1.0
-1.0
-1.0
-1.0
-1.0
-1.0
-1.0
-1.0
-1.0
-1.0
-1.0
-1.0
-1.0
-1.0
-1.0
-1.0
-1.0
-1.0
-1.0
-1.0
-1.0
-1.0
-1.0
-1.0
-1.0
-1.0
-1.0
-1.0
-1.0
-1.0
-1.0
-1.0
-1.0
-1.0
-1.0
-1.0
-1.0
-1.0
-1.0
-1.0
-1.0
-1.0
-1.0
-1.0
-1.0
-1.0
-1.0
-1.0
-1.0
-1.0
-1.0
-1.0
-1.0
-1.0
-1.0
-1.0
-1.0
-1.0
-1.0
-1.0
-1.0
-1.0
-1.0
-1.0
-1.0
-1.0
-1.0
-1.0
-1.0
-1.0
-1.0
-1.0
-1.0
-1.0
-1.0
-1.0
-1.0
-1.0
-1.0
-1.0
-1.0
-1.0
-1.0
-1.0
-1.0
-1.0
-1.0
-1.0
-1.0
-1.0
-1.0
-1.0
-1.0
-1.0
-1.0
-1.0
-1.0
-1.0
-1.0
-1.0
-1.0
-1.0
-1.0
-1.0
-1.0
-1.0
-1.0
-1.0
-1.0
-1.0
-1.0
-1.0
-1.0
-1.0
-1.0
-1.0
-1.0
-1.0
-1.0
-1.0
-1.0
-1.0
-1.0
-1.0
-1.0
-1.0
-1.0
-1.0
-1.0
-1.0
-1.0
-1.0
-1.0
-1.0
-1.0
-1.0
-1.0
-1.0
-1.0
-1.0
-1.0
-1.0
-1.0
-1.0
-1.0
-1.0
-1.0
-1.0
-1.0
-1.0
-1.0
-1.0
-1.0
-1.0
-1.0
-1.0
-1.0
-1.0
-1.0
-1.0
-1.0
-1.0
-1.0
-1.0
-1.0
-1.0
-1.0
-1.0
-1.0
-1.0
-1.0
-1.0
-1.0
-1.0
-1.0
-1.0
-1.0
-1.0
-1.0
-1.0
-1.0
-1.0
-1.0
-1.0
-1.0
-1.0
-1.0
-1.0
-1.0
-1.0
-1.0
-1.0
-1.0
-1.0
-1.0
-1.0
-1.0
-1.0
-1.0
-1.0
-1.0
-1.0
-1.0
-1.0
-1.0
-1.0
-1.0
-1.0
-1.0
-1.0
-1.0
-1.0
-1.0
-1.0
-1.0
-1.0
-1.0
-1.0
-1.0
-1.0
-1.0
-1.0
-1.0
-1.0
-1.0
-1.0
-1.0
-1.0
-1.0
-1.0
-1.0
-1.0
-1.0
-1.0
-1.0
-1.0
-1.0
-1.0
-1.0
-1.0
-1.0
-1.0
-1.0
-1.0
-1.0
-1.0
-1.0
-1.0
-1.0
-1.0
-1.0
-1.0
-1.0
-1.0
-1.0
-1.0
-1.0
-1.0
-1.0
-1.0
-1.0
-1.0
-1.0
-1.0
-1.0
-1.0
-1.0
-1.0
-1.0
-1.0
-1.0
-1.0
-1.0
-1.0
-1.0
-1.0
-1.0
-1.0
-1.0
-1.0
-1.0
-1.0
-1.0
-1.0
-1.0
-1.0
-1.0
-1.0
-1.0
-1.0
-1.0
-1.0
-1.0
-1.0
-1.0
-1.0
-1.0
-1.0
-1.0
-1.0
-1.0
-1.0
-1.0
-1.0
-1.0
-1.0
-1.0
-1.0
-1.0
-1.0
-1.0
-1.0
-1.0
-1.0
-1.0
-1.0
-1.0
-1.0
-1.0
-1.0
-1.0
-1.0
-1.0
-1.0
-1.0
-1.0
-1.0
-1.0
-1.0
-1.0
-1.0
-1.0
-1.0
-1.0
-1.0
-1.0
-1.0
-1.0
-1.0
-1.0
-1.0
-1.0
-1.0
-1.0
-1.0
-1.0
-1.0
-1.0
-1.0
-1.0
-1.0
-1.0
-1.0
-1.0
-1.0
-1.0
-1.0
-1.0
-1.0
-1.0
-1.0
-1.0
-1.0
-1.0
-1.0
-1.0
-1.0
-1.0
-1.0
-1.0
-1.0
-1.0
-1.0
-1.0
-1.0
-1.0
-1.0
-1.0
-1.0
-1.0
-1.0
-1.0
-1.0
-1.0
-1.0
-1.0
-1.0
-1.0
-1.0
-1.0
-1.0
-1.0
-1.0
-1.0
-1.0
-1.0
-1.0
-1.0
-1.0
-1.0
-1.0
-1.0
-1.0
-1.0
-1.0
-1.0
-1.0
-1.0
-1.0
-1.0
-1.0
-1.0
-1.0
-1.0
-1.0
-1.0
-1.0
-1.0
-1.0
-1.0
-1.0
-1.0
-1.0
-1.0
-1.0
-1.0
-1.0
-1.0
-1.0
-1.0
-1.0
-1.0
-1.0
-1.0
-1.0
-1.0
-1.0
-1.0
-1.0
-1.0
-1.0
-1.0
-1.0
-1.0
-1.0
-1.0
-1.0
-1.0
-1.0
-1.0
-1.0
-1.0
-1.0
-1.0
-1.0
-1.0
-1.0
-1.0
-1.0
-1.0
-1.0
-1.0
-1.0
-1.0
-1.0
-1.0
-1.0
-1.0
-1.0
-1.0
-1.0
-1.0
-1.0
-1.0
-1.0
-1.0
-1.0
-1.0
-1.0
-1.0
-1.0
-1.0
-1.0
-1.0
-1.0
-1.0
-1.0
-1.0
-1.0
-1.0
-1.0
-1.0
-1.0
-1.0
-1.0
-1.0
-1.0
-1.0
-1.0
-1.0
-1.0
-1.0
-1.0
-1.0
-1.0
-1.0
-1.0
-1.0
-1.0
-1.0
-1.0
-1.0
-1.0
-1.0
-1.0
-1.0
-1.0
-1.0
-1.0
-1.0
-1.0
-1.0
-1.0
-1.0
-1.0
-1.0
-1.0
-1.0
-1.0
-1.0
-1.0
-1.0
-1.0
-1.0
-1.0
-1.0
-1.0
-1.0
-1.0
-1.0
-1.0
-1.0
-1.0
-1.0
-1.0
-1.0
-1.0
-1.0
-1.0
-1.0
-1.0
-1.0
-1.0
-1.0
-1.0
-1.0
-1.0
-1.0
-1.0
-1.0
-1.0
-1.0
-1.0
-1.0
-1.0
-1.0
-1.0
-1.0
-1.0
-1.0
-1.0
-1.0
-1.0
-1.0
-1.0
-1.0
-1.0
-1.0
-1.0
-1.0
-1.0
-1.0
-1.0
-1.0
-1.0
-1.0
-1.0
-1.0
-1.0
-1.0
-1.0
-1.0
-1.0
-1.0
-1.0
-1.0
-1.0
-1.0
-1.0
-1.0
-1.0
-1.0
-1.0
-1.0
-1.0
-1.0
-1.0
-1.0
-1.0
-1.0
-1.0
-1.0
-1.0
-1.0
-1.0
-1.0
-1.0
-1.0
-1.0
-1.0
-1.0
-1.0
-1.0
-1.0
-1.0
-1.0
-1.0
-1.0
-1.0
-1.0
-1.0
-1.0
-1.0
-1.0
-1.0
-1.0
-1.0
-1.0
-1.0
-1.0
-1.0
-1.0
-1.0
-1.0
-1.0
-1.0
-1.0
-1.0
-1.0
-1.0
-1.0
-1.0
-1.0
-1.0
-1.0
-1.0
-1.0
-1.0
-1.0
-1.0
-1.0
-1.0
-1.0
-1.0
-1.0
-1.0
-1.0
-1.0
-1.0
-1.0
-1.0
-1.0
-1.0
-1.0
-1.0
-1.0
-1.0
-1.0
-1.0
-1.0
-1.0
-1.0
-1.0
-1.0
-1.0
-1.0
-1.0
-1.0
-1.0
-1.0
-1.0
-1.0
-1.0
-1.0
-1.0
-1.0
-1.0
-1.0
-1.0
-1.0
-1.0
-1.0
-1.0
-1.0
-1.0
-1.0
-1.0
-1.0
-1.0
-1.0
-1.0
-1.0
-1.0
-1.0
-1.0
-1.0
-1.0
-1.0
-1.0
-1.0
-1.0
-1.0
-1.0
-1.0
-1.0
-1.0
-1.0
-1.0
-1.0
-1.0
-1.0
-1.0
-1.0
-1.0
-1.0
-1.0
-1.0
-1.0
-1.0
-1.0
-1.0
-1.0
-1.0
-1.0
-1.0
-1.0
-1.0
-1.0
-1.0
-1.0
-1.0
-1.0
-1.0
-1.0
-1.0
-1.0
-1.0
-1.0
-1.0
-1.0
-1.0
-1.0
-1.0
-1.0
-1.0
-1.0
-1.0
-1.0
-1.0
-1.0
-1.0
-1.0
-1.0
-1.0
-1.0
-1.0
-1.0
-1.0
-1.0
-1.0
-1.0
-0.015498016880116896
-1.0
-1.0
-1.0
-1.0
-1.0
-1.0
-1.0
-1.0
-1.0
-1.0
-1.0
-1.0
-1.0
-1.0
-1.0
-1.0
-1.0
-1.0
-1.0
-1.0
-1.0
-1.0
-1.0
-1.0
-1.0
-1.0
-1.0
-1.0
-1.0
-1.0
-1.0
-1.0
-1.0
-1.0
-1.0
-1.0
-1.0
-1.0
-1.0
-1.0
-1.0
-1.0
-1.0
-1.0
-1.0
-1.0
-1.0
-1.0
-1.0
-1.0
-1.0
-1.0
-1.0
-1.0
-1.0
-1.0
-1.0
-1.0
-1.0
-1.0
-1.0
-1.0
-0.013723184722865506
-0.014065715282713229
-0.014439910121926289
-0.012161277627451443
-0.012972075796577179
-1.0
-1.0
-1.0
-1.0
-1.0
-1.0
-1.0
-1.0
-0.010226101313212273
-0.011467565016853337
-0.00884741808277892
-1.0
0.005861149153312264
0.005066070977086329
0.007727643609655423
0.009954299534761324
0.009045357257190998
0.007484080829292427
0.007439696820310206
0.005276394158169996
0.0028486793721516426
0.002902666012779713
-1.0
-1.0
-1.0
-1.0
-1.0
-1.0
-1.0
-1.0
-1.0
-1.0
-1.0
-1.0
-1.0
-1.0
-1.0
-1.0
-1.0
-1.0
-1.0
-1.0
-1.0
-0.010828074809675126
-0.013996090822076895
-1.0
-0.01444674499170504
-0.015404678660996476
-0.015986503841157965
-0.015472546187945727
-0.01446848330243533
-0.016200870157092023
-0.018180793297907196
-0.01270525089775387
-0.014152862342507344
-0.015303308851082971
-1.0
-0.012483521928410722
-0.01433640558823752
-0.015849865201766317
-0.015086634161109131
-0.01698677986867941
-0.015053057596483399
-0.015871094571541292
-0.02031983159757959
-0.01510142670211932
-0.015607425833177523
-0.011406191528368992
-0.008743402435745668
-1.0
-0.016047559545229562
-1.0
-1.0
-1.0
-1.0
-1.0
-1.0
-1.0
-1.0
-1.0
-1.0
-1.0
-1.0
-1.0
-1.0
-1.0
-1.0
-1.0
-1.0
-1.0
-1.0
-0.014399448451586607
-0.014426454348877668
-0.013194668187626948
-0.015643897191378583
-0.012501396841323379
-0.013291843284243002
-0.010228831858710482
-0.01299277626560074
-0.01262933139583833
-0.01529809371344762
-0.008608219049833495
-0.005762340453319616
-0.008027236167313755
-0.010639441108451659
-0.0056851125360389805
-0.004390948425149211
-0.006887633233311393
-0.004006419313293291
-0.007837108666000209
-0.00430443916038938
-0.008286689629271872
-0.009957012756537278
-0.011462539710628411
-0.010302969805114885
-0.012535200587686635
-0.010544211045101977
-0.014280871340597776
-0.014664657204760507
-0.012088488365057848
-0.006853712398480152
-0.005409255001121034
-0.0017320057154498819
-0.0021957856750740097
0.003642684239410574
-0.004459513809195408
-0.010243551900534565
-0.013395588516168816
-0.015068899993005706
-0.014010933229855208
-0.012026424433342203
-0.011454149131542924
-0.009955457222176316
-0.013911124082832833
-0.017070672024107402
-0.015346688811394334
-0.017666023849248848
-0.013136431607851037
-0.016150268601833797
-0.014847430441116735
-0.019221834020090936
-0.012549601787640792
-0.012733239602203027
-0.018089947085513654
-0.01292885120834668
-0.01645368081354811
-0.0140244738657117
-0.016470365171571338
-0.011844749974298014
-0.009688184853028178
-0.01718809401390699
-0.01339275297413412
-0.018364127418013115
-0.015931494192380064
-0.015884276264680076
-0.017264552776229035
-0.014945879744730954
-0.01691953362208359
-0.011038881035720313
-0.01610180982532167
-0.01002006688418711
-0.016458647196481893
-0.016149772871153475
-0.018815556146054204
-0.01589092727784425
-0.013845024648909967
-0.01493068885826126
-0.014521355571918018
-0.01688698940252761
-0.016148039498298565
-0.014887836817120586
-0.019148621254363625
-0.011446284704618639
-0.014089885923397749
-0.015486922884011291
-0.016465638958563112
-0.011707754080918847
-0.01366623860663209
-0.01530488577714386
-0.013820650435389034
-0.014224022821595688
-0.016606037391520816
-0.016495020646006314
-0.014345816005142972
-0.014219375551152604
-0.01809869215087017
-0.012594975096872775
-0.011364624816195077
-0.010657136055261458
-0.01971046857426087
-0.016929479653278876
-0.01762592743031303
-0.02025388421887291
-0.015634984526892933
-0.016712874671493908
-1.0
-0.020311668219243073
-0.015434283437937074
-0.017397730234392755
-0.01654979063240339
-0.01605505837928148
-0.012892381860083048
-0.01800720135662241
-0.016983473330012756
-0.016160344618867877
-0.01720229481771641
-0.016906789592321735
-0.01781455188613972
-0.012291225187291472
-0.017257829200884638
-0.015431251412008618
-0.020156258338658653
-0.01397254833224405
-0.014855717841395768
-0.018865606514337364
-0.0183808422290961
-0.015224759803577936
-0.01364607247554255
-0.01755927792774137
-0.01587818754968896
-0.015677767865238557
-0.020154760010025474
-0.016213257518019088
-0.020453139854735257
-0.017762516087715067
-0.017333135557692263
-0.014649810085569563
-0.020160165075373007
-0.016684500433581825
-0.015714421370666656
-0.012609715986385692
-0.009052944385315322
0.0005229659707224087
0.002092903616426619
0.0013544113510220517
0.000924179622620813
-1.0
0.002458999949729032
0.004593707907107303
-1.0
-1.0
-1.0
-1.0
-1.0
-1.0
-1.0
-1.0
-1.0
-1.0
-1.0
-1.0
-1.0
-1.0
-1.0
-1.0
-1.0
-1.0
-1.0
-1.0
-1.0
-1.0
-1.0
-0.0005230900600510302
-0.0038855763472728758
-1.0
-1.0
0.001386372894281644
-0.0033937603645931027
-0.0025759358337676405
-0.005679561521327293
-0.008401352198745004
-0.009071775473730583
-0.00832981242979021
0.0011037663616685156
-0.006462029623702449
-0.011758464902750211
-0.012929902008283289
-0.010194922501908987
-0.01131252582221749
-0.012787854162502244
-0.010797987129586267
-0.011865444237245679
-0.015540906154658649
-0.014200094079488332
-0.01767554494827914
-0.014968250772599353
-0.019317803046981788
-0.012740544794868518
-0.017133934706745093
-0.0137136507037157
-0.01103169905939496
-0.012379427542131045
-0.009306376476210455
-0.01155981337272701
-0.012953815307478703
-0.010507308909052684
-0.0013030516015823848
0.0033645456553193574
0.003993303424958539
-0.0037097187946064686
0.00250125083858608
0.002264957960529502
0.007577151340777822
-0.006502837390205951
-0.008516851918834844
-0.010416588837875608
-0.00838685301384658
-0.0015639131161361809
-0.007185664207602151
-0.013999282308649436
-0.008877706876327034
-0.0092658160578338
-0.005537420063008917
-1.0
-1.0
-1.0
-1.0
-1.0
-1.0
-1.0
-1.0
-1.0
-1.0
-1.0
-1.0
-1.0
-1.0
-1.0
-1.0
-1.0
-1.0
-1.0
-1.0
-1.0
-1.0
-1.0
-1.0
-1.0
-1.0
-1.0
-1.0
-1.0
-1.0
-0.0025393522064812418
-0.0037743697475870826
-0.0037689072519473646
0.0009904456877770531
0.005285879185135581
0.005235623842226084
0.0057477439900135594
0.008448526080436981
-0.0017756824035448575
-0.0013328091206785818
-0.000295260668997391
-0.0028578393109891646
-0.005517383220812521
-0.008109812221752952
-0.004525159880996948
-0.00543974269627132
-0.007828535169513543
-0.005547200898990034
-0.003628636932208755
-0.0027740493584403154
0.00012060437066663017
0.0025445122937645397
0.0011065970094769732
-0.0017529506494100605
0.0005640760460601929
-0.0047736994974412385
-0.007421594391455035
-0.003735475840537256
-0.010370330570196975
-0.01246688673191543
-0.011463380856567442
-1.0
-1.0
-1.0
-1.0
-1.0
-0.01673326651654237
-0.01908769509382656
-0.021050514791490806
-0.020033013833382445
-0.018778000141526193
-0.01263663537313139
-0.016327126315011493
-0.01760821178928905
-0.019420858290090024
-0.02226145288074923
-0.02095149847442602
-0.017513923329343734
-1.0
-0.01950295651371204
-0.020211307869614722
-0.018461855360917382
-0.01822874591206436
-1.0
-1.0
-1.0
-1.0
-1.0
-1.0
-1.0
-1.0
-1.0
-1.0
-1.0
-1.0
-1.0
-1.0
-1.0
-1.0
-1.0
-1.0
-1.0
0.0017708835652340302
-0.0034719321228570714
-0.007000788994186094
-0.010185992999193538
-0.007984792029351139
-0.009382041400748123
-0.010011246028595114
-0.003351773319932857
0.0020328566084493395
-0.0023847636155371506
-0.009507200394301253
-0.01047055918468228
-0.010153719236474037
-0.005594717903828759
-0.007974210023389878
-0.0028024897504520764
-0.005669855862067482
-0.009950970032306362
-0.0047228326931489
-0.005042363780459525
-0.005553476357437898
-0.01293027622417816
-0.009954878090585576
-0.011503167680727079
-0.008638065835218344
-0.00946193594043204
-0.012372480852685146
-0.014024615746470383
-0.015197032851356164
-0.01683640439063596
-0.017140533767897145
-0.018810409909243413
-0.018095389368546204
-0.02116466224003936
-0.01959563091713936
-0.014689028731972286
-0.020229152795477538
-0.016259607760357488
-0.01760805350048248
-0.017891623504166565
-0.017252567215051272
-0.013192605837739976
-0.014088469669078119
-0.0018809393358996706
-0.01084128506432835
-0.009016351953886566
-0.010990273887252088
-0.012832040329525412
-0.013802544145607767
-0.008596038231983653
-0.006773220977833666
-0.005623096706834988
-0.005780660666969437
-0.0027730425862835537
-0.0036673854480501933
0.006429464974433989
-0.0032337716668130807
0.0017050502199472978
0.00570020402087649
0.009574585223963063
0.006817596964774979
0.0012467209796535336
0.0017420232308194103
0.008810822664447441
0.01078102369786895
0.0037370924866619616
0.0027637606652054863
0.01156045042993472
0.011658552155264689
0.007687818952170921
-1.0
-1.0
0.0016431826521234156
0.0008028771063553843
0.0012847274595288167
0.0005262401444094537
-1.0
-1.0
0.00858086948341956
0.006240745383360121
0.005635316400484771
0.005023861019762808
0.005294144036035068
0.0027629919404572557
0.0024248638530689703
0.0007224398046171032
0.0004019851954335872
-0.003308057867332281
0.006052969867532746
0.005500300418071402
0.004089449000722594
0.010156772653449352
0.010526876141502675
0.00642420294107647
-0.0027654093867799413
-0.009983396487391218
-0.008422753261319025
-0.009587777365114056
-0.012333961402598468
-0.011513789727342792
-0.01174793260307039
-0.007232581938546443
-0.011735749107770158
-0.01073145043954216
-0.009770269478925408
-0.006962652555077434
-0.00040318359497494495
-0.003089830392640259
-0.007191401008442925
-0.009369352012677884
-0.005311497760002302
-0.007384261751230923
-0.001770474887242534
-0.000825220643543892
-0.001210064853327703
-0.002881025316864632
-0.0034531967498348717
-0.0023487309777257964
-0.004428789161268459
-0.005170311610847461
-0.002433533862983244
0.002411712130433432
0.007636965943075547
0.0002974271047391105
8.392585255547069e-05
-0.0034392714577176123
-0.007827419696363589
-0.007005505915822948
-0.007510837924439402
-0.004895719104537452
-0.005876036629658917
-0.006207088601947658
-0.010994897987428528
-0.009246504185332113
-0.0017017487966557955
-0.010186066834303226
-0.009834944180811296
-0.011228965234504161
-0.010725153697440882
-0.011126042541348436
-0.014014362422612855
-0.009713764803221257
-0.007719108066214905
-0.012480804521581977
-0.00983944005641853
-0.01059814964243706
-0.008308054124384918
-0.012389300178124596
-0.00972604686302494
-0.005913090146332657
-0.0040169291002547305
-0.005093164151759843
-0.007198088799395574
-0.009714532266730865
-0.013844566509384332
-0.008785244313000751
-0.011841721371179078
-0.00792999615573325
-0.003248192409792329
-0.006193196655773997
-0.0036598279581609486
-0.009126594485132576
-0.005458347268503635
-0.0084026665171538
-0.009929978818610971
-0.00808070493191122
-0.010462675661999741
-0.0067354699194910675
-0.010409458399836022
-0.007002674258670558
-0.005768439849394488
-0.004374007815078347
-0.007705803897266598
-0.007268855031863121
-0.004974410855270713
-0.007328521028004137
-0.0034993489899934355
0.002394103184585268
0.001693574435610989
-0.003013934702504246
-0.01301571931142617
-0.012266447422713269
-0.011475315766606152
-0.022045137558290556
-0.019803289205955733
-0.021008109955234392
-0.01918615685896034
-1.0
-0.021450186990966614
-0.02191946470124654
-0.020434884235967492
-0.016778394344485116
-0.024744590407111435
-1.0
-0.022499554923072308
-0.018708662253091656
-0.02377335005802811
-0.023876177855267734
-0.019999810859968443
-0.021032553500687712
-0.023308557784121567
-0.018168695541440443
-0.01785215223761876
-0.020392005901986855
-0.017466279398663048
-0.014065737173435478
-0.015756248332687156
-0.016467947889130394
-0.013966812552731626
-0.008977874358793847
-0.003969456995999998
-0.005244892191490521
-0.003842250353547191
-0.003248557857366886
0.0023970042362696916
0.004179426987726967
0.0060726417600681015
0.014791560885968558
0.00390966701149599
-0.00024598985047420826
-0.000928100669185541
-0.002796768688764808
-0.001041988056564897
0.003132089039174777
0.010034433758546981
0.004153829313358291
0.006529676858469215
0.006202594856713538
0.0051743385444998095
0.0060117460381265714
0.008027978355858641
0.007501145774818044
0.013327034898174888
0.013932925398496143
0.012006275756080764
0.010537581654405945
0.00904473896656455
0.006368300387901368
0.004272324461465234
0.004606330273945246
0.0033484412278522624
0.01020009069429967
0.013275133166780292
0.012291444197918673
0.014805935256210219
0.01523100359103034
0.010278493266213967
0.017403678355062548
0.01712646541224782
0.017003282915678108
0.02030458269315264
0.017495755534365245
0.014924029775854301
0.014400576817670943
0.0152186343617777
0.013069365024042021
0.011025192722249258
0.013201672217501143
0.018488748834875918
0.014324728094850029
0.01772020394866256
0.017381442779086022
0.019353462516349167
0.015807597106041963
0.016655073762346335
0.018489048629828742
0.019785390932453278
0.0187922498144913
0.017758342228900784
0.01391528727397192
0.01801948655143506
0.020605831419351964
0.020744809418730876
0.018448795499871714
0.016272857980206473
0.019705221206228845
0.015291003004311672
0.016627272171887947
0.01807017590254832
0.020692295959287343
0.017632665630011764
0.018743597371458618
0.016655712491343646
0.018830181030664254
0.01617481479072335
0.01442401073472924
0.02187552669051188
0.02517064600726202
0.02081491193032667
0.01491942004390188
0.025588992662108467
0.022639158450597434
0.021684866780065377
0.024134101271621824
0.023468715886229046
0.025687530880661336
0.027457645034806924
0.02557468925703431
0.028231697468583575
0.02309662087798003
0.0232823109417022
0.020720606913919117
0.022076064104477808
0.025889152567245124
0.022541343231761966
0.020939465705103556
0.0256949297358335
0.02540357487507331
0.02988001845272158
0.025143129719250673
0.029565433288294803
0.024009134189780686
0.024789233242450682
0.025905286334314267
0.027865895120919717
0.022972910009397177
0.025939573056545106
0.026159622233191397
0.023918787393021806
0.025633066516572205
0.02435109349445371
0.01807546735031692
0.023572676012263514
0.021834812681420054
0.026893138088773506
0.027075362489954086
0.028007456561125053
0.022376812177478857
0.026126018382699935
0.024601246169466618
0.02258595199771361
0.028875709073922572
0.022914705356159235
0.026506436854275287
0.025815979270549804
0.018509492255891494
0.022901779303082608
0.021561222009096215
0.027298936527877373
0.022263305835751167
0.022331743891223665
0.01815473232313772
0.020893314777462188
0.022059095045772813
0.019892876362640918
0.018755147041853406
0.019273240751883167
0.021588738492016115
0.021752096753516137
0.022327144819583908
0.018152937822439846
0.021191967200388972
0.017141698757184586
0.024060367826441765
0.025260044058639602
0.02370029120698561
0.020852780878284675
0.025457638477168143
0.022163365638110662
0.02096936196109635
0.025988220502602247
0.022333751501244958
0.02231459275087868
0.01843541426703461
0.021112826223030283
0.02438310760972227
0.027396517498993887
0.024667692153750073
0.024050024978023873
0.025726291044315466
0.023269887798016323
0.029590999894002514
0.033333466856320104
0.02614428184100008
0.027363034446171917
0.024508465329014698
0.025433478933908533
0.024403852681141244
0.0259864320172895
0.026090090525578206
0.021134902266155376
0.019641837914077274
0.021275899817492484
0.0255638737943792
0.018423578666157226
0.02026083142033836
0.019178290613318022
0.01729616390896607
0.01871313924107024
0.020943445067401444
0.021618182190464134
0.02254827419964277
0.0234237249020241
0.021018894837807264
0.02465628428887001
0.022753673901740164
0.027211629022368806
0.024180097622774382
0.023237103566616523
0.021640842129458056
0.02086043801746868
0.02219794750383016
0.02339574763768228
0.026195737321039535
0.01902682172549363
0.017154881165390795
0.014951903441553368
0.016800215600089305
0.018687193720020274
0.018544938998087426
0.013368528444238595
0.015349160357448693
0.02022511106799562
0.01737105786404352
0.018739198831168685
0.02402560451990609
0.02241928206252862
0.020876637473972295
0.023580005994800486
0.021627561555038984
0.023879364262015722
0.0211038473533263
0.02177607189728863
0.016712696032923243
0.01990316939216568
0.020484401745269783
0.018060806289459507
0.01843422858808452
0.01975294533315842
0.02445915535740128
0.021181145617112884
0.022592882004999072
0.02288063063927114
0.022107871245318874
0.022339685518052675
0.027980520492351026
0.015493203921415143
-1.0
-1.0
-1.0
-1.0
-1.0
-1.0
-1.0
0.020147615680167975
0.024526172018014193
0.027286919293299614
0.027294676097468107
0.02593000516336825
0.024476063048198698
0.028894090849376046
0.029006501152774457
0.02435257451495766
0.02162512697313611
0.02667459641800856
0.02871238289203511
0.02529324236685019
0.021932666459087844
0.02358965307521644
0.02659914935439198
0.0189150019454366
0.024852342620434526
0.027593828094379495
0.024106526445188868
0.01479574765070311
0.022440321187769192
0.026532056635273523
0.024575031795527585
0.020579231643210977
0.017749775429029148
0.01747310286875585
0.02338983364654664
0.020943539883593185
0.020680362285782145
0.02496684951273623
0.02315155729720324
0.030431574442994873
0.024959646268344893
0.02005350535134795
0.0194134844083555
0.013339684331258584
0.018775821028892508
0.01411995090815893
0.02231737120616065
0.008664533773073677
0.012998557961107804
0.017283077288031745
0.013566454973253981
-1.0
0.004811691239339293
0.01003530377554547
0.008091780052945629
0.004079766855310013
-1.0
0.005670948079133984
0.014405811594202251
-1.0
-1.0
0.014044175542641457
0.014030035055064751
0.008416340423791116
0.00913675750447006
0.00592515241823092
-0.010167409532803224
-0.012557361883620678
-0.010647083593902621
-0.009467760250212412
-0.013025026542277607
-0.010605233141141946
-0.01076930158712546
-0.004031400583766604
0.0015621623568431613
-0.004735494956847606
-0.005071062375270237
-0.005299658155286102
-0.010834167097692984
-0.009707327996328386
-0.008030759138872403
-0.0032162210618528458
-0.0025908501748579237
-0.0030605960338386602
-0.011240897172759223
-0.010294306502447222
-0.014558152954932218
-0.020050559571673933
-0.02059769425437342
-0.014275880250971975
-0.015224696476322101
-0.017856414399961655
-0.017318382484102963
-0.012607929578689486
-0.008939691516243223
-0.017203720840712228
-0.017229931878583092
-0.019046307022373418
-0.015232084257150258
-0.019723538854419777
-0.01942479788693692
-0.010715764827032083
-0.018970898542072345
-0.02145020395328304
-0.023299584227109114
-0.023079453250844914
-0.026593926876381093
-0.021252083237736905
-0.01929307917341388
-0.02323333061249101
-0.0238930537723428
-0.018723162145114
-0.01910404613108469
-0.024898026585165017
-0.022123830286328704
-0.024566414427446368
-0.020160178943078207
-0.02526521532927112
-0.024782275645462943
-0.02249771254296781
-0.02574771280909751
-0.02541366535872667
-0.0198284445384072
-0.02085941265225831
-0.020508395929568813
-0.018486388558893927
-0.0227963358902324
-0.020623352293977
-0.019936921572612506
-0.027223748934748576
-0.020046308195804052
-0.021410446033983458
-0.025606179251370643
-0.02605704594586396
-0.02332194691819474
-0.024404757063709582
-0.020795856436122844
-0.021733573624521697
-0.02357712071372153
-0.02022749634972727
-0.015653131250158072
-0.017142251598113622
-0.017491499689513808
-0.014810892704035567
-0.013109397394480346
-0.00571569665291141
-0.008498826126135332
-0.003146013891245915
-0.003454865286290183
-0.006553370462092762
-0.005806929437293649
-0.0024225604471596533
-0.0022637950689002417
3.131853933130167e-05
0.006540661314902769
0.0037062445241160136
0.00801895471255888
0.0005340286643704362
0.0005386069579271111
-0.007195313292150902
-0.006961854517818751
-0.009168287402549068
-0.004568425527277308
-0.006298977788852694
0.0016687299421034294
0.0016247787475805794
0.0017849790397567481
-0.000535280469192969
-0.007978055410689355
-0.014468487701145812
-0.012807802786990072
-0.01327118577815335
-0.017652330522212892
-0.017550451046940103
-0.020064368940106783
-0.01902695246017694
-0.0173871114259229
-0.01452856906353137
-0.017799250782544587
-0.018549073231917682
-0.018842936378669104
-0.01242792795365939
-0.013685058774970917
-0.0036919732573227923
-0.007029535748254627
-0.011009485711157589
-0.015114809401008254
-0.014312845431083392
-0.015413253077636664
-0.013653533825895499
-0.006122243943537047
-0.0009974541653564822
0.006107131172782238
0.003991636837459946
0.005208847761131214
0.001698096509958012
-0.0013396619304949424
0.005305195217324722
0.003242015785276424
0.004739229159128727
0.005421351206688521
0.004151667424212309
0.0032841842385246374
0.0015658206434147404
-0.002151544407798687
0.0008174033768963661
0.0025635528042661786
0.002802951177711805
-0.0016591007430352667
0.0014699345721973533
-0.005521959531050611
-0.008335092790928427
-0.002213857552804349
-0.009005425015466193
-0.01063114607837632
-0.00689920987803793
-0.0036187894017322207
-0.0037814114859986646
-0.0019473551135216133
0.0005499554983647897
0.001940613837287822
-0.00045308930332954193
0.0026672177100702734
0.004955234900625602
0.0023220505936619265
-0.005835484946050084
-0.005258481606900146
-0.002509526860681484
-0.010057989852333853
-0.01058770903456945
-0.012408663372601868
-0.014054493573338721
-0.014321155894457321
-0.014046984514772863
-0.015276267424170426
-0.015055048561072341
-0.015900530743622635
-0.019197299681903996
-0.02139826538359484
-0.019402559076099515
-0.02001559195437761
-0.01880143766071665
-0.009820745981670482
-0.017707903958478467
-0.023233903497491194
-0.020647346247872435
-0.02314720040741215
-0.02347656899921963
-0.02389417140949094
-0.023866439932592364
-0.024502154144382504
-0.021307448514217557
-0.025972322521419823
-0.025148661321067658
-0.02029423984691628
-0.023384188330816215
-0.023403019676579227
-0.01986562339159839
-0.01912183536890314
-0.020876990519104032
-0.022803991659307715
-0.020486777544734255
-0.015365874312514304
-0.013081797998931928
-0.012715849972132265
-0.015203536029138803
-0.015560220277921788
-0.012905134115090592
-0.0074549675926891155
0.0002950204008093595
0.003025797906789279
0.007722172001228308
0.007196918960543931
0.006531132569018653
0.007195819665500398
0.011959733652046925
0.011830994099243774
0.012660442658173584
0.010450619972202018
0.011938365132412929
0.013246197871070155
0.012234114646260839
0.013898637481330538
0.010738319157687025
0.013776919526558632
0.010173362803163992
0.007782021793624106
0.010838095997569146
0.00928739694246699
-0.0018803081389819074
0.00323643480601324
0.0012750339775861562
0.003615754664284996
0.006833973106862991
0.011183536695655617
0.006312740863189026
0.004494854594766166
0.003422502659277722
0.005862917828921412
0.008916538458190352
0.008808426786558759
0.016671353417494088
0.016842344299399133
0.012703933937116435
0.007995831288996752
0.001819858503126346
0.0014640537917268587
0.0012221395997669394
-0.0006445913834338071
0.002882711133948557
-0.0026807903941627716
0.0034488286139758443
-0.0021248558453079228
0.0039098049397499664
-0.0022403044343349996
-0.0011875867306323
0.0017754209547985711
0.003893070171087432
-0.0035926834576840093
0.0009207890258886212
-0.0015308286330281222
-0.0003951331248335059
0.004235247677047378
0.000797721561368597
-0.0001658745473667418
0.0023805881471820355
0.005903109507639471
0.006044435049355395
0.006046209263810062
0.009332736659210365
0.01466896794810104
0.020863295275334575
0.020509420787072474
0.019991886166239224
0.017117037355151785
0.01997833464808093
0.021591720202658853
0.016950777543416496
0.021664653952701812
0.015031432401931739
0.01862752056836514
0.0217425222447771
0.019617853346190848
0.01994964204590025
0.01885358432592488
0.011844660594740392
0.011947223893589175
0.010322607971308427
0.011125177931043877
0.009406659297879235
0.013245783586287072
0.012180447830870808
0.015031990088607188
0.015926070405487974
0.019855155711508334
0.016806457142728538
0.014318305679604381
0.015444180829063084
0.017863876608125887
0.013680773588735417
0.010550197825389785
0.00926835957166683
0.005580190224708516
0.008065261149247506
0.008767742058588357
0.004371733476994516
0.005024993100301578
-0.0012419159252009565
-0.009256511546808727
-0.01251709989482704
-0.023021123875217344
-0.025910019704896932
-0.03320763136044249
-0.029687354947195734
-0.03457816403073048
-0.02897767305256876
-0.03325447467015503
-0.03380200252167449
-0.029266486445526534
-0.03392833491231822
-0.03491754762844208
-0.034628927182766014
-0.031409636915781775
-0.030415939073815394
-0.03189290029748163
-0.02528699629007692
-0.029356956103781324
-0.032763432504654855
-0.02920031188309747
-0.026835727007731063
-0.03553833579968124
-0.03393692886600335
-0.028827444171309814
-0.03088369149838065
-0.029153356993574926
-0.03021845696805364
-0.029556205774634088
-0.022959479775061818
-0.02294355632127303
-0.022821524980781122
-0.022565982928000734
-0.016904024257509632
-0.016075384848907748
-0.022185288418131832
-0.0249496970266732
-0.020715069848739744
-0.02513483508968817
-0.027883887269998107
-0.029454819209556535
-0.029025959211970473
-0.02876091140777879
-0.032377759931635906
-0.03355390343625587
-0.03406226035094015
-0.02851397158645416
-0.028000097524771894
-0.028574403066693024
-0.027962733875667695
-0.030463038754658823
-0.027704322107922237
-0.028316573023547162
-0.024420222304750105
-0.02335155772439184
-0.02657260118264187
-0.024449371994437523
-0.028256301663819424
-0.03116649674750934
-0.02789160152238572
-0.027327403514965484
-0.02468929793409825
-0.027849196848772156
-0.023567148482085954
-0.029833152393905913
-0.026052187503044538
-0.026222439998280004
-0.02611224159130915
-0.03001342420042512
-0.03159240495303612
-0.027806234790947345
-0.028989916139864357
-0.02826144435515476
-0.031193641844067956
-0.031910288352234216
-0.029842007097135352
-0.03284537664063978
-0.02878539706210011
-0.03341659121684636
-0.02892269198295877
-0.03479913749754217
-0.03352806454496946
-0.03008189593228073
-0.03135016082609804
-0.031141699566279588
-0.03541071870296233
-0.031455955043785656
-0.03207702118932459
-0.02576875457786622
-0.03258299248640151
-0.034385765160636884
-0.03026186919541296
-0.027954022672209283
-0.029192251795696053
-0.029663747336424646
-0.01982518565249085
-0.01951199120956553
-0.0012635601988756455
-0.0012021723041849425
-0.0011324680350808035
-0.0012541369993715446
-0.0043626130946603624
-0.004215691505489436
-0.002697677112876499
-0.0009784665254690384
0.0013806543958076953
-0.003192567640072586
-0.0017937681136945675
-0.0016152239733226725
-0.0021059177463690843
-0.0021481983073192053
-0.002598333096551541
-0.0008099177344848434
0.0011937603497112008
-0.0031574981012656342
0.0030205809500049707
-0.00031211245480385015
-0.0017124334210489537
0.0014031992521293167
0.003426769077576211
0.0005704910450887138
0.0017377417189741967
0.002897069181473896
0.00399886131932746
0.01219656151472861
0.013597063967451334
0.009628089422794183
0.009599272350026711
0.009510626627911347
0.00841101218617351
0.004143286473574744
0.005601509438423605
0.0009133419364770403
0.0016423822908206106
0.0022622306498905832
0.0035913453584593647
0.005919577321108332
0.0028006271483695527
0.0036901440291204008
0.008828881582812574
-0.0002931502283698946
-0.001459613725123298
-0.0009302150594867121
-0.0009378817642526947
0.004098606617064302
0.0045241885902827135
0.005931365425528729
0.009316780463155873
0.014001069188997083
0.016917118335235
0.014946346665936357
0.013418453469906996
0.01404780290736118
0.012402975622779068
0.011791178094290452
0.018140717335616053
0.012122436777951438
0.01046175778374779
0.02079747377301652
0.022060072150032892
0.02116151750224094
0.023661041159955133
0.022706089756991794
0.01631585272095806
0.021062775114211854
0.020067041092318345
0.0256672583047406
0.023445699522335574
0.02762708579736676
0.021315574675373854
0.025022944114354056
0.027019668719874827
0.02659157168541672
0.025694287530296917
0.027696699091666693
0.024230915181093653
0.025208369923324103
0.027989982563230053
0.02838158026874012
0.0232834590749348
0.02301645651643629
0.026963513137187423
0.03011781082246843
0.027054482541182912
0.024451059725985377
0.031371931311510885
0.029360443399025625
0.0263744496960875
0.02867509078815821
0.02940709787711958
0.02721011052240623
0.03285261246095991
0.028019409103001106
0.03014276640387765
0.0233905943836046
0.027087065354731495
0.02761605035673628
0.022050838438384533
0.025070396730252797
0.02084005583517034
0.017104556649715337
0.023070665877737
0.02316346314519378
0.021182514852412945
0.024129594076991362
0.021939496510480414
0.023520805031355726
0.021736384710242446
0.021071380017111507
0.018960980603792206
0.020401838218648178
0.025285684144435643
0.02716304366520247
0.01780133622884003
0.016462247760158435
0.01883709940442991
0.024639803544844942
0.020945036919756344
0.021581438689185647
0.019356569153263194
0.01901440279992869
0.01902793158476576
0.02181599202649169
0.01587510797588841
0.018379040816560877
0.020353450628820574
0.02003970291371033
0.02330478716586814
0.025940301001680634
0.020707166875073086
0.023382429809318993
0.027917590764728155
0.022812656324222205
0.01877664495237503
0.020065529170387567
0.016733967938876756
0.018141530939060097
0.025371567740968864
0.02145634763199294
0.02723263594621192
0.022932944881104613
0.01966025767104791
0.021044100784112996
0.019972970573830736
0.02575656605302368
0.027503294778273308
0.023259003335035677
0.021819693291572163
0.02520320851906812
0.026327880464463306
0.024811165910107746
0.023582175594855363
0.027652582899636256
0.026219819043657666
0.021805754010501124
0.022068590256054028
0.030549875459399245
0.031362559785169185
0.03324655387799202
0.027201851812349735
0.024717215519413787
0.03220793315155014
0.02710302588912049
0.02619351915520021
0.027044191579943238
0.021848822104490403
0.020191131645820294
0.020262471423237373
0.01769388596230824
0.021611572815448586
0.017782547461058874
0.01325106040410137
0.013625724561770997
0.011009062252128174
0.015252460831631618
0.0205010780422327
0.020714032965820868
0.007431656445747132
-0.008146509888212451
-0.013713146586269102
-0.01793754340968342
-0.014180071828785928
-0.02039211549047609
-0.022177526705076455
-0.019615152746602894
-0.021188426617521853
-0.013923444839960804
-0.020489715037983688
-0.021390149640395227
-0.013570195200215502
-0.017166197464435737
-0.016400667724812322
-0.017619227536873342
-0.016536401284304583
-0.015825083644627768
-0.020093505446404272
-0.011574936944206455
-0.018353200846424743
-0.016753383915620285
-0.018162097265823168
-0.01950923515007198
-0.02000615661886519
-0.010025672612952924
0.007087526079784643
0.015987056805326076
0.023378821915891992
0.018327235242334185
0.016980735110002705
0.008006420751356456
0.0025058620438654458
-0.0008144133273667064
-0.005699508966398043
-0.0038559707878947145
-0.0018183640371898097
-0.001181795005331417
0.005241507414904319
-0.0024671093626692495
-0.0075727846821167346
-0.008555258146693485
-0.008688053031579164
-0.010054169160101366
-0.014052108087723851
-0.011894698898491853
-0.012271652178158319
-0.01684732466849376
-0.009910132607130482
-0.007010944053221453
-0.011536204194956618
0.0008318761031950642
-0.006969708308987411
-0.008277048950870787
-0.005970570487978132
-0.014320057491290656
-0.018524985858586657
-0.020225943917835935
-0.016603962589302378
-0.01923462784436667
-0.016499421447043146
-0.014168424223923518
-0.01651818572239344
-0.02086798773597389
-0.026446865808007446
-0.026365830289563567
-0.024018776489547
-0.023072040934682986
-0.025137098285107184
-0.02370560743156034
-0.02332347870049417
-0.019502563082252868
-0.01876727802560872
-0.012897737470558637
-0.01789573558071102
-0.022755769499391735
-0.022028893689466172
-0.022079512483354904
-0.025259423107486897
-0.02135917745981377
-0.025531327905946366
-0.021854956496142743
-0.024447060600963647
-0.02628902498666319
-0.021428003218275343
-0.02123848180651387
-0.009048524491814848
-0.004563170296235298
-0.00040225878798593676
-0.00042157971969107225
-0.005365997012733552
-0.001500261925254545
0.0010474594350460273
0.00046777844161274504
0.0008777918544530358
0.0018391116885990901
-0.0047439507915508486
0.0030999336409333095
-0.003513272520310619
-0.00027896505470642336
-0.015195679623343282
-0.01305072956155979
-0.01734544745346628
-0.016806323331522124
-0.011764192684184138
-0.012474954018575995
-0.019140476393835575
-0.012389470201660315
-0.012554252537069939
-0.013617537979326052
-0.019922491180944777
-0.015104476217543746
-0.01665564099568637
-0.01818932469247074
-0.017684394423334297
-0.015898283881614607
-0.01690236841203164
-0.014735438770821568
-0.01353796991238634
-0.009886559938292946
-0.0046549064501127555
-0.0056556444879750966
-0.002851359502120839
0.008614541507576375
0.009239932583025036
0.003708652276300397
0.010246433510319645
0.012156421161124488
0.016656703222000135
0.011669084100314737
0.011322860602051824
0.00886811325700867
0.009145413022551561
0.01524798953637452
0.01777517744833142
0.019768290973219294
0.017231127065854435
0.02293879318221284
0.023170451418205697
0.019915995981341885
0.02825726829855008
0.02372120029433962
0.025002935861811227
0.02133943926984359
0.025682112402212187
0.020742244311346737
0.025592064206494007
0.02486100186850535
0.025907456007801526
0.022992894049776162
0.023718993023098316
0.029934820235657383
0.02508891973148877
0.028325099040846326
0.026663693891118674
0.02757677410308408
0.02793862719321137
0.025974353039678655
0.026746692130684202
0.02705616226979718
0.02555194288038653
0.02918114279052975
0.02664122816860721
0.02601374572220893
0.027575673895148246
0.02452580879251916
0.031835318674446854
0.030181250532327935
0.032900539238017765
0.0264119441300934
0.0327199767044013
0.02597202980575889
0.0307868991151327
0.027444763510321706
0.026182279483660406
0.029544800822443002
0.034048360513922245
0.032154929786681725
0.03727062719709441
0.0326162874500427
0.032928416027644875
0.02972471603259911
0.0315310670734155
0.030283012693749316
0.02812739647241788
0.027385124346234736
0.029561977142776048
0.027488200534245142
0.02923358601863539
0.03179194292982238
0.030674819145495368
0.03200972537764087
0.029226055952422267
0.030419151975972825
0.025596554635275718
0.03014353659983927
0.029425687343435022
0.027429436463225865
0.02581936674315687
0.02632103508686693
0.02640697039743608
0.02978739091265403
0.02797249407456751
0.02978583442349174
0.028337785128729778
0.032903271624669383
0.03768666879405426
0.0308314472631726
0.03412950348117495
0.03319851193998663
0.02451380043752883
0.029061061584766058
0.03203651953152829
0.03136248950424159
0.03069282283131319
0.02641682254945737
0.03322451705276719
0.02949688557687464
0.026554217103869543
0.02519673376292019
0.030381939657970872
0.0222881876802186
0.02573965612516562
0.02976955011779276
0.03133505735296945
0.026280703126660823
0.02668342742310138
0.023619814822237625
0.03305742069976227
0.029437225945033566
0.025808023041026844
0.02842172039300252
0.030119953804346247
0.03199318705561238
0.029827933672179327
0.02974246326669893
0.028599354988881165
0.025447397497912277
0.032078912561175094
0.022293668935158287
0.026876003122854368
0.026062902109784302
0.024259272071428153
0.025187369941715523
0.029167266049586815
0.026251136324026706
0.0255215981994736
0.024820917051410513
0.02720531065608944
0.024283949767999476
0.022164732637937275
0.017935611397661002
0.015199803292603498
0.011026569840931491
0.010447190622059116
0.013214482101458744
0.012536923751689515
0.012238027103092394
0.015341320945553003
0.01212280259592064
0.012290396897932869
0.014113014913067221
0.017390164757596506
0.016697766848471584
0.025712841843332553
0.027672330088520374
0.022589654593353204
0.026811473796129207
0.030440220231335753
0.025963546609324678
0.028463637062899488
0.027469483984990495
0.029863299794981066
0.025206571072580276
0.02756727215791041
0.03130976899036912
0.03152195252072206
0.0328351745068888
0.03365711074064493
0.028619290852352687
0.030752769528085443
0.03101969218665788
0.034239469748203244
0.03276575931329193
0.031923156738911156
0.028956666474195154
0.03375796417557753
0.02660186242645185
0.02749420193339555
0.03045785037419259
0.02392618145517385
0.02820843725835186
0.02720660141082445
0.027379684781249598
0.03004523471470174
0.03417940083533714
0.03423879990024202
0.028819165786569522
0.030158472879322613
0.03542349503914615
0.030036861909315826
0.018600999913991566
0.022212527301644004
0.01750372846273688
0.013338424634302395
0.014562412979557793
0.010726538078602436
0.013295609688047305
0.015729378342362394
0.014447282111702013
0.009544266731151461
0.012700112599723961
0.011630898126134612
0.018523207881072392
0.015028195678059913
0.013110133399948458
0.016448017464430136
0.013439664701918423
0.007655874636246946
0.011597502084483916
0.008409342534980107
0.00497390707834485
0.008940673047043941
0.01363902228039956
0.011082441974197709
0.014947619216120929
0.015455512545703156
0.011557205200447423
0.010144431959954469
0.003537227276577796
0.0024592050324843506
0.006555589720728849
0.003785706940932661
0.00852050222544471
0.009050941481761594
0.014787481303809297
0.011705138194188997
0.014744117214552245
0.010433577378455065
0.013210554801948394
0.017481684570915475
0.0199271745683948
0.0157559640569389
0.01937629059148355
0.01786388344848074
0.0176813558734942
0.02228907707356165
0.021969143349762705
0.021168097413387026
0.00958903900840153
0.010078494271503268
0.002998004990124699
0.010824536990518364
0.0096780273154745
0.012276013687933997
0.013607268315284398
0.01733096065872953
0.015365665132812116
0.01004464277246721
0.007208298352269954
0.012959097627499867
0.009878836175940195
0.006524160577670052
0.01596546770455429
0.02068276409614601
0.014522295640589024
0.002132350969841623
0.0020578987789878476
-0.0019768494448237873
0.00165634321852257
-0.0012010542668420396
-0.00012374729018391098
-0.001709000957975613
0.004544416548802036
0.005806792112726391
0.014055678475013295
0.010384384163877844
0.00887953307569984
0.01311953779772478
0.012311381800232366
0.010641134812015245
0.012836657255511157
0.009727844575908352
0.0054845937987744245
0.006746879898323057
0.005418015705841751
0.001010456762900733
0.003908259922033452
0.013497554483452969
0.015764992443081834
0.02011765342250402
0.005674138393614641
-0.00767637725407875
-0.010266983934272085
-0.008473479365538423
-0.00947390485274921
-0.013771876741414541
-0.010295761968928242
-0.015640607408608575
-0.017062898835986638
-0.014617499739882182
-0.009251130096095196
-0.006358895601319711
-0.006869921618303744
-0.01132101992952702
-0.010244628500538738
-0.016656756856358257
-0.017522479911161418
-0.01471709200374547
-0.015913788039914823
-0.012849802755715666
-0.013103721073530462
-0.012013255232402832
-0.01272796818621858
-0.0079711169516381
0.0013159413173111727
0.007081874515361869
-0.00402881377937654
-0.0033572217606039107
-0.01039346956014645
-0.011160721567083734
-0.011584545902299192
-0.011493269821389884
-0.005514785963159775
-0.012353563713809856
-0.014983147224722148
-0.01163862856714247
-0.010586997069194803
-0.010680995815664883
-0.011589031776285796
-0.010530495995875876
-0.0015029235843835862
-0.00011915689539365264
-0.000739253628590888
-0.0006823257894518911
0.0006164107026177318
-0.000878416524371552
-0.0004116937575477861
0.004943442641341225
0.01719639667533729
0.01939966251915657
0.01702171965636404
0.020253458222416077
0.022860270613154047
0.019262618696881378
0.01303309156257505
0.017558186985632385
0.013075441179580037
0.012808590225311554
0.004650186225365358
0.008079994129780515
0.001432350840829793
-9.59980309152269e-05
0.0005674983745024766
0.0020622659303233476
0.0023762746983413065
0.0005205559428142858
0.009806093276257758
0.010451052473413809
0.004090697072012161
0.004986982721343547
0.004505880619559763
0.014662102150533015
0.01720693085948937
0.01443595288288419
0.006632355729317253
0.005132822114627001
0.009628566815946824
0.0048978304421255486
0.003697271810961102
0.009854826912992417
0.004887946484821424
-0.0009639567232601596
0.004960558805246867
0.0006227528096904751
0.0005859806365856833
0.004921135467234506
0.0004909246153781153
0.0006146360912514838
0.003191317583897645
0.004294337927231453
0.005106350285858457
0.013332928428088125
0.016555650762370613
0.0152056588771397
0.010995762413442446
0.011781266146683704
0.004290131021297386
0.00688349884452034
0.004182714256727617
0.011497418722282762
0.010647704300463984
0.0062690674236561
0.006371363725850532
0.0070576092873058565
0.00684481242843689
0.00435974957966532
0.01289716744437624
0.008576807034473216
0.009834336273647003
0.01648731604999467
0.023061496746902218
0.014872873755667815
0.015036525003667311
0.00912466915964795
0.0080166877122784
0.0066003515848751144
0.004743323502848313
-0.0019135616605372868
-0.002005638820739691
-0.004492468474268844
0.006982486941136159
0.007661741126767747
0.005166631814218707
0.011333829882231937
0.0069449189800573075
0.006723490022036944
9.32293122590227e-05
-1.0
0.00033431465157612454
-0.0019618676697773668
-0.006424583332321216
-0.005185539762052241
-0.007351319747178893
-0.008795526285925271
-0.023829870486815632
-0.02278802289030683
-0.024584130638964776
-0.018251415871218053
-0.018774102210453152
-0.022357334212625268
-0.024240044773767257
-0.02113970375106759
-0.016008933354548113
-0.01171543639245342
-0.010987139529298818
-0.015017626278444118
-0.019680189806874637
-0.018666603420567345
-0.022142713162943674
-0.020218672266767202
-0.017604777999380157
-0.022033323786868918
-0.01206655779119042
-0.017946227152443418
-0.018959690497993828
-0.019618680402032292
-0.018283130069807887
-0.017063403198778252
-0.020792480014454585
-0.020308493960079464
-0.021827905049730017
-0.017520251694607268
-0.012882411019619228
-0.009101663533101151
-0.0035326938706353186
0.0019256919531186693
0.002237838255839898
-0.0033278407612783007
-0.005977704189738275
0.0005855732616514483
-0.007652592376376879
-0.010145413271320606
-0.00725813213050054
-0.008983676765259064
-0.013203713551426743
-0.008656161829518916
-0.00752046397989949
0.001393320610861872
0.004208479062486832
0.01583913373275294
0.014487905561698676
0.022168003146557366
0.023350955667565333
0.015460475145177155
-1.0
-1.0
0.010523769176218016
0.010630025480002329
0.013393752154672582
0.012856501214198424
0.013104555910712535
0.012429521132767027
0.008846746469647431
0.014748232946861119
0.01534763920734483
0.021511782660416083
0.019550624951272515
0.02571884321052909
0.023777452194516324
0.0315746852276614
0.021889584217041142
0.026581318831273498
0.02540054760972865
0.031097344242235096
0.02962127810662699
0.03311793309915547
0.03423530821254095
0.030050388995935255
0.027472065715984564
0.024846788981366264
0.027534990322236195
0.027685628169769973
0.02576394432627537
0.02632039928190008
0.03233297325490016
0.034762444242851055
0.03079344448670727
0.035843323297200656
0.027320886893778276
0.02967403072462151
0.02942586850786805
0.0256826600994052
0.029466740691825814
0.029148302313206358
0.026952079420767747
0.02030171492371315
0.026877398510445436
0.025522843169797072
0.023003129940570508
0.03108326252871542
0.02297007374857063
0.028049258701652563
-1.0
-1.0
0.026377346745790176
0.030312659672445445
0.03561448660345919
0.03042300997938898
0.03282852649877515
0.02924182709839178
0.029789210050863872
0.025810841891435034
0.029031722003192446
0.027590649070999604
0.026109848527928733
0.032438367728184404
0.02827239830796319
0.03614904574478773
0.03299164439503926
0.026350670193035598
0.02021902525158374
0.019467536156780353
0.01725642670438392
0.019298943373026935
0.022447389843596198
0.021302350482739915
0.021655593812682648
0.023440821948889676
0.014690568054103374
0.00830791987080689
0.00129463073578541
0.0042419287432682645
-5.0445605449697805e-05
0.0023330708862266476
-0.0011587848557031801
0.0017119094099037955
0.002462644868713474
0.00857155721556089
0.010321320491408326
0.013540989355597378
0.009889561408873428
0.007871380553505109
0.012074148996488716
0.008193666041177522
0.01267524778739818
0.010231272507606023
0.0017673983238058193
-0.0004250747282210349
-0.003612355491081414
-0.0022737374314209086
-0.0013956563952117309
-0.0023780828074784935
-0.000496896678871908
-0.0013731871710383136
-0.005786637876506873
-1.0
-0.0024808046091943075
-0.002388627121042037
-0.0017412183389740783
-0.0024217035677419965
0.0004830006319186105
0.0008403722202954321
0.0031955230114108757
0.0020467874949407763
0.0009211454172758358
0.0053814257655210125
0.003091025650187906
0.004842425800890496
0.012945295897323518
0.010792171068695866
0.010452829874578781
0.01477915553843257
0.01630508647649712
0.01897353541826883
0.01974969273276777
0.01677762922990281
0.019915310901493722
0.01602468385618096
0.02312001458851551
0.0203538088678547
0.016390073633696052
0.019398891959347284
0.014691123647707397
0.017783658844053175
0.017711883900852977
0.020788199130996082
0.020088482131412972
0.020976212958581677
0.024602989769304872
0.022568528003288305
0.020870917622869977
0.026612413882103454
0.018752696671466312
0.020316734370652227
0.016139971520201135
0.016292850346539208
0.014527113809766122
0.014165555329651384
0.010593639699801639
0.00739335863102196
0.009797823600667674
0.009460893864807451
0.007061985328103656
0.007240969256588545
0.008311965785041677
0.007444181844068998
0.012371780088339196
-1.0
-1.0
0.015362382614693165
0.018650957509155606
0.02111457194820785
0.022272518016071195
0.026977844582423277
0.028647217412823903
0.023727481948053186
0.022268141979476113
0.01811248551840199
0.015188714697107749
0.015535555978396037
0.015165962198281653
0.015741251617632027
0.018367882321012035
0.016908473705561245
0.01914137989176351
0.01695086349300903
0.009149090004224005
0.013457424085965125
0.018296652751372714
0.020353597012023442
0.022963202965780298
0.022660900596211182
0.02235894927591621
0.02033380786960903
0.017065534152590496
0.016850396521307185
0.01298009726772789
0.013012405015874981
0.013258499468367144
0.011998213121401098
0.010965999153944759
0.013998880727507637
-1.0
0.018389804279949955
0.01680216530150948
0.017401076079804907
0.019119424454363588
0.014108547393639268
0.01008516119605275
0.0021022243107484346
-0.00019010731218329786
-0.002160705021232697
-0.012452829797519382
-0.017314737397160225
-0.0197644444298762
-0.019573058380576058
-0.021236654873283554
-0.020536840165559303
-0.020961209656648792
-0.01980360151935906
-0.020584173995853453
-0.02469132520272855
-0.02173734137810225
-0.018859144152043556
-0.008815377132972807
-0.017283546046806444
-0.017596618812593973
-0.01906904389959382
-0.021139691583001174
-0.020297330594564813
-0.028115704754294153
-0.020942637271446726
-0.030457322197471017
-0.024024104434065163
-0.02223794010025249
-0.024108517035209946
-0.029621026160332253
-0.023385852472058485
-0.028742891157826016
-0.022356021348192555
-0.02470183990101179
-0.023205440984306568
-0.02526642037455219
-0.02433241026743231
-0.02250450572648535
-0.01883471626076462
-0.011500353554915502
-0.009732473553208382
-0.011829151994302588
-0.01885303901225001
-0.02095314799473016
-0.01409397637710012
-0.012284939107401666
-0.005368112564674574
-0.0024562778919003693
-0.0005534696530438799
-0.00026254532441603217
-0.0031991513765564994
-0.001513476550932479
-0.01746963076634346
-0.018096639792215635
-0.020649684875879894
-0.02504840365072976
-0.025379512673582648
-0.02245341773787206
-0.026436099539831677
-0.023047103351421707
-0.02134734799124756
-0.02352313902365683
-0.019468599863702047
-0.02098889242478527
-0.02319538187720486
-0.02323964187590065
-0.022039214830152736
-0.012497840028348469
-0.0005523781294678033
-0.006933304287354697
-0.014221722749741143
-0.015533193700958868
-0.011556256122102768
-0.013531721891261792
-0.010786495856454067
-0.014372343654354134
-0.02027626703098489
-0.018414095275811095
-0.019363787263052705
-0.021548620085441304
-0.01880530522629744
-0.01676408221378269
-0.010692383887649955
-0.007513671949836923
-0.001160924920232216
0.003454837945591894
-0.0031763552407291654
-0.007956830663784867
-0.005173796371999469
-0.012692886720157127
-0.01851941632238164
-0.02014974042252363
-0.022448930265760177
-0.023860662027239587
-0.017046524310235255
-0.014643572334748861
-0.013081795303911117
-0.013804798063030924
-0.019666488167638985
-0.019596601507431383
-0.021034493738804658
-0.01876228148833385
-0.018456189109163343
-0.020840139583929548
-0.014594440714948274
-0.010873984960490444
-0.019057541246229246
-0.02104802615874444
-0.01784469517236718
-0.022509615358533668
-0.025342101758519392
-0.019524047882809686
-0.020182288799887625
-0.022142184360526417
-0.025165886320236013
-0.02665952540771331
-0.01988322978714077
-0.023419900347904636
-0.02296452114938104
-0.01905770033031139
-0.02230124126627865
-0.022834752152627542
-0.02073530618855732
-0.02371221116184892
-0.018404705060566788
-0.022969704990421662
-0.01189142565417869
-0.009623100294963024
-0.011586158223183275
-0.004558664869402664
-0.002735150270444621
-0.005319161861626238
-0.00339743193894919
-0.0003719812846942235
-0.003560685540634116
-0.0026804789498734664
-1.0
-1.0
-1.0
-1.0
-1.0
-1.0
-1.0
-1.0
-1.0
-1.0
-1.0
-1.0
-1.0
-1.0
-1.0
-1.0
-1.0
-1.0
-1.0
-1.0
-1.0
-1.0
-1.0
-1.0
-1.0
-0.010399959795371783
-0.02082145659772493
-0.021778034986768613
-0.02124201909860461
-0.01738955959948345
-0.020105366186276268
-0.017724353067860993
-0.014625697473816287
-0.010523184997029105
-0.015200858254803955
-0.015512310152518931
-0.008367861977638466
-0.015277834344845451
-0.01784184393287188
-0.018727592704412127
-0.020918829766713238
-0.020116467885283745
-0.01411750990614772
-0.004889582823487378
0.0010192634699297226
0.006085326221218851
0.006206874507696163
0.005938772106554332
0.0023942464839961032
0.001627672484158253
0.00447696519670213
-0.0018328322332933251
-0.008393276157071987
-0.015410688142822714
-0.01585361310190551
-0.01442411363463657
-0.018861905315392224
-0.01751795042976412
-0.021614973178995266
-0.017428509902590848
-0.02140203763153024
-0.01626552225467614
-0.0252134951594789
-0.02628926742008969
-0.025540110870693078
-0.022051897766116404
-0.021951332954609236
-0.026496057973290407
-0.0324812694967817
-0.02825289207565053
-0.026306967176207063
-0.03196506267337536
-0.032218910454641314
-0.0243657617445238
-0.03074318389323166
-0.028697401236692958
-0.031655837152011125
-0.024246304254497593
-0.02196496918050029
-0.029184619989840656
-0.030500322922663397
-0.028702836079557943
-0.025015568447507717
-0.030655840463307483
-0.028821855334626344
-0.023198531448766446
-0.02094830889521834
-0.020809271706160995
-0.01610710130551799
-1.0
-1.0
-1.0
-1.0
-1.0
-1.0
-1.0
-1.0
-1.0
-1.0
-1.0
-1.0
0.014781195294463704
0.01779846303068329
0.023204751192677925
0.02380952888437774
0.022888694303616078
0.02392275176291081
0.02453349076497647
0.024480394284521614
0.026450826430830937
0.021095882707774283
0.0260974252782515
0.021774240965649918
0.018703039671772163
0.017874159536672006
0.019563702869224122
0.018761456715870026
0.022361552686718265
0.02106811921658035
0.01830220233102321
0.018336610182274626
0.018084194886021428
0.019341485326488526
0.020785270869543206
0.018895706199962555
0.015254769730026301
-1.0
-1.0
-1.0
-1.0
0.014798203262207031
0.015324759302587284
0.01810477076979407
0.019394829657475604
0.021305108024401945
0.019287881263124456
0.01315731836942298
0.014167625909299902
0.01653239821157756
0.016378835871959686
0.014782020474384623
0.01799165796139115
0.018816768124888292
0.017979122160822106
0.016593198422620824
0.018219946560740424
0.01458141008867892
0.008975210871221898
0.007196822875655375
0.0024327607638123094
0.00415658187810135
-0.005727237132143946
-0.010824454136529328
-0.02065587436846749
-0.02485955482588405
-0.03129189512137497
-0.031205443688832494
-0.031162630327396044
-0.0318268218172778
-0.030292424656613297
-0.031718900173234296
-0.028986717287799234
-0.0314173989519141
-0.029325632257010313
-0.027389189945737167
-0.0290861609814242
-0.02984452598820905
-0.028363117866722135
-0.028561676634705897
-0.029242768531616784
-0.028091041313283
-0.028897236519354223
-0.028453602066352682
-0.02602636098267054
-0.028623819041314138
-0.027609167093402154
-0.025547752851638864
-0.02774343864188654
-0.027071594317581854
-0.026052586460650232
-0.027277122527429542
-0.028023509715504685
-0.030946434189927933
-0.025705090275265675
-0.024095105685240308
-0.02901869163401694
-0.025018828468132383
-0.028189150139214515
-0.026932751329164856
-0.027448101949233115
-0.02333635716574553
-0.026500300369234304
-0.026717476686118766
-0.026428978784225492
-0.029408987973782642
-0.024310484793896442
-0.022878777359442538
-0.02538928878375225
-0.024748707412250867
-0.023265341276361456
-0.025329603683119054
-0.024975618963043223
-0.02628479907323824
-0.024526592519304505
-0.02625284350669958
-0.025135030767222306
-0.02729476707229459
-0.029423832488677085
-0.01997373313200014
-0.020005698589193585
-0.022399005207089432
-0.020627865231461907
-0.02622015322829569
-0.02411617855472666
-0.02591782842304224
-0.026716381819831474
-0.02372316846962099
-0.020064154847887664
-0.024996238981488936
-0.02319575093968103
-0.022729700088593898
-0.023062300903389094
-0.023677757308941852
-0.02011881068959685
-0.027163238644622865
-0.0230374418159955
-0.022660092285372958
-0.024826678601815554
-0.024694013279936627
-0.023585452717955657
-0.026817975546281025
-0.021876706593297383
-0.02080224182502518
-0.026715807359862433
-0.023346991701550072
-0.029464832743431684
-0.025995580516067162
-0.02802935981478527
-0.027423248415173813
-0.027975007475265355
-0.026981436369126643
-0.02605292868241641
-0.025073224103231487
-0.02622044175542997
-0.028478725491773497
-0.02822587973913848
-0.024860999771773643
-0.024350444082082742
-0.020920203529605934
-0.02240102779036651
-0.023543659162697714
-0.024529919070635738
-0.025719768909248146
-0.022265839305508302
-0.02255355939274588
-0.024342090139152534
-0.018423015539605524
-0.006297243818607484
-0.012654391047273998
-0.014820078428948044
-0.008996516862899475
-0.012657222025300752
-0.008912724472321519
-0.0024379182590401477
0.0003085603470257406
-0.00906591547637323
-0.009918353270133276
-0.015202842925569893
-0.013918916520376847
-0.013780729170925172
-0.013114408485466873
-0.013295161753487682
-0.008856783188135202
-0.007239007567484672
-0.0008214374671616536
-0.002705150109386284
-0.009060528754507573
-0.0062645414689539705
-0.01147573135059662
-0.006292611862363344
-0.0006593447617381335
0.00455029930909875
0.013024852153334682
0.016216710620785252
0.014534006378292316
0.010703131466608843
0.005144227468447599
0.011433236674832254
0.01336242114267888
0.012070235760300424
0.014782430988651419
0.020620123301341442
0.019804448083034425
0.014314520774819263
0.018263668131832014
0.01953817304703603
0.015895173801855803
0.015052623488786249
0.015159830431242943
0.014548804379988088
0.011047192453673286
0.01671270067151649
0.022334949555753172
0.02561672073275803
0.02278447152986377
0.02666920611863925
0.026866712218520338
0.023616819541202684
0.025438796267090454
0.026258560916350343
0.02783479126278612
0.02815625321721031
0.028476280486387767
0.023286706287470628
0.023803054060038267
0.021998502370227553
0.02139427139411703
0.027692169488635038
0.02019113830938305
0.02499278537191228
0.030016033644224466
0.023467488327427923
0.0279184748069678
0.0239566631986846
0.021659476171465412
0.02492869931056665
0.026331979918848343
0.027444420292081752
0.028221720196352953
0.026103955204650652
0.017037190573739164
0.021261192930430755
0.02488797366424146
0.02477026545917715
0.026326301291563256
0.026098948470184742
0.025724061332885656
0.026685944924634643
0.02281018269156405
0.02359040290456477
0.02176537760256946
0.025712122495787772
0.023655119233127426
0.020330728555223603
0.024602552559557688
0.02192443832409665
0.018633609372359874
0.016289729474442318
0.020904019943690243
0.02048797679367919
0.01789040475494041
0.02109059778503641
0.020498971053138693
0.027171973561655863
0.021966500672848083
0.02257074173797821
0.021812395598339272
0.01297646250316038
0.010707477284756541
-0.0024008008545804258
-0.009071646978604185
-0.01593042179897148
-0.017606330448487043
-0.02437790324223271
-0.02575731954664011
-0.018830202294860016
-0.020007919867329235
-0.018832886205328764
-0.021916536464534002
-0.0189178050750748
-0.02251124408879378
-0.024318688174358352
-0.025809152661193407
-0.027743257952742777
-0.02904980456343991
-0.027322151449431325
-0.02705816743408594
-0.026144830214757327
-0.02211887067018782
-0.029838471800540972
-0.02962871073699696
-0.028202202360508504
-0.028151984591635437
-0.028883994454443476
-0.028786420735769695
-0.02944911536830079
-0.02675075383671201
-0.027008056281097054
-0.025296603951797156
-0.027937925784662622
-0.025258493060484846
-0.02478681212658442
-0.021740530499050757
-0.023050583626356057
-0.023981758049842834
-0.021777741765591458
-0.023821263520424477
-0.02464405566440488
-0.025477188731374365
-0.025467853393117676
-0.022615527673477846
-0.021667009049723917
-0.020276205931958374
-0.02270657868742604
-0.023499299888314243
-0.023306313774586883
-0.023107770401965766
-0.024840612543637793
-0.025710168990764247
-0.025118709091067604
-0.022900235801509544
-0.025420270105851486
-0.02517268210352168
-0.021204416929377596
-0.018751960332714587
-0.016145358758655807
-0.020753745324859543
-0.02324191638901074
-0.020625133489259526
-0.014421514201763106
-0.01291600193122446
-0.01610417497239993
-0.015684649431603
-0.00040865808375757645
0.004828360381967701
-0.003574945896450324
-0.006714750073090593
-0.007098223726567045
-0.016510822258582136
-0.010673075218888706
-0.004537830702835885
0.0004666949772514291
-0.002418274367301852
-0.0006331483307614704
0.012022309468006202
0.006292428787853806
0.013136087392678344
0.010785949070654544
0.00926982081529585
0.0023419289270564473
-0.011512254278097834
-0.014353670037894712
-0.018990006437172396
-0.026163229927008716
-0.02363755819959051
-0.026571471271424545
-0.025452803003019824
-0.02379490880795894
-0.025718640221045114
-0.028058377721025658
-0.025587060032605163
-0.02684347698872031
-0.020494652452777172
-0.023086923985242813
-0.02056592516071274
-0.029794775037378565
-0.02765303358960129
-0.028123894086760068
-0.027794025598867043
-0.02508874009815267
-0.026602016201303355
-0.02885309413850458
-0.02506027123862505
-0.023778076457001165
-0.02874049778459401
-0.02631382624244224
-0.026733922447857494
-0.0243128481632775
-0.029494936675608187
-0.026819532046703235
-0.02497077241371985
-0.026734249716153125
-0.02845223933432432
-0.02956514482707772
-0.02489248913884123
-0.024010141460195377
-0.024838000053367837
-0.027545324049198888
-0.026275726129698796
-0.025535019482730754
-0.024969763861697032
-0.029003400468153633
-0.026170240343904822
-0.02245405108388765
-0.020523481890404663
-0.021372174971048492
-0.023903284349578467
-0.021403939388111005
-0.02116136726650218
-0.019338447171848606
-0.022318211706786505
-0.020337709432756427
-0.020756784851327106
-0.021796305393921585
-0.01928704839255532
-0.019962338916775128
-0.021431272197812674
-0.02558538748336372
-0.023810878799902367
-0.021209834415871733
-0.02346702966109873
-0.01639105371241169
-0.005466748494380861
-0.009366354732912311
-0.013706766327333891
-0.0050848287506161174
-0.0025714986004791427
-0.013046961130874845
-0.010626881155643997
-0.006887448561498896
-0.010281828885801463
-0.008525877428926193
-0.0015169082705009179
-0.012283721047346253
-0.013692556153821943
-0.011259269837823944
-0.009387786487148135
-0.008193750684956928
-0.010370624336401043
-0.002927245788525361
-0.005377145113882639
-0.009153323032431437
-0.010587883763362857
-0.008059186377889237
-0.004488087889270385
0.00014140324407188416
-0.005440845764761346
-0.005192776079069593
0.0023367519174202957
0.004261135373624536
0.01082016273947581
0.0077543226072655435
0.004665975162063594
0.009019335651803061
0.0038936799982516087
0.004355199888907058
0.005234554795430189
0.007435078515764105
0.002876139399264156
0.006204661301413499
0.002249985036469636
0.0043671043347881
0.0033002066139869064
0.0021827960667442615
0.002171174390831333
0.00159078086368713
0.006120816875651937
0.004857643896831929
0.007630060281942161
0.004273575540294006
0.004338304771999292
0.006330647066471903
0.006611267648076844
0.004147128935049166
0.0025910636011190575
0.0007813867841067327
0.0017184778731027981
-0.0006885361340348354
-0.0007534770394311507
0.0010594931073937889
0.0025085588000077694
0.000985908516105495
0.0007450335965808974
-0.0002329034984897983
-0.0016378925702711029
0.0027193766190611443
5.3564175193911865e-05
0.0047913359790368315
0.0021453513535228423
0.008606346071568067
0.004376532389897277
0.008281872649913905
0.008782437389350856
-0.0024140045806891135
-0.00835593716225643
-0.006301974606605525
-0.01375819895488873
-0.014305442101744253
-0.018775501646533566
-0.014034494260457041
-0.0170496968570028
-0.015695893653864156
-0.018570750600398967
-0.01446489135990098
-0.017335162865121927
-0.018233969133086957
-0.014212992471654105
-0.017703959103797347
-0.01557573870714514
-0.019956086156065273
-0.020215602998665004
-0.016566915177060923
-0.014137594977933732
-0.012060028287912548
-0.010774925356530565
-0.015924045761299313
-0.011501138066803224
-0.012695126774794497
-0.008309680352754822
-0.006927919586608552
-0.014937501086001604
-0.016213623308406235
-0.014501821818078561
-0.01904361997199981
-0.018351749538412555
-0.016546350077838952
-0.015393096114520917
-0.013644341428061608
-0.00807097706569295
-0.01621357945053261
-0.016724014010582003
-0.020933000989891634
-0.020160631713998692
-0.017571213330446096
-0.02229127031851405
-0.017214686020719336
-0.019348788701792657
-0.015616850857008813
-0.013852345984134578
-0.01580201151027631
-0.020020375893919744
-0.0164489389544593
-0.02141600325032873
-0.02072151600569517
-0.018680036699025585
-0.022281544961017145
-0.021070494726758773
-0.022408641357451953
-0.01311425354001759
-0.011832428415282642
-0.02381863522877857
-0.022874388147243817
-0.025184630331301708
-0.023940324632994985
-0.025584400465251924
-0.02371299585542957
-0.019037603425519474
-0.014674238269307095
-0.02201739419647756
-0.021662306780850325
-0.027701790822962615
-0.021095934575965366
-0.016231290557209312
-0.027923456115069176
-0.029966205835132764
-0.02539899466149273
-0.028413062282489444
-0.031930077233685905
-0.03099751734450563
-0.022470948698853046
-0.023038418568144516
-0.024571515409690988
-0.02735725488174183
-0.023193381863582725
-0.026852015352952317
-0.02313338208345272
-0.019009713732473003
-0.019092932050637574
-0.018433716582840275
-0.00829675910279254
-0.011568752560306783
-0.01267258582128607
-0.014846096811651003
-0.009481343763001426
-0.002458570686910477
0.005783048305484929
0.0004118561722096769
0.0037026533225919603
0.0035151700528714266
0.0034335883256962976
0.007588400540372307
0.0024735853126516836
0.003673106227709019
0.006194331981156072
0.010769658639377195
0.0046006430689654815
0.0015749779073823639
-0.009802232104496801
-0.009173813691686331
-0.011489244716308852
-0.007494229730494279
-0.010372885765844598
-0.0017761803289614488
0.004614344232211751
-0.0018219416006050506
-0.0028177824172537437
0.0005558684970542871
0.00046065285841285066
-0.0009630291404457047
0.00033177439205757923
0.0029366842600375372
0.003725859533412218
0.002442255550792982
0.0038990818065614656
0.003773651483744448
0.0070509607598298555
0.012633998126116297
0.011097644928995213
0.010475992287089
0.010493453525187825
0.0035417124819304207
0.003278444563378733
0.005924981149490562
0.007526675632967369
0.007028672144449063
0.009086118113157548
0.008343264251861424
0.0027998616078410976
-0.0016609743015144093
-0.0027803355227917306
-1.0
-0.011061086757185569
-0.013597858080958893
-0.014423090867600076
-0.01630825036702669
-0.0157958310153647
-0.01972447744569186
-0.019437692881637245
-0.01897325884493782
-0.019178641399826106
-0.013731365777653125
-0.019089862829969204
-0.011783648985463203
-0.015143970529247906
-0.019454858447818524
-0.020635606801222096
-0.023126859313437307
-0.023136324512667616
-0.022471743215950274
-0.0160041971096184
-0.022777514477826884
-0.020444554985651796
-0.014488432003700275
-0.01604888942973597
-0.02160189792403405
-0.0221560219584289
-0.020069330835463892
-0.029891176710310014
-0.025857327709159723
-0.02499395680051682
-0.019648444047894904
-0.016721411754264715
-0.007868642430251814
-0.004313278825218964
-0.015281218445583146
-0.010160213055590034
-0.0061025407365315545
-0.008513818108265996
-0.011825145343752614
-0.015736927908278287
-0.01253571111551883
-0.014827707515396452
-0.010280036059135515
-0.008123227909589859
0.000377351539509903
-0.0006153557359773314
-0.00025274211188810623
-0.0040035527198012165
-0.0010561045980139565
0.0074271735844634885
0.005047889802138683
0.007050282222984641
0.0056767381171698265
0.006888712506650878
0.008428522741346317
0.014985415922004978
0.01053844209474548
0.013330845813741072
0.011255361899776575
0.005109455027497894
-0.0024532579946551086
-0.01111168472290083
-0.01173762602610149
-0.010162214967792217
-0.012123213515364823
-0.01618462288980582
-0.010208679924929877
-0.01083408333564635
-0.009089729895081096
-0.010573321346427671
-0.01223299912695904
-0.007515863737609214
-0.008427350492573737
-0.010763406647077653
-0.002577466854285345
-0.005630596338140126
-0.0071295987693327165
-0.0036453396546018116
-1.0
-1.0
-0.018180916010364458
-0.02511240994164653
-0.020418687055337448
-1.0
-1.0
-1.0
-1.0
-1.0
-1.0
-1.0
-1.0
