-1.0
-1.0
-1.0
-1.0
-1.0
-1.0
-1.0
-1.0
-1.0
-1.0
-1.0
-1.0
-1.0
-1.0
-1.0
-1.0
-1.0
-1.0
-1.0
-1.0
-1.0
-1.0
-1.0
-1.0
-1.0
-1.0
-1.0
-1.0
-1.0
-1.0
-1.0
-1.0
-1.0
-1.0
-1.0
-1.0
-1.0
-1.0
-1.0
-1.0
-1.0
-1.0
-1.0
-1.0
-1.0
-1.0
-1.0
-1.0
-1.0
-1.0
-1.0
-1.0
-1.0
-1.0
-1.0
-1.0
-1.0
-1.0
-1.0
-1.0
-1.0
-1.0
-1.0
-1.0
-1.0
-1.0
-1.0
-1.0
-1.0
-1.0
-1.0
-1.0
-1.0
-1.0
-1.0
-1.0
-1.0
-1.0
-1.0
-1.0
-1.0
-1.0
-1.0
-1.0
-1.0
-1.0
-1.0
-1.0
-1.0
-1.0
-1.0
-1.0
-1.0
-1.0
-1.0
-1.0
-1.0
-1.0
-1.0
-1.0
-1.0
-1.0
-1.0
-1.0
-1.0
-1.0
-1.0
-1.0
-1.0
-1.0
-1.0
-1.0
-1.0
-1.0
-1.0
-1.0
-1.0
-1.0
-1.0
-1.0
-1.0
-1.0
-1.0
-1.0
-1.0
-1.0
-1.0
-1.0
-1.0
-1.0
-1.0
-1.0
-1.0
-1.0
-1.0
-1.0
-1.0
-1.0
-1.0
-1.0
-1.0
-1.0
-1.0
-1.0
-1.0
-1.0
-1.0
-1.0
-1.0
-1.0
-1.0
-1.0
-1.0
-1.0
-1.0
-1.0
-1.0
-1.0
-1.0
-1.0
-1.0
-1.0
-1.0
-1.0
-1.0
-1.0
-1.0
-1.0
-1.0
-1.0
-1.0
-1.0
-1.0
-1.0
-1.0
-1.0
-1.0
-1.0
-1.0
-1.0
-1.0
-1.0
-1.0
-1.0
-1.0
-1.0
-1.0
-1.0
-1.0
-1.0
-1.0
-1.0
-1.0
-1.0
-1.0
-1.0
-1.0
-1.0
-1.0
-1.0
-1.0
-1.0
-1.0
-1.0
-1.0
-1.0
-1.0
-1.0
-1.0
-1.0
-1.0
-1.0
-1.0
-1.0
-1.0
-1.0
-1.0
-1.0
-1.0
-1.0
-1.0
-1.0
-1.0
-1.0
-1.0
-1.0
-1.0
-1.0
-1.0
-1.0
-1.0
-1.0
-1.0
-1.0
-1.0
-1.0
-1.0
-1.0
-1.0
-1.0
-1.0
-1.0
-1.0
-1.0
-1.0
-1.0
-1.0
-1.0
-1.0
-1.0
-1.0
-1.0
-1.0
-1.0
-1.0
-1.0
-1.0
-1.0
-1.0
-1.0
-1.0
-1.0
-1.0
-1.0
-1.0
-1.0
-1.0
-1.0
-1.0
-1.0
-1.0
-1.0
-1.0
-1.0
-1.0
-1.0
-1.0
-1.0
-1.0
-1.0
-1.0
-1.0
-1.0
-1.0
-1.0
-1.0
-1.0
-1.0
-1.0
-1.0
-1.0
-1.0
-1.0
-1.0
-1.0
-1.0
-1.0
-1.0
-1.0
-1.0
-1.0
-1.0
-1.0
-1.0
-1.0
-1.0
-1.0
-1.0
-1.0
-1.0
-1.0
-1.0
-1.0
-1.0
-1.0
-1.0
-1.0
-1.0
-1.0
-1.0
-1.0
-1.0
-1.0
-1.0
-1.0
-1.0
-1.0
-1.0
-1.0
-1.0
-1.0
-1.0
-1.0
-1.0
-1.0
-1.0
-1.0
-1.0
-1.0
-1.0
-1.0
-1.0
-1.0
-1.0
-1.0
-1.0
-1.0
-1.0
-1.0
-1.0
-1.0
-1.0
-1.0
-1.0
-1.0
-1.0
-1.0
-1.0
-1.0
-1.0
-1.0
-1.0
-1.0
-1.0
-1.0
-1.0
-1.0
-1.0
-1.0
-1.0
-1.0
-1.0
-1.0
-1.0
-1.0
-1.0
-1.0
-1.0
-1.0
-1.0
-1.0
-1.0
-1.0
-1.0
-1.0
-1.0
-1.0
-1.0
-1.0
-1.0
-1.0
-1.0
-1.0
-1.0
-1.0
-1.0
-1.0
-1.0
-1.0
-1.0
-1.0
-1.0
-1.0
-1.0
-1.0
-1.0
-1.0
-1.0
-1.0
-1.0
-1.0
-1.0
-1.0
-1.0
-1.0
-1.0
-1.0
-1.0
-1.0
-1.0
-1.0
-1.0
-1.0
-1.0
-1.0
-1.0
-1.0
-1.0
-1.0
-1.0
-1.0
-1.0
-1.0
-1.0
-1.0
-1.0
-1.0
-1.0
-1.0
-1.0
-1.0
-1.0
-1.0
-1.0
-1.0
-1.0
-1.0
-1.0
-1.0
-1.0
-1.0
-1.0
-1.0
-1.0
-1.0
-1.0
-1.0
-1.0
-1.0
-1.0
-1.0
-1.0
-1.0
-1.0
-1.0
-1.0
-1.0
-1.0
-1.0
-1.0
-1.0
-1.0
-1.0
-1.0
-1.0
-1.0
-1.0
-1.0
-1.0
-1.0
-1.0
-1.0
-1.0
-1.0
-1.0
-1.0
-1.0
-1.0
-1.0
-1.0
-1.0
-1.0
-1.0
-1.0
-1.0
-1.0
-1.0
-1.0
-1.0
-1.0
-1.0
-1.0
-1.0
-1.0
-1.0
-1.0
-1.0
-1.0
-1.0
-1.0
-1.0
-1.0
-1.0
-1.0
-1.0
-1.0
-1.0
-1.0
-1.0
-1.0
-1.0
-1.0
-1.0
-1.0
-1.0
-1.0
-1.0
-1.0
-1.0
-1.0
-1.0
-1.0
-1.0
-1.0
-1.0
-1.0
-1.0
-1.0
-1.0
-1.0
-1.0
-1.0
-1.0
-1.0
-1.0
-1.0
-1.0
-1.0
-1.0
-1.0
-1.0
-1.0
-1.0
-1.0
-1.0
-1.0
-1.0
-1.0
-1.0
-1.0
-1.0
-1.0
-1.0
-1.0
-1.0
-1.0
-1.0
-1.0
-1.0
-1.0
-1.0
-1.0
-1.0
-1.0
-1.0
-1.0
-1.0
-1.0
-1.0
-1.0
-1.0
-1.0
-1.0
-1.0
-1.0
-1.0
-1.0
-1.0
-1.0
-1.0
-1.0
-1.0
-1.0
-1.0
-1.0
-1.0
-1.0
-1.0
-1.0
-1.0
-1.0
-1.0
-1.0
-1.0
-1.0
-1.0
-1.0
-1.0
-1.0
-1.0
-1.0
-1.0
-1.0
-1.0
-1.0
-1.0
-1.0
-1.0
-1.0
-1.0
-1.0
-1.0
-1.0
-1.0
-1.0
-1.0
-1.0
-1.0
-1.0
-1.0
-1.0
-1.0
-1.0
-1.0
-1.0
-1.0
-1.0
-1.0
-1.0
-1.0
-1.0
-1.0
-1.0
-1.0
-1.0
-1.0
-1.0
-1.0
-1.0
-1.0
-1.0
-1.0
-1.0
-1.0
-1.0
-1.0
-1.0
-1.0
-1.0
-1.0
-1.0
-1.0
-1.0
-1.0
-1.0
-1.0
-1.0
-1.0
-1.0
-1.0
-1.0
-1.0
-1.0
-1.0
-1.0
-1.0
-1.0
-1.0
-1.0
-1.0
-1.0
-1.0
-1.0
-1.0
-1.0
-1.0
-1.0
-1.0
-1.0
-1.0
-1.0
-1.0
-1.0
-1.0
-1.0
-1.0
-1.0
-1.0
-1.0
-1.0
-1.0
-1.0
-1.0
-1.0
-1.0
-1.0
-1.0
-1.0
-1.0
-1.0
-1.0
-1.0
-1.0
-1.0
-1.0
-1.0
-1.0
-0.028038755221762173
-1.0
-0.016837101235584722
-0.0134668819383201
-0.009591388372909316
-0.006184467027678562
-0.0007793852853633996
-0.005284149846405132
-0.00040340787767993903
0.0032611733032817114
0.0024279565132453856
0.006523211933302127
0.007357346400993271
0.0044657367580204265
0.007193604936520066
0.00926144461655142
0.011482546011213067
0.006465183582491656
0.009345702214990755
0.012170557209147347
0.012283760878309067
0.00910902937832996
0.0026908357678486327
0.0038946145007445567
0.007195766441863048
0.008329236483425977
0.006413707704771339
0.009609322692500206
-1.0
-1.0
-1.0
-1.0
-1.0
-1.0
-1.0
-1.0
-1.0
-1.0
-0.0020303047022365347
-1.0
0.005574785499855105
0.002150285634538118
0.003928243684341
0.007791762029898766
0.013421469348470823
0.006965915762181685
0.017065859978471893
0.01818686785787991
0.021098899856995406
0.012620612633930028
0.007410318440485943
0.00644873230611289
0.009610593943569523
0.013951916695117288
0.004394884295201975
0.019280579773263667
0.01470895099515092
0.018720152319859136
0.02511997177479837
0.027099448653483415
0.02818548881403263
0.02128350553444964
0.022734469100931718
0.025587708176663986
0.028222264891730377
0.024274471200650266
0.021900164938778062
0.020200321274913342
0.020681671400919623
0.02522935341446666
0.02472214253260516
0.026091934610093574
0.031289558244258504
0.02827220798256022
0.023096728655614598
0.03296255017424333
0.03383559820519729
0.03066350807868034
0.029889496829831264
0.03130462486582832
0.03376223747452491
0.03476059368657762
0.03195803543353183
0.028036808026796815
0.03196564556162526
0.03422032123137604
0.031485152080421644
0.025708991006405852
0.015040175108855955
0.018866298191813693
0.020670057552224928
0.02142047930234598
-1.0
0.012225025595594465
-1.0
-1.0
-1.0
-1.0
-1.0
-1.0
-1.0
-1.0
-1.0
-1.0
-1.0
-1.0
-1.0
-1.0
-1.0
-1.0
-1.0
0.014482888629478744
0.021894338015200267
0.02852364827259279
0.028382013534125523
0.023917676769579628
0.03161884173066408
0.03285064405949876
0.030301530564391735
0.02013156782659574
0.019562714937981746
0.020058352160634674
0.011956913945242679
-1.0
-1.0
0.020892423163081375
0.025640455086083234
0.023870574356255423
0.021329804857198115
0.016439519533679166
0.020750171877215288
0.015625957308065305
0.014556768288263687
0.021527679563539986
0.021915152688050984
0.02269223004054714
0.021879988661360095
0.010897123119821116
0.004100796981301035
0.004504805358527471
-1.0
-1.0
-1.0
-1.0
-1.0
-1.0
-1.0
-1.0
-1.0
-1.0
-1.0
-1.0
-1.0
-1.0
-1.0
-1.0
-1.0
-1.0
-1.0
0.023319805399706864
0.01957267446048339
0.024383754953163674
0.02585808152030479
0.01913001861249758
0.018148382374047357
0.021142083303114945
0.017439367702954105
0.018949411514223326
0.022034635257230758
0.021341369372600283
0.019094855999258375
0.018022387758094914
0.014929640944089684
0.021008515308033947
0.013421460197941857
0.003223049182662925
-0.006428388626692022
-0.012995589409120071
-0.015527017750251728
-0.013772885242689707
-0.016468871923840736
-0.012898012898105356
-0.017047109908813605
-0.011708288621204979
-0.018627126291158813
-0.01545148252360763
-1.0
-1.0
-1.0
-0.01244043447345817
-0.019794815016777326
-0.021433619928927488
-0.02354388157154474
-0.014352361953474202
-0.017715603644028736
-0.019090807689497422
-0.01569893056366862
-0.023707220834202642
-0.01484875008765674
-0.020904094996495825
-0.01816839785788237
-1.0
-0.02258678780113752
-0.020340080695972273
-0.013223210483885375
-0.018827106580634335
-0.017048604445351476
-0.024178428806308837
-0.023979680576871505
-0.0225570192307489
-0.016804175898562985
-0.02425984203883788
-0.02382150305094062
-0.021625688739792384
-0.018778433249617053
-0.020558766247780642
-0.018189109909888822
-0.019618381136092544
-0.011144674776042463
-0.015824181018401447
-0.0057605763807251666
0.0036231806500080645
0.009000707835173129
0.02570666100444169
0.02443864607369956
0.01853460182186877
0.013203501035211312
0.014199193339957351
-1.0
-1.0
-0.003302136458673993
-0.001302633873923614
-0.004336704018704878
-1.0
-0.007173850786952077
-0.011808351989246603
0.0020736405045232074
-0.004391247054081907
-0.009382803721521013
-0.006647075891649422
-0.0062360662813089425
-0.004858104715248809
0.001696962338689359
0.0009922391206429232
0.00908295768576213
0.004924573360694736
0.01825228995469759
0.023066682158348832
0.019149757875926716
0.020502933512334558
0.021801005101765105
0.023380299155537434
0.0236422560625116
-1.0
-1.0
-1.0
-1.0
-1.0
0.02547546825798707
0.029030287038374552
0.028740227978234462
0.03072635449228903
0.026001797662739357
0.025271489824541502
0.025205639862517695
0.025151188749118862
0.03137106260620312
-1.0
-1.0
0.025459609380372904
0.026637861515073115
0.02932828957687846
0.026861117742228553
0.02963276234454854
0.030695732451346675
0.03333299313706305
0.0281202226002903
0.027832751617086815
0.02738570827896751
0.033278442847238264
0.024171303726539455
0.01950293366422982
-1.0
-1.0
-1.0
0.007245158850086053
0.009250747207651124
0.008457554925636889
0.005574841506398925
0.0031494717968754025
0.002877649198738781
0.0004241364644978669
-0.0023135906390406562
0.0021089272743851665
0.00416209849480519
0.006325560081134897
0.018441095519370888
0.023421928893274872
-1.0
-1.0
0.00013690937844797283
0.008952485326435052
0.007084291256479936
0.006144199577567831
-0.004989819013687285
-0.008952907639499868
-0.01830180697959857
-0.016187979536316004
-1.0
-1.0
-0.015903196031518206
-0.015814937879237857
-0.015936457622603137
-0.010444809622702984
-0.013902560576802033
-0.011817821388015763
-0.017527583566920493
-0.02862802557669697
-0.023667182162425544
-0.028463319061436378
-0.01836199082145707
-0.022593315976717994
-0.02513513448587097
-0.02756027611661327
-0.020503501428985632
-0.026535545624661462
-0.018314837892138187
-0.016356419608841204
-0.0161839774238774
-0.033153218847832365
-0.033617193698750165
-0.041136565410238114
-0.044011579934841095
-0.046280799492797994
-0.04820569544751022
-0.05003647701909427
-0.04997407025672347
-0.05099929739886792
-0.04828467271796746
-0.043661757383891706
-0.05115924659778598
-0.05100275594195393
-0.05086013458052532
-0.04477142430575968
-0.045253828868644756
-0.046962415166449105
-0.04813578556279271
-0.044032853951947906
-0.040540417497734516
-0.04365123427231626
-0.03702380751834701
-0.03126127320692451
-0.01860481782547635
-0.019880575824878843
-0.012222111934635594
-0.010131762122237858
-0.002734323613433746
0.009442066548688885
0.010192856643615574
0.006890797212394193
0.012292969361076048
0.0024710495056509624
-0.005662155892778225
-0.007886237087643626
0.00377676221583477
0.0036171993319254517
0.004785597400627079
-0.0012380463560314296
-0.0009840434213023745
-0.003981620645426575
-0.008311845021373594
-0.008926418502009014
-0.007363474940172034
-0.006966311068213647
-0.0057771640505625815
-0.013244321364035014
-0.017016158157934048
-0.01803811745272566
-0.013374895025892428
-0.01149969531488727
-0.0109578302552027
-0.005874401005860058
0.009022715334214221
0.00919696191614688
0.004896301342312385
0.004819352095489321
0.003185029841393675
0.006679790080810463
-0.002860287870721156
-0.0015472281571967117
-0.010624949202880676
-0.009150273830637283
-0.01014120937538607
-0.0065171144499643644
0.0020430261537978476
-0.0016465101573726801
-0.000676467567382732
-0.0011079500508726157
0.0008927754321882716
-0.005543361828764665
-0.007459336488771105
-0.00743533420459048
-0.011807887667206557
-0.007671655718256048
-0.007521776878671094
-0.005273882597041573
-0.004575689951865481
-0.006624945335718774
0.0002666108312609682
0.0028491543175082814
0.0035776259697208644
-1.0
0.016032368077859138
0.021027616633723812
0.020576458453832602
0.018710974000946286
0.018393660138272976
0.011213686149337947
0.01953497824471491
0.017557696042170487
0.014014088585981998
0.007252879751948558
0.01134715541681211
0.00986245982248271
0.012521291754592087
0.009851867109886364
0.008497435256546122
0.006632519795130977
0.007729521843307309
0.009600764819043872
0.009028618853874426
0.011099052234176246
0.010866967024204637
0.011073218433135166
0.012105924317468004
0.01654468964304584
0.006694137366682801
0.011022241861590051
0.010364359727070668
0.008700605555851181
0.007903536846127606
0.014845080408094142
0.008387074165695023
0.017831422498490932
-1.0
0.01646694802018028
0.020344749965869185
0.023168692182644755
0.027010011737294018
0.021327174119161393
0.01636481930613156
0.017342389586257043
0.014644012294724321
0.014449352068570747
0.015259216098699383
0.013106480728658165
0.01787047040027203
0.013285373846012824
0.014994481622603294
0.020312726491399685
0.019263057013304417
0.010347097720528171
0.00951461141431355
0.013975530438096897
0.012590911882297351
0.015509031683871327
0.01348130200218658
0.02056783696132625
0.029833521847909474
0.03564259086153627
0.03357070983351567
0.03446269819793312
0.03364256993541259
0.033271871137173475
-1.0
0.023621293139188086
0.026104471216433722
0.025337424040750938
0.031541074224853756
0.03063440660353378
0.031079127087170606
0.03287250748682622
0.035712244711054913
0.033459771644897524
0.03107600405302848
0.03310144238470693
0.02584455461580402
0.028678126934162794
0.026676828362950752
0.028587792382412325
0.027514360093298704
0.026913032144729548
0.022365062756981295
0.025118565183406102
0.01938053770455715
0.023470668476769155
0.023201106976631764
0.023117581986171077
0.02799324546510817
0.027291540435450234
0.023967585506298524
0.022125028928584277
0.02185049697520502
0.01951819579358851
0.021956794221120672
0.031741190872988316
0.03181545185298744
0.028798172205050956
0.03185061588342024
0.0287640221556679
0.03783831565135649
0.033718003119454644
0.03387770972962577
0.03732121130610735
0.03721064305548147
0.028985128402840097
0.025795104948316994
0.02714420048665889
0.023547888898908517
0.02461620025582913
0.02852009214421328
0.028463027576655968
0.036075910308508756
0.034861603901459814
0.03254704110849152
0.02547613850886235
0.02770492262952351
0.029300446602020493
0.021871289583870464
0.023528816885497048
0.02029833225360254
0.018746938505688447
0.022202916689404946
0.020587416530156905
0.025404764336382626
0.030628903931260425
0.026455038030401237
0.02257998163185683
0.023543106119284847
0.029200166728998132
0.02716956307894118
0.039038067334460434
0.029089667636292307
0.03423734328061654
0.03562496983900689
0.03163591397649258
0.036129263396698835
0.03739624934571653
0.034797589105866104
0.0344356593868156
0.033343422084075626
0.033100598470602434
0.025010874686324652
0.02620877752238938
0.028367855607962577
0.02319317590396537
0.023372058921007653
0.025972820911550967
0.021004288738119294
0.02085144699234113
0.02013341558473149
0.018792785776642004
0.02274574098962128
0.019691427895201362
0.014457145953648136
0.005980152865901494
0.005892171943363228
0.008853396662450753
0.007128706216253979
0.007122889206363154
0.00830624627479218
0.007838078357925573
0.00758125694150922
0.005744782633087454
0.006262270080479598
0.006443103271399186
-0.0022824670946158575
-0.01890625740060935
-0.026109182673283174
-0.02815433745162666
-0.03042687499514971
-0.027429457168052496
-0.024003784988313907
-0.021146617406998115
-0.02101034938628282
-0.022870394628067413
-0.02293977753869451
-0.025885004760534822
-0.021207052635183365
-0.01524231355993397
-0.015155071158496973
-0.011037930330634008
-0.013909180879494398
-0.011864486334284472
-0.016804419753970106
-0.024949311014531336
-0.021472632300083574
-0.024902432560336675
-0.03545850913427255
-0.045934020416435704
-0.04704923221454643
-0.05065373604384021
-0.04829480584532767
-0.04735119837101581
-1.0
-1.0
-0.04918381853498951
-0.05500108868907561
-0.04768251785457595
-0.045779875802953035
-0.0484978065692438
-0.046377915672919774
-0.047398287956803196
-0.04933395128361624
-0.050337957771048145
-1.0
-0.04676819726954914
-0.04697921967727578
-0.04705366042790123
-0.04589521908391038
-0.050809854453360094
-0.05224692895482871
-0.0514406696980138
-0.046886380936894775
-0.05035896168910952
-0.049010312783827434
-0.05359322547929561
-0.050176024906070524
-0.05447565897471708
-0.04945150874398726
-0.05112560938854757
-0.05209992409033703
-0.04785673750348993
-0.051407710158096524
-0.05000616866939331
-0.04940130058562958
-0.04654690013375264
-0.04941568530737751
-0.04795083340557999
-0.04718243662121315
-0.047112392888585736
-0.04703493686967158
-0.04538682703743221
-0.045556093111873884
-0.04977600418540172
-0.04742880466485488
-0.051038780183209696
-0.05003989237880369
-0.05307337217815616
-0.04686957739218783
-0.04620405648780347
-0.045745439983233216
-0.046432018786711986
-0.04562804791722645
-0.04053548108467858
-0.04366347943131363
-0.044638505620429016
-0.04936239169783699
-0.047474827307219795
-0.046469204734998576
-0.048887169782430684
-0.04635404949222545
-0.046871623434284894
-0.04408654051423144
-0.0506944201485292
-0.04980599348624537
-0.049746982532092573
-0.04481633101265422
-0.04857726300633112
-0.04640641842131238
-0.04661043958509055
-0.04404217822767702
-0.0477548246098283
-0.04680638141514779
-0.04634687019636839
-0.04712150010315557
-0.048615811564542304
-0.05050854203652049
-0.04853839201962283
-0.04382883566306062
-0.04626921858022388
-0.04707128073477658
-0.04492903303413305
-0.05006800874195049
-0.048268719521529654
-0.049323425104087534
-0.048955691418785946
-0.0482591553179669
-0.05164488970030969
-0.047803860123711836
-0.049607078475800793
-0.04778563411398034
-0.05313936614745973
-0.05479258525849723
-0.053254613884077005
-0.054698596540715815
-0.053802351380695244
-0.05754775237874197
-0.054372979830849974
-0.054996315186904114
-0.057683193089641066
-0.05260578058903005
-0.055271165952992536
-0.052293826584965654
-0.04412485338758817
-0.04194619306880541
-0.041235306697017325
-0.03425035464862484
-0.005747154884606038
0.006920434292024975
0.018555341736300968
0.020811293634805734
0.024397504250557363
0.026772861757265638
0.02626023026864266
0.020084254911460774
0.017804228033684814
0.015605063927740475
0.014067142420279644
0.016694448086984243
0.013473837089424755
0.01743789117382784
0.01794455661200593
0.019551545626867364
0.015888907609713503
0.016797397905528706
0.015890994529107975
0.024512427712842535
0.020923784440972367
0.021900221345651137
0.024408487748404716
0.022891069942094742
0.023312359907483746
0.022913514816330114
0.0199768276417259
0.0186581489415336
0.023500106853169483
0.025573599855839117
0.0165689170570258
0.02338346892688943
0.023767528728165302
0.01748290586680647
0.02164605067285499
0.02284456393447228
0.028109616203501032
0.031045291509738906
0.029151998873721927
0.03401583318532745
0.03389073242214306
0.030403373751924253
0.03771380502787647
0.037896870955126956
0.03659612089745959
0.029105857043569595
0.03238534549445562
0.03376079389085889
0.03397190267642438
0.035288912398559795
0.04024005022985872
0.026102414828224542
0.014909960084000293
0.0042237955746375335
0.008108643308615925
0.008897622002762118
0.00980758445393161
0.00746859621705983
0.0066192363777475465
0.01116824692711001
0.015508447241250353
0.013438926641308916
0.0072757893505914694
0.01225848957955027
0.020753058131373254
0.02212807200699824
0.017524242141568135
0.01299537860974988
0.01253208648107209
0.015574491034199788
0.020618592744922754
0.02679979699953668
0.019195680695412113
0.019145991401266643
0.015538077438494773
0.017983868742617114
0.02395932081685081
0.027674814437583677
0.027619230690939165
0.03135204207511002
0.03224674957202752
0.025640298710385853
0.028946705798584053
0.028012282901154803
0.025042193733900812
0.022899190189810393
0.024926377912608634
0.028106610375719064
0.03175008608477033
0.03831387020713885
0.029091430242606818
0.03198106497215267
0.0381485344208738
0.028640443866683307
0.03533057777277949
0.02934811034237062
0.029997081330267836
0.035312672621969146
0.029862125228415835
0.03630044161529435
0.03389073411845965
0.0322772872147683
0.03288283017192768
0.03512467014148403
0.029615299883791742
0.033094032657397514
0.032326829852995335
0.0320541419328601
0.03464650020161036
0.02901776596192452
0.02824872984920964
0.028345666794273056
0.024282655450256353
0.026184692571380692
0.026004239954277333
0.02604306505999168
0.031347303368707856
0.02967979462292187
0.02870242696452002
0.03129867841784903
0.025939303950290277
0.023895958401521214
0.031712340216114354
0.022010343687535464
-1.0
-1.0
0.025701115404987335
0.02498959559706877
0.031945779892816877
0.03081090656077329
0.023864685894628226
0.021652756801791507
0.02413773878924103
0.023038935576359897
0.023383234512876997
0.025202836500075362
0.02806809594618514
0.03419624079805448
0.036285584830980634
0.033007121159166763
0.026635016495602317
0.027407859067040134
0.02102347998581385
0.020160021908859283
0.022239563596924753
0.01595541007723426
0.016913981674601817
0.01365154123381762
0.016162441395339764
0.01996209980082532
0.024281130106756175
0.015901960439404433
0.01631696550299634
0.013547599096106415
0.023547901258433323
0.020153078739679045
0.02818520977151482
0.025850764033152073
0.02732465840632992
0.03339017587944195
0.030140967536444976
0.02892979414994919
0.033286751929886026
0.023308618614216344
0.021258692926298728
0.02918468959959131
0.018244919453102006
0.021322714678438253
0.019674445334354737
0.022648546583500052
0.026899765715155982
0.012497218320236656
0.00827732301763196
0.0015679024787908006
0.0035768083776241714
-0.0007516814750777382
-0.001970662052863635
-0.0028411148898872364
0.006183589008649423
0.001013471626302161
-0.005067367090206057
-0.0018836807626134652
-0.0016173522086661144
0.0020583793947504606
0.00028088492400521134
-0.00014786761327284024
0.0015340665679886758
0.0030718034685314477
0.0024688704832134213
0.00572786209747787
0.007449013450156522
0.013651041380925894
0.011634802598361612
0.0054951576297011815
0.010667233962059972
0.009136294158433358
0.014293184815356397
0.020496147239093765
0.018365735865084165
0.02209696114110964
0.016985471520375404
0.019139522773912346
0.019088385127503115
0.025049576214444876
0.023328478942319493
0.028826398670716777
0.025394044337885713
0.024953386914523503
0.02603944021959027
0.022925145927201254
0.022527986978246508
0.020618627780177166
0.02264424696646474
0.022689067348861218
0.028385348044813102
0.02475401290321777
0.02532815182304856
0.024064142141804697
0.024432788611641117
0.014528495735529435
0.01921829356451795
0.024023692252739235
0.0239786795446473
0.027544774158378072
0.025560707316691918
0.019709283525221204
0.020620059605450596
0.023344277878198618
0.019919699528663248
0.020151185525751722
0.022078528539804087
0.020962080187766758
0.02401393957614105
0.024470579060267377
0.02522895209378058
0.02600527795546143
0.025572632410589675
0.027770031324084874
0.03199594718143548
0.02903380079797925
0.03124291792968509
0.03232758276239162
0.028771549997317757
0.03601574376951045
0.03353893700695807
0.03283338060477939
0.02873429033011658
0.032851293130527474
0.029712936209362387
0.03103042514452095
0.03281942883252988
0.03333201207261699
0.03774669946030231
0.0330653897494574
0.033632675180614996
0.03192894551792258
0.033716391869611555
0.028511964617890333
0.0240302498107304
0.027330619718383985
0.024764216933400238
0.030009128333609997
0.02664359307189189
0.03246781875606587
0.030647447567838146
0.03114857458760806
0.0235745355920609
0.03493447869231521
0.024956203240184133
0.021876222338175433
0.019179926403768106
0.011737393351415434
0.02693645647674391
0.024817934039115672
0.02125644729056839
0.021745960094988102
0.022311083426534137
0.018753066349457292
0.019876499844998233
0.01647190011692927
0.02476750516720279
0.02379902290453237
0.01716524990899692
0.021464389734341303
0.02176384635763622
0.016264860123067347
0.02064991886382637
0.019403330132188347
0.021475017139327857
0.02480567599594308
0.03194910227760464
0.036314260268638966
-1.0
0.03199327503527604
0.03537529471996686
0.030356771570827546
0.030097357003201965
0.028671445308689942
0.023160144765220537
0.02925929322145868
0.02284918376797419
0.025077090660842797
0.02511799024850384
0.02539420506080513
0.026441467506266584
0.0273557675653067
0.026849659107137658
0.02920360543745342
0.0292314250073833
0.027915100218451557
0.02468655105522694
0.024191973476458465
0.023693312886352593
0.02563218856734164
0.022845562647305754
0.025656826374207978
0.0209949148993935
0.0029869967553949935
-0.0055463639691893316
-0.010869492665764308
-0.006828754473546668
-0.01278593626829252
-0.020137839662561104
-0.01733521822201301
-0.017556837170160575
-0.024629377708218426
-0.03081685136338918
-0.036418783246026945
-0.040775997726221036
-0.04541095331563311
-0.043745397843513834
-0.04160285062545557
-0.04245562409804154
-0.0458874578691021
-0.04464218744911699
-0.04257860917095346
-0.04425021489804279
-0.03549266259994838
-0.03521500745412311
-0.03661663333774186
-0.03383259383294005
-0.03341349324204971
-0.029108190174721014
-0.02431485425544615
-0.024189699788603025
-0.01522186631548508
-0.010827788650688482
-0.004651572433574724
-0.002531040826621485
-0.003846751496629662
0.012744952565013248
0.014710040823627929
0.008189309710313295
0.0028472594958275825
-0.0014056456607168953
0.001878638498109459
-0.005153750278020565
-0.010587332452928798
-0.020677228858917866
-0.019899474030604998
-0.025813452644974245
-0.020328238780520057
-0.017788902204232883
-0.012850611127987573
-0.018631202740943924
-0.019230128479655374
-0.022233144555736398
-0.024817507849201868
-0.0241115513918942
-0.018693628815547408
-0.01953893317542689
-0.024838066907463482
-0.020919681405002544
-0.026959047000439062
-0.015775244144721628
-0.01300819796478181
-0.016477937204386627
-0.012749812924066666
-0.013054840576043295
-0.022864288949510873
-0.031414196907892766
-0.030919664546333412
-0.03443319727187659
-0.04291900543482011
-0.0433303265833019
-0.04325070280038873
-0.04407394794576574
-0.03920990710202254
-0.03390165276365358
-0.03834179441412249
-0.02603321624435693
-0.033735723437423065
-0.03242353284634193
-0.028688780597504807
-0.026340815381824676
-0.015866358026016616
0.0011745317255532036
-0.0001791164055671019
0.002432986497774023
0.006191809051204487
-0.004092038976321241
0.0013239708618151382
0.004859897707002943
-0.001720649053574384
-0.016524985998798786
-0.009777297897289086
-0.006473642410340255
-0.012376125626214743
-0.013239340706812621
-0.015605645203230935
-0.0128805759510892
-0.012346429984858418
-0.009050987480109284
-0.0070980622808400964
-0.0060005195886009
-0.0007175371398591115
0.00732522712738784
0.01125835676459186
0.005468161248114615
0.008632298764608347
0.0012676843021782822
0.004506676273080649
0.00419433118314559
0.0001716306356679953
-0.003423425760918764
-0.004757058598557171
-0.006641330835311544
-0.006508815167818157
0.001048926581243695
0.011898483509461766
0.029198526919650216
0.02929595659625395
0.027839365270397706
0.02952506560389621
0.020293970821905746
0.010373986418855194
0.0007186089909407455
-0.0011410948772310114
0.0030850309260669916
0.007445128481609678
0.013163683096548022
0.020613727003817778
0.011999406265314342
0.009329207111657247
0.0008522152039779341
-0.005426777042289547
-0.013758899464389384
-0.00805736640234099
-0.011439634335052485
-0.007139611298615064
-0.002396662883025048
0.0009567174637618949
-0.000227004060154096
-0.0014058966854903741
0.005134517927901462
-0.0027993734731738395
0.0072026159949447055
0.01357665390117199
0.012598971995637257
0.01514250178369696
0.006041326159629306
-0.004270827276072248
-0.014380646977364752
-0.025518423776459923
-0.023263711491418922
-0.01938974832547533
-0.017117605316192747
-0.010551892061014673
-0.012892166986048377
-0.012131212571748737
-0.011618221868839986
-0.011633576778042764
-0.020104669471599133
-0.01312939566586866
-0.020667719377077634
-0.01979581437314359
-0.0208379978907177
-0.03670832790913105
-0.04397323904809881
-0.048138529060956586
-0.04531273559804281
-0.04214718188293789
-0.03650672204999418
-0.03362273857662207
-0.04450190269554176
-0.0446859067365704
-0.04778207456692394
-0.04406280910584091
-0.04774667255828327
-0.045256309674352714
-0.051053916832320245
-0.04934651856632775
-0.04998025525618137
-0.048772061694628416
-0.049712366490553356
-0.04906794462426536
-0.05585402597674236
-0.050132014462914
-0.04324544725838031
-0.047445111892367435
-0.052743910625543546
-0.05331224509623873
-0.04834694151762808
-0.05126492127601036
-0.04329724660134306
-0.05155570446339483
-0.048477074835121835
-0.04915932972923032
-0.04681870934053236
-0.0494917266802877
-0.049256833069614876
-0.04646248707561014
-0.048337705644003776
-0.047797636745592544
-0.05151839157595682
-0.05019733255363186
-0.04641859889721801
-0.04796586447683783
-0.05142212819057944
-0.04400097082500286
-0.05023864455098046
-0.0468915751451995
-0.051110737532941375
-0.048740078773148336
-0.05088428217868189
-0.049468848343437496
-0.049338432440676476
-0.045655756387053534
-0.0459291698769926
-0.037571148951732386
-0.034086672027848264
-0.04639670264442716
-0.03840560325654746
-0.03750668392524413
-0.04182295437616586
-0.0373726777443566
-0.04089763860937252
-0.041016754976537305
-0.04599163107842788
-0.0456598436330239
-0.04858913875030765
-0.04461963983564228
-0.04347259466048331
-0.04588584944884714
-0.04604531375614701
-0.040644167800691425
-0.043012082244830836
-0.046329306195475144
-0.04753126171282117
-1.0
-0.04158345744058002
-0.04188599595371713
-0.0426293995956227
-0.04697998401674595
-0.043409917771142496
-0.04570526738586264
-0.051385937511286776
-0.047737384183897044
-0.049265372833804257
-0.045761733107828606
-0.04590997664253989
-0.048493766201408176
-0.04547333083978702
-0.04652006520004079
-0.04528588308170217
-0.0456477556963889
-0.050923488870931545
-0.049173217210145566
-0.039711451691350055
-0.04741984363454843
-0.04603707461118961
-0.0432637208366317
-0.04654519032788925
-0.04831074318840867
-0.033924408063353104
-0.024771329270094677
-0.019580923537297765
-0.03380485616673618
-0.029051175209580515
-0.018182739049112145
-0.002487191567246893
0.010310255123566302
0.014782560978521504
0.015549543232348322
0.01677801631509769
0.01900233011886327
0.02264147992446129
0.027169435022118413
0.022032096031358573
-1.0
-1.0
0.019827726914415908
0.015533007357742823
0.0165466538050376
0.012004989031960957
0.020549990577590646
0.029163364466908932
0.022884121866998088
0.026771935261314203
0.028467856002810054
0.02569576923463243
0.03830590107698994
0.029760799951436948
0.03339880173388034
0.030887386095279402
0.02711219869530916
0.02731745721134514
0.03285859431930146
0.0290025116776309
0.028371806854353088
0.027874120384226632
0.0279817156876105
0.033764106849950556
0.030648341762685147
0.030194753486168523
0.030889242087781058
0.024236806658971204
0.02898001517694963
0.025801320997351412
0.03215440871929544
0.03186749244338576
-1.0
-1.0
-1.0
-1.0
-1.0
-1.0
-1.0
-1.0
