-1.0
0.04883612633195795
0.05306385156919793
0.05283355088292835
0.050407846283555845
0.0530883778534832
0.052445598372089244
0.05565267686815559
0.053622104852337586
0.04039630816843414
0.03072357005261809
0.035918379545434365
0.050297763459553516
0.04527727377153657
0.05214603731367931
0.041798789073226525
0.04470354935937307
0.05375249060325863
0.054050751321187994
0.03614071395542886
0.03179924284914307
0.03068958341805698
0.0423370512850718
0.047141996695049156
0.031232188695433875
0.02528138308482891
0.03187147211667953
0.02983988836652333
0.05403798941105841
0.05714229742965966
0.03477911487762901
0.02884439760137486
-1.0
0.04669585792773568
-1.0
0.04684001871741524
0.04885955930325594
0.05100855058284047
0.046120900551151096
0.04554556809476911
0.03409099650120844
-0.01157838737277239
-1.0
-0.029772661142625192
-0.03309494355133576
-0.029466054812524504
-0.05087194141461655
-0.053672441276821574
-0.0547247442721907
-0.0544925735147638
-0.053289464969544016
-0.04641787815506579
-0.041496736175524775
-0.051341125948232404
-0.04134846293428016
0.009795796651980375
-7.345827294301285e-06
-0.04516121362699883
-0.05625002891197805
-0.05186889041156284
-0.049892902935724556
-0.007852722124406394
-0.01117110954690748
0.030831503572296637
0.0347912694018808
0.042358546304246895
0.015159446273227526
-0.04553109437672516
-0.04590747620191259
-0.05317773794096205
-0.05265011893804599
-0.05399755509042495
-0.05264508065734893
-0.032486289345384056
0.027365005185122644
0.006229869670630724
-0.04642486977565678
-0.054163366518290644
-0.042347337722338556
-0.010159630940402868
-0.0002560203725258545
0.021562589979987834
0.026199470660898075
0.025701624132310943
0.03322601465032526
0.04713933557673512
0.050265627944075
0.04539099202532801
0.05204150908585353
0.0514734214591897
0.05197658210868215
0.05352154333156492
0.05271164765594141
0.050693003581139706
0.05344404186448447
0.051458589962826776
0.04933303241337137
0.020958882407800413
0.001725438662195251
-0.010050467423249549
-0.014460604740471644
-0.004032723350782606
0.025257461745993394
0.04002868703084984
0.041748241778491714
0.03499329415223161
0.04488248399855335
0.05008174600763007
0.026547037939733325
0.009431103510589619
0.005918841111168657
0.016440363863262628
0.02143608135634509
0.025565503396170777
0.026487422450511774
0.027990188845754688
0.0016685258292304566
0.03838937842746214
0.04251368115645394
0.008148401446707728
0.022898130840655753
0.021885232813611755
-0.019260289808276848
-0.03590110530242698
-0.03766094697409741
-0.03784828904557915
-0.029786690678262426
-0.025854021010299315
-0.026772442312939165
-0.02459841228444772
-0.015638680980352322
0.005045115961138705
0.02988117462685697
0.012060537578638501
-0.05167156678955151
-0.04082178852278787
-0.011915429022946638
-0.04820468101330857
-0.04322345667936005
-0.04415913846683128
-0.04148185412247114
-0.012377549666437747
0.04106041839387005
0.03392505243610881
0.02206891541433778
-0.040755061324599995
-0.04774410420789221
-0.05123541229467448
-0.0460667260884836
-0.05371158054167796
-0.04560712999109393
-0.05369305717818712
-0.05811547822959886
-0.05779413130448962
-0.05672262837705947
-0.05572672825903244
-0.05547678024191149
-0.05527730146298021
-0.051705544349165064
-0.057427931146654246
-0.060008886575154914
-0.05977879694538776
-0.05922629953907286
-0.06052797190198767
-0.06025549255206486
-0.05770129646709013
-0.020908798812517268
0.015162425726299066
0.035655495577911256
0.03435520737019704
0.04468030749191116
0.04301544480500292
0.03782142667678109
0.01711919695708128
0.013947248306165718
0.003880693512931085
0.01127220756714774
0.01972021232646443
0.030443891943042416
0.04456573470962784
0.042183767616105386
0.05096026756288529
0.05260328678865117
0.05121734735553444
0.051208503306296546
0.052579891706593274
0.04738331122351828
0.017802382577691647
-0.01215467116440908
-0.009670806380625601
0.030863463684513835
0.037655270881237414
0.027550547071879282
0.03835315816350637
0.02006315591787644
0.0007833015873787453
0.017707259944983646
0.022215371924658753
0.013314882328252878
0.003937164204922175
-0.01333821915886504
-0.02939708838951707
-0.007286059519052455
0.02038993445218872
-0.021941996281596068
-0.05023374547341948
-0.05981914436287345
-0.059949912518493485
-0.06026531450763823
-0.06050735540951559
-0.06060263811007777
-0.05994899131776731
-0.06054386565285882
-0.05755234625207261
-0.05651715535472062
-0.05274961856699088
-0.0580799613389639
-0.059306422693335366
-0.060440348427492
-0.061088294930388136
-0.057704288623631486
-0.031008939933606147
-0.04801148594978415
-0.05381993130431111
-0.04699467358228846
0.006712193557967678
0.015673396884370458
-0.013727468723162833
-0.046550161356768885
-0.04653019347008094
-0.04676362558934004
-0.05817182127672944
-0.059271688085128824
-0.05925011725079227
-0.05333919952311052
-0.05791150924868149
-0.06033582909790324
-0.060448066774651914
-0.06129039273576337
-0.06179156195060143
-0.06216079434298242
-0.06121985254883556
-0.060452605257106135
-0.060793902716918834
-0.058769172374733246
-0.06004914712770503
-0.05998493028544525
-0.06120323769089371
-0.06044613886348639
-0.06099951557596996
-0.0612865594595141
-0.06160784598648674
-0.061092471367902156
-0.060970768420744406
-0.06074321618656681
-0.06011314046970101
-0.0598437513870032
-0.05797266233142769
-0.053619144413098806
-0.028609054465346593
-0.034104140391782396
-0.042451945416804034
-0.04708265368816961
-0.0489688675030741
-0.02616596150072166
-0.011333492297752285
-0.05556341621007436
-0.06157919270455327
-0.06108030367978989
-0.06168188300082221
-0.0603126985683123
-0.04204534825662943
-0.028365119233490225
-0.04711489266272114
-0.0435264620723145
-0.04963601816523587
-0.0349519421543795
-0.0327926680644482
-0.017497258325799705
0.003325255386670567
0.02099152893741151
0.003490506256870607
-0.031875264567549626
-0.05604858394729328
-0.053822813444318274
-0.05697757392263546
-0.057405916361540126
-0.060993022859753894
-0.06055481042660776
-0.05984726445940809
-0.05713426608351048
-0.052107781752175224
-0.04448525222145293
-0.05899319192620424
-0.06129487165495696
-0.06068537825842214
-0.06072759842725088
-0.060579201603103386
-0.06121057052150718
-0.06049159032892776
-0.056356902348785244
-0.045382206649164744
-0.016782934963696438
-0.05414375971907373
-0.05601564822042758
-0.05689493588635736
-0.06046401594577964
-0.06033018907941531
-0.05745613902595459
-0.05981210130359808
-0.05856963120482815
-0.0550412214889518
-0.04111744576766795
0.0032190664858866114
0.007417547949406826
-0.005013408629114961
-0.029243289381207634
-0.03568186983830719
-0.028556543984004666
-0.008594396559872208
0.011045303103624523
-0.030883464816220823
-0.019897645707662934
-0.018127519132618383
0.0067277691946140165
0.015818726949761334
0.0076757335076430774
0.04128237222780515
0.050362520260350645
0.052477406631535335
0.053503735087650585
0.05363911244270795
0.05533548010313789
0.045590361853320126
0.03894640055796736
0.043408344537938195
0.05630381677547428
0.055287352435042875
0.058497228303937575
0.05759898565256328
0.055557454103459726
0.055926267723076246
0.05502758152042737
0.049076880948920196
0.026618305305673683
0.01875099677644234
-0.0035794396114397446
0.00661617317369034
0.0404055510630399
0.049569785341729115
0.05137358121081125
0.04893813426178212
0.045936577273767376
0.013206658836421586
-0.0085367868007057
0.015838256544331658
0.02951730100935697
0.005129403511734506
0.0033661235841685993
-0.006559455782011857
-0.010252769872545048
-0.004576816133663961
0.016617836797230116
0.010867415922779193
-0.005581685954697054
-0.03630041508562054
-0.03346975911794629
-0.05277683353001236
-0.05587854513336246
-0.058047183294920084
-0.05914487536967768
-0.059448671311728735
-0.05961826752384941
-0.05827882929952976
-0.0549034316821431
-0.05892033368906175
-0.060062893540372975
-0.05951999617412337
-0.05967895628103675
-0.06047295029326568
-0.059977175835140464
-0.05934850970211138
-0.05985027797533184
-0.06000872102208914
-0.060054514327867674
-0.06053042349398794
-0.06015323039842543
-0.059539029712147695
-0.05968380007030729
-0.05948410749517228
-0.05994691315030374
-0.059345244344237054
-0.059404987020029616
-0.05980840212893257
-0.06045953376646561
-0.05997589620075583
-0.05982855243023553
-0.06116191913289997
-0.06009198773899694
-0.05950640458290141
-0.04878922449031937
-0.036143179371258605
-0.056501624841716114
-0.060303994571442414
-0.06034635888672193
-0.06005164582209788
-0.06000385356741299
-0.05989684745651888
-0.059462323556155015
-0.05887913749048402
-0.0592905868145739
-0.056995403810571194
-0.047913200358631676
-0.05336178518362943
-0.0586563039077349
-0.0600442975071358
-0.05975849864095605
-0.059560198745219076
-0.059002779019944745
-0.05901331132554772
-0.06021252162618441
-0.06024993393756211
-0.05997058666351701
-0.05925600564765241
-0.05680521289260799
-0.059313206603933195
-0.05899250350532119
-0.05146236217232658
-0.05840608000392737
-0.05796410886271207
-0.054242955232552806
-0.05661593420670517
-0.0013426441313657462
0.01422055534102817
-0.012241627145756705
-0.00196801189695108
0.022400198083820523
0.021567509025084263
0.01665738472971226
0.01686694293356308
0.0348537579686606
0.022977441923333175
0.012267562991119531
0.006957471298208126
0.036050520472585126
0.04465753261673951
0.024248229190365202
0.02712188481367354
0.023804149648109084
0.015655628470902103
0.025898767319061718
0.018173685555510934
0.020382995298448562
0.010799584454939856
0.00760801939846607
0.012446688098213622
0.024196810379678843
0.05281303662512681
0.055659348004879136
0.05092914400875181
0.053156987129506936
0.05470894925995614
0.05751361328415048
0.05753281105758332
0.05666455895194499
0.05736808007956341
0.05406481477517762
0.05511822730712629
0.05376861687108314
0.05143108803306269
0.05449968688527581
0.05654637967312106
0.05705773168324921
0.055794664663643974
0.05406272014670773
0.053113219802333564
0.04854165038538647
0.04602593073336058
0.023526492493863804
0.027367811486216802
0.0029932210869441866
-0.05067090503333585
-0.05681922899577061
-1.0
-1.0
-1.0
-1.0
-1.0
-1.0
-1.0
-1.0
-1.0
-1.0
-1.0
-1.0
-1.0
-1.0
-1.0
-1.0
-1.0
-0.05470452268743135
-0.053405799497896984
-1.0
-1.0
-1.0
-1.0
-1.0
-1.0
-1.0
-1.0
-1.0
-1.0
-1.0
-1.0
-1.0
-1.0
-1.0
-1.0
-1.0
-1.0
-1.0
-1.0
-1.0
-1.0
-1.0
-1.0
-1.0
-1.0
-1.0
-1.0
-1.0
-1.0
-1.0
-1.0
-1.0
-1.0
-1.0
-1.0
-1.0
-1.0
-1.0
-1.0
-1.0
-1.0
-1.0
-1.0
-1.0
-1.0
-1.0
-1.0
-1.0
-1.0
-1.0
-1.0
-1.0
-1.0
-1.0
-1.0
-1.0
-1.0
-1.0
-1.0
-1.0
-1.0
-1.0
0.04514450676225186
-1.0
0.04446798887928477
0.044061554946590066
0.03117427515951137
-0.0017494349993946664
-0.010284950704342329
-0.0024660672076466422
-0.014438183911971991
-0.008143807892651733
0.034697077200465956
0.04066024494340617
0.04199020529852062
0.04179458145704064
0.0418048767126186
0.04011531793576326
0.024966621356229075
-0.010036764986704326
0.022523092037299526
0.033902612451642604
0.035738451137428975
0.03196205599252758
-0.003997321617367202
-0.012968687294083786
0.0007655822464763628
0.013864048035164177
0.015531306827378796
-0.02269124851488253
-0.012354160235995407
0.006997799364433725
0.023537632010111508
0.02599178093414186
0.02216910357957781
-0.003771474098866185
-0.01032397443422388
-0.021678372716425313
-0.01934738475704376
-0.008882172178932656
-0.01862919693905749
-0.03217515641781443
-0.03790372551525144
-0.03662742070059218
-0.036751329581696475
-0.03827397561406589
-0.04060699497905047
-0.04182033372233428
-0.033968453083946866
-0.026573253810065107
-0.029449751659488037
-0.042831727429097646
-0.04257895271996275
-0.0408091654246402
-0.03839996151915479
-0.03036867690119391
-0.02647168713192234
-0.03961241711252071
-0.03852457576646917
-0.04454530065168584
-0.043766790321567446
-0.043620672926509854
-0.041949622018925055
-0.01645853082353959
-0.008816021464643869
-0.004122468988525697
-0.0036056596010029833
-0.006980985529800524
-0.023940294909027177
-0.03737038943345491
-0.04070219446813085
-0.042079962575323454
-0.0453259329986571
-0.044439415012739306
-0.032942328148748506
-0.0452497474701074
-0.045133264754274365
-0.04247872741171322
-0.03252564269657574
-0.0317226015510334
-0.04171524311693507
-0.04576922734481254
-0.044855220286337524
-0.04558025826688956
-0.04392869114772937
-0.04395947323215633
-0.043479458665584635
-0.04100169808055184
-0.0395720315296342
-0.04192434945011364
-0.041532917804235646
-0.04370668842483801
-0.04139498540922593
-0.04142273631947339
-0.043457622548639906
-0.04228579521547562
-0.04471724571951864
-0.04454234836976069
-0.04464868658103176
-0.04393479100624663
-0.043487061596354466
-0.04360375019736289
-0.04258749254205051
-0.03838382944500606
-0.044393944418898164
-0.044742690395245484
-0.04434695092688314
-0.043950775252354926
-0.04504289743974112
-0.046004891094183875
-0.04415140989102284
-1.0
-1.0
-0.04438298985225578
-0.046209457150713736
-0.04495254167115403
-0.04618856945909298
-0.04528921680143506
-0.044911410794493616
-0.0361766100517065
-0.01721427703095789
-0.026494734134391212
-0.03600084305354192
-0.026801602227835997
-0.031055155014652048
-0.0304008079287776
-0.03235772835659124
-0.025096170396427978
-0.020374280469611344
-0.014486640655356623
-0.020460549885101306
-0.006377202343900045
-0.0036164414234118383
-1.0
0.000926314458585008
-0.00047011140379857503
-0.017484744421894117
-0.03137522853462249
-0.02216870266036021
-0.004139672809646623
0.0033300883365997053
0.004819341923420372
0.003946042996374794
0.004865079217439165
0.0015469985004188881
0.001165004645666948
-0.007074460587391074
-0.026486036651651824
-0.021493202061560104
-1.0
-1.0
-1.0
-0.04395140318682362
-0.04537123098450867
-0.043420097038053655
-0.041716866478707315
-0.03955910003750327
-0.03990123610293277
-0.03279049385756702
-0.038913005692477624
-0.0440632206919693
-0.03908763415533438
-0.030188889961977192
-0.032523321839898096
-0.03608219824203657
-0.0383183284378396
-0.04283926215083323
-0.03952340435012994
-0.0406629682076317
-0.0414466341997304
-0.043315666865084416
-0.04222020579014313
-0.04253129113702161
-0.04154757871017295
-0.04090179086448663
-0.030870660090159555
-0.018681193274312825
-0.020780525000433363
-0.021585376286841724
-0.028900412724182423
-0.03082202592990377
-0.028958700087996128
-0.03462604633496828
-0.033000480956820885
-0.02155494757674839
-0.021822408781541337
-0.03154301215604901
-0.03567535902155235
-0.03740486993908185
-0.028964638484073466
-0.03395565303792882
-0.035803912182535806
-0.03305165001522608
-0.026690228830555843
-0.026412632203417476
-0.02943647776343224
-0.029317829253803922
-0.031473208408720366
-0.024323220609803235
-0.02809654374551833
-0.014374579549712378
-0.022628726556238946
-0.021447900162389084
-0.020900584087024658
-0.010922723994572496
-0.006497713988033886
-0.02207199846306923
-0.031575510178091314
-0.022125756065516335
-0.028904470225211514
-0.02664785470341844
-0.02645841691094108
-0.027180905805753823
-0.02499408116491003
-0.018711323262626124
-0.005960494990141182
-0.004383941313443521
-0.015779795790810784
-0.012660297245028923
0.02819812093285161
0.033085120087724226
0.03459798304007478
0.03424756139566702
0.03390682876868333
0.03564509359394927
0.03721037037225217
0.03859863773068357
0.03622634091517418
0.04253801554892027
0.04603952286474342
0.047295508016935384
0.04685895075415159
0.0471998772422864
0.04730659342443358
0.04771629783024042
0.04788835536195024
0.04770295249329564
0.0473159846592596
0.047525904526347064
0.04790547680093914
0.04738515843394974
0.03633558975853747
0.046714943013957164
0.047658057678834555
0.04778443940947037
0.047516394487429885
0.047736232322718515
0.04796033047842235
0.04768009978682683
0.047485933805446565
0.04658853010831207
0.043258905363277964
0.04485904106586442
0.047065632617176195
0.04735737399663748
0.04819510136356457
0.048040243437193646
0.0476377394183871
0.04768131833279404
0.04672677881719511
0.04216915062188168
0.031130498607609955
-0.006938085092383768
-0.01192940030305239
-0.009760276297507182
0.0067821151730260145
0.042312407232808616
0.04629691002931774
0.045051644014267186
0.03930269561197403
0.043872174834631156
0.044583677506628124
0.04731262566044635
0.047587600839802784
0.04763050922932158
0.04713091310920414
0.04727938867127497
0.04800395667098151
0.04740966534753126
0.04793868722652661
0.047011210476650654
0.047192349844382496
0.04704090872648224
0.046036597462832785
0.04463152275612972
0.047156164679492865
0.046258723285889196
0.046797066150860024
0.045934173155012234
0.017529445916372753
0.03846872005750168
0.035449362650557106
0.010619244740681072
-0.01824347120164435
-0.017418758225425178
-0.01997117873681263
0.007032795835012248
0.033568499139583485
0.03656152735594735
0.0404566558096078
0.04409920879515679
0.04322795204464646
0.042682497157545844
0.017651518017288117
0.012681350262305833
0.02007704519754913
0.04138369546756892
0.04677420957116089
0.04753776373097898
0.0471453096917641
0.04722791158328115
0.046937256535793885
0.04645093390470752
-1.0
0.032718503355197895
0.019428579131383846
0.0010385728364922745
0.013333317470491875
0.035179745499825464
0.04503007015694592
0.045835109894447106
0.04298851894832059
-1.0
-1.0
-1.0
-1.0
-1.0
-1.0
-1.0
-1.0
-1.0
-1.0
-1.0
-1.0
-1.0
0.03272698482445969
0.04494226731492569
0.044926863457494824
0.045246433133286905
0.043136382605636805
0.04104032268362795
0.04540784164410432
0.046101017400173215
-1.0
0.046561758112573154
0.04687129016569903
0.046959526796815386
0.047145104522471885
0.046953856423522546
0.04714939072994402
0.04760873734213347
0.04785472726683897
0.048199848310017585
0.047692528772103344
0.04803833877737197
0.04820839522144414
0.04864180018256902
0.04850148430495083
0.04839747409524747
0.04883268383622089
0.048662985681369036
0.048695737756046666
0.047971341470134925
0.04790282294610605
0.044593890550880776
0.03382962557939179
0.04151521968746261
0.0397001377919978
0.01552174977094219
0.02488333356009605
-0.00830424034824425
0.01580307190537227
0.04340403315846914
0.04584851517167132
0.032924288703349076
0.04032329454174407
0.03971325205762356
0.021440617324306428
0.0034214437311067933
0.021154612874898296
0.043995782596346615
0.04325036606097042
0.038273625961551726
0.022704726740566335
4.417833071611872e-05
0.003509095641501231
0.020221951359191904
0.03260222187796907
0.02503750524581598
0.02134043312798534
0.009323750538814674
0.004289984544987812
0.020581135423758088
0.014283254068229443
0.011477763134092727
-0.002076717609649853
-0.0031730287956612284
0.028111387027378226
0.049060664887581096
-1.0
-1.0
0.04992934939561812
0.04965208411321137
0.049347413747251996
0.048996899759486796
0.0486098165724369
0.04890059236108805
0.048810776074742275
0.04860435540635125
0.048505010800985904
0.04803602153844414
0.047448775447484395
0.047281578529312564
0.047405572771073254
0.04733743627238097
0.046774391598363635
-1.0
-1.0
-1.0
0.04655739221423729
-1.0
0.046315599176295914
-1.0
0.04740640269287479
0.04655419695761044
0.04667901614390511
0.0472892133731492
-1.0
0.0472995505300307
0.047088948836255966
0.04684505792150866
0.04710607129811788
0.04814779911935519
0.04792401248716486
0.04775715566927776
-1.0
0.047675125042436164
0.04742293637657828
0.0481732775538431
0.048039188893788026
0.047503435059607094
0.030710638188822224
0.03680543725376089
0.041578894984
0.04747393087025494
0.04843549050785833
0.047917006843381287
0.04804886930482311
0.04835747806697933
0.04807203958482857
0.047561293230026384
0.04718547731592483
0.04851313708922985
0.04757981130098741
0.048792866938214795
0.048149997630149086
0.04673200937256676
0.016413988611685738
-0.01111601874554269
-0.011142474961337571
-0.004895162212471739
0.04034906093509834
0.04670089592132209
0.043558624102302546
0.04098217960982516
0.02839809619364781
0.04832342181310636
0.04914683389793575
0.048670390446147085
0.04868633582971076
0.04942303228474647
0.04715628575085687
0.047773323005088866
0.03536948180591137
0.03525043864330459
0.045931611585788235
0.04805205666990749
0.048934823997414376
0.04857794418202378
0.04861866864323848
0.04853721265708601
0.04757231727019231
0.04698008870617858
0.04334270803856072
0.03905323211340017
0.046510246940634714
0.0487020577079123
0.048655935978216096
0.04756216011267659
0.047641310342164636
0.047724206286351455
0.04827099735394808
0.04839200718392683
0.047804957558654514
0.04245973168720193
0.03480060266650842
0.04783760621659348
0.04845109399583712
0.04838489671332071
0.04815062870094276
0.048256350016298036
0.04839840629184223
0.0483895136247411
0.04819880784028807
0.04823542799791112
0.04830154373468024
0.04894527607164245
0.04451922637212857
0.02952750189694536
0.025828524013852945
0.025989398735795973
0.03382223789744798
0.009191534610931251
-0.005236428227700011
-0.008118414616257518
-0.019211707838615824
-0.023719074158387733
-0.021256330034672054
-0.008017215075820875
-0.010308503277111806
-0.012635675183464534
-0.00602342333767008
0.004589079216314409
0.01709807133701544
0.0446135705657806
0.04800964780256653
0.048428433645875235
0.048341144237199624
0.04857828520889125
0.04787368322255464
0.04848253381734412
0.04877325131701446
0.0482661361995833
0.039149911754273896
-0.0037740999079012598
0.0007115772483678769
0.015972259398363588
-0.010673286895764253
0.002009734136983797
0.03908176996120906
0.04569999216217761
0.046223345970614706
0.046050345135343826
0.04512197352589571
0.04502482007316352
0.045377562567058195
0.041762987400349824
0.030295527013912932
-0.004636640550785715
0.02943944505572069
0.0011042760964484807
-0.012531105507684341
-0.014939541136327287
-0.015138993389099974
-0.012682539165116809
-0.016166407585012095
0.011561646968985755
0.019350212030571544
0.0351506062567346
0.03529466019774593
0.028562172183739395
0.032013904831274205
0.03505008374479302
0.03684158124636597
0.037595080671935004
0.038214752368049984
0.036901490380252894
0.03031436815828624
0.029922770862274132
0.03397676369106264
0.03427816879175786
0.031522749585190454
0.01035549352637935
0.011977045742278519
0.03753524615573813
0.03859023785087862
0.03931462896058753
0.04296323312925331
0.03613831728172292
0.04289906124494943
0.039755734791774314
0.04390149037049823
0.040667522787183746
0.038499898479015866
0.037895912610723184
0.03627427451120506
0.03027977882066618
0.02754178866510436
0.02693898713882766
0.02837427413128049
0.025051292649521936
0.02538159587009247
0.020750123656784032
-0.005562430286205198
-0.010074058042193594
0.0075431224138487445
0.024131691385438744
0.02875661262617863
0.028792413912625558
0.025111407619298465
0.022247865006025797
0.013094192407023874
-0.031010558657115838
-0.03712027553926409
-0.03751945522140142
-0.03764103903973861
-0.041586174845058235
-0.03940305784573527
-0.03282242525671944
-0.02849322198220173
-0.021615434617555742
-0.018833280997714662
-0.030097675811907743
-0.03845575419925569
-0.04408051776520605
-0.039752516976170535
-0.04369016362664501
-0.04473149873339745
-0.045330255878240334
-0.045439869677222855
-0.04581140524402507
-0.04512831736336058
-0.045977696935571
-0.04589456472855161
-0.046119812477388125
-0.04430768417153842
-0.04581969512661836
-0.04555338678749539
-0.039949178966077616
-0.02693700684882813
-0.019517399526614302
-0.029028429474666884
-0.025286331781735644
-0.0056623367243000666
-0.004370501229971098
-0.011773855547754874
-0.02359940804212331
-0.03297819967732507
-0.03693261899804339
-0.032706345538434135
-0.03308946393360519
-0.03342458149876566
-0.025564329552575975
-0.023888375284435492
-0.02022551163778023
-0.02194505152056486
-0.012382153246257412
-0.025406970082610243
-0.02914018571920755
-0.03185899262395315
-0.02717471732083871
0.027796000731860802
0.037202157841091245
0.039358935967653004
0.039475180060589726
0.039097256570854506
0.03884929597724508
0.03932414960664155
0.04099130606267106
0.03799332873968746
0.03650227154290392
0.023987118394352667
0.0173512480825133
0.008086913294476751
0.024603242011436707
-0.008123124865564412
0.02354450067163267
-0.0004675461384276973
-0.015193077256553904
-0.00943681072029155
0.018840956390269552
0.03802117909078505
0.04269102762673546
0.04789019102865187
0.04815169259261878
0.046567272823422136
0.04725996706409625
0.04675989622449402
0.04673537763006304
0.04719811793655309
0.045185939319332916
0.011243730262242617
-0.0012431981324492857
0.028140908221653008
0.007445875301425631
-0.008361118241325268
0.02880095388520376
0.031041121610791526
0.02069928857531829
-0.013105086854926177
-0.024775397557751894
-0.002664347666657399
0.031122055043157577
0.005102903693481823
0.004491724480532038
0.003108171696618456
-0.007618272488938781
-0.021606249664569664
0.005245781073757343
0.03161560753584528
0.039118285878136115
0.03925374690965299
0.041568635549544125
0.04170777385509757
0.04199907991022256
0.04380439840503553
0.045538007770525996
0.04615136085296584
0.0461796863726734
0.0468017758438032
0.04704790754872592
0.04673363630993224
0.04680425088990546
0.04733124290907325
0.04694792285306689
0.04549026617994988
0.03988100537866734
0.014700632292051465
0.0019236794709425846
-0.010855014152525709
-0.007825070647969074
0.002485899196111931
0.01349568533286004
0.03321808102531247
0.04307644748866129
0.04568988406627264
0.044613301513165074
0.04516047885974337
0.04785892721022062
0.04700194871913365
0.0457818435035053
0.0470499280164285
0.045136745440156695
0.0187892128694997
-0.006900771035734891
-0.002928003333909933
0.0038095908747074786
-0.01829337910405574
0.024391558891663206
0.03361779868982371
0.034297604363922124
0.03331389439021717
0.023612366165384157
0.02060005406518601
0.039465405346286696
0.039858115385854216
0.0391783595538777
0.03994671081048682
0.040361854299280985
0.04002887411733924
0.03943963346290914
0.04023715700216755
0.04022416127993113
0.028427399179733057
0.038229762773119444
0.04012340105060822
0.04084301312979529
0.035350314359987825
0.021467995676621915
0.04200059487350092
0.04245622661051165
0.04165919124936708
0.042485777631126175
0.042396596826480844
0.041950693480322196
0.038791916376284784
0.034344115635592906
0.0300726944325822
0.030362845775632565
0.03534694653709446
0.03727379008907154
0.03777698602265437
0.037186469710736636
0.029659799373624812
0.01572653618282209
0.018661396906752045
-0.009380460458176908
-0.002232564089851432
0.018575872068453927
0.025287107501587067
0.026862886979062493
0.02790829223133408
0.027827651855154886
0.027748868047697002
0.022392165815876025
-1.0
-1.0
-1.0
-1.0
