-1.0
-1.0
-1.0
-1.0
-1.0
-1.0
-1.0
0.03691343579930031
0.037390702607713766
0.03804521008061235
0.0381465239866264
0.036767604404929675
0.03723571578386823
0.03707895590840593
0.03712705322002892
0.03734050411554236
0.03693921148837413
0.03009345675741841
0.006362812975454044
0.008939755490334373
0.02533686181293238
0.018021853291506823
0.015715520696275156
0.02058993008907595
0.013848663667123211
-1.0
-0.009799511758119845
-0.01125178326143785
-0.011236781958606255
-0.010952826473158633
-0.010657301462789011
-0.00848285898231833
-0.0020571794889584607
0.0021349250417506496
0.022434339823548956
0.018660204701274313
0.011855717206895247
0.003306400199897138
-1.0
-0.01651923258085098
-0.01882058560940348
-0.020132887501673892
-0.01945416376787025
-0.020243518574361623
-0.020366098162848453
-0.019973100460706817
-0.01978373523941554
-0.01979190324735253
-0.021286501982740354
-0.022613915256906862
-0.02149620202485699
-0.02200434597582622
-0.022035953072315054
-0.021512189456423844
-0.01970737785626737
-0.019800251639506307
-0.01798036998346406
-0.016764200900268398
-0.010581011580382174
0.01015296074384727
0.0040237965965355844
0.020433023254522897
0.025375627225475306
0.03018972924652312
0.029214714191309193
0.03505244781624392
0.02695239295091073
0.027215442660479813
0.02084762707292112
-0.000323775364509566
-0.0042295830627060455
-0.005508023748541279
-0.007384847599633272
-0.004542516817664652
-0.0031653076215983804
-0.00397309076489923
0.004450765172728174
0.017731366475993427
0.014299067367952367
0.03063822801321749
0.027249917054592513
0.025735160412427974
0.024785189576335635
0.03380985486582236
0.0332476320975707
0.033082342746895796
0.033336464269325815
0.03480238713598629
0.038478300781341235
0.03712105356103932
0.037398057102522614
0.03895113813635559
0.03835931676827822
0.03856192344906202
0.03707213616041484
0.03936813313155135
0.03831208624445831
0.037358699029494485
0.038429238810273714
0.03728469616932049
0.037173354468731906
0.036463383021878196
0.0363365800212325
0.03864037259839351
0.03854519416379511
0.03450932504586299
0.03290863589319117
0.025986462149029502
0.03231557016500886
0.03993453575525008
0.039282785256458
0.037742836906576864
0.0345520153871762
0.019387944152980518
0.01708153726688317
0.019816853596776863
0.037956495235472516
0.040234006203223135
0.039278915840164755
0.039449096883707076
0.03716103981552919
0.03496512638783995
0.021084558081701565
0.01804201722774248
0.009554565272563736
0.004194531908647739
-0.007351308220034685
-0.01197289139599384
-1.0
-1.0
-1.0
-1.0
-1.0
-1.0
-1.0
-1.0
-1.0
-0.01641307709438512
-0.012043451702545956
0.02010884124648438
-0.005360845209263644
-0.014898974423771277
-0.018625880635091543
-0.019692965605277234
-0.02020621520182817
-0.020770062091343317
-0.018851566508217496
-0.013614657896248269
-0.013756601682932705
-0.012164508217558542
-0.01425792033388074
-0.00941241677527697
-0.00866502804299333
0.00888359253462475
0.020735718981365298
0.016724430635726983
0.02539284200324663
0.0350093940067433
0.03729200079484897
0.03801485519182053
0.03628047035084184
0.037411118031412234
0.03818229383148413
0.034844845810322655
0.03826338838857223
0.03744317795286293
0.03919614057677897
0.03496362729832293
0.028434196072601708
0.022467127572022922
-1.0
0.029408225099376222
0.03369770152237876
0.024572851452342295
0.01852331361540485
0.009992186213816886
0.02326990009501667
0.011758600057200254
0.004208118596864614
-0.0027063904859307383
-0.004408075741255648
-0.0039864472697800565
-0.0034712053760742644
-0.002330321465575755
-0.0009290298661137613
0.002490360542531285
-0.0036088556360504612
-0.0022388870172522367
-0.0008276922572270056
0.00031021620911305775
0.0043602099701914405
0.032976924048705475
0.024373438692591346
0.035647116809757164
0.03731284591700155
0.03037202227090673
0.031096009365189817
0.028322952173745072
0.03078271235495243
0.025669501217390575
0.023964736711085396
0.021161189233326196
0.015381951291381646
0.025982175170575772
0.014226195828136156
0.010545222223635175
0.011549106238068369
0.021178992885083476
0.029642550727248092
0.037440201246416886
0.0365747612379209
0.034689521515066365
0.03624373808536124
0.036290952432237934
0.03429248431053201
0.03698319540900094
0.029448283440248052
0.028848787401702693
0.031430956509715016
0.03710957773703797
0.03857785641435235
0.03554159610107268
0.039026998607874605
0.03454968623783168
0.020657209629770606
0.01570895677204236
0.024929909519668093
0.021879989659310418
0.015237652309087728
0.021300477406164003
0.018716961307579903
0.018938753627684865
0.03578970624250701
0.0372319472827259
0.032567171294537935
0.038457534488161166
0.03512967118728224
0.03561153483535537
0.036058444107262805
0.036527167233997966
0.035840271867733274
0.03298028947067468
-1.0
0.02223413266871974
0.023427321842757125
0.022492925789745433
0.02755429502125916
0.023196668816633865
0.026494196012036536
0.029153977964764783
0.025927397905261593
0.018903563469913492
0.026064434872754897
0.02224091752804813
0.029917545683716962
-1.0
0.03432551504911604
0.033514668371913185
0.03096560383085925
0.028069611591394497
0.036054898543117574
0.035532046082078335
0.034187962733290944
0.03597895485644738
0.03613385853064274
0.03887364967734401
0.0386451416881889
0.03722542052886435
0.03499163475012813
0.03464402418495202
0.035618448267098354
0.03813266958045762
0.035089968293895456
0.035592227630481046
0.03364977188324523
0.036794089364032986
0.03530878986996318
0.03609097754314305
0.033140747243647205
0.036600750354763734
0.03691074048159819
0.03541133101787751
0.03563084528255892
0.03341892215574015
0.035567420646686644
0.036913391669725334
0.03652797481699158
0.036447133780805586
0.03792954392129229
0.03705172903993491
0.030811590106911153
0.03330362893468897
0.03051059214308418
0.030362673412991294
0.025509801881437363
0.006948110392443003
0.0006128109434573609
-0.00013627027838907004
-1.0
-0.0001854198962002113
0.00433571589390236
0.0004307382230143771
-0.0016894972130372316
-0.0035666174989259876
-0.0023648056746577713
-0.0015314699751003428
-0.0018766174561961053
-0.0004918949534759724
-0.0012267221108217183
0.0008419578233351386
0.011073736302255242
0.03469136030896549
0.02798087428913309
0.037192178621539215
0.034526493327477474
0.029508092588307316
0.03351452937312901
0.03398070542998285
0.0314179229193078
0.03495565488390667
0.03763548833675292
0.03736369311512922
0.03646428556379548
0.03495133140564272
0.037453831319606584
0.0366573895094974
0.03557238397993599
0.03713623747376232
0.03487688525618988
0.03454444513319295
0.03607781870370906
0.0370892941598472
0.03522700695631427
0.03493647654764328
0.03531066228704381
0.027786770961376234
0.026264576478051166
0.024628946549693404
0.018183683054964483
-0.0009446086136797968
-0.004686402377353621
-0.007280125034194137
-0.006078551027398094
-0.006946598726977314
-0.007188570355553354
-0.00684880073208334
-0.007044827038989599
-0.0033284341169379176
-0.0018033927325747587
0.00026261504633396667
-0.0016410446560330056
0.00943390965235976
0.021353571995877473
0.02788267535872874
0.028979839965206287
0.03229687581333977
0.03465659544302306
0.034137934993375
0.034234127818760896
0.035664436930928016
0.03419232910750728
0.035118355746487674
0.03764283012467049
0.037885736203245084
0.03792112582845241
0.037907077456963034
0.03790942084633148
0.03827801615364666
0.029384128273396256
0.012091204186903362
0.007084624202786875
0.0052241355900157155
0.005206707609441202
0.004912639383203766
0.005210107475566332
0.006055581184246577
0.012648781345843544
0.011875330439475211
0.032392185696490355
0.03514555500471505
0.03380315250443137
0.034482053936488045
0.037670162837831624
0.035879509968373205
0.027400814294633487
0.02203597298120142
0.014479983394264755
0.014105021690168081
0.024749252529244686
0.023572072808281636
0.012110742004399839
0.01772181174510136
0.030617747745898108
0.03281958796688464
0.034960647163996356
0.03529102363789272
0.0354590177612862
0.03625309411544891
0.03532581905605902
0.03736258236268604
0.03582032726137387
0.036461653843216445
0.03559048576447611
0.03489266856105035
0.03525935611082179
0.03288192620649982
0.03350775042727475
0.03316868353128857
0.026236455709359143
0.027542323198763485
0.03293577345856797
0.03351852348642299
0.02660671504090872
0.02884525036230084
0.021917831521336435
0.024073693636827678
0.018583597987299562
0.019560566808389288
0.01320656553356976
0.013731314970755623
0.02419060243435855
0.020835014631041954
0.019578509309992793
0.019372182454410983
0.01416650693898841
0.019413477666314422
0.02450690710181383
0.021019192441226655
0.023769449697636905
0.019193504175427072
0.03133681850678016
0.03297601319169186
0.028922228432067567
0.0287888474075103
0.02273518488067497
0.03472214101858536
0.03348212422661316
0.03568579195262823
0.03209916160779208
0.030608609940299646
0.03626292948869588
0.034214439277511235
0.032979104478505133
0.0357558650789483
0.024644780803895854
0.022580048736217002
0.024360055488410002
0.020780931507083707
0.013681960903464333
0.02361947513851165
0.03559407205435992
0.03531557281762875
0.031887646150893637
0.032269070712432124
0.020815215128761694
0.018888478455481167
0.028071947607710257
0.032190103559223186
0.03351736516655356
0.03398837061113465
0.03489854480249735
0.03319653232275628
0.0324864080704177
0.03226955443051079
0.031248129885918727
0.03247425916924975
0.03218410375852639
0.024166343312241687
0.012093218126610752
0.018606238260979752
0.016526858442406436
-0.010105062902356826
-0.013608496106492953
-0.015801121446966385
-0.012883255189251869
-0.00603373179877693
0.01269681713957019
0.004661438806959475
-0.013083996628579142
-0.018060957485423187
-0.016418046930070904
-0.019468441248980183
-0.02414717754392749
-0.026720471623516564
-0.03046882061906832
-0.031335986784500766
-0.03368945030909779
-0.03326103817710486
-0.034343531507340506
-0.03431283174537866
-0.03356486922124766
-0.034137943851427384
-0.03741962987186995
-0.03453320270354518
-0.03131236029445875
-0.032035193208642274
-0.029319196469383378
-0.031653029451603816
-0.029129408908820174
-0.027727577377928418
-0.028052114304367253
-0.029046724724087584
-0.029980604851387118
-0.03416265300510367
-0.037804164313607364
-0.038028700892505395
-0.03699739880772219
-0.03333717506636267
-0.022550835780367345
-0.017018645858709058
-0.014021680096845603
-0.00795044434521246
-0.0042026605845873295
-0.0016478746660637809
-0.01592051748213468
-0.005826472636502367
0.013614646936958408
0.01939920931985097
0.02327128955963044
0.022760538401708157
0.02305547284325043
0.026823951598131838
0.027239816493648424
0.026282002741385743
0.028338160616997492
0.022263097266538273
0.023289813347101927
0.03223284215140169
0.03148835221545535
0.030409750233547927
0.031119113509485437
0.02942785551710488
0.030904345038202077
0.025704271853470496
0.016925757540391738
0.0269135724339218
0.028174189359402777
0.02433824572080542
0.010401064876001696
0.005829462762519661
0.008166039520971996
0.025830269962504215
0.031281509498683364
0.026917049624324885
0.022938425682169993
0.018175042694253303
0.01773183361092055
0.023705658982281996
0.017148285736561738
0.010877242145355749
0.015457212469888142
0.022325452511669074
0.015306122876255775
0.00714546905835678
0.006070195024577182
0.007855034154084214
-0.008139965350413034
-0.025458575458003792
-0.028777855006571627
-0.02954317624120001
-0.03042965228744508
-0.029733976345729236
-0.029796115925419468
-0.025412188097698664
-0.015561242172041504
-0.021310644406062788
-0.021837914998368034
-0.0200878549129642
-0.013337654495394532
-0.018365230337767043
-0.02875523990342137
-0.02969735771412784
-0.03167130814536728
-0.032138237016811254
-0.031498336906582436
-0.030996385721372935
-0.032666160772786036
-0.03349754113413778
-0.03264047731579689
-0.033371208721283775
-0.033366517029608515
-0.03259252718267206
-0.03250465251883942
-0.03081323985871793
-0.02753869037175505
-0.029414207255004817
-0.03055282032620636
-0.028675448348169267
-0.018538854678363238
-0.006848713376283359
-0.0012255612142317873
0.00413147059641585
0.004571632063940416
0.012285599923096168
0.0019765316697877987
-0.004507418072494421
0.003409564450105628
8.63420606262664e-05
-0.008688353251754606
-0.011236670464318439
-0.010446773787850343
-0.015243305640609809
-0.029584400940826455
-0.03941571686482382
-0.04116710296430729
-0.04009775136160435
-0.040420447283168355
-0.03917763443090531
-0.036991485441354915
-0.0379913401419443
-0.03897814271474415
-0.03922726526438489
-0.039485687722586434
-0.039332218552204756
-0.03619558654343831
-0.03718016907016875
-0.032749522652275646
-0.03681403975687621
-0.03758577365625635
-0.03609047450967986
-0.017543047113393842
-0.014323583621275613
-0.028452005018080966
-0.030425267071730027
-0.027379728716486747
-0.02800440212619441
-0.02891750676694252
-0.02095467262960691
0.011175980008872148
0.012517193321754948
0.01080347466810434
0.005121345749952206
-0.022640741806193944
-0.03148326751582776
-0.030724108760748336
-0.03268581912344645
-0.030119374456260947
-0.008122171955132047
0.002441074635070539
-0.0007818740956506728
-0.02728097236749341
-0.0322370795540917
-0.02951240435234891
-0.03387554355092244
-0.033753364411451006
-0.024018184641066025
-0.035369451068638216
-0.03618086730658014
-0.03759257541932696
-0.03756192687550684
-0.036481501489595024
-0.03424024871440634
-0.010873077476891297
-0.011410265188094838
-0.02484092176185272
-0.009502301939044645
-0.029266012879045858
-0.028088689596921533
-0.03506260906659805
-0.037587135839579115
-0.038059571327389304
-0.03676571838663627
-0.036189374846250365
-0.03736458954868589
-0.038321584199036494
-0.03708833977770621
0.00252541621121819
0.008688529300090599
-0.03087042618343943
-0.03744770544451386
-0.033778613721884176
-0.03189058880035024
-0.022305091633279536
0.006363924584721142
-0.007532929084566413
0.002057093985974467
-0.00587918117330729
0.006450304151352791
-0.012685357381986439
-0.027417163975327893
-0.013073719890320124
-0.0209402496276498
-0.03951218435661227
-0.041535538834876616
-0.040101460474624935
-0.037643898601916324
-0.0405463110871677
-0.0404907054364007
-0.03757651731893849
-0.04148290795043129
-0.04079728925782531
-0.039584235917487574
-0.03843881163461288
-0.03870891310206623
-0.03724504743490629
-0.04053407792342476
-0.04200779270068904
-0.04094135961125147
-0.041024442656157366
-0.041780381632868895
-0.04036966280933088
-0.04028241345722569
-1.0
-0.04178591862462904
-0.03967187192651447
-0.004730825079454449
0.0014654649484113253
-0.0049634532191313065
-0.027627349531846444
-0.04087123933082534
-0.041851103846081594
-0.04174095644039979
-0.04213098996623074
-0.04115807585435754
-0.0325473454238033
-0.041285301628244876
-0.04120242291534085
-0.04195259195661534
-0.041438101377676645
-0.04040684920025312
-0.041549930470507236
-0.04116702217597839
-0.040724078854322915
-0.04009235832418352
-0.040403148733399175
-1.0
-1.0
-1.0
-0.039821505803761474
-1.0
-0.041076339347059385
-0.04094927474955365
-1.0
-1.0
-0.040260999783068796
-0.04032484000232826
-1.0
-1.0
-1.0
-0.04062953072745326
-0.04062068402653461
-0.04069839226001956
-0.04050308149106972
-0.040778727490003996
-0.0400310184529018
-0.035434871884482806
-0.03926467964993445
-0.03986765543856508
-0.038874154292782306
-0.035363246698190715
-0.02220949074030286
-0.030469283107460648
-0.04043413360689013
-0.04158827806654263
-0.041871502252080396
-0.0413118179445392
-0.03984863620241136
-0.039604929144103296
-0.04159858777224076
-0.040214770867235246
-0.03234074807932771
-0.015560965318171447
-0.03663319908225671
-0.030157965006739722
-0.037202014143121104
-0.038535387760516675
-0.03900350591426671
-0.040537424427216744
-0.04132577890372376
-0.042373156022209986
-0.04138380024816841
-0.04283701393189318
-0.03811914506952516
-0.03856208550465314
-0.03764714077546302
-0.029371371920997334
-0.04004754599857498
-0.039284243264012364
-0.036652105316895105
-0.0041646614152587216
0.013555375288263427
0.01277042678167859
0.003997068326843866
0.011327319139181764
-0.02290384253671747
-0.03790603817944824
-0.0421956297339328
-0.040861591005852085
-0.04216698957767618
-0.03150829170749977
-0.023303841506495768
-0.04125131079197351
-0.04035048282663101
-0.041287575023717486
-0.03947694412135106
-0.04122975953863517
-0.04190321040149541
-0.04080683756272427
-0.03463528707722672
-0.0395146820293977
-0.03512368797668856
-0.036685650006027484
-0.041553347828347874
-0.04136470322424814
-1.0
-0.042333589187627724
-0.043529328157195867
-1.0
-0.042085046862542455
-0.04096179651929293
-0.04049947509084891
-0.04262231775117171
-0.04299789953501126
-0.042579059499017344
-0.0434504120425223
-0.043341212479128706
-0.042930553648779395
-0.041320646217876185
-0.038137212251420714
-0.027320778668206626
-0.03439941214452344
-0.039385347221074576
-0.04226727236570077
-0.043079240114303946
-0.04178814061604336
-0.03907947971654362
-0.042258895183207364
-0.04266336316767877
-0.04397207953474649
-0.043227113665404916
-0.04328338415550413
-0.043356547734885446
-0.044186875509805164
-0.04312997728334642
-0.042444171698052396
-1.0
-1.0
-1.0
-1.0
-0.03814756780399128
-0.04181001826874628
-0.042873624166934424
-0.039792090955476735
-0.039493557941069714
-0.03568556670854043
-0.036178872042219395
-0.03466721956525274
-0.03420316230117968
-0.003598384843290719
-0.0007728009308078448
-0.014225835137776255
-0.027568538423216445
-0.019444760077280916
0.011943201443334862
-0.012652871524876961
-0.017203046943513014
-0.017926989616537898
-0.041262292815049145
-0.037763592944606156
-0.03732571708283421
-0.02109897214614814
-0.03409005272979324
-0.032878316323374145
-0.026624963759436383
-0.03833823217739092
-0.04230254727153561
-0.04273789340769891
-0.03158980241735466
-0.03676427277342125
-0.04049190692885327
-0.022266393145664205
-0.01743021324119728
0.011462041723718635
0.011386086560682377
0.002282259282825746
-0.02745877672850302
-0.027780223932627485
-0.02021816378383039
-0.02242672357344441
-0.03345259830763337
-0.038782913474096785
-0.03847465639984383
-0.037606955961300766
-0.038900751966792255
-0.04068289284904072
-0.0410280990848811
-0.04173825991917724
-0.04161610647952147
-0.04188788708233481
-0.040410851996151194
6.798181501942403e-05
0.010846749244203428
0.0057129797426863395
0.009164822352390904
0.004349643108583323
-0.0008250938759809202
-0.0021854049881458283
-0.011964968031556545
-0.0006431647333756247
0.01791398567364202
0.02296103758880614
0.014632962102673655
0.01577405055875196
0.005737237566728354
-0.031371774181717355
-0.036405480868841524
-0.03709389527324941
-0.03374106127542194
-0.02901949679705784
-0.03536124144608364
-0.03791731919636675
-0.03725160286064569
-0.018587673575862024
0.0061932376586170575
-0.020749136356768862
-0.03579254817906833
-0.035864974119654336
-0.03484169661954142
-0.022022760236472698
-0.0181054490106559
-0.011559404083145357
-0.0038359000170957026
-0.010524337820545572
-0.03193618642234371
-0.033687160542726385
-0.030993851827323136
0.0007916835795640685
0.008865173894030824
0.02142633370062825
0.015210875777828644
-0.00846277909331584
0.00966176757851163
0.028402034740313803
0.030945147526738114
0.03112258149141978
0.03197821248332208
0.02378416509892439
0.00951129568378738
-0.013162707801693704
-0.0011271372933717456
0.017804544175456367
0.0054436798996386005
0.010774947731436696
-0.0285494612273305
-0.03208478082232157
-0.03404626176935881
-0.033463922675137765
-0.024436638000048805
-0.020972859948884957
-0.03669558140644343
-0.03515638673478756
-0.0340191514883176
-0.0355171661535329
-0.030161921424393077
-0.034817822141111336
-0.04165812852341077
-0.042742428538835815
-0.04373184107759544
-0.04078287646127564
-0.03939044819719379
-0.03883738080610963
-0.039408620789535984
-0.03927299379466206
-0.03992473376054503
-0.03990185229003888
-0.040844814117012865
-0.040689208588945855
-0.042073804202804835
-0.0425197745179001
-0.043081884636298716
-0.03974137959555012
-0.025748343471130038
-0.04167561517193785
-0.03969827132846617
-0.039442057691428486
-0.03167068746386567
-0.0316074168510769
-0.03148826862646311
-0.02172765302138825
-0.027667474471904995
-0.028844231658231034
-0.027413686057457424
-0.02111107955453335
-0.03840011706133723
-0.04031512868702625
-0.04315912356817521
-0.04231328176016794
-0.042811868417109204
-0.04165410764848953
-0.04249530809911588
-0.04166549298081495
-0.042921062836940714
-0.04156484967892961
-0.043508894105113466
-0.04328880783372992
-0.04192055650607089
-0.0429362867954183
-0.04176230384682251
-0.042128545829738025
-0.04130103483185699
-0.03257149297456158
0.003756967147300324
0.011834299363014014
0.016107089746167466
0.02566708645104724
0.019376610213131768
0.01832910122647326
0.016709797807661426
-0.0007028497020352773
-0.022506693421800093
-0.023563604539299614
-0.02274449173595477
-0.00017673964223373416
0.006159638939932999
0.0021665224708646664
0.007882720615291655
0.005948389209888545
0.009226126206783213
-0.021377649541955486
-0.03937378712557587
-0.04036401050436324
-0.04036373197886518
-0.04001485071998357
-0.040276992234145985
-0.04060370569959952
-0.03935981159639779
-0.03973318102612317
-0.03966012332656512
-1.0
-0.039623881396380546
-1.0
-1.0
-1.0
-1.0
-1.0
-0.0385727876327735
-1.0
-1.0
-1.0
-0.02731583358764888
-1.0
-1.0
-1.0
-1.0
-0.039877523077677036
-0.03969846840909731
-0.03991887202408386
-0.04001703980214448
-0.039854666169798804
-0.03926688097305498
-0.03856536611906757
-0.02762057743292331
-1.0
-0.03352037003137688
-0.03459944615740736
-0.03889398061098731
-1.0
-1.0
-0.038937264796230525
-1.0
-1.0
-1.0
-1.0
-0.04092117193588335
-0.03948414691281681
-1.0
-0.039910517068010624
-0.04000025920252207
-0.04007634715471584
-0.040734320556735815
-0.040872862458105126
-0.04087149203127272
-0.04049343461974622
-0.038841952565070406
-0.0330503928578999
-0.03627271078827351
-0.038629205673756654
-0.03748536527983016
-0.02943885266003098
-0.02807648176450707
-0.03408854312536897
-0.03426352745683996
-0.023233877303259397
-0.014869078742736623
-0.024293454432731898
-0.028595134503672924
-1.0
-1.0
-1.0
-0.004973771383839318
0.0007346213553895516
0.018831728373020138
0.024052591322001722
0.027734432330232428
0.03160143238760958
0.0344952453659616
0.034611153760385226
0.031872505953644874
0.03487789676562703
0.0378058894557003
0.03762551452255109
0.03424795426286085
0.034510054919580306
0.035258266530846336
0.03673657970829011
0.028782091623149198
0.030026556941543683
0.03364444353818228
0.034432856825150474
0.024592433297648934
0.029512064202809073
0.030779398135208153
0.031012455625989692
0.03310625750812017
0.030074183576518282
0.03429586208790166
0.03610344140079912
0.02864341777253579
0.029435855699217292
0.03412697332912439
0.035181776634946836
0.03414814394309067
0.012429418205714976
0.0011705154102867568
-0.0016730936434778078
-0.0037131812022458883
-0.0035625539007291588
0.0035360121976786246
0.02852890423828285
0.026901401754234396
0.032765880520204876
0.03223578274300531
0.019803224429888345
0.02873611654526065
0.028782323635171015
0.02085037875136413
0.002037566702587081
-0.005215525434318145
-0.00019998874492313106
-0.008459364042171765
-0.0021771215131207024
0.024390160331697577
0.03271320658639863
0.03353884823575001
0.005293607132487023
-0.004062433885879189
-0.0062347958662618014
-7.386290562551506e-06
0.019930127466844312
0.023960988192253688
0.010796574642099217
0.021214198884224343
-0.0026574262400273396
-0.018718300603586577
-0.01961527283711714
-0.019075379326260935
-0.023138734619527472
-0.022836086878378622
-0.02333731737734239
-0.023976260762265906
-0.014852477052002955
-0.01149121391039688
-0.020297114081475876
-0.021426379591849853
-0.012305354362332021
-0.0013375128249698907
-0.0036816944773739647
0.0004061097792412485
0.016604469836457615
0.01680148423282122
0.025740909348041397
0.020567149587444433
0.023214741540856086
0.01752128752557354
0.01961740125597071
0.010181268629441664
-0.01709358607107478
-0.0114953542767256
0.010959093149457184
-0.006653673401452501
-0.0016822543756749128
-0.007740990247653671
-0.02418428592938521
-0.008789180664833217
-0.03410160485213634
-0.03729255179550524
-0.03756671585506317
-0.03726679813510337
-0.037159629341888725
-0.03723445383341625
-0.036485734896490804
-0.03778007894593394
-0.03673200111256061
-0.03139321066507735
-0.03304600104226866
-0.019950598379566004
-0.01977278216286942
-0.012297860025838771
-0.027339788286091384
-0.02704855126758581
-0.009793758318320852
-0.01397537841568667
-0.019357013995984815
-0.0151482644300353
-1.0
-1.0
-1.0
-1.0
-1.0
-1.0
-1.0
-1.0
-1.0
-0.022686723068396725
-1.0
-1.0
-1.0
-1.0
-1.0
-1.0
-1.0
-1.0
-1.0
-1.0
-1.0
-1.0
-1.0
-1.0
-1.0
-1.0
-1.0
-1.0
-1.0
-1.0
-1.0
-1.0
-1.0
-1.0
-1.0
-1.0
-1.0
-1.0
-1.0
-1.0
-1.0
-1.0
-1.0
-1.0
-1.0
-1.0
-1.0
-1.0
-1.0
-1.0
-1.0
-1.0
-1.0
-1.0
-1.0
-1.0
-1.0
-1.0
-1.0
-1.0
-1.0
-1.0
-1.0
-1.0
-1.0
-1.0
-1.0
-1.0
-1.0
-1.0
-1.0
-1.0
-1.0
-1.0
-1.0
-1.0
-1.0
-1.0
-1.0
-1.0
-1.0
-1.0
-1.0
-1.0
-1.0
-1.0
-1.0
-1.0
-1.0
-1.0
-1.0
-1.0
-1.0
-1.0
-1.0
-1.0
-1.0
-1.0
-1.0
-1.0
-1.0
-1.0
-1.0
-1.0
-1.0
-1.0
-1.0
-1.0
-1.0
-1.0
-1.0
-1.0
-1.0
-1.0
-1.0
-1.0
-1.0
-1.0
-1.0
-1.0
-1.0
-1.0
-1.0
-1.0
-1.0
-1.0
-1.0
-1.0
-1.0
-1.0
-1.0
-1.0
-1.0
-1.0
-1.0
-1.0
-1.0
-1.0
-1.0
-1.0
-1.0
-1.0
-1.0
-1.0
-1.0
-1.0
-1.0
-1.0
-1.0
-1.0
-1.0
-1.0
-1.0
-1.0
-1.0
-1.0
-1.0
-1.0
-1.0
-1.0
-1.0
-1.0
-1.0
-1.0
-1.0
-1.0
-1.0
-1.0
-1.0
-1.0
-1.0
-1.0
-1.0
-1.0
-1.0
-1.0
-1.0
-1.0
-1.0
-1.0
-1.0
-1.0
-1.0
-1.0
-1.0
-1.0
-1.0
-1.0
-1.0
-1.0
-1.0
-1.0
-1.0
-1.0
-1.0
-1.0
-1.0
-1.0
-1.0
-1.0
-1.0
-1.0
-1.0
-1.0
-1.0
-1.0
-1.0
-1.0
-1.0
-1.0
-1.0
-1.0
-1.0
-1.0
-1.0
-1.0
-1.0
-1.0
-1.0
-1.0
-1.0
-1.0
-1.0
-1.0
-1.0
-1.0
-1.0
-1.0
-1.0
-1.0
-1.0
-1.0
-1.0
-1.0
-1.0
-1.0
-1.0
-1.0
-1.0
-1.0
-1.0
-1.0
-1.0
0.018325980323095882
0.023990586214555153
0.011499520900049878
0.023384325294781395
-1.0
-1.0
0.039647909592849695
0.04006442908116647
0.036369423760419316
0.030424669231681262
-1.0
-1.0
-1.0
-1.0
-1.0
-1.0
-1.0
0.0059549701559435675
0.007968748660019316
0.003739381547596762
-0.01491058440627209
-0.016446701284224895
0.0013642001013065435
-0.004047191798380904
-0.016036249855232394
-0.005955435321157629
-1.0
-1.0
-1.0
-1.0
-1.0
-1.0
-1.0
-1.0
-1.0
-1.0
-1.0
-1.0
-1.0
-1.0
-1.0
-1.0
-1.0
-0.030628057598518492
-1.0
-1.0
-1.0
-1.0
-1.0
-1.0
0.0404173410214531
0.04177378546518556
0.04165056678105731
0.041071050251702955
0.04235475086433178
0.041163872230013616
0.04088485756282833
0.041559027532980575
0.04149196900471139
0.04063873769725914
0.041121845892754444
0.04149989710070034
0.04198763245452192
0.04252147940234042
0.042145537492959316
0.04218149082956454
0.04043030109251281
0.03641094468771089
0.03753448738038547
0.03492816101857637
0.03195066102804981
0.018010330019184655
-0.00255280156219047
-0.01182426036921883
-0.01674246996511075
-0.0165401768313518
-0.009369760871640851
-0.015952402830180547
-0.017165926958154044
-0.015100572986023323
-0.005434358571434483
-0.01159663797230424
-0.013446710181743914
-0.010556363536441281
0.012559326567015274
0.013211836962824398
0.016890807878553602
0.03635006633685647
0.04199690287066119
0.04229396849024041
0.040475134173752175
0.040708366873477106
0.0304020599800392
0.041440271203671976
0.04052240086963447
0.03988706978394248
0.03757289734047443
0.039563582936068445
0.03213034975544612
0.0350085565893482
0.038468921924520484
0.040964069291326746
0.04049730655085986
0.04156192019117733
0.04030900773899607
0.03799633941621942
0.03932512668342195
0.0395894330676662
0.03930308837516547
0.038016031977111404
0.0396617526946456
0.04027135974270336
0.04101595184038318
0.040813370043270965
0.04057211233698696
0.040458096347440076
0.04128976475608097
0.04057772054915323
0.040399144436050104
0.041973313142615265
0.03614602116403569
0.03226620829754446
0.03625975477447798
0.0318202860581172
0.018060602406332945
0.016670642100483885
0.023044985460841754
0.02511597706280115
0.009356604081348377
0.012151579663191884
-0.0014451761770935935
-0.010511583651940421
-0.00878798325233356
-0.0010489980868251061
0.0002474606697267564
-0.015775491701960437
-0.025298085628015464
-0.02654422147519757
-0.023024770339252616
-0.01663672421496526
-0.009813027782367144
0.008395894929466807
0.017238804105733245
-0.018264831908803014
-0.029929938399204086
-0.030816567718889395
-0.03240316110296419
-0.03041644035129601
-0.028486287251521383
-0.011489406816824251
0.014129849143967817
0.015939817176991274
0.030845678477199413
0.037708166003790934
0.03924994606180035
0.039715268164328264
0.035372932415351686
0.036116861546920204
0.03833867791048705
0.039917660404263346
0.03479140664227813
0.03957115062169572
0.04205661188034929
0.041710403126865116
0.038370027761165555
0.03801801091354857
0.03300740636787875
-1.0
0.037485069185215804
0.035566347393527466
0.026372364533258016
0.007663828305621665
-0.009930207902988859
-0.017196995263493275
-0.014820879306087846
-0.008716872213783297
0.004779628829583677
0.018321256395030742
0.016141403637406584
0.006170686573999208
-0.029846199189098598
-0.036063993699262886
-0.03676726967282005
-0.03583708064286835
-0.020480664168299346
-0.02923802288502554
-0.036414781020934484
-0.03927890411420295
-0.039883430966380834
-0.04102596567266315
-0.04032258894379183
-0.04077355840903227
-0.03955106508299668
-0.039871086858038106
-0.03984493096240357
-0.03985576543257906
-0.04042474458262444
-0.0382742564441979
-0.037084746655044645
-0.03471887213622663
-0.03841744884714036
-0.03887369877983605
-0.03624903270025061
-0.03740074850581541
-0.03602443932887411
-0.030803292810482247
-0.034453488774127405
-0.023136854331066232
0.015084549450620741
0.01747002446598007
0.021903921100570205
-0.033514651920311556
-0.03103967215033492
-0.024100764554232674
-0.03395230665047655
-0.03714675883499761
-0.03409066193960699
-0.0387303872813488
-0.039400078871762244
-0.037101101930716265
0.00026945376863393776
-0.012305383788053596
-0.0002638587226789411
0.006765864567547339
0.033946130878385446
0.034336665286862765
0.030572216562043064
0.03635589191829681
0.038647660857345265
0.03666558777794684
0.029962602554929142
0.038490175823068094
0.0321091691892041
0.03682137325188082
0.027948339779012694
0.011476073533476173
0.023192276206120105
0.009481987575101337
-0.0072583653534584675
-0.007304202222663404
0.0017535031327615374
0.020881940262825662
0.028462752146174705
0.0063551697374001175
0.0025099856363196894
0.014724184144174047
0.012142741325675287
0.009962584094248403
0.022603694174018786
0.015870424262347697
0.024753506061190877
0.011140202996895202
0.004830887891160132
-0.027512179280870398
-0.0301675195989652
-0.03376112469383105
-0.029084351824801593
-0.016505719362284496
-0.032181315350337775
-0.03616770150210644
-0.03262446450713336
-0.03813328905163146
-0.038523014625512976
-0.03569918995928696
-0.03138395919630521
-0.032815872306717314
0.013365099086490745
0.029040038518155627
0.013966866941194898
0.016071340520686886
-0.01333358579730959
-0.00841586101346655
0.0037541152637625016
0.022415352877188995
0.022505982620575803
0.029052601941672442
0.010269150817732924
0.023450096750847086
0.006366696759313127
0.00777431054162371
-0.00599378845987474
-0.011658511721588782
-0.012810226027085307
0.006490020267993526
0.026235894452596827
0.027706030803652276
0.015499547775375528
-0.010606077354869039
-0.00509809792524752
0.023761300225368553
0.03154651081405711
0.028904426689970446
0.011801157660651254
0.020979356718979263
0.003025737434858536
-0.00424126176511505
-0.011279296587633573
-0.01648251427074247
-0.012802006218294738
0.010598483422894336
0.016442453387288218
0.02499641522355011
-0.003845768240643484
0.01622315910239364
0.003680924690745046
-0.024033333268968473
-0.030183229526780514
-0.029890098197445366
-0.03098802328946543
-0.03274788277446581
-0.02874521584326926
-0.00638769507241709
-0.0006576119066245245
0.0031865249466034203
-0.0390138978585133
-0.0415360167013001
-0.04230368332549663
-0.04208108819787366
-0.042061423723416536
-0.04193840838063517
-0.04127034587464657
-0.041008742817105794
-0.04175580238313901
-0.04122138896001557
-0.04230509892795976
-0.042214569466933964
-0.04241697318362015
-0.04207651321952589
-0.04177271198208097
-0.0404006462591066
-0.041379410302890426
-0.04128688816181355
-0.03330579133648905
-0.04112377936630392
-0.042120279892583164
-0.03836489002716747
-0.038426035126040946
-0.008327574959910225
-0.01584908849282522
-0.03431157540527438
-0.03561125193765514
-0.030465709465712212
0.009215136395899099
0.01365742934184312
0.008759465378189014
-0.018448797198662006
-0.041339877518665843
-0.04029680879273442
-0.0366876214028991
-0.030867120898099648
0.02547650574200995
0.031349996882529374
0.027296988459693597
0.020058015159443447
0.015892396431075317
0.02307914639143146
0.02733665150031674
0.012151328149155345
0.02332669755459321
0.023724901201091407
0.031087180650113032
0.03605413408446295
0.03965938114878114
0.025828724121929807
-0.010878125739221037
-0.0019185962384207875
0.026437748384961098
0.01648584677940762
0.0009739077810449585
-0.008368999248200735
-0.015267430492333353
-0.0011139452048363012
-0.0017285044453278348
-0.00436905366883462
-0.00494121890067811
0.011985004972490294
0.01128633517942273
0.03281430288058544
0.035621797776996464
0.034621758360037815
0.036295352695330366
0.03160889229908451
0.03693213891794437
0.029905156073653176
0.025781220916198534
0.014378603095292772
0.038208595507160534
0.03867407711041628
0.031744969445792214
0.03092618766492203
0.03427408853082842
0.02113189190502341
0.003048230606003342
-0.012999081071202383
-0.025232736883448056
-0.022991578911673048
-0.016747144249916284
-0.017921562994013394
0.003982328639001634
0.016228134084647437
0.01939058460616714
0.011568932230913282
0.008478130182111968
-0.002345891823318056
-0.005326940740001919
-0.0035858685402132312
-0.023945927926146974
-0.023834651931679236
-0.03095589946294904
-0.04274339470675766
-0.043192675971696876
-0.04308127531196958
-0.04093033213200641
-0.03927991717707398
-0.021448193176189897
0.00768555042675272
-0.018267085348667896
-0.02914022754639017
-0.030024441954315004
-0.01758906111239139
-0.017117598948298878
-0.03127899623065321
-0.0352317712708693
-0.0373930957325488
-0.04009052376304472
-0.03973254761392894
-0.04305556578536463
-0.043088599051524935
-0.04269326255330795
-0.04101468408231448
-0.03644248865686075
-0.005763083824557622
-0.01905192995094316
-0.036099756721735196
-0.0401947755010308
-0.04126520323050366
-0.040880299379930055
-0.04164748310199385
-0.04175219715700028
-0.0414356232066081
-0.0417014078277963
-0.042072287709017234
-0.041763495175952146
-0.04106868917165575
-0.04119316936872536
-0.04085342269022101
-0.041220272069424614
-0.04116256835288476
-0.04139900107405009
-1.0
-0.041710985681125315
-0.04120944501560218
-0.04047040497382898
-0.04142398872016501
-0.04079036248766769
-0.038420290720026104
-0.041073303473346034
-0.041708034483128785
-0.03982952892129831
-0.03920403950956672
-0.04200309538273317
-0.0410402549614453
-0.0416513273421924
-0.03606773013399721
-0.040598532724921046
-0.04214659160115353
-0.041073633334828344
-0.03997093440287105
-0.04064748475255321
-0.04173727731591026
-0.04108674442035329
-0.04252144601104066
-0.04314086208045915
-0.04355229015168512
-0.04318351487197504
-0.04166686107190544
-0.0015487063222634984
0.02205882355133269
-0.03131451930142041
-0.034820826401658816
-0.037892254792585026
-0.02021479456188876
0.017840521449292344
0.004640516600957192
-0.019904628876584056
-0.039667026566140025
-0.035402041819148265
-0.038941151250923456
-0.04428543021212152
-0.04434279599546642
-0.04429363014375235
-0.044803245255027636
-0.04252369732968112
-0.04326120906028502
-0.04050635011718931
-0.04323059884564566
-0.04321889581416486
-0.04337281968010803
-0.04216787347709685
-0.03691728475742959
-0.036434389683830413
-0.04218526155349093
-0.04114757366676305
-0.0344824378634228
-0.04120170587438707
-0.042132876848511504
-0.042356187964519974
-0.041242083542999436
-0.04124184967996517
-0.04236429628260289
-0.042455802381276775
-0.04231832255814937
-0.0425832212856236
-0.04187292241356664
-0.04184616205112337
-0.04123884426199728
-0.042048085441028525
-0.04127972567074119
-0.042165632033412864
-1.0
-0.04081271059663094
-0.04086836708553787
-0.028517968778397837
-0.013410183714738715
-0.03927340358581779
-0.040857467629544814
-0.04087883808868447
-0.037493660804121746
-0.03662278074045584
-0.03651899080653701
-0.03883193462115625
-0.04089611416002689
-0.034968395064085105
0.003994733678973199
-0.005121573766866893
-0.029877856659164294
-0.021350454848852916
0.01554241849911703
0.018342384320091467
0.005830367636289274
0.011076026429524313
0.016145656035613742
0.01913029684934395
0.013039189794408833
-0.009535464598467549
-0.027493482713421082
-0.027615919062265876
-0.035871739757660816
-0.03659781540160708
-0.039001815049646615
-0.037523382277402324
-0.030943162333812703
-0.02287756096861006
0.00033301078889953046
0.0025713122876403574
0.018662553483368857
0.018860520103964478
0.031126762121510183
0.03617323587273473
0.035643940617543675
0.03837547578838797
0.03693519796823207
0.028976788618247717
0.021807276283962986
0.007528792899073362
0.023681536366778964
0.03747280279625847
0.014005925647181054
0.013049727982303739
0.022369825592527322
0.0377246252578813
0.039657420610646074
0.03391579392320708
0.04028174028973917
0.03051430841159102
0.03824264191232138
0.03958015219091946
0.0407876127903391
0.030923065670591998
0.04113589058644512
0.042456969115291884
0.042300717852429504
0.028275971014875546
0.02604355755112357
0.043032757655248555
0.03690167460435152
0.03169292025180858
0.02472875464626238
0.03446649154414914
0.040560617685525185
0.0284738212761212
0.0008734329894548743
0.0049813845329302435
0.013525518063971296
0.009122898307498193
0.037100586032560535
0.04364083448708797
0.03799174565332176
0.023311112915562666
0.02178234710244049
0.008218483485416693
0.0132168667006637
0.030280043109777208
0.03801917939796134
0.04210815323925875
0.030337663736691188
0.03557304123486006
0.04198262575186114
0.04295264065468834
0.041752459666695274
0.023889523268934846
-1.0
-1.0
-1.0
0.035871768922977346
0.034758268408859316
-1.0
-1.0
0.043363969941018744
0.043900672989828755
0.043211503720019584
0.042536764523162574
0.041169708261927354
0.04107674164269077
0.03098011350855505
0.011903731605872984
0.02180194252588021
0.037437165799819705
0.036136579765174835
0.01974143581678249
0.02070624316037995
0.035206646756373985
0.030083569153395173
0.006491746363618981
-0.01710139022743718
-0.01776831421300367
-0.027599682978499886
-0.033073194592612466
-0.03474829734244423
-0.03413069185268838
-0.03471515057444753
-0.036435941588483046
-0.03675945538647627
-0.034679935214704374
-0.02521195359486791
-0.03210801378518028
-0.03433443661363489
-0.03356299405674777
-0.033599624659693406
-0.01679112656278486
0.008487984702151074
0.019992073072480344
-0.02498082552064623
-0.039150464123325214
-0.03971055442508639
-0.03872021966768468
-0.032358506704365034
-0.00039955146687533765
-0.030816547262051817
-0.03294415373762879
-0.02844657845594929
-0.03728905780628037
-0.038667421116480145
-0.03782279943360049
-0.036233638347796165
-0.029960546780674748
0.01819444727788388
0.025674565131523858
0.01625526686246844
0.031291711545361194
0.03554083450419591
0.03795839357483167
0.03704420778442054
0.03965487234679225
0.03803349676165579
0.03478521699373797
0.038050868991941655
0.03902844029490685
0.039157418011844275
0.03973731507287703
0.03941427275153845
0.03822214929512564
0.03770123750351473
0.036799950652647184
0.024203787698140213
-0.0007198870294875052
-0.0281558038866625
-0.0390993441549487
-0.040891747660431264
-0.04115324079374023
-0.04134563115291154
-0.04106222047942607
-0.041623136453639825
-0.04176373018354548
-0.04188665356522902
-0.04089301585460651
-0.02141019314180307
-0.029003609831792006
-0.030108826180757994
-0.02386506528157113
-0.03787821816208699
-0.04425295501699093
-0.04304375905633586
-0.04170632538675148
-0.042593029876646954
-0.04309960570232639
-0.04299391109654562
-0.042854128159202705
-0.04287628865766103
-0.02578071112204726
-0.04178679541426437
-0.043360284643001415
-0.04265722455465035
-0.0423410455997759
-0.04177429410819101
-0.042428962099290896
-0.04304477003692171
-0.0426692577515401
-0.04195259923824297
-0.041849519280193564
-0.042847355501519524
-0.04312000814040592
-0.043246213407993186
-0.04294173897209093
-0.042544839317420195
-0.043091052430506004
-0.043218684071469914
-0.04178939239746478
-0.03173033182670846
-0.02665520571645098
-0.03842905025079582
-0.044006803551603496
-0.04394229789996398
-0.04418117979767802
-0.04415227876268967
-0.043711387234334605
-0.03265618873917626
-0.03582817031894926
-0.04284990880349567
-0.04304398240088718
-0.04381459808511442
-0.04350560701783635
-0.04345700327912185
-0.04053543098743261
-0.024222761397952024
-0.005763290557962024
-0.03288626136756519
-0.03510356062996692
-0.016708537279649712
-0.03395990649115767
-0.04210528600999225
-0.04271715646543052
-0.0407919875651124
-0.0067958179918152185
0.019529087754995973
0.013952340944035422
0.0018315108911065164
-0.03359723551170496
-0.039462086399463046
-0.039555410124514884
-0.034342320833355845
-0.02849163583122812
-0.030678041985641342
-0.026961864450036233
-0.003293713765351844
-0.018433335499680046
-0.036985536038604196
-0.038299086579778575
-0.023201890635597928
-0.009326795399380586
0.0198503542548352
0.030277194644646503
0.023046771208607594
0.013390553414916686
-0.01639920943933016
-0.032419786063489595
-0.038873298250588564
-0.03596410267937955
-0.017377376537844456
0.0063522764237946405
0.022891525812273862
-0.0030946528956157836
-0.03151668710187863
-0.03585130070168965
-0.029489783683736285
-0.0088592581091854
-0.029338661115337467
-0.03252569352713325
-0.029245979620074504
0.0001793228294527202
-0.00957500907233014
0.013481985263026462
0.01775785793295331
-1.0
0.020481823463256662
0.03515276553471342
0.0343118856699332
0.034176482442110065
0.021524081653655748
-0.03550486738049737
-0.03051137082592689
-0.00048410939421353723
-0.0295196476050222
-0.040290080577160506
-0.04332707080149609
-0.043531623719392024
-0.042505818087774754
-0.031543614455499504
0.006236718050734626
-0.024568587855930836
-0.02687035256659989
-7.672720809267335e-05
0.02196509839964173
0.030057533381682686
0.03925780775700145
0.0400780762725048
0.03877758657299717
0.03865292336418244
0.007589260708372187
-0.005288428803588986
0.034548877646904806
0.03511542570872077
0.021300256666759255
0.004202172331032562
-0.028116326779137665
-0.0321509750605183
-0.036033012680334285
-0.03745280322602175
-0.03556546239634107
-0.016707394433694334
-0.018510084707805883
-0.005988281435697194
-0.03306120640237949
-0.023282857596553987
0.013851034723236537
0.02288857019104076
-0.01677344991746285
-0.010045764586460466
0.01675896243305383
0.007723335309550729
-0.01312197476012966
-0.008320749668631477
-0.016311831428460998
-0.01790574903780359
-0.016314182903858814
-0.003033914979264116
0.02701041203572952
0.02247193074271626
0.03433367668297164
0.031624757618212755
-0.0063950705029853
-0.011591723150718797
-0.011185131754927163
0.0034725782471324864
0.03497686776411978
0.026422023943492485
-0.005826896689315146
-0.024765628224246085
-0.027491654354993234
-0.014486142929849668
-0.018180247317501647
-0.021059627409770274
0.002924332568756293
0.0016988337767506793
-0.023425839674749344
-0.0005794840376218953
0.013885409793840633
0.019915293181480928
0.02239937333994042
-0.013105579110271704
-0.03542523489746308
-0.03704187372912344
-0.038505701708757153
-0.03936311403236173
-0.03960782707632447
-0.039896107617366935
-0.03968863537865974
-0.03932316359048889
-0.03853910991076754
-0.03069055514209116
-0.03482130703637838
-0.030338345325638123
-0.016530355530254046
-0.02237781317416898
-0.02401724470701084
-0.016463090012750887
-0.0063690209297036235
-0.004134908669303149
0.01952324945184086
0.0307367784983321
0.01638751089538897
-0.01728726652092414
-0.024094683278304656
-0.023342386865090724
-0.0019958160494426202
0.02338176661458761
0.029310716540222197
0.04115856033678564
0.04091176514169555
0.04329925249458671
0.043489858051112176
0.041525379141910436
0.043364994066051744
0.04149254069159052
0.041051621276572754
0.04228912889514108
0.042406015141624
0.04284728602978833
0.040363087642641016
0.02297045549834345
0.03178463709094581
0.03697403325224263
0.03934054577821838
0.03762205617244366
0.02877551466692545
0.03014653269758845
0.025932634480367655
0.011745827401474562
0.01793705701669201
0.007632357093435167
-0.0345532463212924
-0.016333243963386722
-0.024909217793135822
-0.04179350073473429
-0.04240189607933944
-0.04228939888686196
-0.04227430775077033
-0.04191123379249685
-0.04104563513916944
-0.042998273536353465
-0.042347346304278964
-0.04079297054783734
-0.03966255538298405
-0.03678033351421255
-0.03283026328541139
-0.03549889244703471
-0.04173729862350201
-0.042075223606876315
-0.04234212788453275
-0.04183841959247952
-0.04158241179917375
-0.042164779298705136
-0.0424087082368689
-0.04225685361149356
-0.042256677778090695
-0.042543581288072216
-0.04309405924096092
-0.04201003995164512
-0.04175329492206757
-0.04184320532612817
-0.04231954624045122
-0.04234531831164983
-0.03920784010147463
-0.0407058975131942
-0.042687550834123573
-0.042882268104731086
-0.04357472630113961
-0.04297764012149576
-0.04106618755891562
-0.04187662174219368
-0.04293879018067152
-0.04315052505012001
-0.04290260065777667
-0.04287815091299314
-0.04266894084271152
-0.04312442847366341
-0.043449781395057646
-0.04263998642691713
-0.02974275748784628
-0.013472735077227472
-0.033955228716850624
-0.036787339941487286
-0.01990401408945585
-0.03738500729136889
-0.040229151730080806
-0.03828591522084274
-1.0
-0.041388395422324115
-0.042323446148041524
-0.042519080421043805
-0.041687212359436475
-0.03717938302419006
-0.03767488967598256
-1.0
-1.0
-1.0
0.023742564851965388
-0.007044927845714989
-0.012594031102118321
-0.006624333501713062
-0.005258031320175162
-0.011835747858449827
-0.022637574164457795
-0.024991825125872703
-0.017501179161335558
-0.026414036902406218
0.004295427320995664
0.024977114803789835
0.011170108806914485
-0.0061136412497847376
0.01609031883348894
0.018376056283355546
0.037436285793289475
0.03270821686845054
-0.006705528276729253
-0.01774916345159403
-0.02474939856559369
-0.024932810176771705
-0.022942490319267435
-0.01679195931008162
-0.002117545450128692
-0.0012808611834980723
0.007246105993517237
0.011278678098709617
-0.003683443144158085
0.0037152926617188492
0.014358102579225594
0.0182747080470393
0.025870052860907967
0.03706323812403418
0.027754339045082548
0.021035660397459577
0.02709334332727583
0.005821975064969661
0.008163659146578926
0.010001495023549902
-0.014676382887539795
-0.0004751433255923243
-0.03052028815031364
-0.04225022670961904
-0.0429214871459751
-0.04317716712563881
-0.04287377893090851
-0.04134613300209
-0.0416820438627875
-0.040552694344789
-0.03385345542456197
-0.01245317954430081
-1.0
-1.0
0.0043837641395248275
-1.0
-1.0
0.02014487973582004
-1.0
-1.0
-1.0
