-1.0
0.03136121744873595
0.01945900542240321
-0.05531172003502252
-0.04170454166299956
-0.040269187554029896
-0.07881534830768508
-0.07753373591686942
-0.07303072744309566
-0.06311017922821013
-0.042127164162315635
-0.04052491646902277
-0.01868999396983553
-0.0017113236628570733
-0.017299350481940128
-0.055543128172074005
-0.06103830146574958
-0.0696830419096884
0.011865613709080132
-0.00966414190720735
0.008179643652535875
0.04074322263552227
0.02773781450429335
0.00575512298984573
0.03859445884262509
0.03803186783711248
0.03509282551546992
0.01990395924558715
-0.040635249743164445
0.002601373996796509
0.02222137795207699
0.03573355905549799
0.03473942446472807
0.04673235046059294
0.04973900565521903
0.050179481125699074
0.02990352026557652
-0.0007828302325122414
-0.023124547515702643
0.0013656185278157695
-0.013220045519297481
-0.06781427198308272
-0.06378072786108546
-0.03038791890373041
0.0019375145860564436
-0.043199682462297356
-0.01758997054099212
0.027419120068103923
0.01056106781576863
0.01961452419951097
0.03299888410612435
0.06011882606855574
0.06329567117340275
0.06786216916820655
0.06476256059875911
0.06054826401914513
0.061802157457390594
0.05722444796996559
0.05312565258991877
0.04445720104142891
0.02740539314120161
0.014167181923221119
-0.018214899179780735
-0.061696018377037705
-0.07569486010927029
-0.07275993865733665
-0.07157294441381565
-0.07227911470951717
-0.07123432905053892
-0.06960990312035878
-0.04259402688261404
-0.04549590353753954
0.00870018466902338
0.06370755364496301
0.06386515681103949
0.06610034560710072
0.054190034420855716
0.0552572073759292
0.04867903894298508
0.00687341021523433
-0.04360153952090964
-0.031332214544847796
-1.0
-1.0
-1.0
0.03134936674713072
-0.029975720394938274
0.013380428453298298
0.055143221130332785
0.02704335510663732
0.020577335256259842
0.06172745139046217
0.05896933831535337
-0.013023898040888401
-0.04019268061202945
-1.0
-0.034889571686522985
-0.05769017852634126
-0.035183086667100516
0.01566959445629999
0.03648612840292446
0.03136408650960446
0.006400137315733598
-0.005618909085530767
-0.031513701702761784
-0.0066991182496603935
-0.01581354864131356
-0.004309205826202958
0.046771184667955296
0.05940401095486537
0.030635223822253494
-0.010947893907342474
0.02449852149858694
0.07559892533699364
0.07218934334901617
0.015752441116659275
-0.05009268689487903
-0.05078820065822684
-0.0534728588743074
-0.03646439727578181
-0.053082499689527926
-0.03030353349440393
-0.040635592154416686
-0.03619395792403986
-0.06284904757796328
-0.06426082790348134
-0.06953858717448806
-0.06837931698329101
-0.042762196242822036
0.031065201906360775
0.04863796611578615
0.05014656770369933
0.051789222118178456
0.07419611487880402
0.07832600969717379
0.06639098141708927
0.06396963450427226
0.07954278307617102
0.08295503934738886
0.08233259688554036
0.08341526949876188
0.06261217128453037
-0.0028232503949711016
-0.024295716525815105
-0.04010699829067895
-0.010172729279688996
-0.0023389272925329195
0.02052699432955517
-0.017276919068467744
0.015774862294425932
0.005163815625493005
0.08448567643619105
0.08251299605279372
0.08366149609407417
0.0888193711286086
0.06259933150661706
0.011496068392425377
-0.00212558134228891
0.011215603440224316
0.001069351517853022
0.04968103931913098
0.08025827115558715
0.0804429302929414
0.08305145973021076
0.06729554957263231
0.0509169801764691
0.02408454313083321
0.04398907295471147
0.044762382821197697
0.05779844717823412
0.07526917255831368
0.08079322885251271
0.08013937219715077
0.07881033799400705
0.07823820042124978
0.07663596870966269
-1.0
-1.0
-1.0
-1.0
-1.0
0.07765509681332299
0.07247173532180827
0.07916706499264667
0.08188829955119281
0.08200422664790548
0.08472621590572543
0.08453723784248406
0.08605072166915215
0.08331912774950039
0.08500009750987643
0.0842505385100503
0.08004178286901824
0.07819175539074102
0.04604545368399869
0.004246760683740079
0.06918206591454662
0.07798071600657296
0.04573025194193586
0.03881272440965007
0.043363646269120516
0.037644192134134495
0.053757387810198724
0.07714008023962692
0.07873915562673661
0.08001384851573978
0.08017925171670397
-1.0
-1.0
0.08063451196474035
0.08038815259606019
-1.0
0.08399177824029877
0.082077021186149
0.06647727110836206
0.014901174443702267
0.06060046498444166
0.06572121504987773
0.08528188680641713
0.08380468834234688
0.08077170919196106
0.06831366552674999
0.08466787740382338
0.08247456095904894
0.04920901525266212
-0.0009467381882720505
0.017667007131181287
0.029929896756502643
0.07746227500563609
0.07885704261972125
0.08545716084854978
0.08333856231851097
0.06346447459913553
0.08036911583523042
0.08331708160365581
0.07869698492701793
0.05981246669377274
0.06876206654071244
0.06378856720528217
0.06049770019630964
0.06585252377138656
0.046382810821638754
0.019269692933429422
0.07660961402494516
0.07717108867396841
0.07578747744846273
0.0627533169135195
0.03855974021820949
0.0030176398742239644
-0.05506425731457233
-0.0761365736895419
-0.0739908429844014
-0.054381000251269886
-0.060646917998452676
-0.020479240029641653
0.06390348032607165
0.07483972109822304
0.06702978494145584
0.06600823755500448
0.07089695537833839
0.0538441068070859
-0.024897952696674
-0.04261903410252091
-0.052440555099725186
-0.0393194376160804
-0.05241304646245883
-0.05158926063958877
-0.07583490187284977
-0.08220284537140124
-0.08448838793935119
-0.08115498811862595
-0.07938809430570917
-0.08281512115667691
-0.08433461315647751
-0.053703148989625915
-0.02107674172994821
-0.02630316376885436
-0.004299444502872359
0.015531973431701214
0.050340400540509374
0.07736734540437953
0.07683101300172397
0.02463999602991057
-0.0016398745996219239
0.008296235097120054
0.02289765374085233
0.06766375770126797
0.06977311325273998
0.06883777047573461
0.06926466540024018
0.07041718859048479
0.054408158505453955
0.04236416910678399
0.051167581451374906
0.0370736481551836
0.06364528766659591
0.05871532513719079
0.04537462478716412
0.05175808517458732
0.06901249770701998
0.07216234320448722
0.07133964928604364
0.06929875369092224
0.0731775814480848
0.0704025853530557
0.073143024372529
0.06594412393324835
0.01655092916538889
0.04979489897485334
0.06343615938849637
0.05632626622036413
-1.0
-0.005626647553378671
-0.050360294041331584
-0.02877555659252779
-0.03916315478286057
-0.05069333051630586
-0.058958910184825034
-0.06650832977187073
-0.053010779342916536
-0.056998817029841595
-0.05678337985091174
-0.05819025168305341
-0.04508843610360321
0.03461673305599093
0.04164949317031075
0.029629230402485194
-0.011568111651671492
0.05422027807589829
0.06486007002401169
-1.0
-1.0
-1.0
-1.0
-1.0
-1.0
-1.0
-1.0
-1.0
-1.0
-1.0
-1.0
-1.0
-1.0
-1.0
-1.0
-1.0
-1.0
-1.0
-1.0
-1.0
-1.0
-1.0
-1.0
-1.0
-1.0
-1.0
-1.0
-1.0
-1.0
-1.0
-1.0
-1.0
-1.0
-1.0
-1.0
-1.0
-1.0
-1.0
-1.0
-1.0
-1.0
-1.0
-1.0
-1.0
-1.0
-1.0
-1.0
-1.0
-1.0
-1.0
-1.0
-1.0
-1.0
-0.039118170032253964
-1.0
-0.03119870699043105
-0.039137522905414585
-0.03719571447200986
-0.0226724995508989
-0.0015283786614053807
-0.001446075932463584
-0.03589420505481235
-0.03919752894480951
-0.04014455794931686
-0.03784399746642105
-0.013379610639068331
-0.017929434098664838
-0.02326795917585351
-0.013827103470254684
-0.036631247503303814
-0.0361970077286178
-0.036332741674604874
-0.033060641233116715
-0.011972731440978194
-0.008367520272499195
-0.031723040281536496
-0.038372677322597915
-0.035693389594196635
-0.03982613311733833
-0.03993671698142147
-0.039654520043829564
-0.038574392169570926
-0.039711559083656624
-0.040159642310515775
-0.037329418784084835
-0.0395871224028368
-0.03969366590282123
-0.04017697953186711
-0.04087535331972411
-0.04098679585417373
-0.04127765519537929
-0.04007534846306946
-0.02819132219495881
0.00818248809947584
0.005809222701118605
0.003543867349301839
-0.011281259580047517
-0.03589464247589361
-0.041583920019269964
-0.04110432009405097
-0.041671742755569015
-0.042347634124733156
-0.04005868852975767
-0.03901391087151512
-0.03415292415546748
-0.036492969795667705
-0.03961740140951062
-0.04064625697338455
-0.040005900772322966
-0.011849207927103016
-0.017860733967289422
-0.03197850253211297
-0.03413657640070917
-0.030106054812561286
-0.03135627407171708
-0.0341189185997751
-0.032734394167339524
-0.04093444366895913
-0.04153052080175534
-0.04188005193205411
-0.04059786770287381
-0.04179741828985848
-0.04416948670759394
-0.03297622489810093
-0.0026637524944260697
-0.017023764036432708
-0.03413645544887535
-0.025671466226862484
-0.02177114815142171
0.014889456747612786
0.018951259405695895
0.01831238158968372
-0.01111786826891798
0.008988038932035017
0.017235428797795372
0.01405396416164974
0.01345387444031052
0.00042060621290535954
-0.022077860504861047
-0.036584135777454944
-0.038787620261748645
-0.032993968646310566
-0.026386045156484024
-0.027270316105946525
-0.015273742479994442
-0.020995834573728705
-0.032143165344234816
-0.02978967808254114
0.005682772168527757
0.033981467654643153
0.03650440859725557
0.031570581797775804
0.036419749429011654
0.03909664825022889
0.017059532446385514
0.015794844670269714
0.01422124546042472
0.02132892866163831
0.03881406805355819
0.04162854972340915
0.04300633167049572
0.04252068785133796
0.04143997809832125
0.0422332359390464
0.0423157525722579
0.04269520942526743
0.04177855750551005
0.04275330640599967
0.043042875956108374
0.043222063973987306
0.04196898877484244
0.041040346909290225
0.043872781349231546
0.042868908996768984
0.042887503319976095
0.0420494821661739
0.04247299033878454
0.0418646525888912
0.04315166634944184
0.04336069546386563
0.038225739584497556
0.04002429445210892
0.04338754091571346
0.04329740313163805
0.04343231711458225
0.04315804393589986
0.02978029497040634
0.018740793133415166
0.006442637895284665
0.005027110408725657
0.012205211806709563
0.029307269689822397
0.0398929496521533
0.028546649514778633
0.024195985559770608
0.01550472206144806
0.006250770269872452
0.005417003362443118
0.004605817266744008
0.004910417281060558
0.01438948123427163
0.026585232790538548
0.04417895316792407
0.04382987834915378
0.043437708005935514
0.04301898582967324
0.04278695854394861
0.044007850293985414
0.04427673262325499
0.041384058069095044
0.02620311347204464
0.030176422379145418
0.04047851532352522
0.038057368656203246
0.04299446329721481
0.04241626062503735
0.03654935434189652
0.02761650334474628
-0.004147783120027432
-0.017481648840320132
-0.020787368372086456
-0.0038056157800254453
-0.01687836235069428
-0.021514969946064923
-0.02417849708597297
-0.025690611217944397
-0.02489944980361146
-0.022885242812607613
0.013336526867800411
0.03857062314609529
0.03955662507417127
0.041286952055135405
0.04152431472183098
0.04197111294833121
0.041792781312902615
0.04266642744889212
0.04324231185334405
0.04282492211336168
0.04297051280076509
0.040286308003100305
0.023805636416166037
0.03159089647241354
0.0429559046935909
0.04240281228981316
0.04352385546549069
0.042162742898255334
0.043562655080944375
0.04183894387736737
0.03988754961556319
0.035050167834962634
0.019596224013158574
-0.01332903572974434
-0.04269101855583602
-0.04471925230342014
-0.04417768811156156
-0.043148099485345745
-0.04361551925981129
-0.045629160946849365
-0.04524367361386116
-0.04442979295799858
-0.041906723212249204
-0.04181936787389544
-0.04334629127843748
-0.04325638395805326
-0.04553522394330346
-0.04353942128890897
-0.0429283022723817
-0.03740441187823308
-0.025119112202285004
-0.03524816425195923
-0.043489136208435725
-0.043190967510359585
-1.0
-1.0
-1.0
-0.04359456681347757
-1.0
-1.0
-0.04246746864057147
-1.0
-1.0
-1.0
-1.0
-1.0
-1.0
-1.0
-1.0
-0.04326773090915648
-0.04306773509327289
-0.04395562665697603
-0.04482480158853288
-0.04534148685655587
-0.04511819165883403
-0.044313716574754775
-0.017473166735256795
-0.0027174015785789455
-0.005434930914281738
0.002977557370787245
-0.01377248178352193
-0.018177355432900708
-0.04219711222853696
-0.04513549525874131
-0.04588957079635757
-0.04525775232342393
-0.04373796825332388
-0.04380532610739855
-0.044127964468497746
-1.0
-1.0
-0.028257366333878535
-0.025402199404773184
-0.033985523434521894
-0.03571485754120628
-0.03443678492898226
-0.024477438299046205
-0.02829959333598564
0.01778365631889804
0.01727790156315064
0.02926376142287274
0.016334758844934325
0.002119823595048531
-0.021452965947718446
-0.031311191242052734
0.006954191830324739
-0.012461706243901288
-0.03923687660843169
-0.04265956950674147
-0.03971234289134344
-0.04037599538553753
-0.03783996087856248
-0.028686234597384244
-0.014102499270426621
0.0005666290160279338
0.003687211204312435
-0.008948408778208098
-0.02208877974726844
-0.03604031403827583
-0.03292378700080498
-0.030855482369860614
-0.041076924703441604
-0.04133135791933682
-0.04271487949102985
-0.041971120850427736
-0.04028577316893679
-0.016629770687099026
-0.016442460851525603
-0.02360953226568267
-0.027929178524202423
-0.010901557086563162
-0.02629228190704667
-0.030429508072119173
-0.01596409564594642
-0.011693816596627847
-0.007431045660706412
0.019943107206848103
0.030294007497674084
0.032199571630562744
0.030429506262343087
0.03663556408540298
0.036687650986021135
0.028046467706314308
-0.0027861859810816877
-0.01061022002912303
-0.0018825241740488185
0.010607603159434249
0.009612938777101832
0.008495929028379335
0.015131945144600263
-0.02060370995123847
-0.016272093213591222
-0.032969281559311385
-0.040487367617187596
-0.04257913698399377
-0.04358668541195497
-0.009577856211676753
-0.018135948176749052
-0.038823762292170445
-0.04081503155789128
-0.04274433317529228
-0.04342481587270053
-0.045406095962228714
-0.04442707900478767
-0.04506315901939685
-0.04548787738317403
-0.04535025816487333
-0.04528250280952131
-0.04381062071724091
-0.03673530903965552
0.0028885966561312103
-0.013721676038356105
-0.015889735750238394
-0.0389735868552971
-0.045411498094030625
-0.0425013798178072
-0.044483358690996254
-0.045193611774265424
-0.0451662213115412
-0.0437549024294461
-0.04103072933226262
-0.044677509151746224
-0.04284045587807404
-1.0
-1.0
-1.0
-1.0
-1.0
-1.0
-1.0
-1.0
-1.0
-0.04459114459668315
-1.0
-1.0
-0.04427992079681106
-0.044587242274316985
-0.044085183162251525
-0.040350800975635016
-0.0383790525326047
-0.04380104230739874
-1.0
-0.04332776646413877
-0.04291293408929528
-0.04399905936424252
-0.04334446817947737
-0.04289091443584202
-0.027754909700962813
-0.02394370369665456
-0.01668276847669673
-0.016036749539181435
-0.020453668799824715
-0.022665262123133516
0.004333241750067208
0.007880149898002621
-0.010121400957615332
-0.032388791739235055
-0.012224188374165595
-0.00223225089331874
-0.005279584003953988
-0.03788424668333773
-0.01815568473441032
-0.02165084884946009
-0.042653651535517485
-0.028517885528322465
-0.045765726710425475
-0.046551901575138124
-0.04642745858961201
-0.04702001733111924
-0.04541678051164224
-0.04502023941069121
-0.040579866575002406
-0.037073470307122235
-0.043820180055033645
-0.04233547002606641
-0.04331408720181636
-0.044776159864350955
-0.04568475316662074
-0.04452254454208501
-0.04615191810694856
-0.0454007735752848
-0.044960102587806375
-0.044114572850283404
-0.042439828968465335
-0.027237729283990063
-0.04337994417282651
-0.04553900659947143
-0.04520614628401196
-0.04443165302224817
-0.02360326921358909
0.0021889083380288426
-0.0213323895640468
0.00138360443724495
-0.01958319980027614
-0.04393866552635043
-0.03705383327626399
-0.02102296226160048
-0.03668919011359356
-0.040539427603061486
-0.04276049291507319
-0.04091180045287222
-0.022855407639077282
-0.025471092067597047
-0.04227019248402479
-0.0455574965017256
-0.04573095791758405
-0.04579008942503172
-0.04618826072110482
-0.04633624267745844
-0.04539402109069717
-0.044476237345471265
-0.04533923429139045
-0.04428984508932831
-0.0339018579135709
-0.04113685801524378
-0.045711838333403566
-0.0459335176320871
-0.029090725300735396
-0.027133439496158412
-0.01448300108670828
-0.013406948711259206
-0.015960115674680416
-0.015954959509795513
-0.020854756226919714
-0.028843114248548782
-0.04016848827238848
-0.043367012492174596
-0.042998846365261224
-0.042662188826205955
-1.0
-1.0
-1.0
-0.042348238806171196
-0.04260718086693661
-1.0
-1.0
-1.0
-0.0447618712287829
-0.04353223760898096
-0.04456827286147163
-0.04421021596240032
-0.04428731797847117
-0.044039401684006114
-0.0442676346233399
-0.043222329999673424
-0.0443797482387437
-0.04442716406757744
-0.04401122001258816
-0.03701164127601912
-0.03250764680999203
-0.04302153260132545
-0.04308832793845846
-0.041730128671375905
-0.044445619923686036
-0.04507808040011753
-0.04425300443935703
-1.0
-1.0
-1.0
-1.0
-0.04247101165394855
-1.0
-1.0
-1.0
-1.0
-1.0
-0.04176375398268622
-1.0
-1.0
-1.0
-0.042423683059437015
-0.04417123172659107
-0.04424722403742282
-0.04447081954405284
-0.02287138554645302
-0.01160946887073889
-0.018170336953988817
-0.014211308656411284
-0.0376864735756915
-0.04417368027146605
-0.04380395784902484
-0.04277994452774121
-0.03753247144940467
-0.04104777489225133
-0.03798133899039543
-0.043778279919324925
-0.04427630910858522
-0.042148695002983266
-0.032131111975275975
-0.015730984492179967
0.009628607671879546
0.016780840087624573
0.01533180446486219
0.008384734318423927
-0.024325145571541994
-0.040230758535810984
-0.040678189158468825
-0.044590377304670616
-0.045532724914494595
-0.04491389027985192
-0.04544414384152722
-0.0451724033688565
-0.044814649409070366
-0.043226583998336614
-0.044556474429509656
-0.04534848752995515
-0.04524576542252501
-0.030619057916157
-0.037418203792088905
-0.038075548709492694
-0.04019931177939912
-0.030828428015656998
-0.025390432167707443
-0.017965036819682857
0.009658264961091508
0.015655875581012717
0.00044167288443566343
0.014607265381746691
0.023032453226388357
0.015670581823607407
-0.008328867366394923
0.00757264626668714
0.027184053720277455
0.030842941677657547
0.03187184008845443
0.03403752276724934
0.033235904702519074
0.03215077842742704
0.034372176390722334
0.01907391606007908
0.02214783616023179
0.00602568071927946
-0.00019352154218871183
-0.010114561406495937
-0.004242341645003225
0.0329274273767713
0.035956332028355915
0.03137577384728558
0.030772827118505198
0.020350233171716536
0.015690522509749755
0.020294266418942355
0.02886041445633523
0.024470869704381067
0.034960279660201925
0.03537900339479691
0.036224016052935265
0.016117822506647797
0.027071522483709098
0.012307599685069389
-0.005229505781349145
-0.004932316759146197
0.006257621126403571
0.009061251315683562
0.01610734475995709
0.008592962284562532
0.026998227738303834
0.031213040231868192
0.025411203203093733
-0.0004423191763001526
-0.03777978980882337
-0.039102377107958
-0.037865433088423134
-0.02378691012258364
-0.04172202807022436
-0.04083818845004448
-0.04223186766686206
-0.039898329629939305
-0.04207596668922807
-0.04239555068213534
-0.04212408838635931
-0.04187454776048353
-0.04251287221662788
-0.04174896372670667
-0.04077047912816344
-0.03487165802922483
-0.020067516892270904
-0.0233967574474567
-0.010484376418194968
0.017189940719676472
0.01249835207301466
-0.02425792061606415
-0.03955347321594864
-0.042071742686753
-0.04189118073385885
-0.04259218327798508
-0.04192661271220107
-0.038566241249349854
-0.03038160203421228
-0.04136727029590674
-0.042665323596680294
-0.04353418604345978
-0.04375722398836973
-0.04186163763402345
-0.024650456529486605
0.0024727904806701117
0.0008882555863878123
-0.028624157888150044
-0.03879800745686748
-0.03388083241821137
-0.037536021347819505
-0.040811151389069454
-0.038445948723715706
-0.039324449378683256
-0.03855673757645937
-0.03917818485486326
-0.0302396951818998
-0.00013620830577439622
-0.012637977438622114
-0.018599775447116725
0.00035295132498730335
0.02178841487357075
0.030137998530993866
0.024486030839535475
0.02290329547329522
0.01806828207960417
-0.002428671974196395
-0.007174402833934046
0.007991264558909725
-0.004206507569318797
-0.01352646792744296
-4.041392641241354e-05
-0.003947235576859033
0.011025471733806183
0.014448406121250704
0.020349221352896046
0.014517232520160524
0.017367050915100574
0.022407071606193086
0.010030493229690175
0.0014584041265365895
0.011990427017986909
0.038959146544695664
0.0422742982254733
0.040558802983371486
0.03629398333393414
0.037577997825172786
0.0335008389269216
0.035304845788922526
0.03368951617824893
0.030414137733369605
0.025872144840626343
0.02683684447187307
0.034563666251436975
0.032480146174906147
0.03739434037458388
0.02516460845343523
0.02687008215506792
-0.011481325073365627
-0.019566107204812538
-0.01946542214302868
-0.016298307697706998
-0.01991392536754563
-0.02011736934677198
-0.015474189467549204
-0.01250732841629915
0.0078112333366945124
0.014404959240774425
0.003355173352573236
-0.01303424569439187
-0.012918457706514048
0.01509661504128659
0.015224569992805187
0.020302939746412434
0.0024944525041463816
-0.010976697046126697
-0.014647598705649039
-0.012979108736703143
-0.010035913094198037
-0.00804797696529829
0.0128688652840223
0.030052518963485576
0.013890141846894046
0.006109425477999366
0.0037317580845836235
0.004667364533338908
0.01649091953796565
0.029041746250013132
0.014501289713988244
0.04424602192972168
0.04506404072190637
0.04467237018964687
0.043227372568401576
0.03048956263598432
0.028617381694246297
0.032497182710520135
0.013054342752147095
0.011454292064870624
0.019516974513249925
0.03362111404403362
0.027516271668164515
0.02599864251165168
0.03445639747920919
0.045887915281228014
0.04653620160198276
0.045763669366942886
0.0441976179989747
0.04447345787544837
0.04516621652711867
0.04418511322540619
0.044674643322333396
0.046005943453146014
0.04504274688232049
0.037967507660700804
0.020260319843790238
0.018612202037618136
0.017057068620301145
0.033091704294198714
0.0463621918722413
0.045429571723696986
0.04502306617250664
0.045450622843074245
0.045945773057748475
0.044568091501505154
0.04513284986010963
0.044928440997767286
0.04489891931832479
0.04561341229633204
0.04532524447227728
0.03025328294076367
0.00810084117805201
0.0049797535403943395
0.008622471335291794
0.03554640893631671
0.04045397053726246
0.04043634142060713
0.04012063788494887
0.03143303684373803
0.018416917331498563
-0.005850720750042321
-0.0100116542014345
-0.010832982426411326
-0.005034041578734368
0.00218520038922244
-0.01594712739291192
-0.022749076097724506
-0.023941742920668335
-0.026027218805700733
-0.025918655214908676
-0.02714570907947167
-0.02613227076584799
-0.027417489841641607
-0.02806632838712453
-0.02816105584115595
-0.02868571585171142
-0.029930723412028848
-0.028788841328365736
-0.02773972500525643
-0.03036452643273827
-0.029026336460035725
-0.030196321500155235
-0.029838948758414734
-0.029543976187764883
-0.02332598711136769
-0.002260060567069867
0.012392582920994459
0.014753046894677237
0.015233217813120075
0.0024038432024753656
0.01688395829999976
0.00883864994749817
0.016793923927070933
0.016473890295953954
0.015429577419828833
0.010664157040478047
0.018881564971917352
-0.0024925401205298336
-0.018459719963343522
-0.019731403939200504
-0.020349047242201424
-0.021183775939172797
-0.02159739702095174
-0.017930183271300446
-0.007251763495231095
0.01453217996852593
0.024762903949927875
0.03238188339844648
0.03085221414611551
0.004977867868387455
-0.021114728456126216
-0.022315260529633535
-0.020818076098890585
-0.022086129569711788
-0.022295581233239298
-0.021009874780714893
-0.02013136541115652
-0.020111422093383933
-0.021337980634552913
-0.016549975087648838
-0.013989643357123991
-0.0030134386264136673
0.03234548934582738
0.03326240654766499
0.03417284636254898
0.040125406877510934
0.04342830603893123
0.043747876230724944
0.044104190510268676
0.04303746033198871
0.043344276528954624
0.04285480472782812
0.042831272048358855
0.04259513629920366
0.04183206192435026
0.04237324326913166
0.042817446390368594
0.042442174767395105
0.042435778898522285
0.04144292207490092
0.04074086560560865
0.0409473407520945
0.04157505266936497
0.04219487416836344
0.04146881027913944
0.04207793138285411
0.04224902278648075
0.04181093685792637
0.042174899779836766
0.042239519802752847
0.042442545063342496
0.04199742274857319
0.04264195630787945
0.044220643243860734
0.043951523660288955
0.04435249643180941
0.04266682131813908
0.043721910025298134
0.044337292394088915
0.04375680183718268
0.04477026916033755
0.045436011834773624
0.044997156636349844
0.04324974409544138
0.03294898080457204
0.03793592726621203
0.026940973268828307
0.02434713041422615
0.022310264257050915
0.03570750614702817
0.03933076737629103
0.0389232033236688
0.034303574436832435
0.0391063114351928
0.038458590572636016
0.03237261473871767
0.01342247075573666
-0.012846025384496048
-0.027953022222894922
-0.02953068206818291
-0.027723877264189397
-0.037100691119955544
-0.038727114939450816
-0.037436446687297356
-0.036841747866559284
-0.03571134513807405
-0.035063171356105816
-0.035279700836704134
-0.036902223992178185
-0.03790809052204528
-0.03847155774175189
-0.038723422080581896
-0.03874869064338462
-0.03956178759824674
-0.038871888095087646
-0.03933086012712247
-0.03210194057550018
-0.03645251588407853
-0.03868547636197827
-0.038678743911077576
-0.037256489562045005
-0.037256198421220015
-0.03749295142054218
-0.03744473232953108
-0.037181677779056475
-0.03745714211500145
-0.036848482896278865
-0.035947925254633924
-0.03503168135873071
-0.035156606548069104
-0.03396521257189048
-0.033442968675253
-0.0314550440413492
-0.01040399160556768
0.00815352525111903
-0.02074692453446346
-0.03325770547759289
-0.03513112759198891
-0.03735190410426299
-0.0369112811620407
-0.03585521856922244
-0.03598490582327353
-0.03570348225970859
-0.03432530314379536
-0.03203358251653001
-0.030841094651863604
-0.02989748944928436
-0.02928836418526102
-0.02986965861198499
-0.029474353688256766
-0.026444291404732322
-0.025064723849970046
-0.023988082712632447
-0.011356725264155591
0.01860159655319475
0.01811310603931834
0.023306498422785635
0.007888751038708926
0.009538073337203396
0.0016457204152416957
0.007333533256170875
0.014229233068109873
0.02666533562949847
0.03665626440780992
0.036123679517057986
0.04197135356144937
0.04195837091718616
0.034152671432592804
-1.0
0.012375951728915955
0.017559261292698025
0.03762826424651224
0.03449444626644497
0.04096844703183316
0.04125611402597577
0.037526350435754266
-1.0
-1.0
0.020691206902330575
-1.0
-1.0
-1.0
