-1.0
-1.0
-1.0
-1.0
-1.0
-1.0
-1.0
-1.0
-1.0
-1.0
-1.0
-1.0
-1.0
-1.0
-1.0
-1.0
-1.0
-1.0
-1.0
-1.0
-1.0
-1.0
-1.0
-1.0
-1.0
-1.0
-1.0
-1.0
-1.0
-1.0
-1.0
-1.0
-1.0
-1.0
-1.0
-1.0
-1.0
-1.0
-1.0
-1.0
-1.0
-1.0
-1.0
-1.0
-1.0
-1.0
-1.0
-1.0
-1.0
-1.0
-1.0
-1.0
-1.0
-1.0
-1.0
-1.0
-1.0
-1.0
-1.0
-1.0
-1.0
-1.0
-1.0
-1.0
-1.0
-1.0
-1.0
-1.0
-1.0
-1.0
-1.0
-1.0
-1.0
-1.0
-1.0
-1.0
-1.0
-1.0
-1.0
-1.0
-1.0
-1.0
-1.0
-1.0
-1.0
-1.0
-1.0
-1.0
-1.0
-1.0
-1.0
-1.0
-1.0
-0.0728439925293839
-0.32812261390922465
-0.2979608961662904
-0.46289753285652646
0.1468139866007931
0.038929685865461486
-0.286869294888168
-0.27751792995204777
0.11729171858143317
0.2002587862935331
0.1793971612140569
0.331326877223498
0.15389848194981245
-0.35995876331693244
-0.11913872137834146
0.19576404624576121
-1.0
-1.0
-1.0
-1.0
-1.0
-1.0
-1.0
-1.0
-1.0
-1.0
-1.0
-1.0
-1.0
-1.0
-1.0
-1.0
-1.0
-1.0
-1.0
-1.0
-1.0
-1.0
-1.0
-1.0
-1.0
-1.0
-1.0
-1.0
-1.0
-1.0
-1.0
-1.0
-1.0
-1.0
-1.0
-1.0
-1.0
-1.0
-1.0
-1.0
-1.0
-1.0
-1.0
-1.0
0.0006121267939134489
-0.037898503926571375
-0.02418903543409027
0.017508648040913292
0.0476247825584075
0.05307261827646736
0.04792256461131183
0.041832079142944165
0.034015877668716415
0.0327489329482051
0.033958841728293575
-0.010993066325035621
-0.024499101000248616
-0.015827416244503432
0.0037629989241867476
-0.014730880571666218
-0.0018700531690516286
0.04410748507332917
0.015592998719827987
-0.04731828953912598
-0.05695962208482549
-0.055365899890714484
-0.055210379511472216
-0.06474198070273517
-0.06896065690912669
-0.06958226948464459
-0.07016917077296139
-0.07075768857315554
-0.07039567289896716
-0.0700835033144473
-0.068807642753879
-0.06916964645973628
-0.06788476801930539
-0.04924642826053666
-0.021031908145506494
0.011781977959924955
-0.0005878471048610942
0.04295107853464235
0.020307719628876012
-0.047644451138523565
-0.0611333833995046
-0.06620290492187585
-0.0655059121971814
-0.0701568148620704
-0.06886893974593522
-0.07131264053925512
-0.0726147044026307
-0.07284094172797051
-0.07386936804433836
-0.07298115943330512
-0.0743310653169631
-0.07392598231680692
-0.07466940305382837
-0.0698010757037424
-0.0700250961889124
-0.07430690507252509
-0.07495795817925335
-0.07609886746109426
-0.07599937493835968
-0.07391464806663803
-0.07516265731012797
-0.07539077158754319
-0.0751696449813552
-0.07460550991489746
-0.07372270131979718
-0.07362480908577512
-0.0737677857817578
-0.07335386094489456
-0.07344655283237086
-0.07055620003475369
-0.07102393232937239
-0.07031696002006681
-0.07323512168769834
-0.07404866573460421
-0.07395443203020897
-0.07451393219705957
-0.07424798514736079
-0.07477562959545592
-0.07570993691786601
-0.0755437446124751
-0.07435847098626773
-0.07439246937302352
-0.07428165066762546
-0.07479393193989047
-0.07494412243565654
-0.07509820769407093
-0.07310402401470649
-0.06787188735131165
-0.07267462617785186
-0.0738812677227746
-0.07350867233659962
-0.07300726170578556
-0.07217508039732534
-0.06801642459410086
-0.04763621880293219
-0.06643335210826029
-0.06816389316489957
-0.07083168890494156
-0.06828622613061287
-0.06645667663021336
-0.06526983341829458
-0.05915592756916368
-0.06258205397763218
-0.058096896427262054
-0.060265215844963395
-0.06003910178680614
-0.05061767091606414
-0.04495723928180247
-0.032623800544962576
-0.023622422075990798
-0.02524727732519844
0.010263990164881064
0.006107291672701804
0.02034488989966629
0.04918955409469728
0.043096334627551657
0.016113578268539652
0.017821968085174944
-0.01689685268615092
0.00506629765040372
0.011853331879556638
-0.01363311520050799
-0.06390580482127688
-0.06997126373576334
-0.07103928483954983
-0.07274107654217903
-0.0706087209378563
-0.06960811975016684
-0.0653181894961935
-0.07326136912518215
-0.07320670917766885
-0.07324767852550199
-0.07271336102064069
-0.07247422530318519
-0.07267486309169968
-0.07255999764347451
-0.07314110741141856
-0.0719911357444465
-1.0
-1.0
-0.0725103609290718
-0.07295689921831552
-0.07329706973809448
-0.07370628204060488
-0.07055558277025256
-0.0701233442763774
-0.06388575805952507
-0.03690738070331556
0.00785689582806961
0.04451384941938548
0.05336258788827614
0.05280098861178249
0.05362081528646626
0.043589266859383545
0.012954207861883978
-0.008679478386103098
-0.011456068584954225
-0.0211466040637118
-0.03487963071718865
-0.05803143961469547
-0.06374951297686476
-0.06631212877998557
-0.0667667051012061
-0.06638381265680973
-0.0672433275340495
-0.06667471755829203
-0.06578857700066983
-0.06199540690385671
-0.05864357382775784
-0.04306768450400183
-0.02009879746319535
0.004110732811138878
-0.005700454330615568
-0.01173388033958958
-0.010230759336791219
0.005034682792968574
0.04039907869786787
0.027537012292333938
-0.010597012353864906
-0.028742959718293406
-0.030441807604231555
-0.015827590812614888
0.03169899193624559
0.045307841784431944
0.019367850536870707
0.04750491382058901
0.06275394467342861
0.06465950751314105
0.048461885828997346
0.05058999353016027
0.053183759683739944
0.06381852268726716
0.06589262150380035
0.0645957618687492
0.06845753624127794
0.06853176525068978
0.06301377269895797
0.04867455998657838
0.051763812774770636
0.06251015964514964
0.06497340216814308
0.049777978948668554
0.03558739308304228
0.05469950274418365
0.04485591732863835
0.05968967716100222
0.053849233567762826
0.02774971899537252
0.04464143460483438
0.03620892790404833
0.02937669153056367
0.018250317468505098
0.007639485322245803
0.008114471504253512
-0.000694231661394094
0.005102087648356257
0.004594729001939305
0.002968527600521914
0.01827183170460263
0.025422952527685436
0.0563342556024479
0.06986647508716876
0.06972300243742148
0.06914807288327902
0.06627208404771498
0.06273149101328215
0.03449982678652387
0.04045674154838581
0.05085807451660285
0.06608688149817715
0.06502151583304017
0.06305866127245602
0.05913917670124794
0.06070709457781311
0.06283768581119024
0.05141065268416224
0.01898044293602639
-0.03545687985223207
-0.041498990993503515
-0.045113610082066484
-0.03920808707190613
-0.001787486977361982
0.032091644750626175
-0.012151378222499596
-0.029494567971847466
-0.034388593525083666
-0.022489085817322292
0.02779688508407563
-0.014798363169340833
-0.016520941404568078
-0.008932565995825087
0.039207127559471554
0.043605925912912784
0.03448026684631981
-0.012657138951910677
-0.0584476023870507
-0.0621121054120907
-0.06505345629779948
-0.0678818624836026
-0.0658660507224862
-0.0662774560945839
-0.06698477831809466
-0.06660671207437088
-0.06615909251937767
-0.06698587859121582
-0.0667862818229244
-0.06784961822923025
-0.06796045775962767
-0.06835162683097122
-0.06667552235908
-0.05506695477243901
-0.014543261512018972
0.01964319172360478
0.04736057470563602
0.04836403902362678
0.04521810446798912
0.034752759598557614
0.03507663682543307
0.0614950793167605
0.06439656622969288
0.06476780608719877
0.0658789491679526
0.0655086692606226
0.06620724216537072
0.06224933485122276
0.06923256823500866
0.06382463309370158
0.057560048968407336
0.06935407195946745
0.0645622348662177
0.06765358179346612
0.060135794935379065
0.05210144193275505
0.06920652110411205
0.06924583292802075
0.05489325786133203
0.05282336258443109
0.0696950544376105
0.06680884589670504
0.06842835829888926
0.06764757611553815
0.06265667493128581
0.064827274353444
0.05726756083425184
0.037147655083538796
0.02874747558579658
0.0024735701895215794
0.03647844123459823
0.0650749651448512
0.06687204483020605
0.055492673452416284
0.061979892422172556
0.04678767435428746
0.045221181234643755
0.03916566056441836
0.05703256767946221
0.04930849065316697
0.016797912991063875
0.025226028537086536
0.002568934672662732
-0.028674103729582526
0.00865539280641293
0.05858545140057176
0.05778505636653861
0.05402355876203496
0.04643555428317937
0.0338295696769691
-1.0
-1.0
-1.0
