-0.013593171893752053
-0.023998796323335257
-0.00532667210425827
0.010828898996500884
-0.008101953816413876
0.02243992964750566
0.04441781325096647
0.04192433667269066
0.04906708089717401
0.03305653468822012
0.04696831764598613
0.049137531005164464
0.028059748970501633
-1.0
0.012993312740155473
0.0353021910823033
0.05598006565905253
0.05619064813901151
0.052567515608827366
0.047541551854182226
0.04444267578152507
0.05334049903518376
0.04445419373176495
0.05637514400758718
0.05511062129840601
0.05485283869726852
0.05421635124172525
0.053657082499472715
0.056089116902044364
0.05715676947767412
0.056081471758515
0.054008887611800706
0.0503307043812128
0.04738812304323597
0.03397793229394237
0.011940594657001624
0.010884576833006974
0.013811381033360751
-1.0
-1.0
0.01724394901130142
0.02756513933386336
0.019893467690210404
0.01734656734282303
0.02552441958272878
0.0036397900173198512
-0.007675981199562092
-0.016412550878262194
-0.0252162544813018
-0.036602456570408934
-0.04666130028846515
-0.049765424338417824
-0.04863049316899392
-0.046147052649260625
-0.044126358683626465
-0.03251409503128485
-0.012765186092429274
-0.0175589197336393
-0.010874037044506905
0.013413156888117088
0.03901501565005148
0.038424314002658666
0.020708839779622058
0.010137574376407669
0.028401139209447427
0.05062379098916028
0.05321675350169093
0.05335693802300074
0.054719422095837696
0.05295427740948356
0.02758002382382949
0.01089803170786212
0.0031577708184062784
0.0006966456414561565
-0.006423001538114615
-0.0024025371963242084
0.025163319670130895
0.01872590334403575
0.02246017709733621
0.018495381191701757
0.04316229278831482
0.045950553376259015
0.03135158300087417
0.04166556619597491
0.018201725127799863
-0.018994337752229275
-0.030178106614064226
-0.028407337225996324
-0.02867383158299239
-1.0
-1.0
-1.0
-1.0
-1.0
-1.0
-0.03515817191812807
-0.017970889075464125
-0.01323442989665819
0.01868667838740556
0.012029353858187609
-0.009512199209170647
-0.04889771161799141
-0.04759829287691337
-0.019833759641886103
-0.014042447276292315
0.0232642904641117
0.029921428045649266
0.012183543633097274
0.0007557856011377792
-0.006577696848669779
-0.02339874367008779
-0.036137947861859226
-0.03292384495243208
-0.01904119276117877
-0.048915668241151476
-0.05527587455980088
-0.0573647290474258
-0.06003718259722035
-0.05850625149954999
-0.05727131715624999
-0.056015942665771014
-0.056492220551249396
-0.05628337737456761
-0.05619987061284945
-0.05631363467905592
-0.050598829362015735
-0.05466975175180005
-0.054508490297631815
-0.058476188701301536
-0.059795151773974084
-0.05896581217126505
-0.05782793461626976
-0.03076116669716039
0.004718981722952846
-0.017985326066659656
-0.011051457038766041
-0.051745918940789885
-0.054488417305643855
-0.053194692435083894
-0.05502226402669448
-0.013270954520592746
-0.05091470398290765
-0.057210778889228195
-0.056877010104391536
-0.05754164492265502
-0.05506482164477132
-0.02794494994060557
0.011091080444259074
0.009364889798634993
0.010006670536474185
-0.03712616406024022
-0.04569528237750611
-0.05191056144767418
-0.039769258916338056
-0.019885202302344845
0.03064997198091456
0.02978497780084447
0.014837322608876997
-0.009087930818541578
-0.030598441089236414
-0.01437646549918303
-0.005025570309256763
-0.05590889383862067
-0.05847053964284737
-0.059348437781891215
-0.06013124326176912
-0.058807256460049716
-0.055687437255511514
-0.05543356005094319
-0.04994385982204513
-0.05122324956497002
-0.04829894512047028
-0.03313041893551958
-0.03947392098245892
0.011083248932132674
0.0003771951509725051
-0.03331830892366709
0.01081332940740872
0.0029037134469759953
0.0005937891942061101
-0.04280983349480035
-0.04768722881577456
-0.05052161674080802
-0.057872676404288524
-0.05441233546247864
-0.055777753012998026
-0.05863161755593205
-0.06018567594450365
-0.05996979924454481
-0.05980860070200627
-0.0589112610666325
-0.05929039700173215
-0.060307058014835734
-0.05859511186962672
-0.059600566513261496
-0.057557191766752745
-0.05796307341816104
-0.05864509432030222
-0.05785760469268702
-0.0588622660982992
-0.05844577956510356
-0.05451872687534104
-0.049996858149614395
-0.04495367727066308
-0.050299155975906146
-0.044925439803566176
-0.041342312057777365
-0.06043942454294155
-0.0594649416478996
-0.05887385516897116
-0.057978406637064515
-0.058313854189006906
-0.05893919868797972
-0.05991387120679804
-0.05895080969346912
-0.061113854453356126
-0.05431466338344334
-0.05689197447301064
-0.0578221607734538
-0.058272280229100325
-0.058382256930218215
-0.060078479075935526
-0.054921172712829966
-0.0030271294074887627
-0.015321988205051026
-0.03716363512977834
-0.050544612496306277
-0.058078543013857356
-0.05875865277339078
-0.05836842936776222
-0.05714583418948211
-0.056029571003331294
-0.0426357879540307
-0.06062112234428611
-0.0618430126252735
-0.05986491820635444
-0.06065642642706878
-0.059316515837512754
-0.05607259763092237
-0.05493041150648081
-0.05478876257717127
-0.05226500383221782
-0.04869674199262233
-0.030404018331093578
0.031676792839871765
-0.009712938969628198
-0.029403101580947916
-0.020825718705919278
-0.026904364193449326
-0.015488945286478109
0.026654485774846533
0.04030699734202636
0.04244782644604177
0.00786862307794634
-0.024571427815730084
-0.02177300914829278
-0.002907949829183411
0.034986738635587114
0.03512293097934553
0.03236789064138919
0.04398684144488799
0.03792283641241687
0.045661965755026464
0.003112410446688787
-0.03469477989564406
-0.030207781902929796
-0.0029089146585379658
0.03601112375191648
0.031650553514399556
-0.02526282702486037
-0.0508980699387419
-0.05675203157229324
-0.05721472261514805
-0.05975233471394246
-0.05720716993354574
-0.0492223467393328
-0.0453838878182249
-0.05100029255795707
-0.05943997441279705
-0.06044864012720772
-0.060922424351241455
-0.06202915389798452
-0.06092616542190444
-0.06260069857024674
-0.06183454419108873
-0.062002355021273735
-0.061469098935031385
-0.06195778648652296
-0.061431214671766446
-0.06142958042254392
-0.06105760260928585
-0.060403410690940657
-0.060453359072087764
-0.05977764793203792
-0.050356688637567204
-0.05787925416950601
-0.05848842285530113
-0.057150231446358536
-0.05806094237802956
-0.05748129915685673
-0.058463723577860865
-0.05807258247612125
-0.05742388430919072
-0.036767970407800186
-0.052161943784300904
-0.05353780664535747
-0.053350455700164875
-0.053509787933644984
-0.05034131231897674
-0.053255678711349425
-0.0564793956294236
-0.052783070553151394
-0.05712577269008173
-0.05825355427640943
-0.05923276343553327
-0.05739375633192121
-0.05766705810949431
-1.0
-0.05975835986198606
-0.05903426687462646
-0.05715666245930645
-0.06007961080502682
-0.05949212121697459
-0.05708718503404204
-0.051403349027830655
-0.059720463563949285
-0.06011992745947608
-0.05903393303181771
-0.059839713396875494
-0.057424593372525604
-0.05360168695026846
-0.05774221886563865
-0.05858804159086064
-0.059265257075716504
-0.06044268080844415
-0.06112175779418004
-0.05833683126404131
-0.05857974172464275
-0.05825704421334783
-0.05673530530889406
-0.05930296998699369
-0.058603404668682316
-0.05777378090564004
-0.05798993562300042
-0.059109238677406674
-0.05870872272294152
-1.0
-1.0
-0.05256820669679098
-0.0537402330100505
-0.05101967216460144
-0.05545385453765904
-0.057472219344801435
-0.05581731778750757
-0.05471996251054663
-0.05038624457946496
-0.04765599840380143
-0.05275378757075809
-0.03801078559797375
-0.01331359378879774
0.015787570906324645
0.036978857957237314
0.029067360985202146
-0.006835514018856947
0.006115420084340377
-0.0007767007201277371
-0.027650207071326795
-0.03473131976075494
-0.04659550932630133
-0.04970637910522863
-0.05021647983921473
-0.05306887022691948
-0.036978333226763783
-0.019165253842548875
-0.012028601898814103
0.03948427777994461
0.03678884276613547
0.04858790453002576
0.04779367434281801
0.05096274852393983
0.05106992445750985
0.04463909983890713
0.046687028523919906
0.04302117817033616
0.046466354596977205
0.040991967320618494
0.05099081348498928
0.055389912922662134
0.058491573571827535
0.05628281365840933
0.05795431234527488
0.059746423192936514
0.061204291634105554
0.05991404328034198
0.05831393204918234
0.05921296888416832
0.058243481479397854
0.05824968244053556
0.058902548604130266
0.05738921004018345
0.054829041940394875
0.050448624129516846
0.054663450572267874
0.05487250274500631
0.0556198299487462
0.05647585897981207
0.052292882251325314
0.046605952885953594
0.03803551131742299
0.03636104105014197
0.04047453909146125
0.020494727846428883
-0.027635142228723153
-0.02914805295617336
-0.029221570418987423
-0.01727355244218964
-0.02630497788713233
-0.015320044231208885
0.027346602011705932
0.026851998303602638
0.0013583252330416924
-0.00826069119875841
0.012724905155271306
0.021879141820407393
0.016290595513880072
0.03624676626565407
-0.0131540493723425
-0.04128072361911546
-0.053452141931710155
-0.05531535655003765
-0.05084670701799815
-0.04970086832554716
-0.05518513456513903
-0.05625581446886712
-0.05652292022876219
-0.055900547883713
-0.04383442998280679
-0.05255399620934165
-0.051947620047844686
-0.05206923449594261
-0.05237867104323705
-0.05144455092091732
-0.05179113781891245
-0.0478931001956877
-0.0463819990023571
-0.01968575202564043
-0.02097711479043808
-0.05301626246467362
-0.05242662909639285
-0.05379138904878956
-0.052766721453393964
-0.05325808514080443
-0.050496163007626646
-0.05293188943459142
-0.05423818315904375
-0.05316866173456009
-0.05313273785646435
-0.05261735056625874
-0.05410600365900442
-0.05204099668443845
-0.05229139141066779
-0.052043565348731426
-0.04922570238533623
-0.05307274552825293
-0.05275636648766556
-0.05307874625225278
-0.05341535191478911
-0.047758158010183925
-0.0225787065293002
-0.026203106294146815
-0.03310308216543585
-0.04297450315288607
-0.03596885396619968
0.029030252120629006
0.0401569594601623
0.0028987230290681283
-0.013712773516460454
0.029489327597969926
0.027913451790360717
0.04191942930556915
0.04889399949670615
0.05303325664952842
-1.0
-1.0
-1.0
-1.0
-1.0
-1.0
-1.0
-1.0
-1.0
-1.0
-1.0
-1.0
-1.0
-1.0
-1.0
-1.0
-1.0
-1.0
-1.0
-1.0
-1.0
-1.0
-1.0
-1.0
-1.0
-1.0
-1.0
-1.0
-1.0
-1.0
-1.0
-1.0
-1.0
-1.0
-1.0
-1.0
-1.0
-1.0
-1.0
-1.0
-1.0
-1.0
-1.0
-1.0
-1.0
-0.010793595307792295
-0.012780638972971032
-0.024379774161211253
-0.022201182178516007
-0.01319708041729648
-0.01136132210780234
0.020952824056271864
0.03900477459976068
0.006765520863346988
0.00947404440785216
0.019687003179788793
0.027095703787638148
0.03146697872809924
0.03644595211819454
0.042112203019217594
0.03360651663508937
0.031790360911822704
0.03710391120518227
0.025059941213601517
0.006195611861414395
0.020820523533991775
0.02681931874772959
0.0017474577088334347
0.006863384314532466
-0.012055792039371252
-0.017023853112085638
-0.01707046135458144
-0.009115841170537507
-0.01297343206265978
-0.020004031964636154
-0.018241837657409044
-0.021357826656238924
-0.01762022295369355
-0.010535460786147713
0.031754969895221676
0.03829485212327569
0.026722154061285072
-0.005618205056802886
-0.0001543732423555561
0.03160878179169697
0.03900007588601974
0.011373275793688777
-0.00011278634326585522
0.007907201811799183
0.039933016662973685
0.041281510416283175
0.01847077565936006
0.02197570758043028
0.035284701192468515
0.03989279501946021
0.040285345236507675
0.013492251604870413
-0.006068636186317456
-0.017659139550044386
-0.01987725280592177
-0.023394332467586126
-0.02594356682387527
-0.02897346523653114
-0.029473967025943612
-0.022086845036132664
-0.02583381584565538
-0.026132568127988785
-0.026695678813118878
-0.026417369696980938
-0.02448650190719763
-0.014602912816143478
-0.01681884107844153
-0.022023531971466323
-0.017955369357616473
-1.0
-0.02059096992562089
-1.0
-0.022373734502151136
-0.02451962041501339
-0.02275379506432837
-0.01450347263785185
0.007214429002744368
-0.01459424467596829
-0.016399368558098513
-0.022276869322742487
-0.022547945894370907
-1.0
-0.02069262129100182
-0.025055645689905308
-0.026664553391071478
-0.027927188227576356
-0.0280560990318886
-0.023915097852970035
-0.024900930022251317
-0.025460233778138285
-0.026815196754334043
-0.026526737379385965
-0.02311831660869542
-0.022317704563296493
-0.023964516026913622
-0.023666259988191957
-0.023632324556572246
-0.022635744047287472
-0.020453462547052957
-0.02327287514132589
-0.024001531369497744
-0.025168870048683054
-0.0264833785917882
-0.02253955993330095
-0.011433669942365254
-0.01655046213853368
-0.019971373460679395
-0.021788728382206912
-0.025985246367657203
-0.02666324437999361
-0.026252681155846152
-0.027594647547934836
-0.027111854753593862
-1.0
-1.0
-0.006445536010263735
-0.010375074840956603
-0.013292975845389155
-0.022030480275905977
-0.02528790006377078
-0.021086967275592065
-0.024776357170232355
-0.022498823157991746
-0.022614534789175137
-0.02562907451163872
-0.026631596992863864
-0.02266459583099331
-1.0
-0.026183353955725127
-1.0
-0.022810495753499194
-0.023762916338884527
-0.016416211554322123
-0.02353443977211688
-0.024293214722435674
-0.023958396819605623
-0.025247225135064697
-0.023613977926346886
-0.02510304769031937
-0.02563917257933692
-0.027890330720365633
-0.02698796629464901
-0.02740844735795715
-1.0
-0.028601914790299197
-0.026047563235409958
-0.02560083892137615
-0.028154985902585267
-0.02744737371859106
-0.026336281574036228
-0.026017769520465656
-0.02277596781492683
-0.023434362227393788
-0.02063646293064061
-0.010730704161478272
0.035440009055667826
0.042311277049658064
0.040614829084486624
0.006435741999669156
-0.012945452890407752
-0.022725621733518404
-0.025453596619504682
-0.021465585956123447
0.011863308687714371
0.014664624627377082
-0.004202099667847933
-1.0
0.01134048120569573
0.003231612990083046
0.005432710274320865
0.015348372831557362
0.02644293436834535
0.00032860671884706277
-1.0
-1.0
-0.029442657448353192
-0.027649161806930906
-0.020195540684565277
-0.015791493943400993
-0.008967474014064211
-0.021822342797953847
-0.02362980454932381
-0.026118799482390397
-0.020227203436114935
0.009659968181935282
-0.005903920883246396
0.0040188385476920925
0.0408695390499778
0.03953745294589086
0.040063616994645154
0.040453856980083705
-0.001581783589815855
-0.012328880270185066
-0.0036933016294230627
-0.020293148085493814
-0.026196260981334513
-0.022771394388447695
-0.024578362294042526
-0.028113248566311207
-0.029122063276323468
-0.029261018215084124
-0.001839799117533959
-0.021364358349869612
-0.02267722329821718
-0.030358588896011438
-0.027453999354522234
-0.030530282485179434
-0.02802985156584506
-0.03044525420504017
-0.02872743563471597
-0.01256481321228017
0.037906580948964014
0.04186552444999805
0.028472916059076057
-0.007267208686359848
0.01098737699083961
0.03657568380153842
0.026183077497235974
0.0030238641993776266
-0.01458114703256441
-0.016378672364708847
-0.010403954065007898
0.03403762871016487
0.021812321801940076
0.007997788798288238
-0.0027929021689836095
-1.0
-0.002241636733135072
-0.007237767886425122
-0.0017353833873969195
0.02930124339039963
0.029097916161401824
0.025893275462104192
0.0164356101169221
-0.004296628985332753
0.0026440439262239604
0.03728680105165812
0.038386267926063956
0.041933994761781536
0.034947117055107065
0.034842240330762574
0.03913198094941688
0.03647096666994508
0.029862003063446545
0.01306174210889849
0.008473195210111415
0.01223589822439737
0.01095045091684144
0.02128695984809197
0.022444707841967365
0.03552842923224963
0.03999975863764686
0.03642466466553569
0.018276343137114837
0.0037780317315259204
0.0005839645615596687
0.002373363087988779
0.010769337563747872
0.022952900872179785
0.036651582529501195
0.03196061414738913
-0.0030655406652377467
-0.01033791662372941
-0.009734531092033854
-0.00347571426717524
-0.0015227488754194353
0.016351655769844792
0.041924231490832214
0.04195316954605859
0.04201681021883181
0.023646315904987496
-0.02025880971151057
-0.015621481520409231
-0.009538594434144239
-0.023907419484469485
-0.027122472976263478
-0.03121548844651365
-0.029065407948271206
-0.03284341372631379
-0.030599296230672
-0.003768570085005797
0.03283428036474779
0.01375280381434556
0.023361099666513986
-0.0022292791661300757
-0.009265447749724078
-0.007289798719463756
-0.007330200713349999
-0.009098816664721399
0.017665434043795905
0.024038665668979154
0.0068336219282466104
-0.021627434874489752
-0.028496887091666805
-0.02234006973028847
-0.0028831314687519085
0.009150635485624236
-0.010814463947893921
-0.01616866580102275
-0.01519614384848564
-0.015498183044029692
-0.021803657367989535
-0.020585384095841985
-0.005021521511988448
0.03241189568167401
0.03946797556318266
0.012773717213640927
0.009431919483179431
0.024646490601561613
0.03928975292337026
0.04326311474744128
0.04390374214204773
0.04277846440186171
0.04312035824002791
0.03961077267402086
0.038849344023173644
0.024002572096871417
0.004908782656671878
-0.0247885018815651
-0.027582692643774994
-0.02758665942545563
-0.027207767707520442
-0.02574942479414222
-0.02515282730464391
-0.031278751485048814
-0.02974040968814446
-0.025131934040787948
-0.030450885392459843
-0.03167193764380743
-0.033182971608045765
-0.03196794387038206
-0.032862218218058695
-0.027372097725462424
-0.033474622449135176
-0.028116875870455523
0.0017574707382673686
0.021752998207226322
0.026328559579791282
0.02906578885573433
-0.006244368717084222
-0.020587467133211582
-0.0241352680646106
-0.03222630277247001
-0.027224554724011044
-0.01900134609177744
-0.0014793894613714307
0.03445268554621937
0.03309363751391035
0.02861958863497845
0.02095995698232917
0.0415472991018445
0.04311011563075698
0.04002361267625724
0.034234801521287904
0.021193513885386116
0.03479973504461099
-0.005903875542261146
-0.020929344125953684
-0.023451421586673647
-0.017050417294267598
-0.012537484520288345
0.02451382246950398
-0.0050911122532851984
0.02817787406163496
0.041675366386593526
0.043865357502068436
0.03241167450477034
0.029560460214230484
0.017250263850405123
0.016832144381367566
0.0021848542509931806
0.029455206494548518
0.033360163169867174
-0.010263045034599915
-0.01397558438019211
-0.020604662311892518
-0.025175292933885766
-0.027139951635614456
-0.031381153116053946
-0.025224844239381324
-0.0078070066219546
-0.011530124793737228
-0.006117062777535134
-0.019968345754627796
-0.021552296583308518
-0.02757804949424161
-0.02938053913560078
-0.0329314625222258
-0.03088453611156914
-0.026175253562556778
-0.029661358140523536
-0.03206100649974007
-0.028318900663686742
-0.018160187199885693
0.012083063414653587
-0.012323827318538845
-0.032418755593202675
-0.03252966415722018
-0.03420624143060729
-0.034703112175657816
-0.03370223945619161
-0.03398415954421919
-0.034912513152869355
-0.033398434926969894
-0.031111708461366433
-0.02839479900747756
-0.03360911367698375
-0.03395398899525348
-0.03336610159597317
-0.03238440962021999
-0.03285142156528625
-0.028638850966738807
-0.027600255874031917
-0.013014118278387846
-0.0033219909056955133
-0.029308168968361623
-0.031152627497156422
-0.02805951421082117
-0.006492578448508738
-0.018158931853054717
-0.02555075129210384
-0.02699099103150476
-0.022950857987086324
0.03176663212489897
0.017537291107694718
0.031088077820090376
0.041512452516289634
0.017562586581367588
-0.023704218639020197
-0.032151365845822365
-0.031391687048993235
-0.030769775266586447
-0.01921578302541879
-0.008704563999083075
-0.0018192834566706417
0.004539790474011213
0.01635873014045442
-0.009612855411542817
-0.028900317685666203
-0.03130782572304785
-0.03199825804206233
-0.03127488849209993
-0.033065448310345365
-0.03441656706649706
-0.03436036550088076
-0.0349147913848647
-0.036536817351326835
-0.0361363237502389
-0.03719035218136012
-0.034624452188928456
-0.03606548051573151
-0.035280333202425844
-0.03581049418228903
-0.036024852673248606
-0.0353533920555259
-0.03568698012695725
-0.03260687691792958
-0.03550232971171778
-0.03345520934784638
-0.036460372102427724
-0.0359491333510552
-0.03276355266945266
-0.011235956700585673
0.017321192734050764
0.032049041407593966
0.03130071251499471
0.011518716524695598
0.015744626670809052
-0.011896558387429975
-0.0002530836374406639
0.03484159705989498
0.03715448144316426
0.0008507497909892631
-0.021757870062202412
-0.018963050290224815
-0.004888239683477965
-0.0056028720110278
-0.011572095485132956
-0.022377509538201196
0.037781422688247225
0.04007753612603907
0.002484325223229298
-0.00839892131881386
-0.025572223540778715
-0.03082572737833257
-0.030067227394715207
-0.028470910745421574
-0.027002647221223437
-0.018327482521770293
0.0027741524522383165
0.0004049428273291181
0.025430274203177186
0.024360829698612627
0.008106953563780928
0.0294668269741476
-0.0068160094581868
-0.02326599972237648
-0.025660509789782123
-0.0159927635765626
-0.0021151780488750612
-0.022834520048761613
-0.02590673336625805
-0.031213546569489978
-0.014651467412183311
0.03168256598580505
0.030599073371818605
0.04295811258537351
0.04007680357611748
0.042447899958155164
0.04288244843118821
0.03143024073242456
0.037259307867707335
0.03533009240219526
-0.012133789919826487
-0.03594330143686629
-0.034355708078031504
-0.03271634844653994
-0.03563858203939798
-0.03569860975728056
-0.035046279941397515
-0.02391076913720741
0.000737505700220106
0.007454124460604713
0.009243003456970674
0.014192896926458639
0.0288584009601938
0.03490792591669761
0.026350370929219557
0.03148638822863706
0.026970867722372737
0.034996659527750676
0.034830663392681
0.038168184033577204
0.04091733957700391
0.03889608544977812
0.03724098459043067
0.03486853245531248
0.039717100700384436
0.03861927231547844
0.026690374086198287
0.013095553660260374
-0.005518787348382113
0.012305911947085172
0.023513268345732426
0.01991433768988443
-0.03471874411528887
-0.03502534755475023
-0.03814281912783153
-0.03844246117016459
-0.03888489802100733
-0.03715576155671703
-0.03442301308074855
-0.03665105054890626
-0.03660220861912762
-0.03633963168293341
-0.035852571722828935
-0.031614680289976826
-0.004159271473607327
0.013943553049338798
-0.02531518558376202
-0.0008959677488703238
0.0290526760097249
0.03502559592730849
-0.00767211587928636
-0.017813211667299458
-0.01603801507617749
-0.009985969554927787
0.028677066302372326
-0.014336683892950106
-0.024943072944881465
-0.02551766833310387
-0.032172874424512665
-0.027146069125385856
-0.019501020129840844
-0.008282167531436246
0.03279546363450485
0.041155963309945434
0.036872740164541305
0.03532823216403982
0.018687242847054152
-0.005265812975742273
0.02793379145613672
0.040359988975323745
0.03006223011234163
0.0020689040022202143
-0.01670870252604907
-0.01211897173157517
-0.032047720694638265
-0.036036067598285544
-0.03293977443001074
-0.03468585768225467
-0.03964450521654523
-0.03787781916692699
-0.03585587917959863
-0.03780225773961623
-0.038390521090312636
-0.03784227490442832
-0.03281064747990421
-0.03514327064189949
-0.0326345537460702
-0.0053274831929946455
0.009290954066906443
0.035245838770898257
0.040372513095836636
0.04066976635470753
0.01930596244003535
0.03558891720331013
0.0390398267153526
0.03348733936799235
0.0340543953291417
0.030614774614399595
0.0110492819587803
0.01114221172636628
0.009746359110118103
0.02399468262927826
0.020034209478037766
0.03925162869996355
0.04258890988113691
0.04298448433233722
0.04152175798074755
0.033821356481089214
0.013722563228962138
-0.01237454743449168
-0.03141858616263873
-0.031443979160452044
-0.026649264433954382
-0.029619720372332535
-0.013847264326034345
-0.03125979960023598
-0.03266123144433129
-0.034257314996766715
-0.03576806215923478
-0.02943339162670932
-0.01570611767522951
-0.004254422968812439
-0.021061642759889237
-0.014273582816195092
-0.029573042385230855
-0.01677032840192953
0.0039174563679132786
0.023656816768681515
0.0158380405486822
-0.010326361740709238
-0.03309109488333434
-0.030341605561900534
-0.02342283750026322
-0.030160703806936435
-0.0318406572855306
-0.03157628107278643
-0.034537903004317035
-0.035412362432943725
-0.03566706443814102
-0.03201901143920524
-0.025741147681999803
-0.03148874808381779
-0.03472160353636444
-0.034003219318247624
-0.03569320634911698
-0.03659442587785946
-0.037961056469200005
-0.03687503598915549
-0.03488554058564178
-0.03432708021317104
-0.019350519979366584
-0.0013401162090881185
-1.0
-1.0
-1.0
0.03620982153329198
0.03964276804297711
0.007528718911125402
-0.0050873374250087105
-0.019079114128665
0.012407436155642874
0.014088603451742083
-1.0
0.014303748492876191
-0.017676565461094883
-0.03282773844693515
-0.03584762669238648
-0.03550094883125643
-0.005865683990163295
-0.022225284104861905
-0.034215002199506545
-0.03654367745512539
-0.035723118574807484
-0.03687318371068939
-0.03783617416640732
-0.02778451580778324
-0.02561628459771152
-0.03173949517505078
-0.028033246658874522
0.009417267414738433
0.03177718236415257
-0.010959084436660216
-0.01965167350481974
-0.015463644154419991
0.0004297528705071924
0.03217042940257675
0.041148620590927075
0.014070579811195793
0.0006678115516414232
0.02296290799792063
0.036108805999381606
0.027983216001577233
-0.005131654816512373
0.00413829898068016
0.021497784972726308
0.029824443894909458
0.027515542611350412
0.032690918017141954
0.033112985503874176
0.023175228583131077
0.023162311046848558
0.028406419105878593
0.03730765521494997
0.022410794113863326
0.029332358810483867
-0.021395777228334936
-0.03151772042841796
-0.03526587228758104
-0.028118567403322425
-0.03508419547897898
-0.034715767715568564
-0.03485349058757338
-0.03692106858757168
-0.0369325670081978
-0.03414778619582349
-0.026784454559810246
-0.03581613247529224
-0.03608092020535063
-0.03747858174434812
-0.03647773265367502
-0.034012451118500646
-0.027441215179271426
-0.03551715394590008
-0.034788410407001286
-0.032990718733126194
-0.02046409229802923
-0.02018314022253619
-0.0328572597354594
-0.03149749259376776
-0.03437045950566998
-0.034758004338680516
-0.03558868391371319
-0.03671604565017668
-0.03644601928270104
-0.034181081428620516
-0.032715379347130605
-0.030456454350403672
-0.0351638489854633
-0.03581229460203923
-0.0366901536150867
-0.0366203719457839
-0.036790774632190576
-0.029914509328170996
-0.025301000575277947
-0.008829981878279707
0.021620694503455464
0.044232022356099805
0.044098845186684235
0.04284067849890608
0.03929951870049239
0.034730181210610084
0.029533477506481862
0.020398193309119995
0.03224191778843846
0.02688043261894022
0.02272852895595929
0.04193939772351801
0.03871217870895075
0.03355188456575887
0.018326053610212865
-0.029199198386874115
-0.03186737062204407
-0.036141730282382774
-0.03575711500464625
-0.035554737648888037
-0.03549314727995093
-0.03795380955949297
-0.03296921950847269
-0.016300317898314248
-0.026902525820837114
-0.02924106574281782
-0.033140223941101075
-0.036367844129386526
-0.0368386099308559
-0.03524014287758407
-0.03364092568007756
-0.03460249306983879
-0.0344047043741644
-0.032775301161357594
-0.030087230053011917
-0.026881243475974582
0.00010693530611785022
0.016151227953752192
0.023418673308397066
-0.0022469254429562067
-1.0
-1.0
-1.0
-0.022581468575388397
-0.011422463743670105
-0.027776283991255434
-0.02760407943098461
-0.025768068305820402
-0.027490422492795513
-0.026945866516011326
-0.03355611240490668
-0.03382474398673914
-0.035146973857915355
-0.035647091898936285
-0.03123706424922149
-0.030256423775462997
-0.03320537933476157
-0.035442428887759975
-0.03457305873924825
-0.03418178906238166
-0.033911075879374204
-0.0354618517586963
-0.03376617893558416
-0.03154906471429393
-0.03440298200092297
-0.032566018139923734
-0.03390601076630355
-0.03362031065189682
-0.030630231115313978
-0.025019056275077816
-0.03217289308854547
-0.03367734101929041
-0.03449302433350369
-0.032969752314009705
-0.03151202057980092
-0.02331827675385903
-0.029945004450480095
-0.030991103178618837
-0.03323588134725089
-0.03311884812618005
-0.03305473119252433
-0.03350674380682411
-0.03314552928069871
-0.034053172498384764
-0.030998327509872064
-0.03379682088245588
-0.03231545456181378
-0.02833591216689536
-0.027116108059978914
-0.0055501528143157095
-0.014518474474215795
-0.02599499829632319
-0.03554852999323827
-0.03732240298582503
-0.03514721354301462
-0.035543302854197385
-0.033835560773871357
-0.03186984751564188
-0.011086814034959959
-0.0004059314949455255
-0.027332654037483875
-0.028772643966355437
-0.03263900690272304
-0.020641339569846113
0.00280946080042913
0.03816239699232645
0.012491569208597408
0.005256980450509488
-0.021044558869906162
-0.016689280010812237
-0.021910549828435794
-0.015086459355588642
0.018518937911826672
0.04271605621785603
0.04079160600033901
0.04058473420160173
0.04498001599316434
0.042264338303219136
0.03428957809163716
0.024576330473751077
0.01631429407503072
0.005596764553362287
0.018892114645449966
0.01437353645673929
0.010055589121344582
0.0030462278697683787
0.008138092671397387
0.005308436350782432
0.021687822333987552
0.01459511697719464
0.030536861412626806
0.02188958953739072
-0.018282207809433553
-0.024938114592121256
-0.01679967625970165
0.0026591333271014455
0.006525570504144252
0.002824257682496848
0.006791882649123279
0.032489178805757954
0.023857016403993545
-0.0137887257196536
-0.023362527851701124
-0.02301007586160788
-0.01831193694154627
-0.016009929266599447
-0.010688520242612425
-0.012445451433859587
-0.015112340009605442
-0.021093868228133965
-0.02625554646665694
-0.02239427745748178
-0.028812655088124254
-0.02321690207728973
-0.01646808030425026
0.02119957652749187
0.030084750525807013
0.035379276857566595
0.029665364330970986
-0.013714170930668635
-0.02751054149205004
-1.0
-1.0
-1.0
-0.01932473859643408
-0.02589243759098546
-0.023604024715660196
-0.024369453044337873
-0.013070213645776306
-0.014723642528567445
-0.020292376059963313
-0.015028439993495445
0.0062891592734594
0.029374399171982354
0.04145161175857679
0.03283573318562189
0.018492072144716588
0.012959079521916052
0.032111706517320454
0.03384173523232626
0.035732350413752084
0.041616298244443205
0.03972587362634515
0.03831063194950973
0.040726014506246536
0.034002615179876496
0.03186248061282399
0.03362337418140405
0.023329285770632768
-0.018625431872905128
-0.025882497828297543
-0.024508851968652073
-0.010341519395284474
-0.018639486607697587
-0.021058722846204008
-0.03169999423543206
-0.03150657340815382
-0.02751663184519807
-0.0066538750945789715
0.03523650562824206
0.04370089589151001
0.04303558997912495
0.03496428253694735
0.02347018988345518
-0.021346879220737736
-0.02982461225642043
-0.03206886067095086
-0.02408450440348326
-0.034507729272001124
-0.036593968782980914
-0.035336100492524315
-0.03567922167052023
-0.03531895509661997
-0.03695371412142022
-0.0348169550778593
-0.03791766283769636
-0.036425495406118856
-0.03765377716688287
-0.037031830942666995
-0.0338178034131385
-0.03569772851171024
-0.03590334752836586
-0.030552307468100056
-0.01475186445322174
-0.01811386819441812
0.002465285761573398
0.033755138026008
0.036318437157430064
0.035861351069891835
0.03707886111168691
0.03897646400305951
0.04056185315890541
0.04352290627283621
0.044125588303998715
0.036315172139502125
0.008030831540686206
0.01068256702185681
0.015848639214194483
0.0050145706649642055
0.016738440329515193
0.03411009320228345
0.03203029213855845
0.03154931307648676
0.029276010991010664
0.030701507378050774
0.03511592178783982
0.04100615969441462
0.0438360652546035
0.04318463422713895
0.04384764005869994
0.04368058252005327
0.04253871661438614
0.02940935201485806
0.022945372892725687
0.030566595830375798
0.027483762194952605
0.0354696908645713
0.04273452261287189
0.043893403458391905
0.039142088279931056
0.014945436575235813
-0.011169185855132716
-0.01650850460259025
-0.02086138788944101
-0.02072028063086753
-0.025362315462102325
-0.01333167348165069
0.005220360496584259
0.013382023197372132
-0.0094916071237287
-0.028911184081730528
-0.028311459147369756
-0.026751183939023294
-0.017545921394179702
-0.02704674635014138
-0.029311842820864086
-0.017734711688469778
-0.013423381420615043
-0.015361337543931807
0.01614419361361179
0.007956236689137738
0.010529771490697658
0.021284922111193323
-0.010009703754704355
-0.009805185213394175
0.006930753974409981
-0.02249356594566946
-0.02724592833039284
-0.030579776833774924
-0.027936789292198772
-0.03137237529627024
-0.029227210118891195
-0.031081583321820355
-0.03069502221614884
-0.03464012912392056
-0.03373285930007723
-0.03403938959296896
-0.034835245389827615
-0.035401887076224284
-0.03390248555146629
-0.03536476707498552
-0.035052918375459236
-0.033104069210590614
-0.032416650113888244
-0.030592217871384136
-0.015393534356491616
-0.028783218081442078
-0.03037992610351249
-0.022151592922454447
0.011139382468283034
0.03703016991716215
0.0404464137223985
0.03774253558546971
0.04338216164597574
0.04433942467945632
0.03934057676945981
0.031045556097518284
2.587380940565931e-06
-0.030078561247595517
-0.03410570052058981
-0.03218144792872969
-0.03211379927184823
-0.023202398308176976
-0.019603039224025693
-0.020415511351160067
-0.03196659011626677
-0.03143901480574965
-0.03259998003163638
-0.033777783617276694
-0.03129805559602684
-0.03243700605216323
-0.031130610035085274
-0.03510254549348382
-0.03226496698488174
-0.029291196223459784
-0.022108757257978562
0.006000213690602701
-0.0024147066778370855
0.022164107215644248
0.016103727158535044
-0.014533305666979971
-0.02306146040547137
-0.022961347075914542
-0.02822302985243778
-0.0304649158020852
-0.03289789539556237
-0.03221484332400927
-0.029249195466125217
-0.01987781100157326
-0.024317992289145822
-0.020526218767797855
-0.01844705998423713
-0.013317780631974594
-0.021762113029141602
0.018175947733191068
-0.02032624509829884
-0.025475771530550848
-0.018549571813677446
0.03244018086172357
0.03131839934618208
0.011515918812497408
-0.014540912813601219
-0.02928247121814803
-0.02973845761226646
-0.0323615801423956
-0.02992164797940944
-0.030817909273256172
-0.03184187046748134
-0.03191584203623448
-0.029342686461573557
-0.014036581006129293
0.02446275703231624
0.03617010079453602
0.002207132365798061
0.019910782527249222
0.03395853857023613
0.033178451241519386
-0.012204205978538362
-0.020559048897069533
-0.03033888245979509
-0.03392485030255899
-0.03128017442306472
-0.032488029512631876
-0.0216831521309028
-0.020119139779803643
-0.015334791116240547
-0.0035580084883411766
-0.0010601910813429927
0.0036581259226228903
0.02210070853034056
0.02196142057823379
0.026185436998001188
0.021384344219421706
0.009380069242682604
-0.008613320072654355
-0.01601679334110014
-0.02618971866149326
-0.03051669182801356
-0.032394305364358375
-0.02880937623314421
-0.03476741424016941
-0.033470325549273296
-0.03249691720604124
-0.027980593643629165
-0.022592251607383772
0.00629551061953319
0.01339680323197321
0.0011542370061570814
-0.0033281091240932193
-0.004123660988420759
0.02215153134409363
0.024623234410387943
0.02693256291370239
0.03779068736661805
0.04166289245060001
0.043954087911841334
0.04275982284921366
0.04212709632462232
0.03475217541016766
0.04150535049737802
0.03472327724122328
-0.009057976453789208
-0.017003628050437498
-0.004349305455000949
-0.023725839703893317
-0.02205614381853337
0.0029941752574423773
-0.006509123493871313
-0.02037715781854401
0.009655667769414627
0.023162404136592814
0.011284783964300382
-0.02072006174341017
-0.024818598511254644
-0.0294597910637873
-0.029631561424186544
-0.02506419768565123
-0.012970825281594501
0.004685260124015338
0.020232431571397615
-0.015234492911774103
-0.021818624859677588
-0.02618721819404426
-0.02333377600010148
-0.026313883633661772
-0.029651709654030724
-0.031175031313230937
-0.03148265046415846
-0.02965114107573836
-0.033002215787897374
-0.02900870752248207
-0.02742218342172362
-0.02627505898711571
0.001736111838949769
0.025118327413388254
0.03682243990768717
0.039101516026933604
0.02360651219493915
-0.017297100034313093
-0.03135465242961094
-0.031531032718395635
-0.03288290415117326
-0.03096378527405372
-0.029691107716724563
-0.024020952059784186
0.019115064850967697
0.021473164665211673
-0.023912329327933652
-0.016209945821411623
-0.021369155661885405
-0.023207276343731167
-0.019606892613683376
0.017827873469153366
-0.013555288026026405
-0.02849834848230803
-0.02801152703328129
-0.031098970441426132
-0.031899455204813645
-0.028508107079027643
-0.02802011040691395
-0.025982781866998168
-0.018880327634882347
-0.015087649665891106
0.004204381237133491
0.004638086090810516
0.0026750547236466184
0.01974743585630273
0.004456525283598379
-0.004311827321030658
-0.023019052425270095
-0.024704299209366728
-0.02418097601487011
-0.023221680834851138
-0.023119586349252114
-0.028749913452950686
-0.022835355840533825
0.012985719487720386
0.0034020593146383564
-0.02331814371277428
-0.024984216244179073
-0.013407788121892398
-0.0275051363501381
-0.029113538102905522
-0.029557232884442463
-0.030259339585217367
-0.03048442260439109
-0.030263724811327778
-0.03248632892703928
-0.030160148340829925
-0.02476878502396623
-0.024530039020700733
-0.020028933165080157
-0.00917889510480921
-0.004261140197948753
0.004055128534757231
-0.0013454701192670913
-0.017517111619864616
-0.02122760868599385
-0.011042068191839305
-0.0008125141780410473
-0.018927694040667128
-0.022620311440841007
-0.024459219266332387
-0.019692663595549102
-0.013754686372797711
-0.008896661559478831
-0.012787508734925611
-0.0157383477973876
-0.018898882693361947
-0.02094212625460437
-0.030516533105766804
-0.029724512286090517
-0.030431400931205582
-0.027904747424694638
-0.028673844257207058
-0.028012418127146332
-0.02767747153380587
-0.02813348861621513
-0.02572668237983462
-0.02655821391078212
-0.027591488164878043
-0.02051898202162507
-0.010802233876716647
0.00494189386654314
-0.018315573386100913
-0.02425816719194063
-0.02599023563683508
-0.021402415809880483
-0.002832878822782916
-0.020928608892636858
-0.01938529470117205
0.010609002035623276
0.02526763684308872
0.0019517730974812687
-0.008804850277623512
-0.002721957996842992
0.014815102284001057
0.03094508095908005
0.030702282455799534
0.03072479555036143
0.03280109810318623
0.012682469849111474
0.0015610319660016414
0.002365541049859744
0.014145018316176011
0.037574383337183076
0.04281668228358644
0.04357007937948787
0.04347017947262468
0.042564948541876355
0.042416062606072176
0.043388422791547476
0.038125273843435205
0.03241377549294511
0.04000813345805907
0.04355311863006416
0.04301162360425623
0.04075868820712695
0.027967183628527674
0.024003127385118197
0.021567831994495863
0.008094160630448394
-0.001003423697449324
0.008359964203331936
0.016954628649466615
-0.0005061351668443469
-0.02151685336852062
-0.024356243476090767
-0.023737087780143412
-0.021155964702697306
-0.02412877922616534
-0.02517365717193975
-0.026280779493266352
-0.027791571505173376
-0.029636000459723984
-0.030511992392453842
-0.032267133531185876
-0.029805019369065155
-0.02912153683357873
-0.027804347464325
-0.028672033691998756
-0.028156006271408733
-0.02680792389797767
-0.024262890105716653
-0.020950239716554665
-0.02427495691747749
-0.026121718285962207
-0.026200230779816435
-0.02747785896378672
-0.02838767215342143
-0.030850848409244302
-0.031181254685724503
-0.028674961555187315
-0.028253802752599984
-0.027359901880786255
-0.025533717404167152
-0.02610353199076358
-0.02325949315527923
-1.0
-0.020769698554097916
-0.02317327273247769
-0.018270976114882195
0.01573505661088054
-1.0
-1.0
-1.0
-1.0
-1.0
