-1.0
-1.0
-1.0
-1.0
-1.0
-1.0
-1.0
-1.0
-1.0
-1.0
-1.0
-1.0
-1.0
-1.0
-1.0
-1.0
-1.0
-1.0
-1.0
-1.0
-1.0
-1.0
-1.0
-1.0
-1.0
-1.0
-1.0
-1.0
-1.0
-1.0
-1.0
-1.0
-1.0
-1.0
-1.0
-1.0
-1.0
-1.0
-1.0
-1.0
-1.0
-1.0
-1.0
-1.0
-1.0
-1.0
-1.0
-1.0
-1.0
-1.0
-1.0
-1.0
-1.0
-1.0
-1.0
-1.0
-1.0
-1.0
-1.0
-1.0
-1.0
-1.0
-1.0
-1.0
-1.0
-1.0
-1.0
-1.0
-1.0
-1.0
-1.0
-1.0
-1.0
-1.0
-1.0
-1.0
-1.0
-1.0
-1.0
-1.0
-1.0
-1.0
-1.0
-1.0
-1.0
-1.0
-1.0
-1.0
-1.0
-1.0
-1.0
-1.0
-1.0
-1.0
-1.0
-1.0
-1.0
-1.0
-1.0
-1.0
-1.0
-1.0
-1.0
-1.0
-1.0
-1.0
-1.0
-1.0
-1.0
-1.0
-1.0
-1.0
-1.0
-1.0
-1.0
-1.0
-1.0
-1.0
-1.0
-1.0
-1.0
-1.0
-1.0
-1.0
-1.0
-1.0
-1.0
-1.0
-1.0
-1.0
-1.0
-1.0
-1.0
-1.0
-1.0
-1.0
-1.0
-1.0
-1.0
-1.0
-1.0
-1.0
-1.0
-1.0
-1.0
-1.0
-1.0
-1.0
-1.0
-1.0
-1.0
-1.0
-1.0
-1.0
-1.0
-1.0
-1.0
-1.0
-1.0
-1.0
-1.0
-1.0
-1.0
-1.0
-1.0
-1.0
-1.0
-1.0
-1.0
-1.0
-1.0
-1.0
-1.0
-1.0
-1.0
-1.0
-1.0
-1.0
-1.0
-1.0
-1.0
-1.0
-1.0
-1.0
-1.0
-1.0
-1.0
-1.0
-1.0
-1.0
-1.0
-1.0
-1.0
-1.0
-1.0
-1.0
-1.0
-1.0
-1.0
-1.0
-1.0
-1.0
-1.0
-1.0
-1.0
-1.0
-1.0
-1.0
-1.0
-1.0
-1.0
-1.0
-1.0
-1.0
-1.0
-1.0
-1.0
-1.0
-1.0
-1.0
-1.0
-1.0
-1.0
-1.0
-1.0
-1.0
-1.0
-1.0
-1.0
-1.0
-1.0
-1.0
-1.0
-1.0
-1.0
-1.0
-1.0
-1.0
-1.0
-1.0
-1.0
-1.0
-1.0
-1.0
-1.0
-1.0
-1.0
-1.0
-1.0
-1.0
-1.0
-1.0
-1.0
-1.0
-1.0
-1.0
-1.0
-1.0
-1.0
-1.0
-1.0
-1.0
-1.0
-1.0
-1.0
-1.0
-1.0
-1.0
-1.0
-1.0
-1.0
-1.0
-1.0
-1.0
-1.0
-1.0
-1.0
-1.0
-1.0
-1.0
-1.0
-1.0
-1.0
-1.0
-1.0
-1.0
-1.0
-1.0
-1.0
-1.0
-1.0
-1.0
-1.0
-1.0
-1.0
-1.0
-1.0
-1.0
-1.0
-1.0
-1.0
-1.0
-1.0
-1.0
-1.0
-1.0
-1.0
-1.0
-1.0
-1.0
-1.0
-1.0
-1.0
-1.0
-1.0
-1.0
-1.0
-1.0
-1.0
-1.0
-1.0
-1.0
-1.0
-1.0
-1.0
-1.0
-1.0
-1.0
-1.0
-1.0
-1.0
-1.0
-1.0
-1.0
-1.0
-1.0
-1.0
-1.0
-1.0
-1.0
-1.0
-1.0
-1.0
-1.0
-1.0
-1.0
-1.0
-1.0
-1.0
-1.0
-1.0
-1.0
-1.0
-1.0
-1.0
-1.0
-1.0
-1.0
-1.0
-1.0
-1.0
-1.0
-1.0
-1.0
-1.0
-1.0
-1.0
-1.0
-1.0
-1.0
-1.0
-1.0
-1.0
-1.0
-1.0
-1.0
-1.0
-1.0
-1.0
-1.0
-1.0
-1.0
-1.0
-1.0
-1.0
-1.0
-1.0
-1.0
-1.0
-1.0
-1.0
-1.0
-1.0
-1.0
-1.0
-1.0
-1.0
-1.0
-1.0
-1.0
-1.0
-1.0
-1.0
-1.0
-1.0
-1.0
-1.0
-1.0
-1.0
-1.0
-1.0
-1.0
-1.0
-1.0
-1.0
-1.0
-1.0
-1.0
-1.0
-1.0
-1.0
-1.0
-1.0
-1.0
-1.0
-1.0
-1.0
-1.0
-1.0
-1.0
-1.0
-1.0
-1.0
-1.0
-1.0
-1.0
-1.0
-1.0
-1.0
-1.0
-1.0
-1.0
0.016773384347383482
-1.0
-1.0
-1.0
-1.0
-1.0
-1.0
-1.0
-1.0
-1.0
-1.0
-1.0
-1.0
-1.0
-1.0
-1.0
-1.0
-1.0
-1.0
-1.0
-1.0
-1.0
-1.0
-1.0
-1.0
-1.0
-1.0
-1.0
-1.0
-1.0
-1.0
-1.0
-1.0
-1.0
-1.0
-1.0
-1.0
-1.0
-1.0
-1.0
-1.0
-1.0
-1.0
-1.0
-1.0
-1.0
-1.0
-1.0
-1.0
-1.0
-1.0
-1.0
-1.0
-1.0
-1.0
-1.0
-1.0
-1.0
-1.0
-1.0
-1.0
-1.0
-1.0
-1.0
-1.0
-1.0
-1.0
-1.0
-1.0
-1.0
-1.0
-1.0
-1.0
-1.0
-1.0
-1.0
-1.0
-1.0
-1.0
-1.0
-1.0
-1.0
-1.0
-1.0
-1.0
-1.0
-1.0
-1.0
-1.0
-1.0
-1.0
-1.0
-1.0
-1.0
-1.0
-1.0
-1.0
-1.0
-1.0
-1.0
-1.0
-1.0
-1.0
-1.0
-1.0
-1.0
-1.0
-1.0
-1.0
-1.0
-1.0
-1.0
-1.0
-1.0
-1.0
-1.0
-1.0
-1.0
-1.0
-1.0
-1.0
-1.0
-1.0
-1.0
-1.0
-1.0
-1.0
-1.0
-1.0
-1.0
-1.0
-1.0
-1.0
-1.0
-1.0
-1.0
-1.0
-1.0
-1.0
-1.0
-1.0
-1.0
-1.0
-1.0
-1.0
-1.0
-1.0
-1.0
-1.0
-1.0
-1.0
-1.0
-1.0
-1.0
-1.0
-1.0
-1.0
-1.0
-1.0
-1.0
-1.0
-1.0
-1.0
-1.0
-1.0
-1.0
-1.0
-1.0
-1.0
-1.0
-1.0
-1.0
-1.0
-1.0
-1.0
0.03558455828948035
0.04138539119811522
0.04326724469017866
-1.0
0.03987358775111665
0.03629702729216138
0.03492762784417561
0.014783306865061064
0.018602288548427364
0.011363555025554374
0.018915552313499114
0.004446200005516585
0.0015718797797698574
0.014810371224202864
0.012626434788695535
0.008602117582303257
0.0002014809230697339
-0.0025910220229461794
-0.014872656343675798
-0.0011309609727548227
0.007160524436279476
0.012449282875192135
0.008076659700159536
0.003354430775241746
0.002886308437564451
0.001440771713548013
0.0097888458745172
0.015528558674594295
0.01744290186431182
0.018647277366723062
0.013161235686986239
0.0026844314776714264
-0.007650484311685732
0.0050451330180211
-0.000703349734652156
-0.004769817955333887
-0.00716237857098408
-0.01657990602350147
-0.008734371032981122
-0.01107810578043161
0.007665691724307906
0.0026619662250626707
0.009698334304549677
0.015151459183693195
0.01276411388206065
0.009169971998053528
0.015636459667271067
0.006064497887336467
0.004171995254877107
0.011881303912596867
0.011011837821826813
0.008751978536724509
0.014100251880485056
0.016987532852987812
0.009172406547707995
0.010666391933572227
0.0042979855256161156
0.008494415003057223
0.01361532533672106
0.007970872217573925
0.005466852252979995
0.0043398560248549935
0.0023840613512702453
-0.0012229238622505968
-0.010939615589133976
-0.01387231974833717
-0.01657430926909951
-0.0165270640730009
-0.01715160982871696
-0.017880648903064046
-0.021063368855418825
-0.02136262856812363
-0.01325918174057189
-0.012581488823852406
-0.00448092111880671
-0.001957911468457795
-0.00917052343566538
-0.004285202731958026
0.002398102987780519
-0.008778272055225618
-0.008226972281465683
-0.00822146913740123
-0.0063479206414161354
-0.004854903989936648
-0.015541676845080295
-0.012429863234804816
-0.003976418353528936
-0.006803162444471132
-0.016238452372052962
-0.014386730035853614
-0.005014291286097384
-0.001985365290969531
-0.003085048561254737
-0.020499214483513512
-0.019847973220104634
-0.010316070485175185
-0.009596013261540989
-0.013500183296067269
-0.021509231885400756
-0.016002143598217618
-0.016043976659281325
-0.00652247284193339
-0.004989649730150236
0.00828881556378369
0.009254646693840475
0.006208733549577707
0.012737793742234872
0.007541383437473251
0.0017517835198851668
0.012165995392393865
0.008956164023798771
0.015995011700966722
0.011453608914150435
0.016926375841874952
0.01647989172911607
0.011143646731713874
0.015910742855697883
0.01396772993339127
0.016110756108599467
0.019456405145359106
0.0178028512121615
0.023876628673929444
0.020696648380244986
0.026320227954856446
0.032103214977918466
0.026139158923357
0.028711532591625972
0.014402604141150716
0.021799971987610172
0.02289003980180465
0.015294191286748061
0.018001962911186928
0.004872734756662768
0.004124343156239646
-0.0030851519781405303
-0.012266901627985306
-0.01519137102224468
-0.016250709820376057
-0.01668430873342401
-0.0037080496535523574
-0.004772405303538309
-0.0017133118921317093
0.008736086401322746
0.020172807243426977
0.022580312125778042
0.023571126843160848
0.022206651226150544
0.020167608642033204
0.01099565077574988
0.005425398302807771
0.018405675512899664
0.027941542191935134
0.016667332687258004
0.023384057375228723
0.02234836987992291
0.030875650448223588
0.032565409547575135
0.03748602488848778
0.03355690186035697
0.03439708290451364
0.031615768750255506
0.02945896165871801
0.012288774497583534
0.012942968828339578
0.01856806791270301
0.025389371485619525
0.024602792386146932
0.031293936427170405
0.03911427130921927
0.03964697199167335
0.043949888295564635
0.03099087634618108
0.04393546330688258
0.04572143374252641
0.037354692105020224
0.03604863772410073
0.03145053053200417
0.036072190590092194
0.02872973678589494
0.033142850250228846
0.04576203543595657
0.04580972706422032
0.05153315226180712
0.04142041311857394
0.0381607266568405
0.03543499215038869
0.03758054484785247
0.03356428401845714
0.03203962252074315
0.03049198456213726
0.03196498733270305
0.037040520991803993
0.04317036577959162
0.046074298691262
0.044658922429396286
0.042490806291885966
0.043773198142228485
0.048742570553216395
0.05373622750897742
0.04632526320534838
0.05294998420955933
0.04505942149914555
0.05072227554684658
0.05292631609096265
0.04742107768008605
0.05610470793672757
0.050830054124630396
0.04750651380425675
0.05133827606640016
0.048221974215936964
0.041064180333861014
0.04990349482680402
0.043153458639965565
0.04051304057145386
0.046014491998073545
0.043002968613018354
0.04275057687663312
0.03951676324795625
0.038542523770502116
0.03750080606410481
0.02881901277691244
0.03433849486599146
0.02806610846522144
0.031631317307039976
0.030344170980702093
0.028045045941658155
0.019606548234062285
0.018422255329384282
0.008813448675034885
0.005228874272679453
0.009681099662213527
0.023664529827914133
0.020311775939726544
0.028027490079567438
0.020362378689730766
0.02438861922055283
0.021697533449855616
0.012756013457194262
0.029219891750647604
0.034265696933455575
0.03861633610268495
0.039775778908367664
0.039032070958233404
0.04175771643117324
0.043218251446408375
0.04434684411804666
0.04523371931831349
0.046375745025767495
0.03988920532293351
0.04652016017007627
0.04621411198149079
0.05326228610588362
0.04911564854800069
0.054121835718345515
0.05007199626469593
0.05066049692711314
0.05129367487497067
0.051668087620046946
0.05082659934949415
0.04957952335875365
0.05099565673580713
0.05636438660483216
0.05329810816401404
0.05341981259684661
0.05137700491939227
0.05271866818919582
0.05221906379454034
0.05677647515547084
0.05639365004635869
0.05426862816925787
0.05360021455576373
0.05244889971527078
0.05261119762000209
0.04929534532047089
0.04915353917888995
0.04308377815234538
0.03352252579545305
0.035556893040314085
0.040303747334316804
0.04309550139044194
0.040038879286176894
0.036177109892264844
0.038349141655216586
0.0318520530113601
0.026591521230808712
0.027202032357603913
0.021617567440004114
0.0252145831394177
0.029647438593758006
0.03525999173219422
0.0320596258467271
0.029877796079495273
0.038800835448697654
0.03150697081459475
0.032654285258842425
0.03122651293629793
0.02454036552786877
0.02462571111205293
0.032283647888170175
0.04141774831131027
0.038334954146988884
0.03899790241310344
0.04352643038758954
0.04228400888483536
0.04065565453215474
0.044163870985249654
0.045613302764722384
0.044711570350489026
0.05064464700680115
0.045999774494724026
0.052077113475282544
0.04685491435763182
0.046928688873948125
0.047821063436974044
0.046543307285887806
0.052527387967265804
0.04872168884866077
0.049018699053820565
0.045531667509493216
0.048909448301140204
0.044608779253451636
0.04992692945125525
0.04838572038020936
0.05704299594736379
0.05079556505310958
0.04341866972712347
0.04374878594844195
0.046143007820814354
0.04128163273107721
0.04925602192375573
0.05047010617683862
0.04421651069989428
0.040400741239000046
0.044560797554044275
0.043217133781870073
0.04762770414060878
0.04059164330159587
0.03965924519847694
0.02980501473379049
0.019594156569170414
0.025870393006915487
0.03516135204195098
0.03180383582907142
0.03076827358629868
0.021160535167891004
0.013434669318337734
0.026625005045477143
0.0190128811945215
0.01632904640535861
0.01825638686500485
0.012150500861856988
0.0034896480510272555
-0.009395978299411079
0.0009364107535591697
0.018090212510135113
0.011810560056138111
0.014558846286295774
0.006197497929758448
0.024522905560811884
0.022077641584843412
0.017305047605746405
0.021695867389950708
0.01961600277373167
0.008989121275398096
0.01908717735231116
0.013264434787638942
0.022058423354283006
0.02986670620597735
0.028308852981259156
0.03183847265852582
0.030277110353285425
0.02863110612888763
0.02869562568974837
0.03594551591001645
0.03753829889988324
0.042107025953827856
0.04100691510636807
0.048563607635918334
0.04773344282629048
0.05069631598893921
0.050670919680449455
0.060402425017063964
0.056429763131277934
0.047555224160275515
0.05361019330276875
0.05307875196737299
0.0556052563958216
0.05033284532264589
0.05549893656866786
0.04682758115851564
0.045144965669305696
0.03884636786497549
0.035488285552484004
0.03187913938286522
0.03513262059658394
0.0366390521426373
0.043427454123449186
0.03501957326938225
0.026225683636173322
0.039452625324511756
0.048333173273203994
0.04191144734038667
0.04305029716465861
0.04832525496850308
0.05559242770899161
0.04463157272698542
0.04949540463862428
0.05291604877335301
0.05253862095219112
0.05278933346810501
0.0510983622808744
0.05263789914844346
0.0448310351578459
0.050965720504765104
0.05511331547640625
0.05344685896246298
0.05013920032281612
0.046749313442267
0.05418446252116102
0.05428418453831316
0.05948795530310599
0.05344425765093245
0.05937280896561622
0.05172296824082354
0.05589517416277596
0.05771321081318692
0.057373547289177554
0.05490017699894851
0.05113468542382026
0.05913531704891194
0.05831018676051785
0.05607287288891577
0.05598906142489846
0.05218680222308135
0.059502488194156045
0.0556287979374774
0.05564663287321334
0.06036443326883445
0.05600649462216547
0.056376253414218494
0.051609137718533094
0.052653537595824945
0.0507064736660963
0.05517573049740095
0.059445864487621576
0.05651898759769627
0.05475180500359199
0.04665386370935544
0.04640678396563375
0.044591047677156624
0.035037464474030576
0.02867355310760904
0.0365130122063762
0.033741274718505146
0.02864189096301546
0.023593265500295668
0.027877375001437228
0.02439877695119214
0.023581773583678477
-0.0006650783885928303
-0.005505261153181665
-0.0011054613281253863
0.002966552995762354
0.011001448255265302
0.004101646569435033
-0.004272480010363173
-0.014733204530907597
-0.001862402327219281
0.0014451133389158054
0.008378941829466928
-0.003090240209346199
-0.016881981764192894
-0.027444981859084935
-0.027024406814164563
-0.03029832827285804
-0.030857693383717962
-0.02776043922857149
-0.021748620322413932
-0.02443835450981121
-0.02731818463106847
-0.029046620948495985
-0.03181557634101446
-0.035349817653377906
-0.022537854434377284
-0.009910996379572438
0.005253174406444468
0.010915340995657335
0.007943762929388141
0.019264053716971794
0.012238622811119865
0.012844558216272063
0.0045858879615818015
-0.005491581360299202
-1.0
0.010420498014540812
0.010641680786759512
0.0011771358513145986
0.0012997867992574933
0.00019632930808083908
-0.002349823476223635
-0.0038688404841362646
0.007009800828638408
0.0157762595746625
0.017130906518859245
0.010936302615218588
0.007165894788979719
0.004494840593546908
0.006776541474341782
0.011732889357868655
0.0003509712056227906
-0.009312802168031467
0.011313810176844852
0.017102211455660796
0.016952060176840093
0.022356326882905835
0.01881451718862969
0.02406737577122594
0.02729182694375664
0.030995183648999083
0.029959254780133712
0.03259433929437959
0.03257243153313447
0.03243301887139568
0.03327045853230533
0.031314179872748
0.028364782826415632
0.03173984340788804
0.02968916538635078
0.025923707322716424
0.017924262468490968
0.022833509920018372
0.024552198149985948
0.02155285669299163
0.01652013277495916
0.017974262934983082
0.018318607790578444
0.021004048264032193
0.004599492455759187
0.014804790287651748
0.008849848987397761
0.013101128129632794
0.00813066388862593
0.004393896389188089
0.005416977472633404
0.002630406809396426
0.010930250696458213
0.016976579666142494
0.013605643030344249
0.019848378571560726
0.011662637057932912
0.016768791574237836
-1.0
-1.0
-1.0
-1.0
0.007796918064757547
-1.0
-1.0
-1.0
-0.001516318144478005
0.0045106981151613705
0.0012315168628654445
-0.007027164848759789
0.006519374092428709
0.0048182451851330145
-0.00100493843061104
-0.00507988301021792
-0.001881505151053796
-0.01291959359915286
-0.005687344913590047
0.003546759082882778
0.006431914517837406
0.005918523329989226
-0.004236735906412828
0.0021089209989766876
0.01082153428678324
0.0030873731255810295
-0.00875379923417707
-0.01406191886805599
-0.0023293430748847236
0.0018523671594248032
-0.002159599775495071
-0.015127612559524347
-2.742568373068658e-05
0.0011194803816975045
0.0035681699310337735
-1.0
0.0008661290723291684
0.004163751774086524
0.0011366284921963399
0.0038051768765422615
0.005377379775785694
-0.0059181631070619085
-0.00037240538553222493
-0.008492318064454834
-0.017120830493984864
-0.021806396245977386
-0.02419909037998331
-0.022854664861702782
-0.023777908693309213
-0.010921746271934185
-0.0011232876728763878
-0.005754300592369865
-0.01503134199706196
-0.02459608514427022
-0.02261734232391719
-0.017603711862343992
-0.00906796063960984
-0.013826972905732298
-0.016775004563723384
-0.010391068576944778
-1.0
0.005439674477962807
0.013047098753053037
0.01848473234746274
0.01969851188369396
0.020099815383622904
0.023381366355274272
0.01928914564982063
0.024161900225445912
0.023440506323858572
0.025101999926020288
0.01139157396732081
0.0036406336568445756
0.026344406533235543
0.02059772774366428
0.026470098381404954
0.026696398000147083
0.0336765209203728
0.03009846007607933
0.026007376964929798
0.030372512101380297
0.039692757279703
0.03509780106837882
0.04522612481534209
0.04695277777896879
0.04289656799710801
0.04993262914856526
0.04751799573113531
0.046672797834464284
0.05190363024524786
0.05440061535821551
0.053681490661558286
0.05304958758999589
0.052371408798409035
0.04846367309329165
0.0506827193239241
0.05182697694221528
0.056099290488830285
0.05292156084977195
0.052231727515459084
0.049184479385942496
0.05363168556066052
0.05176039170476142
0.05659275080326664
0.05206066938216543
0.05569720147617888
0.04897562003283867
0.05101568096498039
0.049508395547171194
0.057157115312770505
0.057127168735388846
0.04866551426227116
0.05224385095506307
0.04994703485987402
0.051781110332946134
0.04887739454846212
0.05110892876510646
0.051231649792218316
0.051109645253058195
0.04465643985555984
0.05386511740609671
0.05173738901379384
0.05460287325195033
0.05677089610774537
0.051454374933328946
0.049857499139005466
0.043164493510165935
0.04533622274989951
0.04328569086444141
0.03098536165855022
0.027542559225677908
0.025562213812451655
0.014180508696955484
0.01700261571219338
0.025953915334034062
0.032367313058527344
0.028165095680417678
0.03306784412057099
0.022488998421655453
0.02606601388348542
0.021247477371622026
0.028828850587671838
0.030978335480712438
0.03202175573734038
0.03352551792864634
0.026427454009097236
0.02674397322141484
0.020665803904381292
0.012095158593989845
0.016016326285219356
0.00977141088401813
0.0019249838199861598
-0.009082891531649331
-0.015572867028418862
-0.012175321516660701
-0.009428866770699587
0.010007574418436459
0.00793165398625162
0.007264377516315064
0.017574219391190374
-0.0005888406005799354
0.010806639282790655
0.011932093834260523
0.012173094872169773
0.011253560087228939
0.011596605560135247
0.0063315887054354964
0.009854771671816868
0.010490345767293444
0.007946279684615535
0.00525461404358976
0.005878477274029756
0.005764776545309283
0.0059007104298403265
-0.002555025276798429
0.003303965238524937
-0.004163643828488613
-0.01950557173600025
-1.0
-0.02620087325034543
-0.0255994423846533
-1.0
-0.033089401207723634
-0.025282563574543934
-0.029066238808366934
-0.03076573718934457
-0.03081334420900893
-0.024261843050876686
-0.021597849718754395
-1.0
-0.022497698169229943
-0.020416987894371134
-0.021305809949725522
-0.020536120124153037
-0.02901119838023048
-0.024238419843865936
-0.02707381975554177
-0.02101414919136947
-0.018300153537897657
-0.015406886609780278
-0.01084299373655868
-0.009386979410070053
-0.014880401748946654
-0.01355973207966328
-0.010278020643756028
-0.012871647945524933
-0.02078937029229479
-0.02558265410333113
-0.01835553751389846
-0.014192666765763876
-0.019410814786709574
-0.018010949396205223
-0.011923399364835184
-0.019628552256767982
-0.024221444119846697
-0.02270735198389626
-0.02770412509399147
-1.0
-0.026184511523683337
-0.02073708512054321
-0.024380481942026983
-0.03294760124411556
-0.03354290850529468
-0.027963291022279516
-0.025019011812288213
-0.03144163231225916
-0.03287285816982857
-0.03146158364921333
-0.032586809065082815
-0.03462586522587295
-0.028060219693446346
-0.02700371958978234
-0.031089584056799548
-0.027391825312342494
-0.02586986156658501
-0.028495187169487294
-0.03149314206339728
-0.027245753110964256
-0.025116900708266342
-0.0297906149548567
-0.029830228332388076
-1.0
-0.0332260481870603
-0.016633171493894348
-0.02423307273169888
-0.013882866994828826
-0.01564811996948056
-0.016109214598332006
-0.021006584009220685
-0.02225221411014208
-0.011158327059731469
-0.014914899009549537
-0.01280418062177261
-0.013636483220468091
-0.014445619997721737
-0.014570961666828811
-0.008164088606988088
-0.009906780265372016
-0.01332530260856642
-0.01948423692304252
-0.019094603386277706
-0.01936449852663145
-1.0
-0.01242354780312418
-0.015780502830847344
-0.01040314665444933
-0.022910132743096265
-0.024548739616710134
-0.018060735759687162
-0.018357831527602602
-0.02147419446707816
-1.0
-0.011036283709241318
-0.016599975101402837
-0.01489136694465777
-1.0
-0.017090231352179297
-0.022296460496711842
-1.0
-0.02838328432651254
-1.0
-0.022660572689561134
-0.012771395974475101
-0.0159347887156442
-1.0
-0.014969127598943628
-1.0
-0.012656567507322018
-0.013201395175720968
-1.0
-0.004336793015795154
-0.008153779358631137
-1.0
-0.01187453265093921
-0.01690648328802821
-1.0
-0.012226552625434931
-0.008245247015417116
-1.0
-1.0
-0.014546880164687494
-0.020300381064029937
-1.0
-0.006001268250648157
-0.005873445384516448
-0.01600889958267139
-0.008693067031170322
-1.0
-0.006328617769929131
-0.00711075680816089
-0.007380046500864933
-0.005475831142945982
-0.00771347430784948
-0.004345001087146819
-0.0017366612024459667
-0.006675574448911591
-0.002995440861675277
-0.003552689162423398
-0.005693334744367201
-1.0
-0.011124806502423064
-0.011039177954090037
-0.017613904184609355
-1.0
-0.007226950637870188
-0.01866604459367344
-1.0
-0.020291392277901606
-0.028730892741815336
-0.021500209029706306
-0.029159706055665216
-0.028726797329625325
-0.03265469818531549
-0.0275156652882212
-0.0252145209781396
-0.019439743410481325
-0.024371640782830818
-0.018963693040678634
-0.024286321668426054
-0.031633868263747596
-0.0270788364778581
-0.03267225821079201
-0.024074620732540266
-0.028247519974747098
-0.025464680100165497
-1.0
-1.0
-0.019669950170171882
-0.014488864804469436
-0.01834487889775847
-0.019420612030410348
-0.022652361356612905
-0.01709144208678751
-0.026446432170766292
-0.022915570536653197
-0.026033475609038167
-0.02085995432716062
-0.02484795296536313
-0.022651682257411057
-0.02381653490041298
-0.021570665430877576
-0.027460946738763196
-0.01961693360626334
-0.028670283088087993
-0.025832797310189382
-0.023790724984495942
-0.015914945501605163
-0.019758098234526796
-0.02231212240719424
-0.020595426421424205
-0.017004204122910527
-0.018436792989535995
-0.02136602658151626
-0.018021524802986705
-0.021423018852828744
-0.017935283488571666
-0.021099270816000854
-0.014592349857132552
-0.010630420228485262
-0.019958769223083882
-0.019590334924936816
-0.019569181692716323
-0.01576660231934767
-0.020750311239540353
-0.025459246091734
-0.021747335302496496
-0.022818311151924005
-0.018681351280690827
-0.022833114983024032
-0.015264464437607204
-0.010815175187734342
-1.0
-0.017675728539714712
-0.011893107880670691
-0.007662061770096501
-0.0016401406152863982
0.005357965993837402
-1.0
0.005093877074107722
0.004905111296448831
0.0004242103172212641
0.0008133460767194611
0.006527031219791033
0.001983102539485072
0.005758836075438932
0.007855232549598004
0.004919898307476853
0.007204723620335639
0.008394869099282791
0.009214749811053446
0.005262901155169884
0.002713221629110596
-1.0
-0.006276628828234042
-0.002951375261506031
-0.003890810807971676
-0.002025922784829906
-0.010038485676240577
-0.009094672128436012
-1.0
-1.0
-1.0
-0.021498358097944512
-0.02697531509975321
-0.02492239713739601
-0.03069431023950119
-0.0044049398253574856
-0.0002973412434757461
0.0028507097887629485
0.000953559290819647
0.003829193659803176
0.0019309130032762153
-0.001589857751157287
-1.0
-0.00510308445906517
-0.012996679863172373
-0.012922424799344885
-0.011190875020742988
-0.019171471561029232
-1.0
-1.0
-0.003983918862829109
-1.0
-0.006538039133350459
-0.0068788901413035525
-1.0
-0.015272707553099516
-0.013845585861985235
-0.01228317121665306
-1.0
-0.0065993912182428635
-0.009908505902715511
-0.015303040327644138
-0.014378964822458772
-0.010893545046507148
-0.006882396016221256
-0.009164690020686563
-0.00823866770610486
-0.0134379314782735
-0.01319476333673356
-0.009686263351659735
-0.008502958074773487
-0.0004484653097838817
0.0015889594474670311
0.014810959116554223
0.012810111666422215
0.020437436676317654
0.023668938484001843
0.022491590900311942
0.021049274843005044
0.01887005287865441
0.01582775579481352
0.01889675540066179
0.018517493479443075
0.01724983494136832
0.020449026053997277
0.022319147358685197
0.023590863945040938
0.03473407660070798
0.03416654885732851
0.03270858794757123
0.03202622099554091
0.040502282773652636
0.042974951123308854
0.03266398771420667
0.03626262669155787
0.03389070900655517
0.03243610347085478
0.037319675965928195
0.03139180964467056
0.032883248652595766
0.03040615401845114
0.036992900077396085
0.03302093154524919
0.0373605636842921
0.04034635546568066
0.039445796087810785
0.04260927643156991
0.04035921297504461
0.043447411680513685
0.04191274871428647
0.0458340854931093
0.04525628553202262
0.04792984633126571
0.04105582571995178
0.03790994329212168
0.04464678991294573
0.04513153097520894
0.03943809393668076
0.042813755665338786
0.03869461443729578
0.03928183495907925
0.04079760664321929
0.04293194781090487
0.037246913724863766
0.044679278930755656
0.04189371356917503
0.03837813649898467
0.04035803148535058
0.03607577544088666
0.04145155947018357
0.04029281259152509
0.03926560767233768
0.040217825495182304
0.03708841229166787
0.03893137097503694
0.03808361448852428
0.035633735827343645
0.03554377030863895
0.026465877721998682
0.0160401913587451
0.016038960174837757
-0.00043803100366223536
0.00025114075217785544
-0.004584586457090162
-0.006840958623227982
-0.0028655424396512833
0.003121149160866844
0.009015375928610252
0.007733684677086425
0.0051660000274892
0.009077518677244288
-0.0004650396594503316
-0.0023876282052031693
0.006839536956996116
0.0017040229607170813
0.006105550177647017
0.00829999304194871
0.005421222722219069
-1.0
-1.0
0.007932144640466338
-0.005943146656308487
-0.0033116952735439
-0.00528865357386958
-0.004919539477947365
-0.003574872373162863
-0.007157625450178812
-0.007809992473294155
-0.011655680573944742
-0.009289654542678901
-0.009075049817439085
-0.01535119304076402
-0.020993554449788784
-0.024629414443123877
-1.0
-0.01740864670131425
-0.01790879288245345
-0.02156082280705947
-0.014738580017018185
-1.0
-0.01544324077501867
-1.0
-1.0
-1.0
-0.01786029815226874
-1.0
-1.0
-1.0
-0.014263888774560802
-0.02180960692162841
-0.017147576794444116
-0.013739288297884308
-0.012759952600984146
-0.011487272004260361
-1.0
-0.019610315494428536
-0.022562888794814162
-0.01629486015546281
-0.02281078989541825
-0.017666789534257356
-0.01768442617933458
-0.01694856966987969
-1.0
-0.01355853844204901
-0.01613377493378571
-0.017760548419672294
-0.014640877507913633
-0.02373561595663187
-0.023156851381622077
-0.019569352555760734
-0.019251256163855014
-0.025435112947098572
-0.029908835774742945
-0.021364595303756666
-0.019197527856309807
-0.023017440457544197
-0.02396865972965858
-0.024376199250087376
-0.026827225665625305
-0.024622392422198637
-0.024030248282297554
-0.028087715918174955
-0.023620254129598124
-0.023300752771688218
-0.015527751745245847
-1.0
-1.0
-1.0
-0.016526208562589073
-0.014865783540579134
-0.023294399619346918
-0.016086848275444102
-0.01860148859083029
-0.02223278922230456
-0.021981009857939427
-0.020286209253353154
-1.0
-1.0
-0.00937463164503427
-0.015798333556210804
-0.02054304204441401
-0.020437737363760235
-0.023953175067160645
-0.026049843665684757
-0.021408483338746294
-0.02327131750015503
-0.023564466292903923
-0.02566685165508283
-0.01816409069268869
-0.028425176861307116
-0.020153808846826153
-0.02611539821816241
-0.024682334621590907
-0.019744967970752945
-0.020088009331567954
-0.02184076413722391
-0.01786554146552605
-0.023946592853288685
-0.015763673631385214
-0.028914397072959105
-0.026569048915707216
-0.02887400526425026
-1.0
-0.016923472663625014
-0.018200549158753947
-0.02274822626316333
-0.02370214998833712
-0.018520094215706728
-0.02401434190867927
-0.019013733398220815
-0.026330004705155053
-0.018094550256026614
-0.015542097278908004
-0.016101645930717987
-0.019023060034447998
-0.021194097772481914
-0.015934802799995717
-0.015684601933212618
-0.017458449276551942
-0.004282015837870896
-0.008778257996441977
-0.009336395196508423
-0.010930780754359055
-0.009754751089389035
-0.01358128045695342
-0.014180582229222817
-0.02308697193521977
-0.021158508555980626
-0.021704802838785082
-0.023104982488450294
-0.018347208823887306
-0.02392646002739054
-0.021060761794552442
-0.020919366651468825
-1.0
-0.011520456479507113
-0.017375239091784622
-0.016604294179163568
-0.016703411435406657
-0.01937241812362472
-1.0
-0.017916666757881512
-1.0
-0.019049490394097555
-0.013182018483526035
-0.0159821947186744
-0.015828652451749338
-0.025387092242572212
-0.018828568391400145
-0.020469563861036058
-0.017281427404282942
-0.022226318469548572
-0.02147108947609351
-0.019860080101017006
-0.02374976083615389
-0.022183367255452037
-0.020570062777741576
-0.014795697442220215
-0.01782783642173586
-0.019781882647446306
-0.014256490356485478
-0.01796181197871683
-0.013221967582688334
-0.009578075301282976
-0.009132500542916696
-0.008040819193560391
-0.0064644207357825705
-0.011705013234112218
-0.016046030936492595
-0.008601549199159026
-0.01740177727065835
-0.011559633010351397
-0.00797102904166891
-0.016837668376768162
-0.017110956293163445
-0.021728590324676715
-0.013491030451169887
-0.016855342184347782
-0.01583896098974815
-0.015169494930117012
-0.016374899776173842
-0.013473187934253002
-0.018121151011931142
-0.021452935317423465
-0.023821255732961608
-0.019533880792380262
-1.0
-0.01928721472332707
-0.021677232712773168
-0.020998184991118732
-0.021018362492218765
-0.021493938106868893
-0.018960939110143224
-0.019262901054392316
-0.021132190773633854
-0.021442779119002418
-0.020432030342903786
-0.01692754291814213
-0.01615589455361338
-0.01514042165290284
-0.0173791717834735
-0.019287536537011672
-0.018246503000536346
-0.01581531251590833
-1.0
