-1.0
0.05110779014299771
0.05416351961385943
0.051983103064792854
0.0579632336486221
0.050946725254854275
-1.0
0.059712775899815246
0.060945667043934955
-1.0
-0.00027408552748271845
-0.050971261541427025
-0.04704511063572393
-0.04909354158332131
-0.06207844570261336
-0.06439656978352876
-0.054174916783550485
-0.06558075160803076
-0.0608933824779433
-0.057036694959255244
-0.03676348548509827
-0.030444013554886913
-0.05778700189912769
-0.06602558900061921
-0.068905908498214
-0.07283591937960325
-0.07115056084196965
-0.06428954525408165
-0.05118861401697357
-0.02694267537402984
0.035189157398295715
0.0634359220701883
0.07388747414955875
0.06926938946151315
0.06918479190322577
0.05893553355729077
0.06950891615260629
0.07084615548885462
0.06906449626035469
0.06682933766969111
0.06931573456750105
0.07010371961654181
0.07064167820090203
0.06867073865870642
0.0670879752306484
0.06357120502894636
0.06652095408409003
0.06758663551204243
0.058937770341948366
-1.0
0.05649331526474696
-1.0
0.06214871397945788
0.06688624891574096
0.0686073897200539
0.06972173187878931
0.06738215696441385
0.059358339012250315
0.0559523342591967
0.031052589156554577
0.03771329032782281
0.0332536640281798
0.023162721850321786
-0.0060257410933748975
-0.005338499499763917
-0.0007209060364672223
-0.017177313305937983
-0.033267282287389274
-0.060256388325647746
-0.07624467049926104
-0.07488326944047627
-0.07834594930359784
-0.07712994844987761
-0.06906938604851239
-0.06388866942759212
-0.06838131491845073
-0.06077829737253855
-0.018247754500539747
0.0024927854231337407
0.009419195788197755
0.0243889278096153
0.022851239477740502
0.025337774025008357
0.03309801903277475
0.026266320047192537
0.03546124193871985
0.02809657927083988
0.029280009829295843
0.018393208322359727
0.02317552064828596
0.005242470434917249
-0.0049943347650647455
-0.03755488629303112
-0.06687038200853714
-0.07663568881963748
-0.06661357017990378
-0.07158421294618168
-0.0557792055165588
-0.07733029279934822
-0.08029886799698961
-0.07776168392279587
-0.07645985829782387
-0.07003026611847922
-0.07147864980575704
-0.0754566175288113
-0.0698381957450145
-0.053200205521568344
-0.010418947759518148
-0.03154361539268973
-0.03937750085570029
-0.04952585119205793
-0.04457366609197521
-0.04567969636178679
-0.041495769176338126
-0.00239848588230911
0.01947077271280115
0.009803790454573334
0.037479500447428184
0.051666349231376356
0.05063714321879604
0.05628903369165994
0.04910128056985727
0.011616209884417137
-0.01666292886675137
-0.0353052756665374
-0.025119483933668176
0.0020271481030745215
0.016664533599028506
0.026646977079311965
0.021210967065858486
0.04169502652663522
0.04952782028631077
0.05335970178714891
0.05695005203256935
0.054752467199742035
0.0659288578114464
0.0657448685299752
0.0630173460242959
0.05457631213455199
0.0566714424595626
0.05589324124197252
0.05289801045730522
0.053951914587131056
0.05660249255177008
0.06017195310601171
0.0616867420393316
0.05340458745565911
0.06150772148785919
0.05343719841510515
-1.0
0.04204082391336277
0.011392636372227313
-0.010906556736721341
-0.0516267412505598
-0.0815760382652739
-0.08428008321679681
-0.07907274799713257
-0.05008880987897475
-0.0622704403555798
-0.0791457338981473
-0.07787643906773857
-0.0726211817156376
-0.07702007351031075
-0.0735842194509799
-0.07056020553342107
-0.06802232971284435
-0.05655628700745935
-0.03566341514705355
0.031888905593996084
0.0433871963241611
0.0402822343180206
0.031472032340718305
0.02252929794480008
0.01763130113244553
0.02353304592918809
0.01456099912725236
-1.0
-1.0
-1.0
-1.0
-1.0
0.010297197175092584
-0.01712990466863735
-0.02146722649387652
-0.06644069900298263
-0.07547032026182848
-0.07372199905536429
-0.05141202658797214
-0.02136783449563414
-0.05105469900303436
-0.056703271675844456
-0.0654384682774989
-0.07070173120758165
-0.06409855409380263
-0.05202366591408396
-0.052657607690874755
-0.054218838023288765
-0.05163060814665495
-0.026361837364419258
-0.02491312886301288
-0.011142331587110092
-0.013989741546878692
-0.03931558093585865
-0.04886765682835369
-0.060094319907078135
-0.07587074430702771
-0.06628032307904191
-0.0654535210843372
-0.054711656879846596
-0.04243670361441101
-0.03127921230027113
-0.030293257905987383
-0.020506285640376282
-0.014050295806859547
-0.0006849716805465909
0.04820036362641705
0.028149217347560478
0.04930908712107122
0.06352476201208465
0.05669087405989896
0.046262997174511176
0.022470915507068305
-0.04219546073094772
-0.03832543328071181
-0.01216194395056839
0.00047432734334464354
0.014140883018805617
0.007979831830447549
0.024224639157940892
0.0170586958173228
0.005906698022858311
-0.0017285719679256718
-0.010298112190797801
-0.056861518299074806
-0.07992717197425275
0.00042704881650803536
-0.020305342461903512
-0.07370140756894587
-0.07316271633309476
-0.08232559595176725
-0.08392175305391657
-0.07150323058948141
-0.07735267361215624
-0.06541406345335633
-0.004235071446348838
0.0024547541018295634
0.017743393297769024
-0.013594273638685574
0.017371732109794372
0.03273747678460799
0.03450664239294255
0.013157396713281238
-0.027593203877654918
-0.07440347410806966
-0.07609746403780193
-0.0801872967204592
-0.07376636486299123
-0.07322063257734551
-0.08008050701206218
-0.08026517830970287
-0.08199649750273952
-0.07878413271825269
-0.07982067803385776
-0.08576058227737664
-0.08381634928083284
-0.0761847555681281
-0.07371187770451404
-0.07493761353518102
-0.03983771150123139
0.028217356159731234
0.016086435040795433
-0.003993399268915239
0.017781457125104302
0.04681294207546878
-1.0
0.03653242445212701
0.05539775350544323
0.038890536164818454
0.02266859614590815
0.022153636617991933
0.00996601274055347
0.007562128401525983
0.021149427527336263
0.025725653154611363
0.04562341659298296
0.04301980306030555
0.03937083738383766
0.061829452861109496
0.04330636177702274
0.04069120828076081
0.04053891728097472
0.0555214816946268
0.043206829317285235
0.04227059617406415
0.038388285211877114
0.04055345657345181
0.06291269763591043
0.06342364887944976
0.06796163139496154
0.06866840210183303
0.06585340567311962
0.06643567791411463
0.05648331627626476
0.05286195380165873
0.0596027379618923
0.06966174328391227
0.06839791587793631
0.06358445907801014
0.05395659323780636
0.0356812088193467
0.04124840864736437
0.04277837912702746
0.045515979188427716
0.043999331833313976
0.03764363799896884
0.040348746831948494
0.03491739652525982
0.03422658708846551
0.05221786327386393
0.04609900281933747
0.05755450032861592
0.06118547770894356
0.06895445122483305
0.06100573255905839
0.057452200763058466
0.055981128174428824
0.036433353237429286
-1.0
0.027577529095363287
0.025698264636029835
-1.0
0.06298420801807887
0.062358835850569935
0.06419190810504195
0.07104076306649622
0.05939807061639605
0.06281243417395165
0.06186173557701381
0.0603333272681076
0.06746994968063293
0.059584475220257206
0.061247369714695854
0.060525348166624506
0.06297168903752928
0.06108926027059511
0.06490169845873225
0.07225377260793704
0.07482174633110951
0.06909983775493829
0.061611593867671066
0.063289573016245
0.06321781293390868
0.05423922974799346
0.031944035868671505
0.037713520350443994
0.041743389706369476
0.03956580028916693
0.012527191754113168
6.542349581793314e-05
0.011478835500236869
0.018639143989620816
0.018124547697070628
0.023730864712730008
0.020070779698363184
0.03271979562691946
0.030003757034447937
0.04055573137557735
0.03325075751186888
0.024194697048661954
0.00949654829104081
-0.01458070850756149
-0.07522502647597948
-1.0
-1.0
-0.060026651918689375
-0.041434733407707924
-0.042733945761702696
-0.07258821428813496
-1.0
-1.0
-1.0
-1.0
-1.0
-1.0
-1.0
-1.0
-1.0
-1.0
-1.0
-1.0
-1.0
-1.0
-1.0
-1.0
-1.0
-1.0
-1.0
-1.0
-1.0
-1.0
-1.0
-1.0
-1.0
-1.0
-1.0
-1.0
-1.0
-1.0
-1.0
-1.0
-1.0
-1.0
-1.0
-1.0
-1.0
-1.0
-1.0
-1.0
-1.0
-1.0
-1.0
-1.0
-1.0
-1.0
-1.0
-1.0
-1.0
-1.0
-0.044245364755635626
-0.038598979671628106
-0.03697981367526937
-0.030700659099847854
-0.014357716206075889
-0.020172463692467654
-0.015515286803394703
-0.0049941931769560645
-0.007611203850189788
-0.007467354840746666
-0.020452812207903133
-0.03918405867980837
-0.034268067113660886
-0.04443152186371881
-0.045403572219555335
-0.04605193165500317
-0.04481031883811677
-0.045806786463216224
-0.042224679007277076
-0.043240422704903116
-0.045825215292431505
-0.04691857387578462
-0.04857930314653171
-0.04758193362530779
-0.040845233471881265
-0.02485412974277306
-0.017917402373410163
-0.01662838127692832
-0.015447894407544231
-0.016183586873096335
-0.012003843553531188
-0.00715503980415144
-1.0
-1.0
-1.0
-1.0
-1.0
-1.0
-1.0
-1.0
0.033076155748443234
0.042130836025223495
0.038131607706370654
-1.0
-1.0
-1.0
-1.0
0.028085454527781762
-1.0
-1.0
-1.0
-1.0
-1.0
-1.0
0.03650494410858657
0.028407228689989676
0.034750587735276756
-1.0
-1.0
-1.0
-1.0
-1.0
-1.0
-1.0
-1.0
0.03539156283798152
0.029257667211560846
0.026452539333368205
0.024787973270180546
0.021775759567496136
0.01961386253862073
0.019266087595549
0.012983119714650614
0.014903876925663749
0.017591310830209848
0.015459440590705158
0.017185277637379637
0.026256125986909618
0.032780132006955016
0.028831134565903242
0.022628777616352833
-1.0
-1.0
-1.0
-1.0
-1.0
0.012141731139009116
-1.0
-1.0
-1.0
-1.0
0.019409772756591722
0.017072488850559828
0.013138467907086282
0.013797818729455222
-1.0
-0.008649945383303983
-0.010849567878858596
-0.016411816724442408
-0.021677581664110105
-0.030023608639625908
-0.027412674633352674
-0.023628284246553097
-0.02621886863936906
-0.028869516913588286
-0.01950243920332752
-0.021235495260374788
-0.017439406171848606
-0.01954547017352937
-0.025190887614752595
-0.0208445284336977
-0.0008045807695281472
0.004739754473722852
0.0012505882931329755
-0.008571637062313432
-0.01154953563676044
-0.015484933002001601
-0.018158168162952303
-0.017554684306780307
-0.02528081299168712
-0.021873025391616063
-0.021071476961068078
-0.021090664410484853
-0.022116597279552452
-0.024022134291459562
-0.023558358225708502
-0.02395599015454619
-0.027795228235838725
-0.033809731125106095
-0.03578692475731799
-0.037399737826263275
-0.04045932304227041
-0.033975982087880614
-0.03950807839055086
-0.039106181297643504
-0.04345129814733951
-0.03429646874106954
-0.042368487354182055
-0.040802776149364096
-0.037519080044303606
-0.027822165158149045
-0.036074417874097826
-0.04235435505284393
-0.0420661872292482
-0.04115367327253841
-0.042827718929426675
-0.04151903187169807
-0.042963451283939004
-0.04474982576975492
-0.043658814537988186
-0.04357863516409065
-0.03516355293563028
-0.0384354145886137
-0.039188621353440416
-0.038544779071529756
-0.03875563686643236
-0.04214273568660645
-0.04328888477343157
-0.0478024479705148
-0.04751482119498404
-0.048539706033536766
-0.04605085597996243
-0.04725244471588641
-0.048033675898804876
-0.040565185574729136
-0.032158941300112716
-0.023358046781363745
-0.030486203003300297
-0.030932030691821356
-0.0302829225624636
-0.020704252460931445
-0.011101044237171067
-0.009371428469602119
-0.0042084765133053315
-0.012893080933067161
-0.008809777030061227
-0.006190139254901869
-0.003237284821927
-0.004233628031649156
-0.00708614315648846
-0.008289378203602763
0.0024280608144183233
-0.002564418043208369
-0.0022937890926926865
0.0005895315735136735
0.009148378036699064
0.010327337803302656
0.014702429176797574
0.014860824965134498
0.006197644991710141
0.002288053782882245
0.0011353735997986735
0.008320066437770907
0.009975710523592885
0.007229648221699471
0.004910737423329199
0.0028340028843397806
-0.0052021454203453645
-0.005167002508064139
-0.020489516827645333
-0.024276664042363772
-0.024173610384501134
-0.023086202839288
-0.020570216748803025
-0.016261837759025483
-0.009924917744070574
-3.6040464437347834e-05
0.007049303120858999
0.01284098579679792
0.009795313775002463
0.006932854733858899
0.0038731190281509806
0.009874996417142796
0.004236298905154743
0.0015766016163061235
0.001968109601636904
0.0014738759333971759
0.013316616285681277
0.004314092969619187
0.00651663387905432
0.017209675853017522
0.018457769338019524
0.016538181822293458
0.014672594231925894
0.008226404934226068
-0.001513987180243942
-0.02317325974067669
-0.03775311755643725
-0.03577688357973566
-0.03769496203798516
-0.04623865267030911
-0.048064303393271286
-0.04747572988964825
-0.04784630851299221
-0.047760593224201696
-0.04602647946092798
-0.044652611070958755
-0.04638327275218442
-0.0427472830015513
-0.042879260503127445
-0.04191664588039529
-0.04140814611287184
-0.03748580234372337
-0.0412211946633913
-0.03579744168208685
-0.0370676573466662
-0.03940637208458819
-0.0389197851683819
-0.04167150657422282
-0.043112174253663905
-0.0344655955946423
-0.04018148586810869
-0.0398821940049213
-0.03746678079885548
-0.033331575054096674
-0.02307813348417119
-0.024729761169640912
-0.03255169896756036
-0.03880941384127478
-0.04758622301755138
-0.04992777551098628
-0.04698684161575376
-0.045640240112593884
-0.038952092228548084
-0.04315043975059266
-0.04231782762333937
-0.03043588277488539
-0.00545659981764973
0.008439881900870586
0.01691638276248782
0.015347364896684413
0.015474072435584438
0.02763240070916883
0.03422482598074348
0.03355112391495484
0.03523650920371684
0.03551597674571177
0.0355603569428393
0.04136430500599245
0.0402836925927196
0.04341319583971425
0.040829682134784016
0.04140539385006336
0.04367794961937488
0.03938815720792957
0.04086070277805483
0.04221694199380124
0.040824527861254324
0.04247524782984444
0.04179047605910621
0.044024491316221014
0.043527962654411896
0.04392371278644676
0.04156388754351421
0.04197143325980798
0.042000180278261544
0.04289931877497698
0.0409249314045705
0.037490589551039226
0.04048982523839386
0.04004659102676855
0.04131326100609583
0.04039787526265793
0.038952160630816066
0.039529549096098
0.04063988202728741
0.04223628429543771
0.04117215300830705
0.041658063306233506
0.04100937864816259
0.03834257048161691
0.04121486347160811
0.036770532222641567
0.0365790903699308
0.03777588246758214
0.03819946804725877
0.0403011417774712
0.03967350604106354
0.04007763383911946
0.040614069946826536
0.04359335966073962
0.041566389771666094
0.04178744433978683
0.040285294157667365
0.04169883148211847
-1.0
0.04040558855732739
0.042484099683613726
0.042327310338497244
0.04449850904542427
0.042659047366637254
0.0369883999865686
0.0387072621022485
0.03795119818533582
0.03683231893031591
0.03684896325736311
0.0331972223653723
0.03901028227441888
0.03854554970300097
0.03958622018540853
0.04149143529691519
0.0335642987428888
0.023541082639754907
0.022048891934120796
0.012382369184072603
0.010564188809645969
0.0074268052652883216
0.011090014223932309
0.015295369548366303
0.017040848424794808
0.01789633034071259
0.018116013239551806
0.023577588632810897
0.022801541657054114
0.012560481481013677
0.009779644625850684
0.007558815414015577
0.01008832326173873
0.014995419460343504
0.025349907723988457
0.037943302931706155
0.038347637508098685
0.04014919250001792
0.03913196821166965
0.04172243796340926
0.03960693261745827
0.046729777694007164
0.04514396484761472
0.043322903008780195
0.03236478837895699
0.035550623446351674
0.03222284738988914
0.029808686319135726
0.028525810562441006
0.027963277335276236
0.03033304644497263
0.032066878331822375
0.03503568664833248
0.04068520591392356
0.04066162542739132
0.03696113847152307
0.035714526145933616
0.03192472185239076
0.02722637209689243
0.010166451652490577
-1.0
-1.0
-1.0
0.010446510582545858
0.014980237761345723
0.015942220793067473
-0.0038112148963490907
-0.005028589012533528
0.003202049053568914
-0.02482406100312967
-0.0414859078296849
-0.04702885637488716
-0.04368517761069346
-0.04229417155623544
-0.04729504316916258
-0.04905541308081491
-0.05114418055712068
-0.050593875255850365
-0.049858796029143775
-0.04919695887023287
-0.049105713617699505
-0.04876821043311478
-0.04885553839077065
-0.051650707343068966
-0.049406886697446126
-0.048577215189668
-0.047888474887783306
-0.04885973393719477
-0.04945252828458669
-0.049323191028514256
-0.050348806797576376
-0.046815633980493716
-0.0468532429658742
-0.03877367200946481
-0.04019548695604873
-0.03889123851341759
-0.0384017316786885
-0.0423214995961408
-0.048766767745487785
-0.050368175067786305
-0.04893799929030268
-0.049713487917940974
-0.04585515310191269
-0.047466228056793756
-0.0404273560390394
-0.019873924522294358
-0.01595903025907337
-0.00395739266556306
-0.007434699813911569
-0.023209923241819128
-0.019881358737863022
-0.03021025522310562
-0.0417722326323689
-0.04526961153130211
-0.0448225456047075
-0.0472184501951786
-0.0442219287065374
-0.0391361416008592
-0.03641549863501111
-0.029522480396543285
-0.036606294697612965
-0.03983488858617585
-0.03490981433432129
-0.030504274465799345
-0.036711046424183484
-0.030499899626656134
-0.030106508716842766
-0.009693079659132511
0.013354888805757447
0.011751228535494073
0.01849016974057476
0.02346221610571705
0.024143192758896263
-1.0
-1.0
-1.0
-1.0
-1.0
-1.0
0.041715171369844185
0.04050148197653416
0.0443904255717032
0.04244383889539251
0.04350891731970458
0.04292204304175341
0.040281079030674245
0.03795473030715158
0.0383685160013601
0.040933208591071815
0.0410718607319185
0.044794512391568515
0.043442286644843814
0.0444750606441902
0.044032228863441596
0.04456263140241634
0.04256618875951461
0.043119935214551534
0.04345285207861132
0.043775275328478955
0.04394302071773959
0.04470828786344225
0.04022737535131392
0.04275465679832411
0.038520208266764944
0.038350670170112094
0.039611749218239525
0.03633136980391643
0.04145333464714148
0.037909149664962005
0.037916615432514844
0.039701009994521516
0.044070656099833135
0.04144951223878748
0.03794462301174403
0.03692285055315267
0.03999001933931654
0.0382210573851871
0.039896696216650096
0.0398248894724609
0.04396332668853325
0.045083053746477725
0.042489119004657225
0.0462187276994478
0.044605090072104406
0.042557771188290856
0.0404596516253581
0.040506038454554825
0.0389088231323009
0.04076110930823062
0.0375745316378513
0.03495699306914162
0.032776729677839164
0.031014637448600883
0.032930211321259624
0.03362349821251402
0.03505617013088448
0.03257087194737709
0.035255982119119754
0.03220672434191376
0.022660649774701752
0.022805101359375753
0.013666029585565356
0.006502405816817977
0.004158995313290596
0.0075632243187022255
0.0055555568256981545
0.00812876215541397
0.00434376271001187
-0.0126928864468879
-0.03595190495938383
-0.04985370775066757
-0.047843664241341975
-0.05233913471388439
-0.05080680748437002
-0.048338777475739135
-0.030591741087464097
-0.0133080754611717
-0.0229209788705128
-0.024273319005431754
-0.02602116375842793
-0.03530310863542511
-0.04068827500985796
-0.03756246520722198
-0.034541323502976805
-0.02021012354548724
-0.022762479550038392
-0.01736245177122269
-0.0039193247172902386
0.0026180867398086114
0.015074507495809242
0.012869023931830563
0.013325139548449326
0.02551876002143905
0.023436700546253512
0.02348426568138156
0.024528416916523597
0.03349569817589249
0.03389606355179941
0.03918704752725591
0.03638630180775906
0.033036537171827855
0.024952169562464623
0.0134258682237055
-0.000810737006666011
-0.0037837115436604707
0.003734618588913362
-0.0001596118882645642
-0.0005186529393587717
-0.027843912234118882
-0.02921757608965124
-0.03609424523670031
-0.03958542445961185
-0.0402817515568919
-0.0409503523005669
-0.040274132051404996
-0.03765271294381536
-0.02962699681273243
-0.009567270683995833
-0.0030289264986136403
0.005326470097672545
0.02168595713196418
0.030695732330353106
0.03569768794028453
0.03426262837375308
0.03341648710812761
0.040668097925832675
0.04226772690744855
0.03846216791262808
0.040665790768741765
0.03856471316436659
0.036608435602925316
0.03671577538374502
0.04301854101457698
0.04563679401568052
0.04459518722906493
0.043981032598734926
0.044150655934898926
0.04439962789978015
0.04190285727057679
0.04255977811932942
0.044237864240982853
0.042491849842888056
0.042774388676815406
0.044614066727870536
0.04311562054371622
0.04261025867150272
0.04503966598478286
0.04249256941548253
0.041573141264562685
0.04479513079953889
0.04429722139529818
0.04275702000316092
0.04146055214809939
0.039614949226445574
0.04253059375436628
0.04400961350879227
0.04147181254870624
0.03979706438848228
0.03454017753425344
0.02302214939439758
0.011404358561349144
0.01267237563161204
0.021456308851472313
0.02782494516261482
0.023839758377941188
0.014492558533460436
0.0036696128644344646
-0.015561848101947629
-0.02321819372493237
-0.029198341566943013
-0.04945913847368598
-0.04875204220355691
-0.04960986709398607
-0.050820742784084875
-0.04817918089481429
-0.04961278168214877
-0.05031125827672993
-0.04867653571155883
-0.0490861296088861
-0.049835602456357486
-0.048447769046364934
-0.048487163101479554
-0.0494281402978207
-0.04806523205236243
-0.04517949245303237
-0.041894684304984345
-0.03887938406486727
-0.028100999694302343
-0.016768209237222526
-0.02725818090681926
-0.0422099135713371
-0.046154112298628695
-0.04560825620260438
-0.04843510489866137
-0.050140024488054026
-0.04841622112939466
-0.04799728354101211
-0.04703481042766147
-0.04233463445283003
-0.03662593795297132
-0.04340671227935972
-0.04288791848900233
-0.04188322462571837
-0.04040844863919607
-0.043764480576671136
-0.04436206782287542
-0.04056636385295095
-0.04067878542064749
-0.04358677742410497
-0.04433692130264519
-0.04906547979248715
-0.04697546597298082
-0.049137580802660716
-0.04943575446521511
-0.05025138145449505
-0.04936754267697644
-0.05049400416363891
-0.04820704988003025
-0.04991443092087492
-0.04831394308913454
-0.048627444936554964
-0.04323168412627179
-0.021143252626314536
-0.007531615795744251
-0.004018448661994388
0.0026308767988514324
0.003178460588312835
0.014764489666221181
0.01654732257200132
0.0010965418465084655
-0.006764016119169503
0.0029759090431658235
0.004578388607897147
-0.014369789674062534
-0.038419615278887216
-0.0407384922417096
-0.04353014185477046
-0.03683222950373669
-0.03624614510127654
-0.03515332557267018
-0.04345115350225703
-0.042587408878790034
-0.04706003698794097
-0.042375850829423786
-0.037030310692090604
-0.02610243323062103
-0.027947685298621593
-0.02343707358227128
-0.012297744333157777
-0.007027064789352291
-0.004766685498129757
-0.0032645977931607915
-0.004637479119762913
0.008719512672046946
0.0025704578186998136
-0.01697243537608614
-0.029423318729831362
-0.024665035874397646
-0.027973615106447865
-0.028189819234113216
-0.013163344376362449
-0.0006601746974434979
0.00907301669104253
0.011263345320544248
0.006657345327343649
0.009644056276700941
0.011386522810509267
0.00987280991139593
0.004700758293769361
0.005584040567686471
0.004164964121599339
-0.0013598309570251497
-0.022248225693798918
-0.040906943090130814
-0.04568783150779906
-0.04786562633638569
-0.04722214003950339
-0.04507075149284898
-0.04774967244397671
-0.04558543550690758
-0.04580262677193337
-0.042871632640867144
-0.041999122418368284
-0.042831986350790774
-0.04762161702956078
-0.04840482732302339
-0.044554247749320666
-0.030300978721697448
-0.017406097861647627
-0.012970106364032803
-0.0016391858443723752
0.0018503942890382749
0.001041944522035452
-0.0013571060204875664
-0.011728431070205289
0.007031962253798949
0.019417624821471413
0.026952172219765952
0.024804868226503525
0.023561557667721097
0.020368656805080876
0.014817341828082826
0.016337142797297127
0.019763010277286823
0.014417966844386407
0.014339603419325681
0.022368721810594336
0.0283365157293775
0.03461804260955022
0.03128516826193745
0.03310192987450165
0.0376612795004355
0.037938857658977705
0.038753376596990664
0.040424996336837035
0.04121556020688806
0.04181104176806964
0.03875840537974336
0.040452845033688054
0.04176306551955471
0.04032246147775333
0.039058553692193285
0.03776571475472588
0.02442432611488946
0.02133870004888904
0.020303818224387045
0.018307486799436692
0.028134007056757226
0.02965305573364627
0.026606580904595254
0.028588999959917965
0.02118322086911467
0.028162085169854825
0.03618863668461749
0.03526083725231778
0.03596418041298654
0.036414370556160126
0.03436097017720692
0.03770773874912511
0.03743835350042404
0.03615823351313515
0.03709523300019552
0.03659574402262623
0.04055988093683713
0.04302484645969608
0.03869472915124394
0.04188333552289852
0.041301082842179884
0.039494028928199525
0.0298679209417088
0.034659793079100026
0.032697264639021444
0.032991944560885875
0.03201682652370362
0.022114692074177968
0.028616913620382347
0.0243803340750887
0.019767911458418812
0.01942557580138846
0.02152096782153616
0.0164013965883309
0.021256288862524807
0.020307498252950727
0.027468510830434743
0.031035587058126264
0.03614890529568946
0.034990779549311075
0.03781768103143297
0.03192591760532756
0.03137727204318617
0.03676680019923796
0.03688214786804676
0.037689274723537614
0.02960991386204565
0.025504246835494914
0.027416295165802778
0.02194806582555933
0.02228407728932509
0.015704608983025725
0.020220271613428414
0.028333255498394636
0.022798703379585908
0.009761306439844073
0.015635838023157073
0.009771073492086281
0.013509816242904912
0.007537485215925754
0.005935010373440188
-0.0021685728881169052
-0.0001454174454119584
-0.0032026272465034197
0.005182131120412394
-1.0
-1.0
0.011149775088924462
-6.316832578518739e-06
-0.015372580653264627
-0.02476691859518237
-0.03556376785409288
-0.040368253435118864
-0.04005444272421839
-0.03735957746963545
-0.029443774398037144
-0.013667287942121822
-0.00979270015661166
-0.027615982678267825
-0.0386290004927825
-0.044756749400378076
-0.04268177159508273
-0.04377385177054524
-0.04339518403431937
-0.04439811536973115
-0.037655396281426286
-0.03878596249344168
-0.03870509731867735
-0.042844304259841294
-0.04280996972441698
-0.04125271434758295
-0.03740035664973299
-0.0319330410500454
-0.03439226653950854
-0.038617465869163904
-0.04279722732577452
-0.036867211467472884
-0.03583479349242944
-0.02320701731861635
-0.040963837299440205
-0.04367257316467509
-0.0447678273636105
-0.0451877763006195
-0.04171261685085887
-0.04129521151279633
-0.04465125156015606
-0.04431748869274377
-0.04418414546964764
-0.044157446986335835
-0.04475085020241057
-0.044620765905106136
-0.04606985703087183
-0.041944458670919574
-0.04020456278900281
-0.04374542667705196
-0.03882017083940201
-0.010520884140171877
-0.018005419537851487
-0.017724399905187434
0.002079106411170365
0.009193337325855713
0.01657087734123693
0.014186212555208176
0.011904392495345681
0.0006609148806831978
0.00010137617149830659
0.00397267342110314
-0.007880976306369039
-0.0038211111074637452
0.009915906904534446
0.019762076741628512
0.0020239318499522376
-0.01095339258948376
-1.0
-1.0
-1.0
-1.0
