-1.0
0.046068493392451074
-0.058961504930091065
-0.03306658368729785
-0.030932570835298878
0.053423691457088626
0.0694846124333819
-0.0007435432182111895
-0.024062079289454134
-0.055409997470127384
-0.09125676850928825
-0.10937547689049908
-0.11968825360204849
-0.11100802041934547
-0.09108920719659142
-0.09990378660662345
-0.09268879438636217
-0.08625015760050961
-0.06378129582703927
-0.021164759349543823
0.00041354638868696167
-0.023384105688478058
-0.001714847903596496
-0.0030894248147005734
0.003034345697411722
0.04508223408280471
0.0747071085538429
0.04497752426796409
0.0863511605334858
0.07467562772692009
0.07444702951572711
0.08165996560102833
0.10246077700406968
0.09677838184194212
0.09000426517542298
0.09581470307900895
0.019738054857911833
0.05903546302230137
0.07063665435397412
-0.04891402258592363
-0.09731652633482697
-0.1128404010987449
-0.11467734782777578
-0.1193256519883406
-0.11717585490319099
-0.10885006615561449
-0.09792910568746094
-0.08694698356977229
-0.09182963806862889
-0.07170033160966066
-0.09621783292488875
-0.06707540337515995
-0.0914666658640782
-0.08929232888446216
-0.08848845424353877
-0.0990366196010313
-0.11553341552103658
-0.09063471631897177
-0.10067316477589149
-0.1093197902213095
-0.11597137173106666
-0.11778943427176147
-0.1160274562257395
-0.1131248545029146
-0.0742592916936795
-0.04181541973911079
-0.07402506870014657
-0.07896744842655003
0.010619154849464388
0.03489562184283419
0.016675638191687443
0.06738384435817395
0.09511051391954968
0.08710084163481528
0.0917996717011358
0.08303427793998637
0.0671305215081875
0.08294200099644455
0.07063351135503168
0.05775079062191316
0.048620448876391574
0.017394681790353
0.0335892382607876
0.08047056819391543
0.09209572922757035
0.11337460341805486
0.10832238342083261
0.10300530976262288
0.10895885933291591
0.1141148192069748
0.11260712682535
0.10486827812955153
0.10852429196525944
0.11540016098103988
0.11334419315466598
0.09988921923116166
0.09995900353990095
0.09642187896277962
0.06557582040485338
0.03500682436850511
0.03506253918450743
0.019819907889710466
0.03995316184038709
0.0570489997862277
0.041966244427572665
-0.04657031699399275
-0.09050062829907754
-0.11142659629769344
-0.11471332558289239
-0.10991283162523852
-0.11196978745910786
-0.11724259881624692
-0.11553155310916126
-0.09062564926326895
-0.06849225968308639
0.03786613672923056
0.03525200887725838
0.07821065564954287
0.08748968506309518
0.08503352789752164
-1.0
0.09284296699179834
0.10890516603959854
0.1065820064766175
0.09508835070146665
0.11111935704580965
0.08660220809994021
0.10407182810888872
0.09412647713835631
0.03519725244793671
-0.07390096570105907
-0.11933450543774318
-0.11809946596840716
-0.10992442203594686
-0.10419724460968828
-0.05184518973476756
0.024080728751142214
-0.09752692460408222
-0.11775169131730667
-0.10554169582992344
-1.0
-1.0
-1.0
-1.0
-1.0
-1.0
-1.0
-1.0
-1.0
-1.0
-1.0
-1.0
-1.0
-1.0
-1.0
-1.0
-1.0
-1.0
-1.0
-1.0
-1.0
-1.0
-1.0
-1.0
-1.0
-1.0
-1.0
-1.0
-1.0
-1.0
-1.0
-1.0
-1.0
-1.0
-1.0
-1.0
-1.0
-1.0
-1.0
-1.0
-1.0
-1.0
-1.0
-1.0
-1.0
-1.0
-1.0
-1.0
-1.0
-1.0
-1.0
-1.0
-1.0
-1.0
0.04058855501229927
0.04364547034385854
0.04409481068114759
0.046468080910557374
0.04553881710976296
0.04830514892621883
0.04548656781109428
0.04434145912661858
0.04396713111120085
-1.0
-1.0
-1.0
0.04668692366731064
-1.0
-1.0
-1.0
-1.0
0.05318532065428953
0.051704334648841783
0.05750284586058574
0.052400361823091865
0.0529322049506996
0.04784994441772359
0.03843369127709483
0.03226140599981594
0.006824204022441584
-0.022570388323995817
-0.04276801100508619
-0.04570136297451595
-0.050767705568272155
-0.03914328689604885
-0.03986965044895943
-0.04986929986227368
-0.05409142265533925
-0.052786846179518884
-0.05649303661259662
-0.056071686845771414
-0.058279531574787595
-0.0514146388690313
-0.03993878527456334
-0.031229755594792425
-0.0005835594029150923
-0.013696653402025354
0.004499510557188684
0.023095952598624864
0.0379325307582201
0.030167389091829547
-0.0025535195102523362
0.0023201571985728827
-0.026597479371659724
-0.019694034516076455
-0.027231031297918224
-0.015567015171522838
-0.021508785855096826
-0.026200929164340258
-0.03554531492055033
-0.023532423465349814
-0.009873250043873863
0.004989728084391169
0.015404155980840693
0.01980712697783733
0.016169729891925708
0.0059159557045757516
-0.008616457830312917
-0.005426247406370136
-0.006092256295436017
0.0017586016301105064
0.004352210927876826
0.02349639173443548
0.017345765127157436
0.0039355169415055905
0.016649173721451888
0.023920469964661968
0.0026251721951611245
0.005789143119564149
0.008753815941671414
-0.0007085899404235246
-0.0037991732805126473
-0.002472967530662158
-0.009338754583644677
-0.026176809211205715
-0.012717508989911117
-0.012305450200037624
-0.022572464687595484
-0.013615696285157628
-0.0183330370756749
-0.03579069465731228
-0.03414154541944581
-0.03561455861227071
-0.028867081836918707
0.013963762324509913
0.04858028764893084
0.05281523124761293
0.049795835627418544
0.04674322428799264
0.05114365711326489
0.04251095056630036
0.04564667687787482
0.03872034744821728
0.03615304964858831
-1.0
0.016554941322344807
-0.019999467465581004
-0.00801900878640904
0.014153033933468551
-0.0018204914095446896
-0.01665789291509076
-0.037727954943898925
-0.049486658241504354
-0.04661782648085858
-0.04902241520188594
-0.056517011937276256
-0.052936935885787906
-0.05551190915972201
-0.04460913637714914
-0.053904322428441905
-0.03959773382165722
-0.05224903829180946
-0.0479275278298938
-0.05561849575080936
-0.05807302822386382
-0.05343914083436475
-0.05645348000007198
-0.059887849897207815
-0.05654423960434263
-0.0621723185563435
-0.05786989553309695
-0.030958002639573184
-0.026583213166193023
-0.02995928990942673
-0.0035613427123730675
-0.008437321453708931
-0.02189141562036645
0.013863443049965169
0.02787875858806016
0.04036737901117274
0.0365077961717074
0.03614368517045455
0.04136399766615468
0.040894872841020294
0.0458024257506413
0.05110269205920597
0.05225506119581069
0.050712084669979236
0.049831635952184476
0.05029085083231427
0.05024473279532884
0.049450976178034435
0.05112283077548436
0.04210415083704111
0.027781613878791935
-1.0
0.01892859497694802
0.026811404890772775
0.03355640620880009
0.034224880664391694
0.0350228047494435
0.0404695358800399
0.030923034936859016
0.02775000032209017
0.032365104971362725
0.028228050322041773
0.02856728034543973
0.03984057541427145
0.03858200092669713
0.030820899098162925
0.03534022354185491
0.04005012257293386
0.03931997117720805
0.030194910747885384
0.035753315815926445
0.032650878924913154
0.034137433387911725
0.03560509073446629
0.03878858692941841
0.045426168780249465
0.0425595370208015
0.049629100574404506
0.051243703611933034
0.05054310988083283
0.04797373171509202
0.04587537678036649
0.04124642001721711
0.045436955374445434
0.04791526493951091
0.05004514454251426
0.04896413218112986
0.05198061355076824
0.04675436159384406
0.052545646426665135
0.05042903682678845
0.05003463518557339
0.05364349981276832
0.048873004677844535
0.04175178810347694
0.031720340369282285
0.02583989655459632
0.03192148359338298
0.042987433936383136
0.050314921079790756
0.047400901326645824
-0.006051718851660485
-0.05371523086299897
-0.05311864564463287
-0.060748353611678504
-0.0612950355890779
-0.05780499574188567
-0.058753598305918135
-0.06329041701862213
-0.06288799396381659
-0.06235894096382447
-0.06326043253406327
-0.06411230158500786
-0.057745906264811186
-0.058508177025588366
-0.05762175694246431
-0.0398795854791004
-0.03571793648487469
-0.045516619155025174
-0.052668725644547804
-0.05412446018435721
-0.03767981654215775
-0.017368043497020254
-0.026903665745500918
-0.009638497103510179
0.0063457984619513285
0.0225283397433094
0.024580115674204723
0.025880305432051318
0.024119346258650205
0.015302623479221296
0.01293162817714095
0.013567669225972042
0.012082543610622429
0.01795064115044207
0.025950010823546702
0.03674554957205587
0.04875112783523265
0.05086158022629571
0.050228352941276415
0.05124275826084101
0.052242659832949026
-1.0
0.04333556614623665
0.04480351307224853
0.030973952173996632
0.018846080657818093
0.017697732065464346
-0.005924979108588433
-0.0015351885575901347
-1.0
-0.0065650403011292815
-0.03644713574050938
-0.05642622641144317
-0.058643573325590004
-0.058049711177612276
-0.05687876343702485
-0.044593710211503886
0.022452313784171757
0.03561766806474333
0.04388494542449024
0.043965154435576796
0.04932753199371918
0.04767638952237061
0.04766458445528158
0.050861241425736704
0.047027932875945214
0.0448807302626984
0.04256926417138948
0.04962252198397124
0.047685933773481196
0.042938724214459746
0.04872007915065254
0.0521376955208663
0.053924915444946604
0.051858947259520845
0.054579060916981226
0.05327939463663106
0.053949921922950124
0.05214679460959036
0.04756282671125971
0.053641520391722645
0.053847723359135805
0.05344616025558904
0.05097678172070392
0.036111173990839025
0.04416739428807785
0.033259873260596075
0.03538197546346751
0.034837550235168546
0.03562656210720971
0.01013350891443726
0.008185321347909861
0.013073989038934225
0.009375360768471378
0.004245001708836156
-0.02777483054681363
-0.05495065863531447
-0.06250408485265097
-0.053256874005876455
-0.03298956543128862
-0.007217309188033435
-0.009329989999546272
-0.03639951003229487
-0.06288174727177373
-0.06305884188839646
-0.06074027407609305
-0.0620233021841372
-0.06628395848510839
-0.06227982423484239
-0.06502249520476762
-0.06386444319102676
-0.06523580074555821
-0.06358463294411792
-0.06367622488994475
-0.06436676014617321
-0.06071763495058127
-0.04517276594408148
-0.048357144641714866
-0.050593669125925174
-0.03362662434779132
-0.006807699687985368
0.028353261381102376
0.01289907597313205
0.00828470993328761
-1.0
-1.0
-0.009065442859782372
0.021976289135634198
0.04173638587641812
0.039343173194813064
0.031272787697126186
0.02756759863442513
0.031430418515424614
0.03867586835015554
0.03647253138523155
0.04547448010579152
0.045212578334177016
0.04565981716375999
0.04568830917615661
0.04740388509976188
0.03901779438081754
0.04357723089487949
0.04027257780678669
0.038103439496072325
0.03846965293489174
0.03348520013823121
0.03487857933223209
0.026056972815040214
-0.0061414271838083285
-0.017225801376820074
-0.022819384409206975
-0.03770361021355024
-0.04868847754164332
-0.04509934362551296
-0.048534730491146524
-0.03295265267487721
0.01686568890186894
-1.0
0.05161273672016113
0.053059468397422316
0.05607282205770571
0.05425986447788997
0.055475115152902106
0.055009636409634355
0.056257524321221976
0.06063787615318428
0.057202179038568265
0.057556110781391265
0.05387489067268698
0.05530591195264697
0.05377330333243199
0.055378378786573465
0.04861084924716049
0.043251974396089465
0.039075042050986775
0.037210089729299144
0.039525654792545085
0.04203238690244518
0.040774201037971775
0.036831337199015615
0.016235983506461115
-0.012418547675800015
-0.0209286411884018
-0.025644970202094067
-0.02209727676219771
-0.027078380158169275
-0.01693146232910436
-0.018582520447769688
-0.023621681394633987
-0.014875383672602603
-0.01710595191842227
-0.0195565253723505
-0.030094842494685796
-0.027658027153650996
-0.02969482962070594
-0.027757105665319404
0.01568205384567714
0.01889382720521131
0.015731419632101104
0.032865469822392766
0.03952228604965623
0.02788501907103915
0.03864463459809691
0.048944360562078786
0.05038183353929686
0.05174868358633592
0.051759263405637086
0.049233823272037305
0.05324330039597443
-1.0
0.04672870615741171
0.04910547371220139
0.05015470695482207
0.05336812238410749
0.054741491113465345
0.05664695426184277
0.0497915604503388
0.048858332307824506
0.04864878118487855
0.04617708055445272
-0.005955025236714582
-0.04890624405107106
-0.05639636655863541
-0.06340196423145056
-0.06259435650197998
-0.06159351409333703
-0.05877965339581112
-0.059123269057567505
-0.061286183594240394
-0.060329907065681754
-0.06094102870112426
-0.06020303532477511
-0.057521663184368445
-0.059836272459955625
-0.06094418448599562
-0.0600666312397539
-0.05788456486004645
-0.06048552336978158
-0.057852580228940735
-0.060720921402330416
-0.059462900020324866
-0.06289349272259169
-0.06065966538730071
-0.058671588067231016
-0.06218322807288068
-0.04087004686340909
-0.035881370745380066
-0.055043003745395516
-0.04734782922396855
-0.05152739314984848
-0.05825458230527324
-0.05063385111999687
-0.037874549269503614
-0.001995146031640688
-0.002691320511416149
-0.004952546268834594
0.016667563113455703
0.016489969742343357
0.017050858112791275
0.010202250219847407
0.01582176372158533
0.015989957887495743
0.017315808974773098
0.030216518716188877
0.03219850167632761
0.030741443124065248
0.006996865359522515
-0.013028057644369057
-0.04431083820223194
-0.03138159845052049
-0.04763175654386161
-0.056101070856474505
-0.056073622680281834
-0.05771329236705484
-0.059821830727136406
-0.056003968473866544
-0.045891106758150876
-0.046484732882574376
-0.03394341121920874
-0.023976696585711426
-0.0054772771419376145
-0.010245584682360835
-0.01160678504878485
0.014644938053351613
0.03175984857833948
-0.04873574763734487
-0.05973953821580486
-0.05844013328304188
-0.0540373682571263
-0.053336855543960594
-0.052112788934632094
-0.05377782340037682
-0.05601968305297622
-0.05731389759132397
-0.05837796505703853
-0.05706907310340758
-0.05711267426727589
-0.05404825795830047
-0.05403718058043781
-0.056703369308192655
-0.05781691342048515
-0.056454969556660205
-0.0561547242376777
-0.05851048556764511
-0.05784900194730751
-0.05399800123448928
-0.049778599015196066
-0.048235445339732945
-0.02274719953340321
-0.015849274252577466
-0.025086919785231587
-0.03580556920339318
-0.030016773171137705
-0.028784036829109426
-0.03407335059847572
-0.0280063263361838
-0.020180033570817466
-0.013387450472340936
-0.026703545192262885
-0.03150609934406897
-0.04054946310068014
-0.03989932320586138
0.01208759654800221
0.019804500774305428
-0.031145174653886762
-0.015170562471684418
-0.006895675878510103
-1.0
0.01875039553863853
0.0095547334586779
0.0046684615527671225
-0.008394458178339914
-0.020548242537390543
-0.011517960071183202
-0.037959580321759584
-0.023638170262347876
-0.043577906781678735
-0.05764468146974011
-0.0590809010743351
-0.05968094297703246
-0.05893127739350301
-0.06159442449589352
-0.056158827483333874
-0.0430771436899271
-0.024188149455423413
0.029926380061874352
-1.0
0.022118456322408764
0.006920399786811489
0.011330615113355336
0.002831404729676935
0.006308123989680503
0.009088635809438838
-0.04287162471446504
-0.06117074361845772
-0.060963473593075
-0.05915582101927758
-0.06145362799548837
-0.060833078575892784
-0.06205445059760629
-0.059781484901637615
-1.0
-0.056849820040147866
-0.05526882614904417
-0.05920605235020239
-0.055622769507907704
-0.054663777227221814
-0.05386047066381273
-0.05810315944387545
-0.05583651745488311
-0.05511310630086697
-0.04334758183549057
-1.0
-0.016954341961252298
-1.0
-1.0
-1.0
-1.0
0.011910995949378708
-1.0
-1.0
-1.0
0.034102282479738295
-1.0
-1.0
-1.0
-1.0
