-1.0
-1.0
-1.0
-1.0
-1.0
-1.0
-1.0
-1.0
-1.0
-1.0
-1.0
-1.0
-1.0
-1.0
-1.0
-1.0
-1.0
-1.0
-1.0
-1.0
-1.0
-1.0
-1.0
-1.0
-1.0
-1.0
-1.0
-1.0
-1.0
-1.0
-1.0
-1.0
-1.0
-1.0
-1.0
-1.0
-1.0
-1.0
-1.0
-1.0
-1.0
-1.0
-1.0
-1.0
-1.0
-1.0
-1.0
-1.0
-1.0
-1.0
-1.0
-1.0
-1.0
-1.0
-1.0
-1.0
-1.0
-1.0
-1.0
-1.0
-1.0
-1.0
-1.0
-1.0
-1.0
-1.0
-1.0
-1.0
-1.0
-1.0
-1.0
-1.0
-1.0
-1.0
-1.0
-1.0
-1.0
-1.0
-1.0
-1.0
-1.0
-1.0
-1.0
-1.0
-1.0
-1.0
-1.0
-1.0
-1.0
-1.0
-1.0
-1.0
-1.0
-1.0
-1.0
-1.0
-1.0
-1.0
-1.0
-1.0
-1.0
-1.0
-1.0
-1.0
-1.0
-1.0
-1.0
-1.0
-1.0
-1.0
-1.0
-1.0
-1.0
-1.0
-1.0
-1.0
-1.0
-1.0
-1.0
-1.0
-1.0
-1.0
-1.0
-1.0
-1.0
-1.0
-1.0
-1.0
-1.0
-1.0
-1.0
-1.0
-1.0
-1.0
-1.0
-1.0
-1.0
-1.0
-1.0
-1.0
-1.0
-1.0
-1.0
-1.0
-1.0
-1.0
-1.0
-1.0
-1.0
-1.0
-1.0
-1.0
-1.0
-1.0
-1.0
-1.0
-1.0
-1.0
-1.0
-1.0
-1.0
-1.0
-1.0
-1.0
-1.0
-1.0
-1.0
-1.0
-1.0
-1.0
-1.0
-1.0
-1.0
-1.0
-1.0
-1.0
-1.0
-1.0
-1.0
-1.0
-1.0
-1.0
-1.0
-1.0
-1.0
-1.0
-1.0
-1.0
-1.0
-1.0
-1.0
-1.0
-1.0
-1.0
-1.0
-1.0
-1.0
-1.0
-1.0
-1.0
-1.0
-1.0
-1.0
-1.0
-1.0
-1.0
-1.0
-1.0
-1.0
-1.0
-1.0
-1.0
-1.0
-1.0
-1.0
-1.0
-1.0
-1.0
-1.0
-1.0
-1.0
-1.0
-0.04826895472705994
-0.05220391216416913
-1.0
-1.0
-1.0
-0.03160630637844728
-0.004710954834200208
-0.01808892891852545
-1.0
-1.0
-1.0
-1.0
-1.0
-1.0
-0.061115982706154974
-0.05785482850340735
-0.057138212562547516
-0.05847346891634347
-0.059904361974718816
-0.053320374842887076
-0.055348023558800044
-1.0
-1.0
-1.0
-1.0
-0.05242530886094596
-0.055607253197380004
-0.053747760704718636
-0.048849244054480497
-0.04031112590795077
-0.04133051075301555
-0.05484593502884425
-0.044141102952792555
-0.022907187067353396
-0.049288335832632424
-0.055822379993054616
-0.05511346882864577
-0.05545569518237886
-0.054867592837346754
-0.05353731068123132
-0.052755904062886154
-0.05745846020891094
-0.0551435448561184
-0.05530592691573339
-0.054089469024076735
-0.05889938032398636
-0.05181208523490594
-0.051080075112888625
-0.04532907072167108
-0.0518251662321685
-0.056857645228156804
-0.051658594042630276
-0.051959524456573564
-0.042745246052158986
-0.03415727015148782
-0.0455806817850003
-0.0539269175993937
-0.051589002051070074
-0.05006116918566141
-0.05252639489762385
-0.037610010571725486
-1.0
-1.0
-1.0
-1.0
-1.0
-1.0
-1.0
-1.0
-0.04670788179411046
-0.048034582053891633
-0.05038389662405258
-0.04876931325285672
-0.052015572684307065
-0.04929465109117597
-0.053586692683395845
-0.029580996568440272
0.0094114335469
0.01097475049053976
-0.000531412139057987
-0.023336213249122977
-1.0
-1.0
-1.0
-1.0
-1.0
-1.0
-1.0
-0.00743014955278057
0.014321050896895685
0.012485349122100852
-0.0010537121674961416
-0.0016451151913921885
0.008014393350787827
0.0008831858141279974
-0.04137213741426997
-1.0
-0.06374910112412484
-0.060311576426086325
-0.061195922586576544
-0.06555653753795984
-1.0
-1.0
-1.0
-1.0
-1.0
0.020684637151823154
0.008763059751060015
0.01853973298349233
0.017603709311454895
0.016664234137990834
0.022377292741481935
0.01894314682287049
0.010319701881251808
0.014507371827301918
0.00948897753036404
0.010102383424277696
0.013196216488314587
0.014737294715321201
0.025277369103494807
0.030734403394223928
0.0322479072878337
0.0346481752440053
0.028332953663489868
0.01749740841772623
-1.0
0.029669990485633173
0.027128598217884624
0.0296263143292724
0.027431044601037166
0.01020169078650655
-0.00620070859515917
-0.0042104630457029954
-0.006645521607477349
0.0005150557622707323
-0.008531688699229283
-0.000538177671689654
-0.008001735461112242
-0.006790583084787898
-0.013741252353454456
-0.00920612547445197
-0.016114890285348314
-0.012140771511145225
-0.008285263920337337
-0.007030962758086879
-0.003691628308803553
0.0013585595268802088
-0.006800983545598666
-0.019991298813507155
-0.018020947469339674
-0.002745485537636659
-0.03538345744244952
-0.053468456203653814
-0.054228864151186794
-0.0575690355418057
-0.05807226492941649
-0.05662553044593009
-0.04733503567756193
-0.03956960275694114
0.0014936754485757617
0.021597059686486172
0.014541140129288857
0.019710707551286146
0.01319633541793377
0.019663661825077755
0.023086972972925435
0.02710543915497748
0.01939149901674327
0.021864426976880503
0.01972104515567046
0.021853756568458144
0.032192720065290524
0.036632698883153327
0.036527779852841266
0.031730377864059474
0.03024034142436686
0.03947376524248584
0.03936700462461531
0.04115536577500305
0.04466317224246014
0.04816876227279589
0.04764649906740008
0.04366466329466811
0.04958393702187296
0.048677893527116774
0.04656179773029301
0.04463482642628759
0.045598204966004134
0.04283236720623651
0.046030782632028915
0.045284488754135384
0.04090594180997637
0.042022916927900174
0.04556195987867324
0.04290175494478202
0.03937509627342837
0.04474883253516196
0.043059876418610345
0.04336403972748652
0.047980088432746225
0.04715981660500044
0.046393798513540974
0.044119935651138385
0.04239131216804495
0.04357366807612402
0.047743214879419675
0.044668751800189734
0.0446097333316743
0.042110785332730036
0.04954729843551406
0.04586202646935864
0.04780888403739991
0.048130537448815715
0.048429457611144595
0.048059882513335456
-1.0
-1.0
-1.0
0.044436648407158254
0.037424515672707395
0.0440973568714373
0.043409534716686966
0.042973767283273186
0.044382552494483106
0.04320786089315443
0.04893889636950517
0.04553106578594352
0.04231820416460519
-1.0
0.022053039225861548
0.03298626871845669
0.03657358304072112
0.023082942503203214
0.020511434622343255
0.019142410639287556
0.013268156477607967
-0.0005360585808363254
-0.035621077852025125
-0.04191111926504471
-0.05001406540020394
-0.05610409645407136
-0.05743960589141493
-0.06096211515145998
-0.05289226817136339
-0.055169595534893257
-0.05910178211740141
-0.058249383655099574
-0.06308931045657933
-0.06122890590955201
-0.061211024396444075
-0.051657968319648875
-0.04762141599538534
-0.04502025861036985
-0.02988817406682619
-0.008304526313876718
-0.019019494021999737
-0.011869188389175334
-0.0066483563265291685
-0.010120475849015795
-0.025696419892215366
-0.018894135056423084
-0.025938309987685575
-0.027604763065223716
-0.0050955337710373565
0.01109732871758244
0.007499868682574249
0.013357351417831162
0.010069332250969391
0.011938937128534265
0.01769565432419545
0.010497143178300904
0.013109686250612164
-0.006385543575411347
-0.01594925333675167
-0.01198697414861264
-0.02256842894934075
-0.015720309132846347
-0.029954859342104075
-0.025684351936115055
-0.02726858493052864
-0.014500932199608805
0.0013412244675286536
0.01269847599502849
0.022778478087859603
0.04267912062538279
0.043540114304234045
0.04605337485214203
0.04601229602910334
0.03853646324096913
0.03757086204349007
0.03932249188021914
0.039713984380644905
0.029735977944891037
0.028620452410219554
0.03478976221598498
0.029523965251682223
0.03303723149551624
0.03209141200654767
0.03670928236994726
0.02770441177318341
0.029097176703731725
0.014570089067995557
0.006311453401032289
0.0009674532583926616
0.0020533763985353093
-0.00014283699581798902
-0.013673592493683528
-0.04604620179445577
-0.06389832999047389
-0.06738919288994256
-0.06505320630221838
-0.06489822439385473
-0.06280709291257627
-0.06518390574143261
-0.06347036571764589
-0.05760838706051617
-0.05764905663933706
-0.05979279160459797
-0.054089078079626575
-0.05160971351380948
-0.06061297125298592
-0.06291828753394119
-0.06176451832697597
-0.0628946705564744
-0.06018197595105586
-0.06308797106825562
-0.06570771995144473
-0.06521477035755405
-0.06508503732016281
-0.06554534790495825
-0.06530434533979801
-0.05078282960721759
-0.03016762876141018
-0.01904796613804717
-0.024578853153508898
-0.02725313225524496
-0.024176436196675616
-0.026760881332808437
-0.001987076615382993
0.010488970437730612
0.011852356451389715
0.00670324864442615
0.01764315195270672
0.015788988868897017
0.020722308785495257
0.012528737474203066
0.027504952560299275
0.034450062157406626
0.03420788195128206
0.03416262285394277
0.04379275906028201
0.03914051326363338
0.0381817625841018
0.030441977223588983
0.036774330213354786
0.04327483790120491
0.042763018646342264
0.04084572572846031
0.036624906174678104
0.03944080374085785
0.03875625925873929
0.04304968521120668
0.045693357581598905
0.04220164990650513
0.04783475263415302
0.043548954246607374
0.04342419113152189
0.047391282035035905
0.05012035295796792
0.04302470580266503
0.043284165474581505
0.03548558861639238
0.03346849272257237
0.033567721581124706
0.033748419851564515
0.04293338460709686
0.04893207655153185
0.04299848232902851
0.04197324054339912
0.03461152925669796
0.04125307954750488
0.035829811181697216
0.04040354918900797
0.041759081203334145
0.0426651246734579
0.025982193311766454
0.019056397817726757
0.02098342845915692
0.01861978789309469
0.01300870419003908
0.012632970964994479
0.001157238095346873
-0.005047746715526427
-0.013853424504097801
-0.012410837238651457
-0.0010819535932330335
0.0010951737379914306
0.010169190518377974
0.020129259913917754
0.040937459744787574
0.04178785334047596
0.03873735907644341
0.027671828868979818
0.041401798423544856
0.0378108199407
0.038132741752210805
0.03882506484533514
0.04354384100040489
0.0501949192206352
0.049363996238340806
0.05109199218829818
0.052782514742737305
0.049388442261138255
0.047985616646980346
0.05134515172022085
0.05484327716037535
0.04762519878755206
0.050515842557411435
0.05000314980655701
0.04788841851366666
0.04903410891291559
0.05291610896219022
0.049476074429853335
0.04735683814801806
0.04544048627489514
0.04861389752398841
0.04644490941506556
0.042939935873295434
0.051783658956071926
0.04493129954029525
0.04542864409513399
0.044423308200506384
0.049121511840069965
0.04361538437345136
0.049837978736339626
0.046568033907388534
0.0462617971578273
0.048780165426065274
0.043885721145412476
0.04440152225819497
0.043746141951520295
0.035710102292255345
0.03629635633141412
0.04959912183844842
0.04837302072067896
0.04396957356410099
0.04595442944774733
0.04756235054005915
0.04260280441862867
0.04175719569864909
0.03981381842741626
0.03474179798592707
0.04286282839304748
0.04124265034648275
0.034348658178805586
0.03645447009511415
0.03264703377523594
0.0367121618775412
0.036017784415249526
0.04395927668742658
0.05127478624998199
0.04922509816007493
0.0467900141728246
0.03867168055890002
0.03553001779302934
0.03714532458229078
0.04065611790674501
0.032121083286084214
0.03952145180958199
0.03505547639495236
0.03631298305984026
0.037151341933849225
0.033112686578082376
0.03671066707163966
0.03879034110877969
0.023149919140236945
0.011859983056356325
0.021108733712661563
0.01609696480867459
0.021060144033034665
0.02866233268455306
0.03731941714984599
0.0343864477434828
0.036022006582383394
0.029674987687152418
0.026332116994223928
0.025897977080860952
0.03630456135355637
0.029159353662431445
0.02526113295766014
0.031014245856141133
0.011158519976548029
0.008311258525317378
0.008139710065829156
0.008325293027983243
0.017201368252870324
0.014043166526295277
0.022337816022955283
0.03796855888697464
0.03955817009236263
0.03900025818873718
0.039982696256081154
0.04906999980070796
0.04504831416711073
0.042397846109631196
0.0449119769829537
-1.0
0.03238267282762752
0.014051359120620612
0.01974674006362408
0.030344282532859628
0.021969464924818317
0.030449751208602105
0.018677282095557603
0.021181912416500925
0.0390538272656501
0.042846665447291404
0.037396518557887934
0.03286249157884206
0.04857429508550973
-1.0
0.039499123071458093
0.0402763933592241
0.04710101621956041
0.04907891229396676
0.04878933631309314
0.049018917057457194
0.04802327324927215
0.05020088041367932
0.04725197547130904
0.04304656487396301
0.05088382306080303
-1.0
0.052081465048911604
0.05031440992157199
0.04586104544932348
0.046020665920728135
0.04367875473167148
0.04956963237045978
0.044390443335651314
0.04267519467867486
0.043325120710011406
0.04189486606914243
0.023596852216345523
0.023615805682949548
0.020455429808794882
0.02855772218019078
0.02664122351866374
0.03261633612306987
0.04024222685784526
0.0378158963507138
0.03054985525655941
0.026345637242463495
0.0298798110601867
0.036881320519373414
0.026025642348055822
0.01986127672586303
0.014940170235219296
0.025818219304240785
-1.0
0.04285695313689234
0.041513943652280456
0.040772895184218255
0.040935484972943005
0.048790012928079454
0.045036487191601055
0.0372809959297833
-1.0
0.039324742757154016
0.03474166991027109
0.019244146728832984
0.011303424170713899
-2.6424562880944615e-06
0.005161755872850832
-0.006246677144286962
-0.010658406152946418
0.0012562986915085792
-0.0034468649572840207
0.018909743282952186
0.02302512587111258
0.030514248957809253
0.029239592645705335
0.008115632052621254
-0.003195494647857538
0.011838700621561995
0.025546735845173214
0.027483106277479456
0.02644708830934548
0.026731220073053574
0.01958299967438161
0.011390804949053262
0.0023134113434851353
0.0013441915286667376
0.004083958937467015
-0.005661603884987427
-0.01815196440354187
-0.022422906397793596
-0.026842812522339866
-0.02564208047971219
-0.019579332530557415
-0.007879346427990588
0.013482704274420616
-1.0
-1.0
-1.0
-1.0
-1.0
-1.0
-1.0
0.03673531417605062
0.029366603169402764
0.03708615812935014
0.04180992426341873
0.03917115136860509
0.04340857787762339
0.04325774605892125
0.04166618111706951
0.044518240312325624
0.03313959580907993
0.03258931451731656
0.03007542314480835
0.0265615699498235
0.03437218975067913
0.03208697152806968
0.03620779879400492
-1.0
-1.0
-1.0
0.047782604772641124
0.0486193081024527
0.044659919955525554
0.0449195866584481
0.04292194428711473
0.04332332365319328
-1.0
0.02965881340317141
0.03435186475033668
0.03584614116703055
0.030760532370914365
0.020274760098807184
-0.00010799405409270443
-0.030639366097570005
-0.04046537122852033
-0.04188177578339818
-0.03654854705891305
-0.012470472192868941
-0.028439798330135303
-0.031145890656622616
-0.03254427162966589
-0.035946994021990794
-0.03402571666715651
-0.02521415880811374
-0.029267272287372057
-0.016933409271905304
-0.009491461896801511
-0.00794621070582729
-0.013855650516073001
-0.020112129950495137
-0.018421245841735663
-0.03303705831138993
-0.03708306703959392
-0.042981850072348
-0.04471363744543977
-0.04376052289503638
-0.03814789031500622
-0.03247642810713327
-0.029072651154099127
-0.010122300229336655
-0.0013581843955838388
0.003093996246374337
0.0039600246310228905
0.019511278078910205
0.022031705292236175
0.03614087153691739
0.038878708778807426
0.03925010108068161
0.04417562559223118
0.04715796549311645
0.048298829697698636
0.051214388794428294
0.05117548078042927
0.05074337650542385
0.050098205052950415
0.047176605111312095
0.04805254736763947
0.04957198255975527
0.051188974661869675
0.04990274151356072
0.04304316745147702
0.043537953701807706
0.045065942682138344
0.04721480168050537
0.03239435337519179
0.0017820271117433358
0.001485719816245513
0.005775350980924422
0.018150681049797654
0.011091849827160577
0.004899123534271327
-0.0036427872068985206
0.0030426741562838765
0.024823785848888315
0.015247481594747736
-0.008191328049113596
-0.009462181971906555
-0.008240678653358861
-0.00040923003129771383
-0.0065424796416987735
-0.017633426557327327
-0.0029248438253352497
0.02619223519868536
0.035091264779644235
0.028052128800278384
-0.006429833046429129
-0.012210249717567357
-0.008089912302610497
-0.0021573539736019468
0.0024360359803181717
-0.0022078701580068505
-0.0012655766066074496
0.005439051339515649
-0.0017751385609472332
0.007983242667489149
0.00691536013989663
0.007933972934056085
0.006226901249242629
-0.008080758891361317
-0.019521041187905763
-0.023729089539857584
-0.01627317326647905
-0.016883939484079118
-0.018263455431540215
-0.02238664988650549
-0.013725417814465936
-0.014546821850285645
-0.023203395849037734
-0.0232871762373415
-0.017173241306162552
-0.017887289388418687
-0.009670584217777008
-0.015082539931872675
-0.018864267547408817
-0.0230244343587247
-0.010599848062253819
-0.010815286318724254
-0.01698354788933344
-0.042326582348780395
-0.0447924680833695
-0.04366091767746131
-0.050242243353720094
-0.04664806182415215
-0.04771091698170957
-0.05485030154723109
-0.053908153207789744
-0.04187048205038037
-0.05087397870619546
-0.05239044429865413
-0.05695385322493963
-0.05227167789984098
-0.043339997656452134
-0.036109964244917095
-0.025326373920615767
-0.009620726961301883
-0.012971459076471074
-0.023249887215321733
-0.027351718657299264
-0.021599147204020314
0.0018057137706809431
0.01668316466375036
0.01691777365515588
0.017235732439944144
0.019548473821241894
0.016053908661570557
0.014488765038326374
0.02414301231810056
0.03668990845922699
0.03492704073676136
0.030635670098174368
0.033875155845086956
0.029294474526677904
0.010387521862510123
0.011451851512029777
0.017464864829732665
0.01000191765010413
0.002929986673266559
0.0022674769054554754
0.011309160505917331
0.019216496403933237
0.03458886767047249
0.03447333470550666
0.035624027706981816
0.03259247828462944
0.03420834588861198
0.03406404431813623
0.04503557666244929
0.030303080453206913
0.02591111228476241
0.018884963159832357
0.02795134696295784
0.02526012745275168
0.008930911176964412
-1.0
-1.0
-1.0
-1.0
