-1.0
-1.0
-1.0
-1.0
-1.0
-1.0
-1.0
-1.0
-1.0
-1.0
-1.0
-1.0
-1.0
-1.0
-1.0
-1.0
-1.0
-1.0
-1.0
-1.0
-1.0
-1.0
-1.0
-1.0
-1.0
-1.0
-1.0
-1.0
-1.0
-1.0
-1.0
-1.0
-1.0
-1.0
-1.0
-1.0
-1.0
-1.0
-1.0
-1.0
-1.0
-1.0
-1.0
-1.0
-1.0
-1.0
-1.0
-1.0
-1.0
-1.0
-1.0
-1.0
-1.0
-1.0
-1.0
-1.0
-1.0
-1.0
-1.0
-1.0
-1.0
-1.0
-1.0
-1.0
-1.0
-1.0
-1.0
-1.0
-1.0
-1.0
-1.0
-1.0
-1.0
-1.0
-1.0
-1.0
-1.0
-1.0
-1.0
-1.0
-1.0
-1.0
-1.0
-1.0
-1.0
-1.0
-1.0
-1.0
-1.0
-1.0
-1.0
-1.0
-1.0
-1.0
-1.0
-1.0
-1.0
-1.0
-1.0
-1.0
-1.0
-1.0
-1.0
-1.0
-1.0
-1.0
-1.0
-1.0
-1.0
-1.0
-1.0
-1.0
-1.0
-1.0
-1.0
-1.0
-1.0
-1.0
-1.0
-1.0
-1.0
-1.0
-1.0
-1.0
-1.0
-1.0
-1.0
-1.0
-1.0
-1.0
-1.0
-1.0
-1.0
-1.0
-1.0
-1.0
-1.0
-1.0
-1.0
-1.0
-1.0
-1.0
-1.0
-1.0
-1.0
-1.0
-1.0
-1.0
-1.0
-1.0
-1.0
-1.0
-1.0
-1.0
-1.0
-1.0
-1.0
-1.0
-1.0
-1.0
-1.0
-1.0
-1.0
-1.0
-1.0
-1.0
-1.0
-1.0
-1.0
-1.0
-1.0
-1.0
-1.0
-1.0
-1.0
-1.0
-1.0
-1.0
-1.0
-1.0
-1.0
-1.0
-1.0
-1.0
-1.0
-1.0
-1.0
-1.0
-1.0
-1.0
-1.0
-1.0
-1.0
-1.0
-1.0
-1.0
-1.0
-1.0
-1.0
-1.0
-1.0
-1.0
-1.0
-1.0
0.030821839235560918
0.0394143176976996
0.037362714566464825
0.03476462069387404
0.03891286390913049
0.0320091556767287
0.0272512526849918
0.031108099662012886
0.0323437091296992
0.03103514262662093
-1.0
0.02995783095425544
-1.0
-1.0
0.006966599312268825
0.008554653027566705
-0.007184380613076255
-0.012702631186483616
-0.03237954677722144
-0.041193338919552645
-0.04259720755697714
-0.04382180806526158
-0.0473651714234845
-0.043188436172417924
-0.04684713330224642
-0.0453863734770615
-0.048628152658658476
-0.04621919972816285
-0.03949616412619633
-1.0
-1.0
-0.04217566412062621
-0.04219452277717971
-0.029677549688489985
0.011749985691205144
0.022125265940044863
0.029423245567445553
0.031215166663995958
0.031699157495552285
0.028085439730930112
0.029646154813902793
0.03146474086350892
0.029987412204947706
0.03590706664392983
-1.0
-1.0
-1.0
0.04156942841688896
0.037941755598405305
0.04221248810364851
-1.0
0.027973426748223708
0.028949868661378317
0.04329679809205793
0.0267591512268571
0.024401599745103197
0.010349176689943727
0.01333577207819187
0.023999825742750516
0.03306565762088219
0.02797926546451058
0.013279807804767271
0.02142735450833238
0.027525908912961652
0.024278848681470296
0.020571360044144203
0.026420821194123405
0.018871044700461304
0.007284147662803007
0.003364580876582403
0.02880435068360735
0.04288811904993953
0.039631238989412176
0.031851956852728486
0.025136586335472944
0.023960029493918695
0.039880279392485396
0.02626733072905242
0.018246654525094268
0.0031390058147322594
0.008127262394894969
-0.002756015690119419
0.015348663179825998
-2.186341691556729e-05
-0.03133501150915882
-0.02914998842459974
-0.025571831576442713
-0.008743580227819594
-0.028758757807395948
-0.05261358896887562
-0.05114998482485378
-0.05359402980167335
-0.048567340797347806
-0.052584118329857606
-0.0317994844693596
0.004439459977493759
0.02431647660080921
0.024991231875140175
0.027257997369891637
0.036286429196707735
0.03559039925987772
0.03255800161994095
0.04008330437684264
0.040988760871283725
0.04340612711899501
0.040151500746640464
0.0410001143565022
0.046187431762942904
0.0439596621459867
0.046140194550977606
0.04236264906404349
0.044432924854229144
0.027746564955500378
-0.010053134818237561
-0.00655208389974627
-0.019056112119951896
-0.019891111598727404
-0.02026938317236188
0.00028861957456397224
0.003488581881599636
0.013839267471178916
-0.005409954192842223
0.003799528589683022
0.015452317021191207
0.027485643872588138
0.03361212949793841
0.03417904322163841
0.030813644433965795
0.031396080261686894
0.031419698030493055
0.022928725309403594
0.027987077095883606
0.032780010891648365
0.037140355692974504
0.03185828813883775
0.02995228130961506
0.020740335158077196
0.028452620424861123
0.017814244766038895
0.01947973808005148
0.01614339526747812
0.018927537587013554
0.01240189470609334
0.012341882414188873
0.013862923488597504
0.0035306365730230506
-0.007381252683520884
-0.014646767468462536
-0.01699837392824372
-0.02514524338457344
-0.028440401869131472
-0.02641300646868342
-0.01368025791525262
-0.022607175555199515
-0.03467109329782918
-0.024593553002748483
-0.011993367257814616
-0.027570207569997434
-0.03273218123463801
-0.026687637132251932
-0.02728724216502339
-0.038088445640509005
-0.03563994573485682
-0.011943926173251658
0.005024387732037693
-0.0217656112333963
-0.030314161987081794
-0.03958673758471851
-0.01281673890672087
-0.0026029626570026293
0.015929423725030225
0.02827513429500724
0.02487077668366727
0.029428633137210912
0.03308289524110277
0.03633390775245511
0.028868818330756385
0.0193011864770337
0.010835848000349065
0.004178624218713739
0.007886790660663993
0.0015964480460955014
0.010726665633326084
0.0109743738353385
0.02877133257705349
0.012161170003586642
0.01184231293862019
0.02647472334189379
0.029259170490646465
0.03374629218909617
0.03183934790818527
0.033300777585485074
0.028098928955472308
0.031400766681352346
0.03490253286354238
0.02931413643621576
0.03953303389173973
0.0367022022031061
0.03664604439078175
0.03816300238223056
0.039569256308450186
0.041331458339592536
0.04330299094615666
0.04019210960705764
0.042056499841720885
0.03984648371056388
0.04112014430045321
0.0407008180371515
0.036493520152793696
-1.0
0.043717467339966995
0.04599345802265886
0.045021361732448556
0.04445679544008976
0.044965346089859366
-1.0
0.04170671373200713
0.04339751486035185
0.04272252439109188
0.04307958678288148
0.043180903569711625
0.04192067989962722
0.04304721135521179
0.04154914228376749
0.03582335761530433
0.03030005702666258
0.03392917401897432
0.0393313654020315
0.04260928679785308
0.03485649059805227
0.03957754275319879
0.04028502636415159
0.038054975343689325
0.03699510232883558
0.03541170534396944
0.030576777035691213
0.02803468568431124
0.03206996256578411
0.0336310158955374
0.039954965854673744
0.03905397305459397
0.042106793074445696
0.04116599900935839
0.044331322378888885
0.041935976804993697
0.03805508070089788
0.04070166055554869
0.03899481557668736
0.044140656030708644
0.04134729046017002
0.04186812127953819
0.04349663805630178
0.046410568325777744
-1.0
-1.0
0.044366904437147844
0.03405577556530306
0.0284511793555326
0.03632133461423996
0.030704916507316556
0.036981015562110454
0.04356504438550163
0.03766099274832333
0.039468111534717146
-1.0
-1.0
0.03953047594635698
0.041712498608002684
0.035068891500632256
0.016338316555969644
0.01767664164587245
0.005894931359943795
0.010320139231166356
0.011129979923391565
-0.002213348410809502
0.008564537380562266
0.0029723690561357092
0.0021893092542088237
0.00517365176033796
0.015725042874397868
0.02643700319007327
0.03702861743106609
0.03993540392808873
0.038176957852849004
0.03966362448370718
0.03790228049457159
0.04144936639639037
0.02598200641980918
0.03781773652414877
0.036109907738008706
0.03738172334049544
0.04624837115656056
0.041946930571732384
0.04753338847419818
0.04643478154362803
0.04760739626039823
0.04605343883886382
0.04645820328164689
0.046000369509651785
0.04457816265906952
0.04365992458093763
0.04718256554730213
0.04359933803132126
0.04430177074465724
0.04288299204952505
0.045014623406190675
0.04216324266047518
0.04915968330869569
0.04486943961281124
0.03610227592432039
0.04430988417082696
0.04203209425633835
0.03777607281833899
0.03584168504060423
0.0479948365173455
0.04318800630469534
0.042935955562571716
0.043418213394786
0.04183292094667004
0.038116765527991286
0.037436052853580044
0.03818526670206914
-1.0
-1.0
-1.0
-1.0
-1.0
0.009121175571114847
-0.016281251705296696
-0.013796817353307886
-0.02216988681167608
-0.037713150454767
-0.029522755685896063
-0.03946020596161317
-0.0518150654136958
-0.051500735535827964
-0.04761666074179109
-0.049908936659229367
-0.04157724868525929
-0.04764602616850011
-0.04603529560874308
-0.04327543290293426
-0.023687901020708942
-0.0341744937921023
-0.03725352507834346
-0.04319347072221256
-0.04335065428171299
-0.0438105564883306
-0.03840327147527884
-0.03385295624898757
-0.03227137644806924
-0.03724671470032163
-0.03980549303230932
-0.03578557920682231
-0.0347006087627814
-0.041529723450214245
-0.03816494487586323
-0.0417520825108472
-0.04430598347294064
-0.045628496986588336
-0.04407864954397552
-0.040693772648752916
-0.04186661518277734
-0.03604165798747293
-0.014984712077287037
-0.009521412161428768
-0.01697494956350888
-0.019558135845097257
-0.02874562535476031
-0.034520546626864136
-0.035096108274672064
-0.0390008443490114
-1.0
-0.04193186882264415
-0.04138657680043596
-0.040050399622234736
-0.0436656064268019
-0.04021627313447482
-0.04647191217487874
-0.04531899014358362
-0.04188234257810896
-0.04237923763071861
-0.04399115687890412
-0.0415972678468198
-0.04208909293080294
-0.04460102496017872
-0.04260267284279127
-0.04038697736121498
-0.04539699452119645
-0.03923953528948433
-0.02272455167277553
-0.027567986030741478
-0.03778281609990444
-0.04001684434552703
-0.032278220934764845
-0.03126856300720724
-0.022759493518502965
-0.009821697920724232
0.019029510120239238
0.01886772402506912
0.02321612349100064
0.01716119825308337
0.0019875915192073467
-0.021859326893779736
-0.003401317402586475
-0.006433177692065419
0.0006420662334195589
-0.020379537482525672
0.006880996833090024
0.004233025125679419
0.0007547091068730342
-0.023311517025826164
-0.03587547649807385
-0.03987320194121422
-0.04197875944786389
-0.040010513051814516
-0.040230492893169274
-0.042402670271455466
-0.046587112712141804
-0.05328795688013242
-0.04920018574969642
-0.04340861831600598
-0.040985681173235214
-0.03869563414037915
-0.04096282846343409
-0.04700268854273297
-0.04453684287849647
-0.04685557566133004
-0.042649386304587825
-0.04651896188924178
-0.04532878842395069
-0.04507326899151108
-0.034246177939875076
-0.04508463060881473
-0.03865045508562488
-0.03872450190045283
-0.043339139427792266
-0.038965381783921255
-1.0
-0.044484497250805916
-0.043594070789975785
-0.04557541450964421
-0.04575852422184788
-0.0452284812352919
-0.03884687301978542
-0.030909962184081676
-0.014761095096685677
-0.0029991172494129143
-0.023989463205443463
-0.03479944076153391
-0.0386134558942719
-0.0414559779187019
-0.04076709557307387
-0.03830470383902287
-0.04289306663588309
-0.04501788036156027
-0.04230455628368349
-0.03971845170788771
-0.03857483245753956
-0.02196176350835682
-0.023167792427918932
-0.0324854675334425
-0.04318737279349072
-0.0360153004513882
-0.03595515592196228
-0.03189842272032487
-0.03147263051357506
-0.02945059388410955
-0.027602813487488324
-0.014416166719338888
-0.018570357235065706
-0.02517723741595792
-0.026946232444329445
-0.0356969176233231
-0.043769111817544476
-0.044044581118916334
-0.039143497517835836
-0.04520079720006897
-0.044247313862173336
-0.042281152840678876
-0.029253268988446476
-0.002332435549464968
-0.0031459981791609657
-0.031640640435459486
-0.04424517414581501
-0.04260781782820092
-0.04573189915189645
-0.04516484181624287
-0.048276899642921596
-0.04704565567934964
-0.04475091313171502
-0.04890097892619542
-0.04580146431123206
-0.04610621901027328
-0.05018448545158309
-0.04736298275421957
-0.04867076114789163
-0.050804320590974825
-0.04819594462205758
-0.051855545454034646
-0.050941566621713556
-0.04592821307590301
-0.04986666557684153
-0.053871095174373086
-0.054893931633757
-0.05255508061610574
-0.046863739276051496
-0.052657142079305594
-0.05210185449775264
-0.051505282967108754
-0.0436894556783186
-0.052265535010166356
-0.049902958824527714
-0.03745282785740768
-0.03745429694463587
-0.04206330694759696
-0.040711113585674114
-0.042602596276744814
-0.039841177230665964
-0.02779771608990184
-0.024304526383290472
-0.011156703073110423
0.010475991500341519
-0.00143354357868334
-0.002111812368980688
-0.0010562715267766192
-0.004597988814550211
-0.005585054476588372
0.03514583915942107
0.03771728243818134
0.03929905310871649
0.04663479291823007
0.04748035065172445
0.049746070977156116
0.051244775307343275
0.05072918471396949
0.04861778952531268
0.04513026898826136
0.03417750237851011
0.035074875202064426
0.04312861458803357
0.03963842572366226
0.039076600799495535
0.03768742853039263
0.03564873934758279
0.03224294702089911
0.036551335358428326
0.03212258040495039
0.033455098114679914
0.033716278933619434
0.02203903181641033
0.020285006840875173
0.029241964276742947
0.03521281453217849
0.04605822465822801
0.04331674157192782
0.03774236820516112
0.030782565030539936
0.027648682228643005
-0.006287244328652057
-0.02573922901817717
-0.024857280057452046
-0.03250852436028352
-0.023009077588236986
-0.017536425947186303
-0.017087906507514492
-0.0191028146270707
-0.003986820334752377
0.0020229877577679248
0.02641547732649124
0.031045655114759336
0.03410923986891386
0.03603776262840299
0.021115911264684286
-0.014116987514289438
0.0007638865747336916
-0.008286718454384175
-0.03846585616004435
-0.042013894165762095
-0.03852487105677643
-0.03802146088136009
-0.033890740258290614
-0.02044955514898623
-0.037206125729406264
-0.045118085745971204
-0.04798795736700888
-0.04306449952060365
-0.02979195978118667
-0.04373171685699644
-0.04640864984951904
-0.04141636630241566
-0.024499764133034913
-0.032448588892162566
-0.018317021467037346
0.019324921353452894
0.038861975274641254
0.029734795994083185
0.02084909102793443
0.012615675868727807
0.02002202989245201
0.019416640737013553
0.026533761237657865
0.019468920428223062
0.015645835921309244
-0.006130393840605005
-0.018601893215576048
-0.032924551591899644
-0.03477915980701847
-0.031602780128218495
-0.027920103105873582
-0.024855793003337744
-0.027402442512091424
-0.034437376929556014
-0.04392791836255149
-0.03588074505524742
-0.032538227121888884
-0.04560062064212575
-0.0378956457124862
-0.03489849903902955
-0.04243738555749733
-0.04958762748744946
-0.04734233054190911
-0.049770548041069625
-0.047144653521101414
-0.032834641527389415
-0.038174213607634594
-0.018165097208241044
0.0007170854621756165
-0.012656917670607896
-0.009493595322556269
-0.01021372922926475
-0.002185800098754087
0.007267702756805946
0.013317655426317536
0.014320890814766646
0.017682373334419705
0.011949500200795602
0.012069331023318213
0.008136425406763485
0.01707101211797143
0.017293082829766698
0.018368786284707003
0.015907958709192888
0.016745401378294514
0.016839592650966153
0.021677756475981722
0.01065561135229503
-0.0048155064660698466
-0.030700688636171203
-0.014057343560351718
0.003978545789659197
0.012243937371777099
0.011845430084981583
0.01699984683525764
0.02098417644583526
0.026182735309053868
0.027321447174868507
0.023786939860955248
0.014439833438162096
-0.01616302733045932
-0.017300850899144408
-0.034678862154382595
-1.0
-1.0
-0.042369126985353826
-0.048171861813187444
-0.04423755405973665
-0.05008005501644647
-0.04817333653664378
-0.04429841635165576
-0.03708099809548869
-0.03844115892448511
-0.028623876348048242
-0.03286662638346399
-0.028482985753183795
-0.0362639726646668
-0.03553818228113154
-0.03609725203571956
-0.029816018947034794
-0.03640254161653905
-0.03477892195482709
-0.016814768340761455
-0.030508032774855726
-0.036732111767259434
-0.036294660291011506
-0.03107647475753291
-0.03267397566773664
-0.022369916875894416
-0.02740962884341745
-0.03016877377436181
-0.025933868471673515
-0.030923391111901538
-0.005874200431601297
0.004789011117597176
0.013504534886382964
0.019089847440690182
0.02106454252776982
0.011988415328326531
0.0010136578373861984
0.002279502330791109
-0.0031122611840064067
-0.006715792034220062
0.0036872798986269176
0.011628779669969249
0.012917510133832534
0.01281602877417706
0.014183879597255178
0.01607699044543321
0.01822530267489422
0.008735598428010968
-0.02017454917789131
-0.03046920323834372
-0.045327691100595674
-0.04926559033322865
-0.04769566373798955
-0.03465432699212393
-0.04598012844288962
-0.04810355662657935
-0.04777367173154077
-0.05214127131240133
-0.054570537335143436
-0.05256250649539473
-0.04816004573894895
-0.04131303637527441
-0.0442465452684021
-0.04431963553617565
-0.02468165698645617
-0.030227301562334465
-0.04011714050391733
-0.038096861949753785
-0.03283466019603098
-0.025416245790536078
-0.01632660877659357
-0.007140847618261478
-0.011948775563750708
-0.021583729247132668
-0.017624529470850737
-0.01960534127033701
-0.03215018484995982
-0.038521182261200305
-0.04039254728371483
-0.03876876373805468
-0.03495191749366555
-0.013816299766463161
-0.0007721183242462563
-0.026766130575113782
-0.030921000808344895
0.006138493324899455
-0.01075077966845815
-0.02941893157474812
-0.034821163670275955
-0.018836904842312843
0.009408553616866124
0.01664628131711628
0.027026897900590117
0.015435236739094561
0.028645437087545873
0.027531669484800358
0.03172295861559711
0.01912651558102906
0.006223520616800191
-0.009502344640373524
-0.022480451895540193
-0.03389676369310133
-0.03991616084103271
-0.04281666275627458
-0.03294713863488918
-0.02290950599846755
-0.017428598292177726
-0.024693632908347488
-0.04679872883023285
-0.015834813584828182
-0.00044887998476233256
0.024025974205251294
0.03206210965763247
0.0056304051282139896
-0.014968796306078953
-0.016945407789243947
-0.01961118663441115
-0.019407766132716518
-0.004484876565916846
0.01688485137229275
-0.0003355441436410832
-0.013461257314294253
-0.012433338589909871
0.0070483099012047645
0.04292989815682634
0.04034817883511139
0.038410644959411405
0.04463852804567106
0.04907167619323175
0.04878105131630494
0.0497650331073384
0.04624176141500972
0.04406879331506001
0.04383051208349361
0.047225546952179766
0.03542749161806498
0.019823673882861405
0.014460559804591343
0.019812388692541292
0.03185511921042622
0.039027773978423934
0.0342025973130546
0.03473034230324523
0.029670244807878995
0.026306511265131848
0.023740629970130742
0.0018460735067796015
-0.0013576329210855187
-0.007472417350850844
-0.002774050967796501
0.005320937344990458
0.017367867401120035
0.024151370629351264
0.018445359042002035
0.018582850217306938
0.0057197663331062625
0.010707740481056426
-0.007346987119160751
-0.014972019798977044
-0.01391647608877278
8.042113314980338e-05
0.005413085735782793
0.00779460532263096
-0.0006497096460156215
-0.0038706369125331447
0.01980276267738288
0.029360210291710917
0.026539298092541633
0.0098127669861339
0.010817473781890234
0.008374266829679077
-0.0015641337259088787
-0.004909050086619462
-0.027238781638369677
-0.03019137421578773
-0.03378460992594399
-0.030239771636852823
-0.033977622237660154
-0.022305984683774302
-0.026408026472319913
-0.030117777408344783
-0.03163159681969905
-0.01907874072583954
-0.0182851908962506
-0.02788737969276854
-0.02030563359096778
-0.035391673610292704
-0.023224184705658332
-0.030949094471123432
-0.03632522315712099
-0.03670403095608437
-0.016260443094925126
-0.00840717581249028
0.0032335803883867535
0.00990155410660551
0.011941330930159824
0.008512250001431822
0.016893535598513264
0.016980480588592792
0.01999424351254642
0.026929174439576535
0.02548197422031692
0.030474644922218023
0.032816373562402856
0.01506346873362
-0.01060267583224308
-0.04024903449400947
-0.04340931379312015
-0.03439349487482027
-0.038616509276211304
-0.03748528683174893
-0.04071187664119968
-0.03339742151865593
-0.04641082789652207
-0.04742444132077579
-0.04910977968008229
-0.046686369756648895
-0.04695866455127626
-0.04239976347411633
-0.04029396294111036
-0.03207176388055063
-0.019891981938921863
-0.03499070613499908
-0.04452356386908492
-0.04209114609380036
-0.05018205308388043
-0.04876502137781261
-0.04700706218277722
-0.013559682765923063
0.013801032662081276
0.013727387203241312
0.03163439253616619
0.029128321265137008
0.03336440782970013
0.029565608519601005
0.030098437321737153
0.03783107912208734
0.03291984849572996
0.03522586197845182
0.038364582229822926
0.03186388664322078
0.04144750807854016
0.04504683318314832
0.042801821795511084
0.04390064141394247
0.036287703891582306
0.03234524192926656
0.01701287429520775
0.029164522943991824
-0.00022686172645547674
0.0015281861385515094
0.014379276557929936
-0.018984207135956343
-0.045352756443094944
-0.04737233730735688
-0.045052462865423484
-1.0
-1.0
-0.04415442395418821
-0.0469387423483505
-0.040311426750745886
-0.044034217137265984
-1.0
-0.045095978643100276
-0.012860883301606134
0.013879696320560513
0.034443293397257234
0.02730507454851028
0.03283021770960605
-1.0
-1.0
-1.0
-1.0
-1.0
-1.0
-1.0
-1.0
-1.0
-1.0
-1.0
-1.0
-1.0
-1.0
-1.0
-1.0
-1.0
-1.0
