-1.0
0.04641112614645119
-1.0
-1.0
-1.0
-1.0
-1.0
-1.0
-1.0
-1.0
-1.0
-1.0
-1.0
-1.0
-1.0
0.045567945213809864
0.049361075171677725
0.05624231609009628
0.053097824942190626
0.0454853078436041
0.05371106410642458
0.04997222904258787
0.0544455481892311
0.0529363241225972
0.045077075875729206
0.043376901535937096
0.051187355142584524
0.048622576125895996
0.05498342177956117
0.057754279448981115
0.056302869124934464
-1.0
-1.0
-1.0
-1.0
-1.0
0.052968336887582075
0.043813068633451156
0.037366604129924125
0.03436067181058196
-0.0003757759803603159
-1.0
-1.0
-0.049443714061350355
-0.046303374280781226
-0.03523539208530625
-0.0407812463357188
-0.04448187666061088
-0.05172016474730038
-0.048488016070890066
-0.051553979797603414
-0.04207444814187001
-0.048026706194133434
-0.05192666395154339
-0.04475662858482384
-0.01814458184451449
-0.03145819230128056
-0.050573092883115026
-0.05427513647811788
-0.056416740658045805
-0.055441931302298846
-0.026500854093842438
-0.025180860657046042
0.011388366490661078
0.014128953174546762
0.007977514362466645
-0.025456503861781797
-0.029864630683342726
-0.0287593422903009
-0.027862332062934207
-0.026679731043858932
-0.03863004186590427
-0.03633234768970625
-0.032877510875601236
-0.005757087995848544
0.005178544342451835
-0.02114985403206507
-0.017298061119929323
0.025514511418074003
0.032040026443897855
0.027765814360845343
0.04356368044650227
0.03810986200519796
0.024575903008953792
0.027526088964676464
0.05604416937981515
0.05379226799623996
0.05602228525756183
0.059832533810361105
0.059235506460425545
0.0618050751351017
0.054243325781787546
0.05100500841651592
0.0543258757093523
0.05591245046645867
0.05617693184642396
0.05844243569870229
0.05768845969543121
0.055202755407539716
0.0512335144348274
0.04909459289524237
0.05651407223765555
0.0552442457468337
0.058083896547063696
0.059626887409378264
0.06280026210809297
0.06342371266375631
0.062323640293488816
0.05686128001854746
0.049623133058415446
0.04689523662159993
0.049813059795587554
0.045444531763011047
0.039497106124326685
0.04278404313146461
0.043484469695768586
0.049216645631734786
0.052303187781047686
0.056726833717975565
0.0524064111183742
0.045190379871765565
0.03307298322292698
0.03759168753721716
0.038285346661638915
0.030752231149727152
0.03177921923414718
0.037346644003410694
0.0326861728115401
0.031051914927156275
0.0492960560780428
0.047314711993798275
0.05027328789392768
0.045032050711417686
0.0364766168480003
1.376837020467601e-05
-0.002348147981045602
0.02974147246482015
0.020448223623110346
0.025924867579585863
0.03129665462993451
0.018854665752217763
0.02610304457446964
0.045718268923757126
0.04861381899180026
0.01492158907497822
-0.019973887942694907
-0.023269651971130713
-0.02342871260841572
-0.020070306266429392
-0.025599315674333833
0.010839181034904855
-0.027371687684192108
-0.047651395092757655
-0.05878038488915364
-0.05389748641318498
-0.0485015914776763
-0.03397771381526655
-0.007253180100215968
0.004052527813662074
-0.0027784039420411
7.125809176645411e-05
-0.008613078128378719
-0.005605460867149997
-0.02721341093446706
-0.03267854950870139
-0.010450046073908623
0.0023797986219321085
0.03392097236133767
0.039410461283037816
0.03896589879676658
0.051473473672608586
0.05261826467046057
0.05599829788818868
0.05045937958951418
0.056385837164084976
0.04525546296917886
0.056274763430758
0.05622224811289318
0.052488709795038786
0.05748015259545509
0.05703484259939929
0.05829971648848623
0.061119995414638945
0.05596572497802693
0.0590746448594893
0.05727796819290201
0.06081527536734224
0.05475192134250847
0.04175347454969709
0.038052347181966914
0.04030647599690067
0.037649954884551785
0.03758824940694058
0.038397600649455715
0.03137917123197107
0.02967321004514007
0.029826476217076382
0.020794389577930217
0.022094441597974378
0.035995341866760226
0.006573847364305517
-0.026446274591701034
-0.01939667000623735
-0.006510011370596149
-0.008991921216641557
-0.03736020070016698
-0.06366794054210989
-0.0695450176623348
-0.06888819757531246
-0.06665573102019459
-0.06288485719159326
-0.06082508111969034
-0.055916248393210334
-0.03281874614039528
-0.046050504408313556
-0.054496518714205515
-0.06073517678657811
-0.058664586870309766
-0.06164454213287919
-0.06198945335736791
-0.0589453447117839
-0.06396499634942994
-0.05359276283726086
-0.026353536380168446
-0.04053227376484536
-0.044349979749651894
-0.041761080228423335
-0.053753094719105506
-0.049021536894302324
-0.04788310168296657
-0.048502490382238375
-0.03456935019952295
-0.03645572197606708
-0.05836529808782616
-0.053045451839545066
-0.057456377266543235
-0.05964079618132901
-0.05522075115057231
-0.04980782392842467
-0.059159872481199534
-0.06406160515604295
-0.058915387797633265
-0.05614747321936867
-0.04833184676230906
-0.04872213492952864
-0.040516112433993674
-0.040915903660140106
-0.053332676194564124
-0.0551035592642271
-0.04540447533785317
-0.05029369650545351
-0.045335244268417445
-0.05203421135306582
-0.05310208342708879
-0.05220483049681667
-0.05683522575737248
-0.053203070345103715
-0.05201089748561577
-0.04897252957622589
-0.02621273777250169
-0.03242745447999586
-0.0305294483425148
-0.04464171851104042
-0.04642176611850025
-0.03215470239527348
-0.014225853896823015
-0.01415249573295721
0.007196124541443757
0.01281126856999689
0.010687673514839839
-0.004646644979274132
0.012635941472025104
0.02281581589817336
0.026216877552045593
-0.031774306407778556
-0.03767981583275301
-0.022747212545166113
-0.012262499617231038
0.008772005123541626
0.001905159842282236
-0.0004590868044887619
-0.01823212423927144
-0.027509998720839354
-0.04346210860234697
-0.0270004987552101
-0.009721339694046066
-0.006465908749203461
0.0028680407856180867
-0.007470142214412274
-0.017151200194138735
-0.02331537359781301
-0.02880777644353567
-0.033398578514790736
-0.05818098082753525
-0.06872969712686343
-0.06789601075569494
-0.0684484865780398
-0.06767611694120272
-0.06716307533929125
-0.067023965850546
-0.058558414285398624
-0.056723631817610295
-0.050498405881187126
-0.0629355470120192
-0.0660648204459831
-0.06404036760931921
-0.06388388705686755
-0.06240132512958839
-0.05671171834068205
-0.0686405373608082
-0.06147923421378011
-0.05478756925266166
-0.04246599037930712
-0.024793291819254517
-0.03614055305224695
-0.03337868328641545
-0.0294897067927791
-0.038609395537403196
-0.04106740422160594
-0.030018540004212342
-0.026853957226113622
-0.04797498112097241
-0.042767948065917896
-0.03715941728831078
-0.03697276455893593
2.1004028195479698e-05
0.0017284563524857886
0.025389244307484207
0.039848229854645235
0.051982909579448004
0.05700785435122129
0.0560780587214395
0.05474464775149006
0.0554605879786045
0.055204991949309806
0.05612127219334715
0.059686846949593045
0.06588861444289498
0.0634237213220942
0.06206044787500231
0.057675419391082776
0.055843467972304765
0.05323897625889477
0.06116328788563126
0.05440268891571024
0.05402081112131822
0.05043292728844952
0.05008437704308547
0.0406983944105877
0.03914249284971604
0.03382654387957308
0.023356812907221396
0.03482252511732272
0.02220867380973025
0.033881533811428485
0.026554786949795833
0.021293084878539755
0.018754769935696868
0.02969811869436731
0.02214996783752319
0.012202716217285017
0.009474773830069979
0.013686126530391966
0.017001263723038396
-0.03468545637952911
-0.04825086819437496
-0.05160990113032342
-0.05962007573063843
-0.05943590785303797
-0.05598079941714031
-0.06151170523607164
-0.06051432037144022
-0.0614037863236066
-0.047482165994022156
-0.03864095939891643
-0.04227646279199396
-0.03131999227563725
-0.02103346459325854
-0.028930836504422776
-0.025537353709159213
-0.033500678862123566
-0.045602010116232536
-0.052062106236489485
-0.05749047898154024
-0.053330133173689315
-0.054397486668785786
-0.048370494906464605
-0.04903996797664405
-0.04432626511345615
-0.05669502117740287
-0.05974655975309017
-0.06107445773446651
-0.051173734878921656
-0.059328342215271106
-0.065244957856353
-0.06628284071149178
-0.0664005532643027
-0.06556378098030415
-0.06361601136934847
-0.06344594118268773
-0.061643109917203835
-0.062393221186654926
-0.05694344680775686
-0.06234714822894555
-0.06177555426808044
-0.06369856669196117
-0.062491448024362885
-0.06038629843875934
-0.05297686081513533
-0.04268827198243976
-0.0573379284731602
-0.06102340867865905
-0.062449774703253975
-0.05541134991279338
-0.037658833947201535
-0.047016153263945044
-0.05337437415600886
-0.05449127268832809
-0.05430932731418977
-0.05166806348787739
-0.0468409055378992
-0.03556365763236718
-0.03682146768590101
-0.03524963902108993
-0.03819097324950328
-0.05671260288544595
-0.06803036863297579
-0.06510240367427363
-0.0674799883165025
-0.06777218266683295
-0.06685715821766848
-0.06253203024840237
-0.03708899526611119
-0.007026604449331466
0.011029906089787659
0.011241151580408079
0.021335720728924697
0.029217885482997807
0.03857710673905936
0.035323632549899155
0.049933623885811636
0.039007230116820175
0.04272689325257693
0.03913335844786069
0.04632412049836038
0.05534613452667559
0.046643626280847734
0.05299823498092024
0.05536969866313656
0.05423067904157407
0.053308193477702194
0.053481074993803626
0.05160194899764519
0.049042451935666746
0.04332337951299279
0.04178483582116361
0.052040112110142554
0.059786568371259265
0.0590196160338089
0.056234346141375145
0.05796249110205215
0.05632993463413431
0.06244293318306303
0.05739150947563799
0.05510659128992949
0.053239120208597245
0.05339781588798211
0.05943639689076299
0.05363796070510979
0.05073884056308459
0.05469708182599126
0.05425585659827654
0.058466940024365914
0.05675198092427437
0.056033313023915524
0.049094291149178716
0.04410000175688491
0.03569568436699034
0.004590568032220397
0.0023656520541953385
-0.018920915079352597
-0.059795764424538225
-0.06049102346120845
-1.0
-1.0
-0.06232772322477416
-1.0
-1.0
-1.0
-1.0
-1.0
-1.0
-1.0
-1.0
-1.0
-1.0
-1.0
-1.0
-1.0
-1.0
-0.05372121446104525
-1.0
-1.0
-1.0
-1.0
-1.0
-1.0
-1.0
-1.0
-1.0
-1.0
-1.0
-1.0
-1.0
-1.0
-1.0
-1.0
-1.0
-1.0
-1.0
-1.0
-1.0
-1.0
-1.0
-1.0
-1.0
-1.0
-1.0
-1.0
-1.0
-1.0
-1.0
-1.0
-1.0
-1.0
-1.0
-1.0
-1.0
-1.0
-1.0
-1.0
-1.0
-1.0
-1.0
-1.0
-1.0
-1.0
-1.0
-1.0
-1.0
-1.0
-1.0
-1.0
-1.0
-1.0
-1.0
-1.0
-0.05218435479236994
-0.05315041627477541
-0.048663455312502914
-0.05179432273454815
-0.05078513594025115
-0.05194444251802125
-0.05168204875936221
-0.04433582559423875
-0.014283772075241102
-0.02382273469107162
-0.020601663204473087
-0.015547477841642387
0.0018178846137279112
0.01847382865647451
0.01881921542660599
0.021790484813662678
0.02671697663928433
0.02612798723317636
0.028626142724088796
0.020668828969998755
0.019853053375992524
0.016902609944308172
0.02154597923105325
0.017318447265665924
0.01740137199141927
0.02036264684340668
0.008422512730250655
0.006716284398956628
0.004062714320124514
-0.0055609587945632455
0.0028204685553470978
-0.007249452259417377
-0.020430677996457685
-0.027493906762121177
-0.03023128558682782
0.004598953740375622
0.005912822291139162
0.002240919287430079
-0.016563928417065544
-0.030161070641889536
-0.02845411304052616
-0.01862570817517064
-0.02993423979954518
-0.03876622026052419
-0.039369959737299
-0.0375942672759091
-0.03289741085906617
-0.01242551966005426
0.008222042711759471
0.012290450849752011
0.016482318024973967
-1.0
-1.0
0.031801453023036295
0.038571427876085466
0.03700342022614043
0.03642761294813446
0.03610724405598514
0.03731214711751025
0.03654471059105204
0.037890799886690224
0.02809585056293971
0.020918843829452752
0.024446679940046536
0.02002783637019897
0.03073201979298721
-1.0
-1.0
0.013965496121932982
-0.0016612587181639733
-1.0
-0.016934802549332002
-0.01707509425271537
-0.015189703428953755
-0.0017243388346120533
0.014566934986885454
0.0166203102370307
-1.0
-1.0
-1.0
-1.0
0.03437859031339059
-1.0
0.03769296489443434
0.03563601705624689
0.03774292443821803
0.03492759007973112
-1.0
0.03344911465676754
0.03635576831710585
0.031803095310803275
-1.0
-1.0
-1.0
-1.0
-1.0
0.03147508870598314
0.028637820402506474
-1.0
-1.0
0.035753842990321354
0.03635825277252923
-1.0
-1.0
0.030929665513527757
-1.0
0.03464136188733517
-1.0
-1.0
0.033694933845477164
-1.0
-1.0
-1.0
-1.0
-1.0
-1.0
-1.0
-1.0
-1.0
-1.0
-1.0
-1.0
0.037577466344213314
0.035378229473523704
-1.0
0.03772171324817418
0.03487883310191784
0.0359743202249323
0.035586867744734685
0.03631369851707317
0.030901150142994986
0.03419885857762028
0.03566525782052924
-1.0
0.035849731279100266
0.03599205654898181
0.030367443996460217
0.028227047214531342
0.028654708292276253
-1.0
0.03352971233014276
0.030940843046013848
0.029570228398653867
0.0332591474189604
0.017752125666808026
-0.008798451408245877
-0.021122830776868537
-0.018294214288069197
-0.020825327362924268
-0.02113026658943452
-0.01360731355888856
-0.0013586053895769093
-0.001905789093973305
0.00227097468677647
-1.0
-1.0
-1.0
-1.0
-1.0
0.0356380575052409
0.03988940212457262
0.037828924990596556
0.03844564341062726
0.03698195896313792
0.04019513566194773
0.041323646704691394
0.044085473051519684
0.04200255562398187
0.03673118144377068
0.03882253674743357
0.040444935078084845
0.04388988375172228
0.04419863158514494
0.04295342121524261
0.039691563870525866
0.04485442298940516
0.04260600465378409
0.042655066230849824
0.04312395261310901
0.041605462665251815
0.043767178216563514
0.03957199195350419
0.03874702529673016
0.04175775137379125
0.04081859968584635
0.04210560491662273
0.041479117221854836
0.040180067567070585
0.03841639407769967
0.03643082983838753
0.03321262120498779
0.03816624552228939
0.0435592761009434
0.04670216993004552
0.040991180344079496
0.04173374715104693
0.04045826990735268
0.04319207692665355
0.03875001174328965
0.039011458329966955
0.03558694053723796
0.0439155735349133
0.037325120028249385
0.039317167779476095
0.04000873026472536
0.04333321818287805
0.04160153772139499
0.04248581463574154
0.03563531426649687
0.04267418618463598
0.037268466111364175
0.04297073816018025
0.043113161316403636
0.03913097124719947
0.03953071352171685
0.04162996217408173
0.037636948668686894
0.031303488494243546
-1.0
0.030538192722913544
0.025274651451010436
0.010656784350064742
0.00036681087270541707
0.006845024152740307
0.009651266352877228
-0.012780753785742088
-0.02109425603287459
-0.024851103184744577
-0.027265956299690197
-0.022388560845738387
-0.015510555542610056
-0.013269695470496919
-0.012104146875261616
-0.010019875284619478
-0.015403311971419927
-0.015170480145637459
-0.03152956052867548
-0.036788133882990466
-0.03840837781387988
-0.0362937477503949
-0.023277661073281324
-0.029829418110082134
-0.02054098190546899
-0.016358398138320653
-0.019018119039693387
-0.012893153654666796
-0.013244243154663693
-0.011412705503243314
-0.01013875082912426
-0.03216316261648178
-0.04763538204565192
-0.044122408961017615
-0.05547395918766831
-0.05651294336136768
-0.05771743825741134
-0.05784845770655216
-0.05379047932543508
-0.04964773251828334
-0.04385728094520627
-0.0495737717841798
-0.057783559557079756
-0.05663859891782375
-0.0574748701503131
-0.05814288722170902
-0.058255788371059256
-0.0562075410397132
-0.03321263284214654
-0.031933923151954306
-0.013317050537837043
0.0029893417579382824
-0.0071807232405097675
-0.02611968427408773
-0.05358640140022158
-0.054141251266578275
-0.03874716900469957
-0.036744852745924705
-0.04191888496332951
-0.04960165075781826
-0.05903563717095914
-0.05967152515323144
-0.0547629081640485
-0.0554882955910688
-0.054051946051464406
-0.05582173758627607
-0.05451257762192799
-0.05954917443698213
-0.05580834326104617
-0.04312060824942564
-0.053704823634137144
-0.05197569323572833
-0.056046072140928056
-0.05791865688880295
-0.058067313249766654
-0.05878165791773349
-0.05850738454898141
-0.02619009766426914
-0.002989766276493523
0.0006080730295439083
0.012777823926439676
0.02577450145067534
0.03104328432727167
0.026655075026247324
0.01669654357893688
0.009965994799358637
0.020244997145605164
0.018200328469883852
0.01956030563646151
0.005489676188589728
-0.00751370442550032
-0.007307445203624109
-0.003214136724512283
-0.012990613385507273
-0.02481030871935747
-0.03237927494986178
-0.047578165923002985
-0.04928593160642053
-0.04967838783082082
-0.04806960433266487
-0.04062589162639871
-1.0
-0.019461032971763284
-0.014804303600932019
-0.00040519654226478535
0.0038445857961643855
-0.008052992169808487
-0.04366028715816442
-0.0516660190560651
-0.05270213167937878
-1.0
-1.0
-1.0
-0.051282743906861813
-1.0
-1.0
-0.053042117332091965
-1.0
-1.0
-1.0
-1.0
-1.0
-1.0
-0.0504185861308224
-0.054193461484299675
-0.0539057268031236
-0.05081382323277217
-0.04792078627608719
-0.04464039242267897
-0.03787080550284668
-0.04505071200344593
-0.052441447507540026
-0.04251300690287069
-0.044653812219574145
-0.05337554810186754
-0.05802108848284016
-0.05984447600978335
-0.05799531790585558
-0.056162839961301385
-0.05633673626926209
-0.05935751421726594
-0.055442798419522474
-0.0508246994170671
-0.0507004544610454
-0.045942553861412
-0.04386648519190908
-0.045810772720689126
-0.04428240466383386
-0.030873424874245384
-0.03227092223298828
-0.038544278742044906
-0.018448633526476764
-0.033915077455182935
-0.041375981018067984
-0.05029886273347328
-0.048410104454926633
-0.04131319422007482
-0.04064198918638917
-0.004032177841592579
0.004142517710036597
0.004767837935537048
0.013829270212345889
0.0017273596197382372
-0.03638854223595121
-0.037916183725155206
-0.02639870958199329
-0.0074445871867099755
0.010184587366235735
0.021743329402050652
0.011884334264961289
-0.008359610060958157
0.00350278012866354
0.013253597870721114
0.023706101667805613
0.026788273303354756
0.029166182881234015
0.027494407898117492
0.02100659279019374
0.013132645881998157
0.002579837493558227
-0.004734751872054937
-0.0032411686922896093
0.0027792479685611053
0.005519620654007417
0.008567745930666396
-0.030829682042003242
-0.05049821208998522
-1.0
-1.0
-0.05534808486008778
-0.05060927671302556
-0.05694201982017558
-0.05799916641003449
-0.057172091094366474
-0.05542162833680461
-0.057476990055535096
-0.056487465607931026
-0.05845964151587529
-0.05565538817760988
-0.05069042527935527
-0.05293248594713281
-0.05530093955023931
-0.05311416166176388
-0.05425362075608488
-0.0575317782644509
-0.05862231783892777
-0.057050409193238824
-0.056680325739129074
-0.05236069717024193
-0.05463061182825763
-0.058288890173383484
-0.05477700378217617
-0.04574226878203762
-0.053517801280851464
-0.0576564944511372
-0.05375488768272856
-0.056942392391117924
-0.056769768038311914
-0.057706430915881714
-0.054756368613557364
-0.052589285160578626
-0.058370385759198666
-0.05868348568035391
-0.0577207250993925
-0.05621307721442989
-0.054404033465063985
-0.054228567451135454
-0.0519095781398721
-0.03942528998299763
-0.02537799569805684
-0.017808572786678068
-0.0290499867717823
-0.04548877116397819
-0.052379040609877185
-0.051792304486512876
-0.05091181442192834
-0.047657175056325655
-0.02427050484764727
-0.019458851411286095
-0.01212502939091656
-0.013884661183705732
-0.011602826482135332
-0.005333389984184204
0.013388344866359488
0.020871259193191223
0.029100547615365964
0.02789067212940272
0.0276963438907654
0.029321480208496953
0.029442236792899704
0.03254663179523132
0.034613885089061686
0.03252112202945095
0.031016054357250425
0.021582704128367863
0.013022466943329432
0.0077277877020069255
0.007062919375189864
0.008119631090363965
-0.01398576006264704
-0.022345580970299588
-0.02477242613216882
-0.023334220142119975
-0.019338940755948116
-0.02486330600604632
-0.013615366223554809
-0.013901159688576034
-0.011057411005246407
-0.009340254692122
-0.007463240474844763
-0.00855231812962528
-0.015093508808654097
-0.018500503611917723
-0.012016721010315048
-0.012091885125969988
-0.01836476859289757
-0.0335562001031375
-0.03385360163547143
-0.03744616141077362
-0.04493382150646164
-0.04299011919679454
-0.025166782370787292
-0.027754926127842135
-0.018013535374017894
-0.02003714709868475
-0.015055562734254511
-0.004003781033876108
-0.006896392129656805
-0.015086523494880528
-0.016942880897364655
-0.038278545854118856
-0.03950804861746988
-0.03335274630916632
-0.0331792760595028
-0.03928091261931176
-0.03632989129047803
-0.01952562462202822
-0.010063190072502821
0.00019070733268876204
0.004751576089437342
0.015872522778722132
0.024134167629967854
0.02814377412537933
0.0399669022919575
0.04394882669056421
0.04246961872594896
0.04081212664709531
0.045673769727548434
0.0468094018951459
0.04399360455101919
0.04289002185464397
0.041407353101660334
0.040141479889692494
0.03461836871904405
0.03422719499728074
0.03629749950852516
0.036673437889441815
0.02834066277034015
0.033512498004419716
0.03667409681722128
0.03616492516539835
0.03950312547755931
0.04447332738132622
0.04764001895392215
0.04155380059219702
0.04406578324981367
0.040203052474174196
0.0321636689261541
0.025751862738637405
0.02466044342973121
0.027330253018684563
0.03211319836022224
0.033508896463039534
0.030904258259669203
0.033054985717748814
0.03635950494620681
0.04078646975424066
0.0435072082850935
0.0477839687300569
0.04394258069961234
0.04314976870444098
0.047335480647992464
0.04525369561350966
0.04213459700662016
0.040198169209751694
0.03688008205381424
0.02986950057719353
0.03018807799178852
0.026715319338163863
0.024624093564584996
0.01671840228107462
0.013467317534960695
0.019133625864514614
0.014607112110077616
0.0267755951773907
0.02232589286914562
0.02304214752168154
0.02393967223806933
0.018537295880719503
0.01296928232480006
0.003709312904509576
-0.016533507625601847
-0.03166408732424796
-0.018230616127510986
-0.014659061381277576
-0.03245656663564332
-0.02890538440026621
-0.052223416483946086
-0.05583116339894811
-0.057521904541183715
-0.05452427606267843
-0.057085854853478474
-0.056715112138133836
-0.05793427848019852
-0.055669442923332
-0.05560467500050022
-0.05539786078627792
-0.057922939224340164
-0.05295435179299763
-0.04787660796804958
-0.05028344423723303
-0.053982091895249947
-0.057456493716058765
-0.05742555383754426
-0.05676702908671254
-0.052651324513038514
-0.04673041226044426
-0.04759880633243173
-0.04865816223269433
-0.034482791897607994
0.01368120447558176
0.024256105257416134
0.024548270576614396
0.023204884221772002
0.031504834440338095
0.03844935572570618
0.04005597089355327
0.035273000320093076
0.031691703011290644
0.02897754465076394
0.03512218751446883
0.040643762099012624
0.04342141482090687
0.04556323363892593
0.045659202429660074
0.04786620442777484
0.04535472329188819
0.04299047308427401
0.04715757676959366
0.044281372546207586
0.04253762736417897
0.0454785586678286
0.045221847794981486
0.04710975333279154
0.045738160408655804
0.04422027838714673
0.045016221510442385
0.04268651817396574
0.04370509879399782
0.040057640576508485
0.04313990430572451
0.03718761616763225
0.03633550164887182
0.03989963123890886
0.04366779064795051
0.043865150076667025
0.04618435947825289
0.0400095757597623
0.027382582359996816
0.024122382291525912
0.02438406607608754
0.026301958857919187
0.029166343258225303
0.033276991987190065
0.02926541254429303
0.04185926913526368
0.04063437301680257
0.0432698340810574
0.04258778409462679
0.033368424528719055
0.028395732099514858
0.03451975409001248
0.034227847858501664
0.04040783588097057
0.03697451236194129
0.041113114607016873
0.041126170399004305
0.03637482033103115
0.03713997652807609
0.04329959554947061
0.044215020562811166
0.03967258325219277
0.03442821046643693
0.03638700831697215
0.03690258388567479
0.02890605330619607
0.020191530521178697
0.0245878066176914
0.018364268795087745
0.008586839197932473
-0.0006899777300529362
-0.008409622428306373
-0.009535527476319422
0.0024126942759511716
-0.002362290522163732
-0.004522658106518302
-0.0077339385953873584
-0.013159716955510103
-0.008529924181294288
0.01657262494361147
0.015995763705542922
0.0247145355415419
0.021663451726775293
0.02900718905767745
0.017066208191462262
0.019901388787143603
0.02015361671218494
0.02222925306575878
0.009503816321929953
-0.019997033462257705
-0.03368661084748199
-0.014457065089760334
-0.012613352360385511
-0.01227800801061392
-0.0040383668248386625
0.006456235366571715
0.007074415283941254
-0.025978769363651108
-0.038296006704890674
-0.044971179736227884
-0.0489816414346627
-0.04684229324898004
-0.03796553948625992
-0.0479906411737041
-0.04698314924957495
-0.03754004659869724
-0.04560157496123896
-0.05099069855013907
-0.05430060616252222
-0.05073851932997008
-0.05055252613219029
-0.036866022858304856
-0.029852878013663754
-0.018294429315344602
0.001871015286313326
0.0075456198509758834
0.01132773154085007
0.016124644444087056
0.009239224946755846
0.009169975873506155
0.0010682599369980453
0.013749276670629891
0.02642094705607023
0.02690020448119566
0.030659095165528602
0.033561039277427415
0.02727838562443798
0.027047106388875666
0.0322766452068462
0.031316136769028516
0.03320907856572003
0.04188681375233197
0.039789874448893515
0.03976220365683772
0.037773084976183605
0.02633794797014155
0.01783543106336965
0.01837458548781652
0.024723352820227078
0.024951769314474657
0.027523396744943973
0.01417567158370133
-0.016628369093780744
-0.03557760856189439
-0.04688949550464782
-0.0468062783976632
-0.0411111007408105
-0.039232908657563646
-0.04829253143538547
-0.04216115125219897
-0.04582675224942528
-0.024610425345099878
-0.0131499081390605
-0.005090790261980707
-0.03310418069219929
-0.03992107444673068
-0.048777494003155494
-0.04974105092201734
-0.04891028326066647
-0.04835238769969593
-0.05213643104550437
-0.05219296365897534
-0.051825575810214575
-0.05132794275392774
-0.0522688600905564
-0.05065822696851581
-0.05314387589372694
-0.04704649988293539
-0.05134930523034176
-0.05259178483882051
-0.05311306126324192
-0.04871567304904469
-0.03931235796603371
-0.03227704624203723
-0.02291272239985488
-0.025479414238117434
-0.04714112400925674
-0.05045007715920655
-0.05242304111397609
-0.052074235830154296
-0.05298792951942001
-0.053388516920762186
-0.05229051105312063
-1.0
-1.0
-1.0
-1.0
