-1.0
0.025616596921605856
0.04633332779715325
-1.0
0.07455385031382228
0.07419428572070655
0.0716381514022064
0.0733186230967009
0.07418046812825059
0.0682385488736671
0.074040397189413
0.06640510315422184
0.0627916245118526
0.05706599395321959
0.056108786702755396
0.05874579820607751
0.04463544335795529
0.030128061981715335
-0.035123348562697616
-0.041096386742508116
-0.05989323879907314
-0.07765305301037649
-0.07892698858443736
-0.07512272290231609
-0.07864564239340262
-0.08218189453713017
-0.0671473972527733
-0.04579245754892315
0.028379208263193102
0.04166882718999278
0.05627584406799624
0.06491966395907948
0.06896167456878607
0.04786822707667383
0.05259885218461593
0.05180675734092187
0.042626520779533196
0.0457603469486925
0.02937938598244252
0.02277617920328186
0.05702703931140892
0.05576639259643179
0.05711580058567234
0.011902974440626272
-0.032042056862350156
-0.011135003381259095
-0.040069190003246755
-0.06955671439789216
-0.07922480819658091
-0.07882691384168343
-0.06972657606840231
-0.07546435767814476
-0.07840439444652225
-0.07727712363007488
-0.08152720948747352
-0.09168570358135586
-0.08766154815219823
-0.08276844001312879
-0.08391853528219927
-0.06943044544955997
-0.003446927621709371
0.027261934517470665
0.041418612301808336
0.06496079740397329
0.06704257246609123
0.07174615411203296
0.06984908457221395
0.07327361924769686
0.06956778409445703
0.0739919305485811
0.06692742014927597
-1.0
0.04970731578463425
0.00032900264916558116
0.02296065099820123
0.017080313313763616
0.035886054214048904
0.021879236680540246
-1.0
-1.0
0.05083691289241961
0.03348417861887408
-1.0
-1.0
-1.0
-0.01232260229884892
0.024181190778682297
0.05041173701076418
-1.0
0.030730434984589088
0.02343614839645147
0.02116216731237603
0.007115061946191267
-1.0
-1.0
-1.0
-1.0
0.05407995412870979
0.05644650216402673
0.054607198770666936
0.05202076899162921
0.057186837487756596
0.06246967554210388
0.05141011841909919
-1.0
0.060088032285743255
0.060827766045778955
0.06586539791893312
0.027828338705371894
0.02368854059593537
0.014508135113143698
-1.0
0.02394002878913919
-0.0011171049029203347
-0.004150847012197916
0.02269074185395004
0.05303439822493733
0.06492978479351572
0.05828707466089848
0.044671833385336104
0.05213339379396234
0.05342118735331157
0.06655621963416974
0.0556408043570538
0.06700013226195228
0.0738726865516951
0.06435866110874176
0.06225049255106909
0.07702417704272363
0.07749347673067082
0.0680675514635653
0.07883249882247201
0.07151547907428929
0.014412177916274452
0.018467365607333062
0.006779670000051019
-0.009112165435312625
-0.014760720655565045
-0.01695162335964896
-0.01268177186319775
-0.0010177267449503033
0.0001537704236417469
0.02771397015618832
0.04688263156650501
0.06440731705091515
0.0390660864533796
0.026631933502060553
0.021632025436579473
0.056896100768758145
0.057409474715264974
0.03885640845423721
-0.010285868352665315
0.008945188236031363
0.031895715114677516
0.02516608265342351
0.034657882200585376
0.040629910773217946
0.04994865744585228
0.057215416136740416
0.03575488777660177
-0.019297115930895618
-0.07621374172061762
-0.08602053761315359
-0.08572877913201085
-0.08085193872453711
-0.07823929131288226
-0.058144817771881754
-0.08619245869154969
-0.08722392110039373
-0.08086249932964233
-0.0742176519195962
-0.08373451582243815
-0.08857278356193975
-0.08435853897064599
-0.08788182615328052
-0.09170576234200778
-0.08403519117231376
-0.08988614634930174
-0.08891421350556708
-0.07735888267687836
-0.07617478852372754
-0.07656907500429967
-0.05194398414958082
0.007883865057176538
0.004431657674131702
0.008752817091908276
0.02027211182659214
0.03553914657972696
0.010816128783847818
0.02854855785004203
0.04607160910859659
0.05005884257637286
0.046461566411770516
0.042128598228908486
0.06401022534217453
0.04451606239218321
-0.007014034499533066
-0.03509575722119351
-0.08529976383110213
-0.08667385240410125
-0.0894712237382488
-0.09122545190661045
-0.08752371174929449
-0.08407063552121016
-0.08102747095707118
-0.08541512530422846
-0.08081421149541561
-0.0815037801209859
-0.08562626645167805
-0.08766614419579072
-0.08799502088345254
-0.0879535428528881
-0.08454982417589664
-0.08277345676486832
-0.07387699474491329
-0.010269490405258196
-0.013664609354615869
-0.03986998947912807
-0.08093497894585142
-0.07567805279698914
-0.058211997297895564
0.02093885053226221
0.04981682102040033
0.05293100543563292
0.024507996221121063
0.03073604372407159
0.03495301262272741
-0.0018756968499686613
-0.026820704218138057
0.010353758757855295
0.01261585346514482
-0.01022495162006799
-0.043743908452360564
-0.05610681095947093
-0.053648376781394114
-0.03111975283597945
-0.05882085156100099
-0.06032992421498675
-0.06504875699872259
-0.07259426072787949
-0.06686808277452297
-0.06542471881294912
-0.06328371385638298
-0.062358477800306664
-0.0686145002068147
-0.06227222580867848
-0.05344636589473281
-0.05550847137418645
-0.013677835684779621
0.009719594158804933
0.030518022688661144
0.027096680536871122
0.053200707009398315
0.06799846853177649
0.059002940055610985
0.06422210041849752
0.05387903532185287
0.0583397654084304
0.067949837957869
0.05603076651169771
0.062489713158537456
0.0717464019620423
0.0739084653907775
0.06557892612016022
0.07056516180266509
0.0602474279743145
0.06391316924125488
0.06824181560743217
0.06431247527699327
0.07717436950502965
0.07531406310536043
0.06669920578749704
0.07091629060798688
0.0739613311456836
0.07115364574242325
0.06252176219749632
0.06738613873640473
0.06580390918735649
0.06381659006042459
0.06320706337447286
0.05687148588590072
0.05583184309425071
0.050324129816289184
0.038269470435434876
0.029640557149495716
0.04080063707993828
0.023212871615361924
0.02764045231106261
0.026689755990964095
0.044389340084874836
0.04051118078412081
0.032612402961776955
0.016841347131208783
0.014293988384313432
0.019348876801569482
-0.01366417047427773
-0.02785958480635454
-0.021968553457666212
-0.033129872957874805
-0.04207187427334971
-0.04089978347821615
-0.05526956046318148
-0.04558194171060634
-0.04010934847685915
-0.013644482167621458
-0.0124636343714106
-0.025443192676123716
0.019073334355825974
0.015934029330637794
0.01405058998681792
0.0155784302812734
-1.0
-1.0
0.058440162114791985
0.06344959921390347
0.06360731138196199
0.055475320309913444
0.05130689675975808
0.04241517972522912
0.0321267067221084
0.04496395213263489
0.05500748998754222
0.053742175147370515
0.056492846995137694
0.05261996585634546
0.05839007152380482
0.06075767386293355
0.052353576077110296
-0.011331558341849679
-0.00989613497891524
-1.0
-0.07503681697660432
-1.0
-1.0
-1.0
-1.0
-1.0
-1.0
-1.0
-1.0
-1.0
-1.0
-1.0
-1.0
-1.0
-1.0
-1.0
-1.0
-1.0
-1.0
-1.0
-1.0
-1.0
-1.0
-1.0
-1.0
-1.0
-1.0
-1.0
-1.0
-1.0
-1.0
-1.0
-1.0
-1.0
-1.0
-1.0
-1.0
-1.0
-1.0
-1.0
-1.0
-1.0
-1.0
-1.0
-1.0
-1.0
-1.0
-1.0
-1.0
-1.0
-1.0
-1.0
-1.0
-1.0
-1.0
-1.0
-0.039289080565551804
-0.03919860390323337
-0.032222105740038094
-0.021964703625567787
-0.023431378296515995
-0.03890930472906712
-0.034526098811944066
-0.034873976891679474
-0.031750285377655535
-0.01143523125938064
-0.0045583574653342155
-0.018039474366357316
-0.02277261768675254
-0.024703298945604735
-0.025294886658586955
-0.027734872488355145
-0.020640643183901672
-0.011447429750727958
-0.014336924408240337
-0.01530489110049441
-0.01508822832948885
-0.01695377016779683
-0.011398850052562356
-0.015316393814853398
-0.01784561946043002
-0.019980108323095273
-0.02901212735058737
-0.02799627230691548
-0.03199731334711087
-0.040677691816625366
-0.04013122217200135
-0.03987335902590554
-0.03650070520867896
-0.03674498561309951
-0.0438783832541217
-0.04029741432430844
-0.02995944766582649
-0.005059488855835196
-0.008221653371958163
-8.166285155221114e-05
0.003394777399637805
-0.0032826309081332565
0.004411442995101844
0.009394735539454755
0.007138014363892837
0.009758473916745343
0.0024377334744764187
0.0010710321435519858
-0.002874959972703548
-0.017842868902760625
-0.0343412899956618
-0.027950721557653106
-0.03091304262273622
-0.017637254340163604
-0.013786355044787358
-0.02831177692935264
-0.03688176270441602
-0.03827398229228818
-0.042504969379154454
-0.04277998134450089
-0.04546477113314177
-0.04444923531534736
-0.04167399048227024
-0.04207902829548315
-0.04021626368020408
-0.039223510042214145
-0.0439131818848318
-0.020225791486867914
-0.0024830272861625677
-0.012850426366452361
-0.01770464891698912
0.0009946114866606387
0.0033476372365524062
0.008106331298078933
0.013155618565673304
0.022444631941766276
0.016947096595637166
0.018254514493750613
0.02279226294276498
0.02041413739509026
0.03294345262147358
0.02681784081337163
0.012304954245495
0.007298849945831362
0.014966932169867353
0.01607664053353835
0.022643329263267772
0.03136252877855
0.027782776266400123
0.028774631898684296
0.023445249859558544
0.022571115085252665
0.030424220377302788
0.03510804779228076
0.03939109676480749
0.03645058974035998
0.03587672063629807
0.03652829092675324
0.025991439860044072
-1.0
0.02751765487962222
0.03249551485467624
0.03519184769291771
0.03950010005190884
0.040468347689437564
0.04051585495579174
0.03932642304007983
-1.0
-1.0
0.03851472512591509
-1.0
0.03556475323385294
0.03697330698887529
0.033671273131690535
0.03606172655602538
0.035856118315968445
0.035316553554448245
-1.0
-1.0
-1.0
0.03160930706380846
-1.0
0.035769863214330205
0.0327493929188117
0.034525194098874924
-1.0
0.03418949308908853
0.032841417601966745
-1.0
0.03364285401278054
0.03181216840075902
0.024107604341372484
0.03217934329185854
0.026845220574041127
0.032740667688826226
0.03763649960868179
0.03404395963842123
0.03310981693322972
0.03403265705869998
0.02929936440701199
0.03097161054633931
0.03149492506442849
0.03463273883481625
0.03462244309588793
0.03304214626974095
0.03366990084154023
-1.0
0.03802041175069797
-1.0
-1.0
-1.0
0.03683859433139527
0.04148108869037031
0.038647166631901216
0.03660424880761219
0.0369182751054643
-1.0
0.03264443171028498
0.033884811489446144
0.0309293987185902
0.012801411089923994
-0.004348871810273616
-0.016006184729766715
-0.024392090227267495
-1.0
-0.019978574036011734
-0.026433339932987392
-0.026895656350474383
-0.03119014284434151
-1.0
-1.0
-1.0
-0.015089152566514412
0.016146724731099436
-1.0
0.029781289824985784
-1.0
0.03298228453605669
-1.0
0.03947780820334107
-1.0
-1.0
-1.0
-1.0
0.04427390650745762
0.04141951537144902
0.04279764529226206
0.04494573270625168
0.046356819370490104
-1.0
0.042945369335483916
0.045279449237734755
-1.0
0.0412736147208867
0.03612633840767826
0.018540704925507256
0.0051746326698787525
0.00021530712255874286
0.0014280682450274695
0.00538611616012359
0.002117738854335713
-0.004419958391499372
-0.006805709983523642
-0.002616422287954696
0.003573219386976118
0.005746897702156461
0.006220849693979624
-0.014603227889487131
-0.028128243876254747
-0.023028679823937265
-0.02382982774173331
-0.023931100265820397
-0.02005434843802133
-0.022098658117004403
-0.020583265115894624
-0.016319059663030426
-0.014512026398216214
-0.010151367205208836
-0.01594181197342167
-0.020618879072647544
-0.024188518277016458
-0.0375108729603177
-0.03450271916510553
-0.036500838255672394
-0.03202902280975562
-0.03225690421410396
-0.03149438647841939
-0.03377352399063909
-0.03372778713019127
-0.03735386462494904
-0.03306188540866621
-0.035681905368846446
-0.04245612166911734
-0.04534123658653252
-0.04464597152786682
-0.04044541907119148
-0.03672849042358139
-0.03334729679286021
-0.015378754371121777
-0.005749965610779216
-0.0032260631360997985
0.0027538218906204676
0.012228011722138388
0.008058018098754461
-0.018400074922433427
-0.022169733935843903
-0.027378683514934582
-0.032254264124404824
-0.028702997730263257
-0.024972250421404354
-0.029537792772445937
-1.0
-1.0
-1.0
0.0067177686310253525
0.021300167285569098
0.01617775008589642
0.009985119384471372
0.00806440018894448
0.009620386323028883
0.0310136318157152
0.033845325541057535
0.03465191032496368
0.037225071960959595
0.028932170462442924
0.03341003110637495
0.028708507251322908
0.03326894088554694
0.032218117483024514
0.032273627096980936
0.03983167923105262
0.03669079177654979
0.04100126233663504
0.03910862596046384
0.033067441477443435
0.023306633492446865
0.024576161607026435
0.020872705464089533
0.019149394002539167
0.017235728460934595
0.010702504140382778
0.011522937219378887
0.012870371624981631
0.008348654452548204
0.018508612322895877
0.022167945945596058
0.026383973737258565
0.02392270833403146
0.02872318262263427
0.03743090219590341
0.03791521377368942
0.03928824767146445
0.03523861893594799
0.04026075466320399
0.038359841675573596
0.038663514873617286
0.040900824929948114
0.043905937446537036
0.043981086117636584
0.043283249484659114
0.04562753706938537
0.04153133074496148
0.045881784063753456
0.04880426123279303
0.04583838397688826
0.043281236985530755
0.04321355845659829
0.03737726237278192
0.041309867254241114
0.03666548647249874
0.037768659523925115
0.038479567339466475
0.03478844206970018
0.025855868069853242
0.019675954384000285
0.023312701040875874
0.01922490689714803
0.02564058978270903
0.025922737247162174
0.02423666876548759
0.018741495611867727
0.01091127619597554
0.015369201964780968
0.005896579067473076
0.0008426649815617286
-0.010913603363286605
-0.010972030522826977
-0.01436594190004537
-0.021842774591679034
-0.020603233296106735
-0.019185578777455053
-0.0039531956425538995
0.007056589838013483
-0.0072968856464570575
-0.02731162000503151
-0.0387149931133469
-0.05091967347295697
-0.05385969203773692
-0.045624463073290135
-0.04350653834208353
-0.05214573805036178
-0.05022072245946859
-0.05264219533365102
-0.051335625391245546
-0.05038689043788526
-0.05038689365502555
-0.05127892583615428
-0.05125276596592358
-0.04821612667338684
-0.04492290307989997
-0.04672105763304459
-0.047799747542647965
-0.04165463895819292
-0.03975858436599734
-0.04603020065350912
-0.04499552700000985
-0.04059576368812233
-0.04344001361066539
-0.045727141319804966
-0.03838070705591611
-0.043928916137147694
-0.03926831477851404
-0.04145644441719086
-0.04204867065825757
-0.04051296405657742
-0.04007095385453881
-0.043571626752267875
-0.03527303275945421
-0.03955516855414371
-0.025928250505028914
-0.008141603332184307
0.013871680483416944
0.02341251920950524
0.02242067088012405
0.026618412577346644
0.021067239469363983
0.024858539827611287
0.0226790717475377
0.023544683841186832
0.022967486004904756
0.0194271461552668
0.02426799557544559
0.01569287700066916
0.015140662276398074
0.014937840404393585
0.008756633736780246
0.0021569283891402324
-0.01327818195823529
-0.014473599150086782
-0.019948894448415123
-0.03160921951814222
-0.030252714580916804
-0.018600152476205275
-0.030719859717764975
-0.022954280323054417
-0.012613440944160746
-0.008451159206537603
-0.009319383553487081
-0.010913936898742262
-0.009832612547853049
-0.017367988872024707
-0.01570576658497378
-0.0034776279485926155
7.583527638743936e-05
-0.0056347323604351955
-0.0048993599328826885
-0.011636439139622706
-0.016637284412310757
-0.021343286489432466
-0.016722447577871728
-0.003782607685614928
0.00964183047304793
0.020230953098699798
0.012841803795703738
0.0026337985626794093
-0.005228483650850797
-0.007435547629274045
-0.007314360027170328
-0.01878387304748689
-0.027323753284293636
-0.034143429983373844
-0.035577451972127826
-0.037787340898286656
-0.043913411832786374
-0.04911006384096497
-0.04849672344983
-0.048065280373381834
-0.04022153266754075
-0.04326071237215095
-0.0516647714227573
-0.04926309850114449
-0.05045774259109103
-0.0408600588182046
-0.03908596044667539
-0.037685988499885595
-0.0335683666254591
-0.025272872161164386
-0.02821779325688888
-0.03547187579261549
-0.02993576012766394
-0.02697698575426706
-0.03252387828782141
-0.02190083226394012
-0.024385114316927848
-0.02557754902278494
-0.027289076256717004
-0.03751837626093263
-0.040843345222249895
-0.039373244920693266
-0.04211383348153052
-0.04185543272129364
-0.03794958852018121
-0.03940671289205161
-0.03246039394819675
-0.025543546718119346
-0.02479641558041929
-0.02067415173764232
-0.014251548660287487
-0.02450134847332276
-0.022923017741278678
-0.02850519607890032
-0.022585860855339524
-0.0128442494229004
-0.011196922433895529
-0.01081395784780785
-0.004688576711322994
-0.01932944553030632
-0.031889230642017444
-0.034401009407941135
-0.035289927787734404
-0.019759725443606192
-0.019034117713725696
-0.014685904540074596
-0.008106077623175991
-0.00797046972863574
-0.014292121034020196
-0.020880848585322742
-0.015287114730581175
-0.0188223036946784
-0.018985893396216508
-0.020489628943190827
-0.017028895435578395
-0.01449553260576898
-0.011896622296979664
-0.018038091034761467
-0.018587811481938887
-0.01728987409107946
-0.013042058893869559
-0.013939476865751501
-0.013264734905937388
-0.015214350793609473
-0.021349004976323555
-0.014148348241355675
-0.019199894184505146
-0.012786500910658033
-0.013257960781092112
0.008664609645316733
0.032574350572109445
0.036689768722716065
0.03020548074349822
0.03171858265521964
0.03632056140935501
0.03533953628698534
0.03362279093313738
0.032012320007247054
0.03701483143746825
0.03846621430753879
0.039069379245769205
0.042641753339339665
0.04072937531841713
0.03656091107543671
0.036809116607379115
0.036384860137444644
0.0382694937802349
0.035757338256602114
0.0373274867306223
0.03550135589477321
0.03407170166486343
0.033783608995516703
0.02973239045332531
0.021004363366583075
0.023460928048626577
0.027211749707592933
0.023715275279808844
0.02851097529854445
0.030644114753893954
0.03236157347739288
0.03448607013263951
0.029698717828973018
0.034641045643062314
0.034450137956159636
0.037784946090847836
0.03441665214947918
0.035820533888204456
0.04188212335897277
0.03680026443854068
0.04101783114968735
0.04470658530190533
0.04259844943564395
0.04283323643409692
0.04155921358272206
0.04311320654351177
0.04530403718704433
0.04827517232269584
0.04696832303199615
0.04582692023528513
0.04667600562234858
0.047709877142624965
0.043136017131693793
0.04421301714256028
0.04567082961246494
0.04060424709118117
0.04322987432268862
0.041207577704351926
0.042451942302349235
0.041686744720995886
0.041160773524361864
0.03621500227055365
0.03468064946702086
0.03691940238574511
0.03475612281700978
0.03930623439478428
0.04336399960063438
0.03992487184022868
0.03886875079940781
0.04609144083602424
0.04638199751340235
0.04528300907873478
0.042886423304968835
0.037322038639104826
0.04024341929866878
0.03185790728976238
0.031228307521770315
0.03070153428011828
0.02235246253131622
0.0213057707174799
0.014149893478289583
0.011982780830712643
0.009994852892950394
0.006653090487925477
0.005289389473745044
-0.032723347568040136
-0.05430645588394464
-0.053819907974747054
-0.04886616333222345
-0.048335636761223634
-0.05449216881258285
-0.05434783703622815
-0.0555883244900775
-0.05506162577506474
-0.05313897903806095
-0.04168487553912559
-0.047018399176677356
-0.052048084277810415
-0.054127682969323944
-0.051152777535398215
-0.054088054802131504
-0.052858628833110204
-0.04923854243108971
-0.04402468901111271
-0.02397594548922878
-0.018264968091478682
-0.024980694240503146
-0.04421918176990246
-0.05223423573918144
-0.04951823786748862
-0.050450650130574703
-0.054115389180764265
-0.05217728449985321
-0.04941630181218688
-0.04753087433525704
-0.052656245507439685
-0.051631146193897824
-0.050866084307974145
-0.055304338279050035
-0.05251752327147126
-0.03562270423340444
-0.019531949880115865
-0.015323906011660983
-0.026383149001685462
-0.03639658159448816
-0.029393742948172274
-0.02400995139390325
-0.008211356455518633
-0.007869900929216309
-0.0055103013304631295
-0.011430195757214089
-0.015182784900244127
-0.010792453111148546
-0.013882386784945546
-0.0359934145152116
-0.038957405969067715
-0.038204122713231876
-0.025382213879781925
-0.013711249680084827
-0.04284946016355484
-0.04227992724459488
-0.046441638859557814
-0.05122178783877083
-0.05591765327434679
-0.05309916315484528
-0.054323196882121755
-0.056185395156715834
-0.05214685622601134
-0.05181626510444905
-0.05400770013278435
-0.05472772236045733
-0.05735500780211848
-0.05377908684566733
-0.05132616591911734
-0.04587696924878733
-0.03574928309355587
-0.027177707970450583
-0.00868507713858493
0.008564395903836236
0.022579064452292817
0.02552603017484492
0.031098270099638146
0.03640314373524558
0.028149445823430576
0.028189890419437234
0.023008109980475783
0.019244063845001103
0.016176118808447264
0.016764441598196258
0.026159327543062154
0.031236926831731522
0.04075119316373237
0.04461733990758935
0.042639459719585895
0.03233454124041149
0.0356659411335469
0.030365143169116943
0.030105891376199526
0.03484579040413236
0.03992915055070387
0.03229266581667096
0.03359543085845708
0.03703029426766504
0.032556698757933863
0.022111378589666473
0.012940753920293611
0.010462536221680575
0.015383455834167906
0.025258938854299025
0.0325446416329796
0.03710871641299932
0.02777794035810128
0.030268222998991352
0.03341125020887612
0.023241669796332465
0.018964251965648105
0.023042724844838134
0.019559696934366516
0.008073839826762883
0.006154327267207334
-5.3894771102139825e-05
0.007061706548332395
0.0027997173084523402
0.004859060091768789
0.014515850830496032
0.03383913634849777
0.03775169569168649
0.040143325039864924
0.03765578482880692
0.02643940184432505
-1.0
0.03191272991997208
0.03206465421960638
0.02816033449968467
0.03421235518263122
0.044352182298636716
0.039292442672957784
0.04159851845426011
0.040561738899453074
0.04119914386209486
0.045600992647443016
0.04284222452442193
0.04251762900506679
0.04350347388600609
-1.0
0.0403612153935491
0.04080374056458441
0.03747364992391492
0.03714613919686552
0.03531107327468945
0.032474302180188964
0.03138369484569772
0.031178131422202403
0.03775844855227015
0.039076772220206314
0.04287466505963
-1.0
0.041127477084947725
-1.0
0.04108288580772998
0.04377272335489507
-1.0
0.04421248931845631
0.043513900475681315
0.038281657890555154
0.02626891754799417
0.012723126415900751
0.01516203365192392
0.01808110894950344
0.028492923967632852
0.02821113932481206
0.022466169552550614
0.02432488050537162
0.021832202983728868
0.0019599049964977976
-0.019760161616055667
-0.026709284409333543
-0.02609262349367201
-0.014941336805807549
-0.011782617286308323
-0.030354931176757846
-0.03766838214695069
-0.04185288898153774
-0.03384134010872906
-0.03469318151974174
-0.030130626478925743
-0.02371697830092218
-0.007448652781554741
-0.014958525740659758
-0.01911868883314001
-0.01751503488598985
-0.00773463660320526
-0.004652834094517701
-7.29374801947745e-05
-0.008934841540844533
-0.020792310231816692
-0.01767243180282983
-0.017790617450803077
-0.02094754666053903
-0.009283783753258099
0.02211609431709928
0.02744889610135967
0.02875812300533929
0.024647871497324225
0.0243877137504653
0.02999656697989156
0.017694486075162757
0.005144949141763877
-0.0023738938712098007
0.003595837332728285
-0.007217321635750808
-0.012342684281698848
-0.02936173555409963
-0.035247990003013645
-0.0483229553596514
-0.05065252116269365
-0.05176546414710452
-0.04976070507103945
-0.044092332233507454
-0.03748063786687393
-0.027200296922827816
-0.01569397768691947
-0.012333321300511381
-0.007953384144339472
-0.04284792448326514
-0.053756931113088484
-0.05333415336911579
-0.054783892119915356
-0.05372442230903598
-0.054475126594836394
-0.05246660113053037
-0.05051774604878424
-0.05080646424261804
-0.05325398317960982
-0.053127679347520315
-0.05131087543341914
-0.05153731063480329
-0.017173120049497243
-0.0034582293373491657
0.0056060869397175864
0.01825604629236353
0.028054918564125963
-1.0
-1.0
0.04037656799533556
0.042703578830522816
0.04152028283418081
0.04326699961779241
0.041047849276349344
-1.0
0.0408685962262539
0.04368238284252816
0.04235036267816984
0.04040947137056731
0.04185154291728419
-1.0
-1.0
-1.0
-1.0
-1.0
-1.0
-1.0
-1.0
-1.0
-1.0
-1.0
0.04197298975516536
-1.0
-1.0
0.04307635832460856
0.04227618211590411
0.04105797117156006
0.03993422976556716
0.03992200753218965
-1.0
-1.0
0.04017757590996764
0.039199739324333537
0.03364698465852396
0.03376731977611903
0.03218460680904957
0.028882864516498356
0.02649385954384381
0.03508042348422066
0.02743822064964781
0.026342533437476313
0.028753871018634452
0.03495501455949164
0.02708227651678326
0.020306290266381366
0.007750445398434899
-0.009895227825186271
-0.03222290791100212
-0.04704894355779149
-0.0492483340080532
-0.04996278537052758
-0.05002874393252006
-0.05378708512011497
-0.05203313379600106
-0.051714293269708805
-0.05272933588428341
-0.0476254276780422
-0.05069832903760923
-0.05110097998504508
-0.05084024883680219
-0.052288254527768425
-0.05054936019176046
-0.04971613782546222
-0.04760715139515373
-0.045127556381028
-0.04481698242069188
-0.027827329767212375
-0.012498444074972668
-0.019070832048124126
-0.033284873439268815
-0.044803144170751256
-0.04506808817975263
-0.04482733672648518
-0.04703528362108466
-0.046810243050317946
-0.04904702401363069
-0.04690474239866017
-0.04998514142562449
-0.05155418476725189
-0.049052562382996254
-0.05139521078443639
-0.04725695441216917
-0.04738732420840419
-0.043189258936061986
-0.043710323733222874
-0.045709365232519096
-0.04456092160485357
-0.04655803422508537
-0.051115862093706416
-0.049769623950238394
-0.04942551104478342
-0.05124221446586254
-0.048891903187215605
-0.04889549802244424
-0.04712337701693247
-0.04579084952690431
-0.026781913519898667
-0.02235650852442015
-0.0397749155482461
-0.041890973935682314
-0.04781443284957318
-0.04781415094878612
-0.04471998166090343
-0.02695833522021069
-0.023434086000231003
-0.0412652127887417
-0.044047689750075544
-0.04432989068509656
-1.0
-0.043030310036488446
-0.04183025245881581
-0.04540387686698261
-1.0
-0.008801722910031036
-1.0
0.01710366795816893
0.024948584860383326
-1.0
-1.0
-1.0
-1.0
-1.0
-1.0
-1.0
-1.0
-1.0
-1.0
-1.0
-1.0
-1.0
-1.0
-1.0
