-1.0
-1.0
-1.0
-1.0
-1.0
-1.0
-1.0
-1.0
-1.0
-1.0
-1.0
-1.0
-1.0
-1.0
-1.0
-1.0
-1.0
-1.0
-1.0
-1.0
-1.0
-1.0
-1.0
-1.0
-1.0
-1.0
-1.0
-1.0
-1.0
-1.0
-1.0
-1.0
-1.0
-1.0
-1.0
-1.0
-1.0
-1.0
-1.0
-1.0
-1.0
-1.0
-1.0
-1.0
-1.0
-1.0
-1.0
-1.0
-1.0
-1.0
-1.0
-1.0
-1.0
-1.0
-1.0
-1.0
-1.0
-1.0
-1.0
-1.0
-1.0
-1.0
-1.0
-1.0
-1.0
-1.0
-1.0
-1.0
-1.0
-1.0
-1.0
-1.0
-1.0
-1.0
-1.0
-1.0
-1.0
-1.0
-1.0
-1.0
-1.0
-1.0
-1.0
-1.0
-1.0
-1.0
-1.0
-1.0
-1.0
-1.0
-1.0
-1.0
-1.0
-1.0
-1.0
-1.0
-1.0
-1.0
-1.0
-1.0
-1.0
-1.0
-1.0
-1.0
-1.0
-1.0
-1.0
-1.0
-1.0
-1.0
-1.0
-1.0
-1.0
-1.0
-1.0
-1.0
-1.0
-1.0
-1.0
-1.0
-1.0
-1.0
-1.0
-1.0
-1.0
-1.0
-1.0
-1.0
-1.0
-1.0
-1.0
-1.0
-1.0
-1.0
-1.0
-1.0
-1.0
-1.0
-1.0
-1.0
-1.0
-1.0
-1.0
-1.0
-1.0
-1.0
-1.0
-1.0
-1.0
-1.0
-1.0
-1.0
-1.0
-1.0
-1.0
-1.0
-1.0
-1.0
-1.0
-1.0
-1.0
-1.0
-1.0
-1.0
-1.0
-1.0
-1.0
-1.0
-1.0
-1.0
-1.0
-1.0
-1.0
-1.0
-1.0
-1.0
-1.0
-1.0
-1.0
-1.0
-1.0
-1.0
-1.0
-1.0
-1.0
-1.0
-1.0
-1.0
-1.0
-1.0
-1.0
-1.0
-1.0
-1.0
-1.0
-1.0
-1.0
-1.0
-1.0
-1.0
-1.0
-1.0
-1.0
-1.0
-1.0
-1.0
-1.0
0.009653080141652368
0.008020915521271372
-0.0032919531932614136
-0.005624807874143904
-0.029330921148264195
-1.0
0.00901812202956324
0.019415697629215887
0.024511023988083924
-1.0
0.0368836297852664
0.03371817662674599
0.011739231278735622
0.0014870695717156053
0.0062737977012709565
0.016315194831895682
0.011637701792344166
0.02311066074649294
0.035591511807133124
0.03907911192667218
0.03513419817146039
0.04383155901342575
0.041125163130129413
0.03736689410530515
0.03943294073931686
0.04343266433280848
0.04486501149009285
0.045363502562970365
0.04462776437154312
0.04307956177378638
0.040693106359834405
0.04112991071245151
0.031742570480279564
0.025532465633497724
0.02252448060794353
0.025249062079461638
-1.0
0.0370505172711404
0.034887440539565794
0.03778980541416165
0.023791999962034027
-0.009417522064585154
-0.023258301501003338
-0.025374483803940504
-0.04715823358251969
-0.038336537785840494
-0.039226864109850705
-0.03286729357117089
-0.038890969549113565
-0.048515128766047015
-0.04893357046129656
-0.05087155144291304
-0.05344066229649645
-0.05234649594921081
-0.04958997983112569
-0.046871879163505444
-0.0511596043279857
-0.049522135631975564
-0.04352040603153868
-0.03304171998516064
-0.04344873008551004
-0.04441020899554424
-0.04423278414691138
-0.04544147976037774
-0.0477032117172931
-0.04707503607100318
-0.04423347932236818
-0.046906715809474996
-0.046493170243390315
-0.04828846052137001
-0.04405988551986241
-0.04417778990085435
-0.047916896468127614
-0.04767033706359807
-1.0
-0.04746338067009941
-0.04881704392689914
-0.04771472965188255
-0.047289159014740546
-0.038821758811185374
-0.031153151658505254
-0.03215671217471747
-0.0358437546176931
-0.027042517176776287
-0.03800059527115537
-0.047063330106146634
-0.05061344931280841
-0.05030713266055786
-0.04630584898590803
-0.03903453709099557
-0.04288141272814737
-0.037468617268309475
-0.04728583954989582
-0.05011020201822383
-0.05134827088621666
-0.04636433667471582
-0.04604152556354399
-0.05007961416693401
-0.04097274645149458
-0.029440777119031446
-0.04439279572960343
-0.039883283304819064
-0.007381441825471195
0.008476106962435037
0.004731332041450456
0.02128945446277546
0.039109709509711675
0.038990093190762326
0.04116610051627357
0.039127734278230596
0.03757531242546212
0.029583239336254185
0.022412367204509214
0.02065227161914722
0.021461629464528873
0.028983598182133235
0.0327263995085028
0.03353861012919138
0.03348944400282432
0.02957370259235217
0.035372150980320274
0.029767750633287692
0.016305126254653135
0.007720987125242686
-0.004235237828231698
-0.0097647939480313
-0.008226908269811919
-0.010651827020065736
-0.011972786725134629
-0.01725329361336618
-0.014117288103527458
0.014777921687789485
0.022344408819201998
0.017976402435117604
0.007015942459037967
0.024027514891524982
0.027441739296190277
0.029049913193769806
0.028215863276003467
0.021711930006740168
0.0344833712066131
0.032181015056551764
-1.0
0.047673811738620175
0.046986292471857954
0.04231417361600852
0.043540518683860004
0.04457252833492978
0.04012650816923932
0.04491378027205923
0.045032809188326715
0.02960787398929803
0.031378061391693336
0.03723893999711873
0.03647685764172175
0.021457409742898267
0.007900688553223328
0.00729962186044234
0.0021877377139925404
0.01858348426498487
0.01095508954498887
0.008192078193576768
0.009787992615228397
0.006162745749754073
0.012238471942406333
0.008486873664662359
0.018221970068083085
0.013578876644848798
0.013088016416484145
-0.018257913711357956
-0.022778381390576207
-0.029648647240613942
-0.01798574187127761
-0.023840584927330863
-0.04055408240658406
-0.03663945161392039
-0.039557389909591054
-0.019284013593639248
-0.02468493669753887
-0.04095610790809484
-0.04864601368066008
-0.05196483374314006
-0.05031900986724265
-0.05031632741875973
-0.050033295327238596
-0.045260243342137074
-0.035334389807355385
-0.008449466310780564
0.018154840340960272
0.014396172540828428
7.125045622234027e-05
-0.03678114908350854
-0.04920058475871863
-0.05056829559124085
-0.05374178586123983
-0.053424040773518686
-0.050602779088337664
-0.05085601533545851
-0.04914017022936357
-0.04833932353854911
-0.04510247472609217
-0.04812619890235126
-0.04943394017346011
-0.05011407726481876
-0.05261009368134207
-0.04726948965476422
-0.04864066018112727
-0.04475911126663027
-0.04151920169423402
-0.042971713404307894
-0.0407728871786359
-0.026853403101082633
-0.033764588282749204
-0.044492432604687396
-0.042147617885395526
-0.038716052858938976
-0.03482605139957318
-0.029814995087219107
-0.012742013342994185
-0.03644191293433753
-0.026818287469145656
-0.025963793182715734
-0.03344977569157301
-0.03375621797125427
-0.04187196312315499
-0.03666505019283292
-0.04265784250279812
-0.04819138629359909
-0.04867796933561461
-0.047946517467137226
-0.04442077360947951
-0.0461605527176869
-0.03707783518275805
-0.032370263667397856
-0.04198378973041786
-0.048173862878070565
-0.048661472563522934
-0.043338187016196336
-0.040652462876076406
-0.04424627464436521
-0.04396478504894382
-0.04811113734866175
-0.04947603602063396
-0.045997787599615314
-0.03863683824977078
-0.03693514617268605
-0.005206725454825929
-0.001960428844901804
0.005119919501725566
-0.0350239156937676
-0.046081188168388784
-0.04596497601979089
-0.040791883197777344
-0.0196679038527764
-0.014171093000818265
-0.036321356011366136
-0.04049129430242896
-0.044438805550577706
-0.05092392368370797
-0.050553908771318046
-0.04898615594876709
-0.045800348793433
-0.044391676305740896
-0.04946994821133142
-0.049231090762084054
-0.04539816411257735
-0.03570443876672334
-0.041219387529293064
-0.0460094464728395
-0.04718575766547839
-0.047364542328195154
-0.052061104151163363
-0.04874660480225877
-0.0483741291070602
-0.049099262343674385
-0.04451425895582057
-0.04225604343994524
-0.04165651495348678
-0.038648464601098186
-0.03385475716705703
-0.03357833232023568
-0.039270326615896356
-0.0374328053773356
-0.05311973344628703
-0.052757854363099065
-0.051860713460312166
-0.05503429911879459
-0.054639988683626566
-0.04813202795753225
-0.054522457608844
-0.05321777129664493
-0.03888777780962474
-0.007865113889245335
0.01986290133332759
0.02788285690081072
0.041542224074333445
0.04408093409604313
0.04391293668520399
0.04117835247356407
0.04321052622690374
0.0446933992138941
0.04736564139867805
0.04617620530294245
0.04314256291672458
0.04560421493728668
0.04408189796478881
0.029904738671068107
0.027304537597682185
0.02195803649025623
0.023208441534658175
0.027051866009301394
0.025836885606863893
0.002919633249531639
0.012951427638698798
0.017279228493919326
0.01940682065526571
0.024126815756864872
0.02712507699112163
0.01619238952530593
0.02641657781273319
0.0367371531254847
0.032889155816052354
0.03745761986240455
0.046202728313977356
0.044348521850838346
0.04162572129495585
0.038861840953023044
0.037555304706559746
0.03653542599647045
0.03614538865221182
0.04105676030969937
0.03980820684204854
0.033260429834923395
0.031884773538314926
0.026504509054827343
0.028106041773978904
0.03559670799327625
0.03945589458273945
0.04138250989545913
0.03825538828822649
0.04112440704029208
0.04725148890477221
0.03989269392087486
0.04148914035834575
0.03555927345132752
0.04074230000103249
0.04549250662897043
0.048217381521037314
0.04339559460234908
0.04203540629978688
0.04150036682053061
0.032554493648746026
0.033037732327548044
0.023893891002432683
0.015757138410029823
0.008292601717864053
0.002960769785212616
0.0014252619706791054
0.003162731790927398
0.014710116826845318
0.004776827720985905
-0.0064423226849809265
-0.01581825845304764
-0.03023988643447192
-0.03526379354490517
-0.04191836496587009
-0.03998753985502801
-0.03750572996083693
-0.020851438593732015
-0.00040187443500534103
-0.0015706858735401166
-0.027309460227060177
-0.035931463113879986
-0.02249775542559034
-0.014742333877920335
-0.027558522533250196
-0.02695712257022199
-0.007741161634463346
0.01791733484476634
0.03841960611015369
0.038490506715815775
0.03919926793680101
0.02812877580946894
0.033801356816891524
0.031579633631278886
0.028148270242416618
0.02882815913190487
0.031636436241941665
0.0361755560897632
0.04251642309490565
0.04029150441802103
0.023736200828456486
0.008991093572720422
0.004325097878618168
0.00341946821579227
0.0008088246679597361
-0.010122887796342466
0.021797034641143756
0.02635346856607778
0.019144817766855053
-0.010921201432025917
-0.005550477970588795
0.008240630430287704
0.026199661061646284
0.035134943278039496
0.023751120447533535
0.027556114626881425
0.030087101844113322
0.03061290330866338
0.03025097786238834
0.039622089006492875
0.04056934966620568
0.04456701711099341
0.041448692039647204
0.031117891330827492
0.015147214799851679
0.014794437389270219
0.007690796003028225
0.00805063024263536
-0.0003530107892513959
-0.002498915871850776
0.007533396827482551
0.005494884942263977
0.01468350834925436
0.005179441152531359
0.001436405582307044
0.009026646954502593
-0.003822854437059366
0.014318021911489067
0.015796751323542732
0.03140451481215968
0.04148447504600835
0.041645457850440076
0.0413029640090027
0.037420482544830075
0.04389177577016336
0.04213278398979538
0.04542121333199894
0.04404599235971216
0.04080261131236149
0.04689763589896505
0.04692444109761827
0.049222166927376215
0.04766298227577912
0.04807750952537535
0.045355426210782195
0.044465269985827366
0.03588083837345396
0.022903545548537192
0.031547099101267614
0.02155609686096397
0.017030753387824393
0.009363040605508246
-0.0013454791509325437
-0.004412184686961537
-0.007719845016031849
0.0008369526964159009
-0.0035586575465364773
-0.02016897020634896
-0.020062037314931162
-0.011984226529183416
-0.00979924844609104
-0.011239407154849555
-0.009395985909162394
-0.020335529440527446
-0.015181762299136228
-0.011828426193571691
-0.010362036450727316
0.010645933509252649
0.019627207212280087
0.04216007473576066
0.04260104943267272
0.0445021511678481
0.041716836663488084
0.049067808866666146
0.03848121223806476
0.0419593796749819
0.03859344125569035
0.042176310440510664
0.039182215281769815
0.04033840932124842
0.03932545995006997
0.03760570600938215
0.042621763757124356
0.039152232664947925
0.03144733949061836
0.03611410126734512
0.040330010383920145
0.042386771310882455
0.04230765176939419
0.047976968191866615
0.04368045718538294
0.04321906998322204
0.0458408557704983
0.03720233700064495
0.03312543802541963
0.03684841415616119
0.02021856546009418
0.01590981804672244
0.020775426730701124
0.02256404349164174
0.014718983320497996
0.026682736174355612
0.038171399188419615
0.03666995982652378
0.039080446000069234
0.0308149394725117
0.017433611790698102
0.01824744320212918
0.0166272489261876
0.019662387199051848
0.020758042249176333
0.013055978667923532
0.006059385244493778
-0.02094784545370296
-0.04301910328263005
-0.05003287239152187
-0.048346003212851055
-0.05222346946721467
-0.0494440700277083
-0.048769909274397366
-0.01822409191753481
0.012112917986114621
0.007648175186935182
-0.004085331628319157
-0.003069426163625926
0.029472125780557693
0.039600257527116454
0.04172077417238116
0.04217442043462937
0.04306077071317109
0.04386536953192049
-1.0
0.0431445044840417
0.045459795149674964
0.04301578554081452
0.04547920794481192
0.045631483431409915
0.04210395900662744
0.04148860428141873
0.037908117041046685
0.04520950594549323
0.046351832275605465
0.044929828285461944
0.045871671946157884
0.04595186360970952
0.048858822731446615
0.045092312486280275
0.04422814177704307
0.046216338716666944
0.045111545957885725
0.04239552675221165
0.043446319562353265
0.04710409848085407
0.04261639069644012
0.045718666378159724
0.0435831130177979
0.036040107187788176
0.042622649913077855
0.03368240988253451
0.035649465425952494
0.03367128378105032
0.03977809116261869
0.03765689258572089
0.03946489578662346
0.04151630523277023
0.04456090927267737
0.04234586803364285
0.0347087712089704
0.03638450532212016
0.03445474054851467
0.035299707916137214
0.03290854950892712
0.021809631137614825
0.00654016956192399
-0.012745520477693485
-0.024459286608931256
-0.03747694840505947
-0.021569697000844844
-0.035085490003729736
-0.039212010393254094
-0.04478031831311115
-0.04189798932405892
-0.0449199250346556
-0.04052696802031919
-0.03975318458826845
-0.02381816543600489
-0.03479318173493967
-0.0403709246246107
-0.03443019290419625
-0.03328181077674567
-0.03676798246992511
-0.021826552453660882
-0.037793843188931114
-0.04332079610388437
-0.047767798732695335
-0.044102693488799
-0.03755475642415686
-0.038026380707912935
-0.03387525116111219
-0.021615295124696326
-0.019894817285148844
-0.006629123791407701
-0.012409335814805866
-0.015112855995368607
-0.02023694675725795
-0.03027295539961247
-0.04375225729016663
-0.018303050282681383
0.01256248214935657
0.020488083772835574
-0.004579408022433816
-0.03300335491925397
-0.041224405749707295
-0.04513310741118815
-0.04795584598459575
-0.041425162434799816
-0.047340709625665896
-0.05042831306896397
-0.051778640061394786
-0.04774782379203819
-0.04837275337411091
-0.04886174440833053
-0.03577357082028396
-0.04696242825055258
-0.04723816105143888
-0.05053059058273942
-0.043085991736754044
-0.042072262599831434
-0.03827656167723136
-0.03225372338766323
-0.03914032775609571
-0.04141658261744045
-0.04285664149196456
-0.04454855679661642
-0.04464915484583947
-0.04285963266960714
-0.045583126726794806
-0.04246522076091428
-0.03902308657907141
-0.038136804657665745
-0.03448617822892501
-0.037419334418241475
-0.03288316972752184
-0.01527945085143106
-0.013159946052191675
-0.0159394687747987
-0.007422777389406894
-0.006444216768352552
0.005852382132503221
0.0030961107436965523
0.005602326009118307
-0.013265721450551497
-0.03823107563060293
-0.043532655012067864
-0.04182501381807705
-0.04016131574835601
-0.04102927680169159
-0.049338987344596165
-0.04751504120647694
-0.04144480122141215
-0.032180893201506744
-0.032702089145123285
-0.027333287313138752
-0.021123437428819534
-0.02864638981408608
-0.018546511853105394
-0.004216908133742387
0.00023557417578484402
-0.0024241852402579036
-0.02669115916299367
-0.016425059170287033
-0.03310101322627303
-0.03917093560066978
-0.03149488650968647
-0.02161927611656434
-0.02107726642429079
-0.03999559068954699
-0.025542099054885466
-0.011218106117161859
-0.022065178557389393
0.004861809678360766
0.0256731938679404
0.027113760047759117
0.03194399934819336
0.029885767621186613
0.027836548243804587
0.022820470363464476
0.023741214380903708
0.02355577899919989
0.030494172603943194
0.03153903035769858
0.02835836029336669
0.031055870078681828
0.03155724017536936
0.031475477015949216
0.03664421641958348
0.02951529237627051
0.02581267331403624
0.04132834401688187
0.04142173091370099
0.0379940673121001
0.036343767886360505
0.04206477496919224
0.04496740742352306
0.041122249207325615
0.0461822265133115
0.04054267724888325
0.042018155726351376
0.04590199148806776
0.04506284689537331
0.04320103340981553
0.036752041539485185
0.03546275442710789
0.03152778295901725
0.03932578130267538
0.04373183166899736
0.04564332423726943
0.030827025695843918
0.025892433562175465
0.030225969815458945
0.04044571997921724
0.038959970285223994
0.040247592023771574
0.04167082179528408
0.032341272263769094
0.038566345698165146
0.038266888187528075
0.030523102120944157
0.029932841072629803
-0.0019291544434082355
-0.0016685042257066887
0.0010849862756832425
-0.011568316058052005
-0.004571817659085032
-0.0008485700776369286
0.028183249256524108
0.03798982721152479
0.02983537597336247
0.027720349663104375
0.027372742920375445
0.007893699468923304
0.009262267132658803
-0.008777811826049208
-0.029548141099888046
-0.03376751038642856
-0.029549653461273147
-0.011675923726052308
0.00773750061830385
0.017734874272868933
-0.0003006436059393836
0.010026579647419952
-0.02163266379771347
-0.035305128191622764
-0.035858498010687495
-0.04096597141570283
-0.023658104248576856
0.0032275212999630576
0.013254207965202752
0.018527036281157934
0.01992734327563224
0.02143451353526728
0.010689306199717183
0.0020711716737459467
0.020571283045562164
0.005376349227384589
-0.012341196206021537
-0.018006272453073666
-0.00813892818085005
-0.00660109560707293
-0.008814962055257627
0.00028827484044238055
-0.001227971271871833
-0.0012715829319860106
0.007728695982951351
0.013610817397324447
0.018674927070661214
0.016182410940251454
0.02705337173678241
0.02694250591398633
0.023816129782862974
0.025303543222019796
0.02432499792784443
0.020867216492094522
0.02221081716084081
0.029426907824014612
0.025826641093572026
0.022813048474507998
0.021750854014901864
0.014333314589678696
0.02469765719263926
0.03835241528634132
0.039566713240144984
0.035967682084537295
0.035666805281705544
0.036621330619550196
0.037434759198761575
0.03728897445410216
0.039051271969873666
0.03375053509144999
0.01866648516516087
0.006642330413604603
0.010298788674162382
0.005110840184743628
-0.008523426880087032
-0.01543352253725316
-0.020087657735088346
-0.022472533203570323
-0.024917103094600122
-0.03135315117824129
-0.0359543809449579
-0.03107151311317955
-0.021691877747354975
0.004367362528993489
0.02937533120885447
0.03284334041921537
0.040187087600776855
0.03816810307224565
0.04210297171729343
-1.0
0.04542243775427396
-1.0
-1.0
0.04022532155085606
-1.0
0.043463713962798196
0.04489117216065063
-1.0
0.04360357114895942
0.04059410863046305
0.04551762291009874
-1.0
-1.0
-1.0
0.0415222623915596
0.04040052285387419
0.03203869311363343
0.02998784015702866
-1.0
-1.0
-0.005445134193194536
-0.0019525394641223075
0.012541194756231985
-1.0
-1.0
-1.0
-1.0
-1.0
-1.0
-1.0
-1.0
-1.0
-1.0
-1.0
-1.0
-1.0
-1.0
-1.0
-1.0
-0.052229502016153305
-1.0
-0.05528240386307115
-0.05499294036794011
-0.0551756164340253
-1.0
-1.0
-1.0
-1.0
