-1.0
-1.0
-1.0
-1.0
-1.0
-1.0
-1.0
-1.0
-1.0
-1.0
-1.0
-1.0
-1.0
-1.0
-1.0
-1.0
-1.0
-1.0
-1.0
-1.0
-1.0
-1.0
-1.0
-1.0
-1.0
-1.0
-1.0
-1.0
-1.0
-1.0
-1.0
-1.0
-1.0
-1.0
-1.0
-1.0
-1.0
-1.0
-1.0
-1.0
-1.0
-1.0
-1.0
-1.0
-1.0
-1.0
-1.0
-1.0
-1.0
-1.0
-1.0
-1.0
-1.0
-1.0
-1.0
-1.0
-1.0
-1.0
-1.0
-1.0
-1.0
-1.0
-1.0
-1.0
-1.0
-1.0
-1.0
-1.0
-1.0
-1.0
-1.0
-1.0
-1.0
-1.0
-1.0
-1.0
-1.0
-1.0
-1.0
-1.0
-1.0
-1.0
-1.0
-1.0
-1.0
-1.0
-1.0
-1.0
-1.0
-1.0
-1.0
-1.0
-1.0
-1.0
-1.0
-1.0
-1.0
-1.0
-1.0
-1.0
-1.0
-1.0
-1.0
-1.0
-1.0
-1.0
-1.0
-1.0
-1.0
-1.0
-1.0
-1.0
-1.0
-1.0
-1.0
-1.0
-1.0
-1.0
-1.0
-1.0
-1.0
-1.0
-1.0
-1.0
-1.0
-1.0
-1.0
-1.0
-1.0
-1.0
-1.0
-1.0
-1.0
-1.0
-1.0
-1.0
-1.0
-1.0
-1.0
-1.0
-1.0
-1.0
-1.0
-1.0
-1.0
-1.0
-1.0
-1.0
-1.0
-1.0
-1.0
-1.0
-1.0
-1.0
-1.0
-1.0
-1.0
-1.0
-1.0
-1.0
-1.0
-1.0
-1.0
-1.0
-1.0
-1.0
-1.0
-1.0
-1.0
-1.0
-1.0
-1.0
-1.0
-1.0
-1.0
-1.0
-1.0
-1.0
-1.0
-0.009060732574625458
0.008914100010903757
0.005872258134369596
0.013288290276148208
0.024588397525994468
0.016713535378286303
-1.0
-1.0
-1.0
-1.0
0.045474650783608295
0.053739796570159606
0.0556250618474216
0.056442715218994056
0.06183642678173401
0.05759878503174116
0.051167622067806465
0.05473027690140555
0.06334940877531531
0.05974461139549292
0.06299741885270009
0.05346534744543179
0.04839619801444382
-1.0
-1.0
-1.0
-1.0
0.05759445956066003
0.05961678326921241
0.06384241804480112
-1.0
0.06636151002806417
0.05830700519359765
0.06369502508912953
-1.0
-1.0
-1.0
-1.0
-1.0
0.06114317134738168
0.05555740302198031
0.057795207312788956
0.05373487160467004
0.028597996345439327
0.017447588394117204
-0.0030191317525646165
-1.0
-0.05861954499851334
-0.07364647058604727
-0.0648777916880455
-0.053924386736985394
-0.05509482335314978
-0.052225112718083284
-0.060203900592495696
-0.03465236572002778
0.022234040280976596
0.002737119585035607
-0.009901561250416505
-0.020932040268516378
-0.00802563708822154
0.01876560038479092
0.04056435954224771
0.046156472763395524
-1.0
0.049838415667897394
0.05091652859045051
-1.0
0.061272702561716484
0.05558581057021
0.04871343814657404
-1.0
-0.002757333921583579
-0.0030676371347437463
0.02466307161921383
-1.0
0.006592711051104505
-0.038031971753870936
-0.03772543065480942
-0.016993895063745906
-0.008180112429433044
-0.006344176278358898
-0.033621918680851286
-0.07853630496188381
-0.08946327152177812
-0.09025443839600743
-0.09174589166763329
-0.07891426871872986
-0.041049757581170104
0.019346400132721372
0.036212410045808864
0.01708368253261183
0.012215424733888914
-0.01146390625920148
-0.009350650589299035
-0.00021234565639313945
0.029388720555537214
0.019179208688529646
0.017078375001024847
0.04049026147239108
0.034028010964904064
0.029364100602084553
0.023891875766761675
0.021319708901032318
0.03446557315059355
0.020908908429230003
0.04334309365543481
0.029160612432848676
0.026761259554560945
0.015640988803724318
0.02053855243727236
0.032106330176132035
0.04755844435729142
0.04878945688163265
0.036434505775091025
0.04357024873521584
0.03300586746587665
0.06307960258881225
0.0737976397120972
0.06024902566840667
0.06475185381282617
0.07401587057128059
0.0670689194348641
0.06945589602038149
0.06591118940253145
0.06744900859016685
0.07294206122728293
0.07640082425245986
0.07606388509007653
0.06851150788882933
0.06766466713189812
0.06378002738953052
0.06613598124569485
0.06255158795815507
0.07007779602479372
0.06578161343835853
0.07064813591036812
0.07155764835032542
0.06612786440707771
0.06151384759874347
0.05360013908558781
0.04651389346775571
0.05389223899704255
0.04618367439888637
0.031454576442701755
0.016357400212559145
-0.027836917306133226
-0.02171183543714126
-0.008407435691464071
0.0014204809844737304
-0.0008876671885501849
0.002522479296733205
0.009760104216755295
-0.00584727030197461
0.0018095393987201888
-0.029216261179817186
-0.04543590149861557
-0.056268662150569006
-0.05999446090583456
-0.06571626459473705
-0.07562992185225519
-0.0779256255746338
-0.06947231673270314
-0.067985018767185
-0.08123810736081481
-0.09102400857277337
-0.09198423169879029
-0.0943217975100634
-0.09301476207900251
-0.09163614602277786
-0.08968508974925896
-0.09331562557195333
-0.09289754020462736
-0.08811815552479464
-0.09113735910389477
-0.06955773571718318
-0.06692894255198674
-0.030604124512838764
0.032137252292623895
0.044925079301102115
0.045340949832691796
0.04754923519112403
0.053980866652041236
0.05177274817221328
0.051467447241356414
0.04927030763401079
0.052944852206224274
0.06321346199111934
0.06668215788992375
0.06700127098279081
0.06743440249395748
0.05382185159663125
0.05606162447415942
0.0566617610940075
0.054963349966379665
0.06180283486087879
0.06514619812746622
0.07244408368901656
0.06793961566515025
0.07549273491717155
0.07327928241634304
0.07341086321249263
0.07377972645911154
0.07324263372220799
0.0772536466845024
0.069856016111125
0.06953246317333873
0.07552303592992302
-1.0
0.06832480708303307
0.06034001599514743
0.0660112844606829
0.07107861522290497
0.058007288711451166
0.0631343485417245
0.0635378367619089
0.06273583025197421
0.07083154266340382
0.06528573503598738
0.06479784589041403
0.04369323920940944
0.036096362266708905
0.033341504011422364
0.033027358528329026
0.053062855310730024
0.05221811311466965
0.05325174377675554
0.06314193158060667
0.06119415746099681
0.06684178854995598
0.06728390363767268
0.06778442492472123
0.06098888393171744
0.07122924614041425
0.06238901857840351
0.060536889204317865
0.06627987080078017
0.07622809376561564
0.0724336975476134
0.07531006881423638
0.08334063814586845
0.07424710642987602
0.07239115715108206
0.07424518944610344
0.06847898527047074
0.06690489428463703
0.0614997825714784
0.06691917650995496
0.06586277782178121
0.061970028077630565
-1.0
0.0660266224695745
0.05570020517660294
0.06307753745010142
0.06733086814129752
0.06685929257722352
0.04250192827852557
-0.005405966598974277
-0.019214427965173572
-0.02620765474400515
-0.03767502321451049
-0.03797533401247506
-0.025259782273364218
-0.0047538213482441775
0.019630221716727726
0.014186256533954077
-0.008132856061700623
0.0022485736965677386
0.017559750384349943
0.007166166659670149
0.014103992595388849
0.011244062052264303
0.032489214241494487
0.00874042758017421
-0.01490924648714737
-0.0040069172468081525
0.04169202928063172
0.05565883348427623
0.046280463680658725
0.04823989145321676
0.04663610051443126
0.050548996811634925
0.04489651784537823
0.04019298826305549
0.043336093842986874
0.05244532270443101
0.039859257102642924
0.04051058230429609
0.044079161146463
0.037705268614213666
0.03279768166705141
0.0068714788243504
-0.0027781313947949026
-0.03645921039865851
-0.03845817870513652
-0.04322179461179
-0.0709986867960111
-0.08135410831905175
-0.08382295191749695
-0.08585816929011603
-0.08778800513947715
-0.0742682494697782
-0.0701161314109429
-0.0824007582925106
-0.08527490392699288
-0.09171789041812767
-0.08724740711268464
-0.08517208912138832
-0.08759483238364826
-0.07927441054765332
-0.078708708113309
-0.08525887306157971
-0.08724210727545303
-0.084467476729214
-0.08669877662972487
-0.08605017947899227
-0.08488227906832492
-0.08887335925853482
-0.08786781764071724
-0.08980333133782152
-0.08767377982759775
-0.08296097181738579
-0.04940866270181624
-0.007303315662544991
-1.0
-0.019108679259200727
0.004563769753593755
0.03137053451757461
0.048876502583400004
0.05401060681384857
0.057593262206066476
0.044876360371710604
0.05415131881199527
-1.0
-1.0
-1.0
-1.0
