-1.0
-1.0
-1.0
-1.0
-1.0
-1.0
-1.0
-1.0
0.03565923052391524
-1.0
0.023016286915548852
-1.0
0.040501710576201375
0.04412317883459436
-1.0
0.021591221719445403
0.007438228280942839
0.03822475635082453
0.03515548637889147
-0.009247137818019321
-0.022282154539530877
-0.0375971398963912
-0.05340829591932235
-0.04867244793671522
-0.04772156843760745
-0.016049890247673948
0.009328418782385117
-0.028254323122303224
-0.04197832732092006
-0.0423203771207066
-0.04022110978990161
-0.038115168541361946
-0.015602748618922168
-0.038154151287123135
-0.02408750481683392
-0.0167172508961963
-0.018208102438856653
0.016174379038640496
-0.005707319838097667
0.019316795486785047
-0.0037554664535470127
-0.014819877835778546
-0.03670972498746085
-0.03556416301235153
-0.024539956009860288
-0.027821155411444407
-0.037926695770796444
-0.030812920632607994
-0.05461555044449359
-0.05701449946682978
-0.04837300568654755
-0.02844202074871472
-0.03203422006172888
0.008110021391990267
-0.03648705985437646
-0.018977229597495142
-0.03453643295432209
-0.05714105761271823
-0.061469205292886284
-0.04951215195949346
-0.036109303313261995
-0.02426957748269679
-0.0015076817419989086
-0.004578083052187498
-0.02449004151662421
0.044482980519078716
0.03140749651785544
-0.025845806445981646
-0.03719745797951867
-0.048005582784767006
-0.030146054958026934
-0.017370098666336348
-0.048973134595475996
-0.05927996464735887
-0.060142998818071496
-0.0288076140937362
-0.03900375907117374
-0.0260152035865018
-0.05415537672570287
-0.07255264154977582
-0.07704058338870698
-0.06910449519696145
-0.05927643902274936
-0.04797661209005768
-0.06967280140377788
-0.061483078277820485
-0.02630673634220328
0.006973958146023215
0.020207466180489953
0.03837701524895412
0.02600725408203548
0.018847234655059202
0.0333151220125436
0.029661113120622532
-0.006142074944518026
-0.042980032777012074
-0.04269852817336851
-0.035050431550584696
-0.02521564067917523
-0.034746262404884286
-0.04683742619016041
0.018793464230254495
0.05831751802640542
0.045885106414259434
0.053542913231316026
0.032543208813798616
-0.0009331346253894571
-0.05056124593750929
-0.06564343454164359
-0.0764467945022256
-0.07559343571308241
-0.052526148191908456
-0.07019923298704049
-0.0722906551522365
-0.06857914427042175
-0.07467924256755769
-0.07272886349011415
-0.06627339275219574
-0.03767186123829814
-0.048601728620254
-0.038524015448492405
-0.012299813442444164
-0.02129338008946645
-0.028082431020693605
-0.03403184478251992
-0.044635880712231485
-0.019005500249668884
-0.007530740722870823
0.0014235557045434264
-0.021307410532012728
0.012479309182395345
0.01447186296150287
0.005799911965304301
0.011190313663465248
0.034080755780041286
0.030109838989370197
0.01715173964416169
0.009380070055824773
0.02657233230951464
0.05711328835454876
0.06038660184054534
0.06349609517148157
0.06174059154102673
0.05875000757952317
0.03713009749376077
0.0443118097820586
0.02337050154372303
0.024524575504666368
0.03686466780356093
-0.03954142595247055
-0.07250509677720492
-0.07698549932198195
-0.07645657764881303
-0.07790280434289573
-0.0756250884831015
-0.08052073922993382
-0.07594785316609057
-0.06058540912959208
-0.059811022369603714
-0.029937807184671286
-0.05620844711680898
-0.0674845630583754
-0.061076444059187704
0.0010889051527762587
0.04678935784291375
0.04384754317222829
0.06094722148545125
0.06799495308180335
0.06997578606578216
0.0636031109174167
0.0680391117589442
0.04326765880538448
0.04950101677156934
0.011283731628700139
-1.0
-0.00569535967425886
0.02245096840023441
0.041742907531413
0.036591330918015606
0.02639389084823742
0.007855074576811805
0.023968214408098685
0.012433239872451853
0.00398387682233817
-0.01805344138472619
-0.014418711629322636
0.023247154473292883
0.011090857624600858
0.023343974176903155
0.013197199961776422
0.01554879006387031
0.02973213244489828
0.027078738724620372
0.029805733035838482
0.04097384253405952
0.03023467670203587
0.036563764566016434
0.05113399115907337
0.03935239075718971
0.03391644650947268
0.017150314252704954
0.018005855147554827
0.007710839786459953
-0.005392183759890309
0.012858390154453
0.030097776719820505
-1.0
-1.0
-1.0
-0.025166351631110136
-0.00412211847454102
-1.0
-1.0
-1.0
-0.015330928855125115
-0.007096456801452225
-0.005390953433130621
-0.06557336683895285
-1.0
-0.08184995192642493
-1.0
-0.06696438907137044
-0.06859418490658932
-0.05482071094040662
-0.025622652608302914
-0.03922169772959268
-0.06300850210531725
-0.06097843183828257
-0.061367375458417486
-0.06165400679899007
-0.0630167853482177
-0.057586775918014074
-0.0574043673664096
-0.057072233736221056
-0.05983893498580165
-0.06151429826050082
-0.06747502850286673
-0.0740396110233366
-0.07075787627872303
-0.07449777168671917
-0.06697576838501157
-0.07232412523275904
-0.07394852534444497
-0.06953683164028807
-0.07214943301400083
-0.06022303718270352
-0.05917851378511201
-0.05890096631153132
-0.05797440849032154
-0.05547236154340253
-0.05944717791457764
-0.06810584361446138
-0.06509259050478731
-0.05699527824489573
-0.05996759269967808
-0.06899817211367756
-0.07292867540247454
-0.06518720122022637
-0.06897248462770018
-0.07078714067669105
-0.07298659913582073
-0.06990514502058937
-0.07855894921175798
-0.07306989596622564
-0.07249854255724167
-0.0702933235847691
-0.06302554998307366
-0.059259091437515114
-0.048477839119372354
-0.027850027847078265
0.01810596491739302
0.030588080191030372
0.04730543516109641
0.033892246246744584
0.005085484147495493
-0.018265239499380848
-0.038493525410245345
-0.0388751172734399
-0.04085608266904516
-0.0590629360724756
-0.06900168442279392
-0.0580488640040197
-0.059028167430528265
-0.06540197764869624
-0.06270512690945017
-0.06260357101595093
-0.05830924344351171
-0.06529425260727204
-0.0696721502818016
-0.07519607985362428
-0.07360817047991251
-0.06927342399982686
-0.07495069811305062
-0.05889552953587876
-0.07306768867772556
-0.07636392224693744
-0.06996075692500348
-0.07552042339519506
-0.07316864035068343
-0.07064636490223296
-0.07419716379139948
-0.07448847205767971
-0.06851746070292651
-0.05530738040115248
-0.0420617367465606
-0.07131865358313545
-0.07521034901867947
-0.07146738916631677
-0.06781027921927266
-0.07773835766210223
-0.07115574974181813
-0.06945031094484527
-0.046911649201585325
0.014044303940978654
0.03529270324365668
0.000379970308907885
-0.0023927829995666777
0.048130524254874435
0.06295058372959317
0.05771019142145564
0.06503860473641221
0.05964659542074035
0.06238404936777487
0.06152433966379058
0.04852079200739372
0.013508631166783133
-0.020610218786125258
-0.02125695387319737
0.017367438582730536
0.027808381408618337
0.025444133989946688
0.026834339465450652
0.03391680874228437
0.004172227862966693
-0.060860145396316796
-0.0630885731809817
-0.06471648602063411
-0.06808926749767323
-0.03455088972429305
-1.0
-1.0
-1.0
-1.0
-0.010772992652200998
0.054262721331327264
0.04934499370427739
0.03619294107030666
0.021816120671101464
0.005237132483936932
-0.049298380373293656
-0.046316602397971335
-0.06519495310875044
-0.05786475663951187
-0.05450957489107447
-0.06735593604414476
-0.045757009074568686
-0.04343663442448433
-0.018006284030163106
-0.025511791267766645
-0.006298777152364431
0.024948270887805053
0.04001873113591116
0.03844997212488008
0.054190410148285344
0.05616701702121934
0.04833027663127389
0.024603127128043276
0.020437333123777362
0.04663713616028764
0.04633412779324871
0.043736338319866404
0.04967923968390776
-1.0
-1.0
0.03881298551404541
0.03434260209279676
0.05061534557122602
0.048615835875868395
0.03902097186533651
0.037349283300962745
0.032704182387569156
0.025332598298719942
0.041828481062783966
0.048381212780976686
0.03244258601961108
0.014872894478838973
0.01880222598160332
0.05741181253079717
0.05896217328185803
0.05574684489604704
0.059467946016388405
0.053970843383032936
0.04403947061002772
0.04532869919077034
0.05028106679865222
0.035291580943464906
0.03137545659996328
0.0024741693897494766
0.022712831000494798
0.04107431767306318
0.037786502074465864
0.04737405898502412
0.05327279585837184
0.061808636243028486
0.06226836335449354
0.06014982442901646
0.04779608092196535
0.03660737520150013
-0.018142514419449595
-0.03998484776831184
-0.03712579403548372
-0.03968198156987297
-0.044740631050297616
-0.044161090840021275
-0.04549084907804827
-0.0393364828362286
0.00044992189480193924
0.021918382116390293
0.016018580477477683
-0.0009649099775471236
-0.0066380063856099035
-0.021350736839914685
0.006235822781909087
0.018482717089354304
0.041228773951089245
0.03702778304722139
0.02308954438525045
0.04306972415242918
0.05922593370306143
0.06977018958511454
0.062163227809366894
0.05718854420891016
0.06354939174966663
0.060868373410229194
0.04569982757316788
-0.0012607470254706013
-0.019097483402839326
-0.038408371322395114
-0.06115830328482355
-0.05398940531862858
-0.06085892358445091
-0.060115894584212216
-0.0469165078555522
-0.056921084596972024
-0.023075503619326067
0.0033386783161035655
-0.0010865889369583188
0.0014259946755280318
-0.04725200212723858
-0.069877442771355
-0.07074455171601829
-0.07022070776343058
-0.06908861250638774
-0.06381568207043853
-0.06953690876577785
-0.07101970800702566
-0.07138579837878022
-1.0
-1.0
-1.0
-1.0
-1.0
-1.0
-1.0
-1.0
-1.0
-1.0
-1.0
-1.0
-1.0
-1.0
-1.0
-1.0
-1.0
-1.0
-1.0
-1.0
-1.0
-1.0
-1.0
-1.0
-1.0
-1.0
-1.0
-1.0
-1.0
-1.0
-1.0
-1.0
-1.0
-1.0
-1.0
-1.0
-1.0
-1.0
-1.0
-1.0
-1.0
-1.0
-1.0
-1.0
-1.0
-1.0
-1.0
-1.0
-1.0
-1.0
-0.010529593058450784
-0.018384130174630354
-0.015375690062160234
-0.016408301920623015
-0.025431206351490786
-0.029323189978731855
-0.035331144879644075
-0.036532021401289555
-0.035840535568469785
-0.03567011172659385
-0.03318587022981839
-0.020796744184636666
-0.00388594830410717
-0.0044756457384749595
0.011628122150510387
0.018939089589991003
0.018565444172164422
0.021409046023807943
0.0305641681185345
0.028489346909935293
0.02776389877541977
0.020007149845732587
0.015596793563036627
0.015695023184870177
0.01963655655634726
0.01737345820108655
0.019928924936446237
0.025104451358768
0.029274876413290515
0.028386462631441334
0.02515348723071942
0.029424182003572063
0.03070369656499865
0.029008965669810358
0.029927982622714996
0.02781778281767209
0.029541181246904892
0.03444375780317053
0.036455670245351915
0.032674214633163494
0.036032397227384494
0.031735411583054506
0.034009609599021745
0.03594279602245233
0.034380122221373294
0.033732155821403445
0.03436586201722669
0.030794924326192293
0.03315383320529516
0.03223747335891672
0.03468441734611199
0.03289091441241216
0.0313325845803843
0.03176119695506477
0.030936010687301053
0.03529047034750131
0.03130763700408148
0.03223874890006773
0.028516900287564012
0.0267652057022674
0.025287948782408212
0.02620960197008785
0.029530336576177017
0.028634124103511627
0.027683334665283797
0.026539815678398034
0.0281230422745982
0.028500229458910786
0.029000740188478914
0.027933169881074443
0.008710429968195724
0.008954984889092387
0.008486201656137563
0.014076096966071393
0.015149232987266826
0.018039540277701896
0.018438161252074876
0.014629501978885845
0.010680085647690258
0.009115492756178909
0.01857650745566135
0.01518548785666025
0.016827144631334313
-0.0001139834145287576
-0.01248622771273538
-0.006830868489390996
-0.0021323809002900588
-0.00036921040376975317
-0.0014893957528347194
-0.0011767708034131263
-0.0007113651095014944
0.005946691347568737
0.009798164359831597
0.011454932241600406
0.012043649089419501
0.01652445277857597
0.018068034463025306
0.02125535364112669
0.022317396949419
0.02447659012745323
0.02190429153387545
0.022057883986426104
0.022180714679519785
0.023899179959227034
0.019566823485874175
0.022420120756233154
0.01761451656627947
0.016124207007979705
0.01103333417840174
-0.009421090455716765
-0.01813346751528926
-0.024445196296998612
-0.030773372152926654
-0.036416176913850455
-0.03939862371417697
-0.033379024922914974
-0.03345329250770247
-0.031594814548090946
-0.029659650403585765
-0.03476943033009309
-0.032970400368594194
-0.036733657915903696
-0.03206902221128454
-0.03293658202615872
-0.03284359522048161
-0.03545539183178574
-0.02612480238780236
-0.026881063296137982
-0.029448104599992447
-0.029151028947479694
-0.032660270556695396
-0.019484327001658527
-0.006207482321485713
-0.0038167124602942987
-0.004348742624883486
0.00599659791022217
0.00866682679667667
0.009611165139747269
0.0059606869352195335
0.004665952373456029
0.013423886701926215
0.027179347119867463
0.03133098581897291
0.030738495469036363
0.029872248845911834
0.030555970287589624
0.03216261670712048
0.0298014785536916
0.025530746251058098
0.025673577744407563
0.03203047086402948
0.029159574050173352
0.026141429576666087
0.029219827814834277
0.02921961287682391
0.028770304552218545
0.03022115789987051
0.02964434935576308
0.028491366040748065
0.028576346483738913
0.025421589701715507
0.024712378858389644
0.023618522307350984
0.028405316731350168
0.029123372809295122
0.028206201338679744
0.026703865792555598
0.025295861571508035
0.02894635725324677
0.026754303177583698
0.021347462999935733
0.02277597958163799
0.018791904236011344
0.022984515527646236
0.02185192361999738
0.021973572792824574
-1.0
-1.0
-1.0
-1.0
-1.0
-1.0
-1.0
-1.0
-1.0
-1.0
-1.0
-1.0
-1.0
-1.0
-1.0
-1.0
-1.0
-1.0
-1.0
-1.0
-1.0
-1.0
-1.0
-1.0
0.026727808452669578
0.025769929267948116
0.026330717247856513
0.030294796946562723
0.031195101402090995
0.03266577279411005
0.03209576037648337
0.031210140220702128
0.034825758456620386
0.03607920369599292
0.03711282818832977
0.03432483934301885
0.035127388888958576
0.033554925721041566
0.03496224969709109
0.0337099317760723
0.036252103403445965
0.03657236890737299
0.03865518189478092
0.03613686498640842
0.036360612693609524
0.03645537696860258
0.03344951322021479
0.030908618387079482
0.03339651003407242
0.034035373646167544
0.03429376040807238
0.03621731940811262
0.03293495492725077
0.03523886913247865
0.03713713983249294
0.033392417533461324
0.032492659144595405
0.034034381086723485
0.031775502528519364
0.029420797400900926
0.027304636057114036
0.026337221923197346
0.025322743913835925
0.024496924946154134
0.022483495969369053
0.01712056526194388
-0.007118823836914553
-0.007939951288101202
-0.01394827002383506
-0.010352250862958667
-0.009205753328386182
0.002738849327302406
0.006100027876098953
0.004278582028416224
0.014372116643218245
0.02232631325363259
0.026726296967067072
0.01909976717358635
0.015191010797423814
0.0192243402178094
0.015548832647742082
0.011957895139245767
0.01030597538463498
0.019991625197709587
0.016948792744469896
0.0189003638520999
0.02434018998494538
0.0260179227288422
0.027009691409188887
0.027432674521214537
0.03049613820149932
0.03522397057703224
0.03216034451484541
0.030225991108861344
0.03228592254616023
0.03391046304231904
0.0327773215356424
0.028344389126807475
0.02910597706800053
0.030250180909929154
0.03333088785410587
0.03517280245180173
0.03324880574311663
0.03587527019138311
0.03282987164848972
0.03557071073292692
0.03056594222227549
0.03147277717551609
0.03471657336243943
0.03124229077020383
0.031417706692853244
0.03406654678798923
0.03106757339471507
0.027801069095313304
0.027502994816608346
0.030615245633383324
0.024250960500245528
0.02046576565153073
0.015703819256356215
0.016161620971905398
0.01766101805938199
0.022247225667546573
0.01743535210726751
0.01669339688277796
0.011843288948684465
0.012924110908443531
0.019133502888259938
0.014776070509835006
0.013056170754288386
0.01188463289570143
0.012841109683010736
0.00982285949277094
-0.008514336236823858
-0.014747067388195735
-0.021320703921831552
-0.018201341121359148
-0.025007431322545612
-0.022168399632292113
-0.013995078161852104
-0.007098822938499872
-0.007249555270425933
-0.013273338018650365
-0.011308551869240896
-0.005445082790259676
-0.01516221824926038
-0.028801301972747027
-0.034560954440576684
-0.04135746127831096
-0.04001599671533299
-0.04128526055899485
-0.04003400392199704
-0.031949027293830146
-0.02979696292637547
-0.026111034113130625
-0.03211039836889257
-0.028421363848806273
-0.02560867342690867
-0.03541050731444938
-0.03780824404102472
-0.03475149512007352
-0.04166258097053726
-0.03943470911012491
-0.03915377469116702
-0.04206997252083062
-0.03999454271554626
-0.04158383824900107
-0.04398092140146306
-0.04255618775369861
-0.04322243083293848
-0.03934032956503211
-0.043723115071068804
-1.0
-0.039430004499298156
-0.037912881396454476
-0.04240115331861965
-0.03468869116762349
-0.03698183296123184
-0.03608973683432157
-0.03102052526381858
-0.011605250463511173
0.010407105464439521
0.0057842608473934855
0.00013177637775620553
-0.026425252562116672
-0.03265056255495533
-0.03695718980135204
-0.030379258812012998
-0.04071704817765977
-0.04247149018725014
-0.04126130403754383
-0.0334179000983293
-0.032468451927738444
-0.04298743869140279
-0.04312490197760075
-0.04305487701219291
-0.03284478855352317
-0.022763219795992697
-0.020727751775122677
-0.024876068218519523
-0.01990914050576631
-0.024511545640934624
-0.016069361820853733
-0.020218992261637418
-0.02364173627881332
-0.02279583564533064
-0.025398088947418112
-0.026594612733615606
-0.02429811834924305
-0.02115463773534019
-0.015408795327184957
-0.020324451183702543
-0.024152312551112085
-0.028573780270210528
-0.013696345151364761
-0.024383914599463246
-0.03745197087954832
-0.034137808908531665
-0.021755063203026875
-0.0036224397130628933
-0.004036276373449012
0.0009083294077228307
0.0027031892874075426
0.0032415744345974675
-0.03191023766642954
-0.04393037838041028
-0.04386612429727591
-0.04731012973484649
-0.04743930170555527
-0.04547145914449907
-0.045916970031921835
-0.046675144788603795
-0.041944666519687576
-1.0
-0.041082699454379826
-0.03366690328959981
-0.031172879321680638
-0.03491825195845932
-0.0376213359550522
-0.031225461355513517
-0.024953813022425435
-0.011780156309308246
-0.006067632829455135
-0.003183360805895099
-0.013193421281728932
-0.018112746741260264
-0.023627808426835213
-0.02930880013158774
-0.027274221807216757
-0.024089922026214315
-0.02583644316658897
-0.028817335397149795
-0.03486108721967897
-0.033542025751706
-0.03005790267620123
-0.02815548684819921
-0.023008399638043017
-0.025117515803977343
-0.03385863933885709
-0.03121490659024019
-0.03300566134590642
-0.03402308885066262
-0.03616014794720563
-0.03434442737836965
-0.018658466438222547
0.005502990533568921
0.013945016945490094
0.018332940168560404
0.021764492167272116
0.024387814577087684
0.029457523329082302
0.027819049114450232
0.027560496237652724
0.02065932024403155
0.005500691704703411
0.00575542415211643
0.018992244710036046
0.024669431380012385
0.02936345164328933
0.03241158438953326
0.02533826409295205
0.020204825735077495
0.008352541662012613
0.0013284654152958522
0.003304843462374344
0.0043653442616505105
0.009347622337283423
0.007510306695382051
0.008912284464035608
0.009137420380913808
0.012370683407587964
0.016025182982493894
0.01821634945189943
0.01290565216018828
0.013464313521074182
0.012064311785223908
0.00955692364415453
0.008618043996417107
0.008638339035872515
0.00015973547185618847
-0.01095521512676751
-0.035978455277435865
-0.038540458593195014
-0.04603786399495293
-1.0
-1.0
-0.03825411265410679
-0.03710846551154402
-0.03936406040688059
-0.04131038939563523
-0.03778408623534674
-1.0
-0.04339828742651132
-1.0
-1.0
-0.02578770820738898
-0.029174948876349898
-0.030344545613026637
-0.02493928651816978
-0.03695190879445889
-0.040610258795621176
-0.042784981824705054
-0.040290743669499765
-0.04137440591825144
-0.03724868889382912
-0.041028224372874435
-0.03930969699343572
-0.04336305129662723
-0.04915470887844721
-0.04609267186262882
-0.044840270499126714
-0.04460562402991878
-0.044715784989259724
-0.04727452913002639
-0.049334836792193915
-0.0383738429743478
-0.021628910869415298
-0.008166338942554826
-0.006200433067912379
-0.003834634042853732
-0.01480274515974462
-0.018036851956038668
-0.022502595845623526
-0.03352586859248715
-0.030152908867230342
-0.024265832862664535
-0.033884381387229386
-0.040049138259778384
-0.03570913598463948
-0.038728438750266284
-0.041516483356986454
-0.03923648831218545
-0.03336115730753635
-0.03400649052902037
-0.037442230778569514
-0.03862872432011864
-0.04605062679679238
-0.04274528589352584
-0.04514115994327522
-0.042119636051746755
-0.04843640491157513
-0.047447919840919645
-0.04501650745284313
-0.04460583154627768
-0.046863897795136625
-0.04174398738853549
-0.0436842634565986
-0.046945346241181754
-0.046314282965604414
-0.03911037416615455
-0.045362516954247506
-0.03612474549747095
-0.029519335504449396
-0.017320596684123037
-0.00899170557728088
-0.017595712173880885
-0.021144009542210424
-0.021280389597355624
-0.027414138765192504
-0.026279075301906756
-0.02114135265493983
-0.009576925645046024
-0.012758945370892649
-0.0019414286280151057
0.0056614893848944605
0.005430709082682617
0.0014618921095416204
-0.009645442150199168
-0.016560306781748493
-0.01968151970985071
-0.02012159681026021
-0.016215943330964957
-0.011215834241130852
0.0010754765013760617
-0.003978468051786062
0.00306896833013539
0.01122504924475355
0.024922441043429288
0.02902413671177527
0.029021057974971308
0.0242669914754107
0.017516945371555927
0.013111175213665185
0.017419612591404836
0.028072998476708584
0.020729311393798806
0.01957729997595108
0.025396273231068685
0.022806893600845386
0.00330905903515472
0.0009358618366810344
0.004792090923286727
-0.007238800831987978
-0.007579474281723042
-0.013226317698639554
-0.011060453303621782
-0.013764029925989915
-0.007031409216935194
0.0167924360941075
0.016296124120499904
0.014823126722120984
0.020188566548056733
0.01839937807521466
0.015979189974448325
0.023690647847007168
0.025175765037119473
0.02334879437030959
0.02768946191173523
0.024707091967813215
0.02799297005182559
0.026200180318370483
0.023047460340554465
0.025591683229422305
0.021712929601634227
0.021402402976665052
0.018300546817486784
0.019132203862738784
0.02299840822940941
0.02375425427869248
0.019784620291455744
0.009158418777508216
0.0005487588662209696
0.0031064389965785597
-0.002274013742707973
-0.00818441971706448
-0.0056735352520420395
-0.03116858042098962
-0.04818792391298765
-0.051028934468058444
-0.0515482386687182
-0.05204419061097491
-0.04753664787776855
-0.04618217773091518
-0.04829596091185618
-0.04286501931087792
-0.04875285371463576
-0.051562670639219585
-0.04845403173058029
-0.04903277440636497
-0.04946163597101317
-0.049429429000143014
-0.03799958274994987
-0.026546691745879862
-0.007531836915886923
0.004342021477655845
0.0010266262432201943
-0.014832678431998824
-0.04103032451877201
-0.032389195419534854
-0.016698426203084527
-0.024368880932689404
-0.029790674098362342
-0.03847785343752715
-0.038798692547645376
-0.03555661406335868
-0.033944872813673484
-0.03589903862749282
-0.037150072316634475
-0.03825228730147234
-0.03969245964340243
-0.044270519143962
-0.04662604887678357
-0.04730433010291722
-0.04304014914077837
-0.04487854836113801
-0.03854324135735438
-0.04234767184496122
-0.046940005102372645
-0.047482309391810446
-0.047666582904932815
-0.04790810187286518
-0.045979137066450605
-0.04725928095662298
-0.048396556904063276
-0.045566825316921945
-0.04255265310474009
-0.04129696891668912
-0.04855706376359396
-0.04638692595659891
-0.04104555133295399
-0.02356408097695418
-0.01032559323473286
-0.01100033506741523
0.0006785248258295184
-0.013179125206503274
-0.029762378790502964
-0.037339064138413675
-0.031719187675400884
-0.033090333429061515
-0.034065544280285624
-0.028720063387695637
-0.017005947715374302
-0.017629083431211456
-0.015571235129505456
-0.013932603762694519
-0.025143722076121772
-0.02445733523740285
-0.03687950719874502
-0.0436232540782314
-0.048934482101431684
-0.04926372310533353
-0.04688910455843506
-0.04736787713101296
-0.04498206037751066
-0.04866010997112245
-0.048145257976712603
-0.050998177363153346
-0.04879678447935924
-0.05309679269238127
-0.045816828530863496
-0.02740179782436462
-0.017481757326600136
-0.013506554372569278
-0.02174505737738152
-0.021671333727668555
-0.00670764346696838
-0.008915081496130102
0.005080891788631136
0.007605612751825415
0.009606163796599827
-0.001174068109742407
-0.0052872964452645044
-0.008800420331942043
-0.009383945888463693
0.01705676106730396
0.023247958380556658
0.024451861174276914
0.027006144240769612
0.026088465071481597
0.02274502114326198
0.024213280351346827
0.027103498592075496
0.024387125784542284
0.02758597042716395
0.025440421978970378
0.026152617319578145
0.029171410040813316
0.03021401762240403
0.027982151925719567
0.029035529037660206
0.029759255244590777
0.03052386359928179
0.031600727321691356
0.03282237534601217
0.03137296360464701
0.03220174327493409
0.02953069681129371
0.030634573152086557
0.02682377461380745
0.03005545808352608
0.025584467156353624
0.026962383756247734
0.024069681704217846
0.030294202669464768
0.03856825195066616
0.035316259899085774
0.03245741354099118
0.018516350818765674
0.018506788001985304
0.01532544842949971
0.018652504485180767
0.013793492867925382
0.009836538079014412
0.009438500155961272
0.004990385448815217
0.012743380050676253
0.017793304756071007
0.014877507620517615
0.02017206674413365
0.022702863186725954
0.026183813022977648
0.01912832264628268
0.014489956993402123
0.012300281001150286
0.007369746490884597
0.008436878447333505
0.003830359092937335
-0.002162566883307282
-0.006609901808124708
-0.011565969027355417
-0.014801589019747425
-0.012255706262153157
-0.018317026843922155
-0.020129315484617733
-0.011887502091685213
-0.015012526035703926
-0.01169301923601049
-0.012871840916730663
-0.0086558497855816
-0.008432283953216635
-0.009959700204206452
-0.0015754517261462012
0.0035583093371181532
0.009228844187276878
0.012174595091891326
0.013797589685427047
0.005948999076814349
0.005430917129252533
0.0004311569607178905
-0.004102256865395411
-0.002209557855623529
0.0027183970508171717
0.021215129336209344
0.023025370203525946
0.02548326199416318
0.032858939045292156
0.03408815389585875
0.034019176787260866
0.0289726134413288
0.023223647762108373
0.030039284221197417
0.03905765699799022
0.03938919134128434
0.03971078363505941
0.0395159100322946
0.03884311621613585
0.03966784305906612
0.040645001818279354
0.0407927409695154
0.041921009429344507
-1.0
0.0345325084773018
0.03889754913003301
0.03830969743166456
0.03824887591256106
0.03569224062180055
0.035615444265390886
0.039429835666978934
0.038544772037725036
0.03776072904719801
0.0404269857900285
0.03989971987981064
0.03816902241783354
0.03685009869516267
0.03921094572864059
0.03851327685657611
0.03840236088157141
-1.0
0.03497774859067039
0.03583111454629115
0.03666685865491126
0.03915004935828886
0.03566281810297574
0.03420185795083164
0.03732022668622983
0.032629214543665644
0.03503913703322477
0.03425134432091908
0.025818644418085904
0.027211185748513358
0.03476469834829301
0.03508628397491683
0.024830082968301283
0.014183022654463006
0.01713049458213464
0.016211607517215957
0.01975470629039686
0.015236534906242978
0.010892204909452396
0.00922975002712745
0.015722939018944993
0.024929858280411492
0.026291350947892173
0.024496944930547066
0.02875038228004737
0.02303209613976844
0.02923471559120961
0.03263697469552544
0.03549583034310869
0.03709076845626376
0.03604407048524815
0.03551152196434415
0.03829030671333491
0.03985635077973379
0.03841529051868428
0.0414613643649112
0.03815625161296159
0.037617018302444724
0.0387997163530945
0.040337456549805924
0.036240732312654504
0.0387504224141337
0.036691114327113604
0.037645231088298745
0.03476954980319046
-1.0
-1.0
0.03869633619259972
0.03732754143705191
0.03743032545144283
0.036601640757815766
0.03368965419284828
0.034004634746950105
0.036174636189730824
0.031043278741838792
0.028968221174551584
0.02523709721595054
0.019775452380469388
-0.02425490286671524
-0.02515048090548246
-0.017793041044296232
-0.027379713027629076
-0.02710546638280243
-0.025312060898846987
-0.01635248304254813
-0.011869750154107026
0.009123465054696423
0.024511851820155396
0.030406020040511544
0.03150443405144656
0.032912274682389324
0.03111192894321633
0.029101331885232798
0.0345060181204937
0.028856376463338763
0.029987298476949597
0.03057879167916222
0.028459970379053047
0.02663017466186139
0.023272500722578453
0.015576361365668666
0.017758971901248935
0.01652550331387335
0.01909814315681981
0.0187715161028016
0.018773358078689177
0.01824718030033669
0.016016400488866833
0.008996782294103394
0.00934206429691558
0.009643645648820358
0.0004914882423321546
-0.012634279052953242
-0.044464509185777525
-0.04206689068764206
-0.0392701010033957
-0.04315041014804126
-0.03956339772783158
-0.04365122986369658
-0.04354871479879701
-0.04149070345475583
-0.04284390810364035
-0.040363769754297806
-0.03564245377321685
-0.0343639630683172
-0.031551480351273524
-0.0311436691410823
-0.03154792695897178
-0.0268230732776531
-0.01445614811238973
-0.009310198976266889
-0.00476913836184205
0.011817758654578962
0.012405336646892706
-0.0034955050224831337
0.0017709876215581362
-0.023211521248163874
-0.022193138447282563
-0.02121884912046941
-0.02272996211693591
-0.02314242852245112
-0.029327028906666205
-0.03121503271448522
-0.03402022604610228
-0.03160444875472466
-0.028910344061250984
-0.02342178689213063
-0.03313437168579766
-0.03064828099987554
-0.010542114189085832
0.004285481039266192
0.008330554915284193
0.012715759853047381
0.015396093285511092
0.016879348820652604
0.01949290614627298
0.014629621826442748
0.015634209166502103
0.028147286402338125
0.029200005259166738
0.03225378294482862
0.028089420767822858
0.03154940303156481
0.03541587067420119
0.03885703873633002
0.04141820351934145
0.0391645387234491
0.04153029914952063
0.04076868434444035
0.03900929274387008
0.042007382536911324
0.041651684602350296
0.041469211453230855
0.04154105596163891
0.039474099381375194
0.039461735992199785
0.040216487787348106
0.038917475012164575
0.0362954222308089
0.030449229070932834
0.03131540110666588
0.03864291672488242
0.03661950706105845
0.03738763986637853
0.031042678353852365
0.03252345794070342
0.03336954432790759
0.031338105006162735
0.02226614927216111
0.0031876777412701597
-0.004320136087971342
-0.0027303734894295224
-0.0013281469871233942
-0.0033401451757223526
0.0036904442872751748
-0.0005570809456089998
-0.0029419390749736364
-0.003058359191980824
-0.00405426724329297
-0.007903056927696217
-0.0005861831766535448
0.00869033098532322
0.004923913135521496
0.007091641482647514
0.006161588182545706
0.010215608823139488
0.01760829543492115
0.015263638847901325
0.003578998255065271
0.0030139979537858745
0.007136105152625281
0.007915022484664346
0.00822775140707713
0.010985299388358344
0.015117411023548051
0.01381587822268133
0.01361133921983701
0.015573330314227349
0.019358592305840982
0.01723279385377136
-0.0010993748475340813
-0.016742473590184083
-0.023680317652241555
-0.016810004413236625
-0.018820353471469674
-0.021732179124078748
-0.02185272371764096
-0.038308648870730655
-1.0
-0.043017257906029824
-0.044230266764647655
-0.042238435461143066
-0.04517750910371484
-0.044103664437256655
-0.044098370479885476
-0.03501704632568151
-0.04338512308944278
-0.043520825223364444
-0.04323280455938588
-0.04328627222627156
-0.04388030265291214
-0.04325524598383147
-0.04163472985330957
-0.03745427486780818
-0.020796368789320552
-0.005004637984696174
0.0015305362460191424
0.007484011173916586
0.0032135973247679954
0.006899854826794723
0.00920076207842149
0.0020180648305939833
-0.0088711233760555
-0.016965823213477928
-0.018128938530598458
-0.0008552744659181562
-0.010569228735577202
-0.01813141002211044
-0.0181016364648428
-0.024888637121123557
-0.02007163441106495
-0.020270298374179485
-0.003078655386846882
0.018218958391278628
0.011796853822057765
0.012471957391138032
0.015431054271323647
0.020007924994614668
0.020162958445752274
0.026083152244495544
0.0201527826454959
0.018741673597210615
0.016817754958021576
0.014396439734280545
0.018246648151370264
-0.008402669770403945
-0.027011639591250625
-0.03194254231171322
-0.03282600464317467
-0.026967774238843226
-0.022994991352595966
-0.032959460450139685
-0.03688664658728227
-0.04124567680331833
-0.0413280944525194
-0.039999903432154246
-0.0373307084830081
-0.03948631645479877
-0.04192029456903317
-0.03867657766981171
-0.03973622587631626
-0.039307056640370354
-0.04047635488639013
-0.03758168266075433
-0.03830214281198371
-0.04033611900788963
-0.039037916391877474
-0.037905748443839545
-0.03536053824499814
-0.03861994440076114
-0.037379942264711224
-0.03478399194151001
-0.03992271040383205
-0.03880228675199823
-0.03369971271779524
-0.022136645342783756
-0.02199437053634305
-0.030383125042454932
-0.03382388909463669
-0.038028276475137734
-0.0342475861129032
-0.031360129473636277
-0.033051612036002924
-0.035903779425515106
-0.03336959400799947
-0.03595563835532687
-0.029364628629336795
-0.03203085824156388
-0.039790080320650435
-0.038494351230471784
-0.04325210830570907
-0.03839796501761755
-0.03882877550605643
-0.038114697028702356
-0.03330215373953563
-0.037119059681222026
-0.03797168875884993
-0.03698629582971054
-0.039001350843728286
-0.03657885373121919
-0.037857725559229206
-0.033318564700873916
-0.03857541988335744
-0.038555133969471196
-0.04073800241505486
-0.035160973260055114
-0.039661253636344616
-0.03901304092711948
-0.03290724042734404
-0.038881483858060464
-0.032725622773192235
-0.03417621038827749
-0.03629572316128359
-0.034099087741061324
-0.032851744513230315
-0.034858891284659965
-0.033862207283920746
-0.004844256295443806
0.005480251381318178
0.006243498831853971
-0.006089143645798399
-0.017114905082647715
-0.01652760034727592
-0.0019304634916880068
0.018847674273701927
0.021362289857527084
0.021361628445483696
0.021395423080130704
0.015133555298806344
0.009471744118335663
0.008969466714922035
0.011277642956720811
0.011943380687683695
0.008779689051328157
0.01582628353436147
0.010565186455464387
0.009325395362607897
0.014067262949356575
0.017755967292724217
0.020095005198953398
0.016266912160366152
0.008666069660690745
0.0064352569649045325
0.004009821415831359
-0.0018364910541190205
0.0018320641299796588
0.006593028229974891
-0.0032519417527051057
-0.009382803277524053
-0.009878255422270322
-0.014112714064533165
-0.018122371187313337
-0.014211805784228522
-0.014736341112956483
-0.0076909444006346495
0.01908560332982282
0.021157189521000114
0.025534228328929993
0.027445118892826855
0.02434791855660469
0.02850001763157241
0.03201167097043889
0.034079373757532415
0.033953671754024674
0.030982851226274276
0.034267847658305574
0.02826809443167885
0.031768451118379226
0.034775905101093206
0.03613318981558835
0.033044420482443104
0.029854288202071193
0.0287443774665736
0.023155002684068546
0.024021186666392944
0.02729905676945801
0.024670159189096187
0.022627642228093516
0.02760146163714904
0.026217001057854013
0.02507237787642942
0.004012420428435458
-0.00031208600063098284
0.0024602217573480223
0.010351714836376986
0.017164980954861787
0.020053784319755186
0.01703718255773967
0.012760848992851683
0.009735864711036586
0.01316964167927989
0.005894797816513819
0.008691459455588552
0.014469997418488173
0.018082124928154742
0.013964088404068542
0.017840110489618068
0.01765008300049668
0.02082947948148297
0.025744738737609987
-1.0
-1.0
-1.0
-1.0
-1.0
0.033246811244186304
0.0333806872448478
0.03154684968536521
0.03218412236601221
0.035612495405568205
0.034817541599466394
-1.0
0.03360594918491521
0.03572438309841661
0.03419066122990857
-1.0
-1.0
-1.0
-1.0
-1.0
-1.0
-1.0
-1.0
0.006941126524869944
-0.008448454599684924
-0.016562799836372485
-0.017517904128118073
-0.003913862011954346
-0.006663708751473298
-0.004754677056514166
-0.012076818945863259
-0.01082661239991
-0.01536187337573744
-0.0132958880636376
-0.016445439624430385
-1.0
-1.0
-1.0
-1.0
-1.0
0.010907385092431764
0.011124443270282173
0.005709178087075089
0.006709826289317435
0.006155004954376481
-1.0
-1.0
-1.0
-0.0033239507532083603
0.012390672231948296
-1.0
-1.0
0.006679663052590286
-1.0
-1.0
-1.0
-1.0
-1.0
-1.0
