-1.0
0.03434311372341632
0.017708465579390577
0.028659952850934776
0.030936292174100113
0.023555132854480968
0.014288063588276143
0.006631936676481208
0.006881408958047237
0.030028794990198133
0.035956600117160134
0.023541703723534094
0.01665521940693146
0.016449123142061862
0.013324436539896513
0.01876240269920272
0.019792148075204623
0.004335193338501733
0.005546127331489357
0.01680394061842326
0.006645576966986422
-0.003550607822258727
-0.01011489176068147
0.01718253502137913
0.01847362725271373
0.017982844633463526
0.0291233013980806
0.04659189117323256
0.04349853146822015
0.04616412223253835
0.027344920509125743
0.034328710094723054
0.029488842352419546
0.03501714372601568
0.035466098519822666
0.027605072674720475
0.04259366992389997
0.03595197250261955
0.035896446253113584
0.027666152064566372
0.024741001785208227
0.018518546334231452
0.023341805132597267
0.02059865215867416
0.024214591307908654
0.023312231352885484
0.021957803255993627
0.018870132015735896
0.01900801186400393
-0.007863257922421592
-0.004093070872270667
0.004443329778970691
-0.015934731043902216
-0.04180034114745542
-0.047399957860105514
-0.04911600003114116
-0.053449033543419726
-0.059394425007391276
-0.06516665562738405
-0.0652249930128476
-0.05839147844392065
-0.06067733167870149
-0.05659439303769719
-0.04241142843216809
-0.04672607277496888
-0.017037946743875428
0.01420803979150303
0.01894633880029272
0.021960655811888916
0.01510701459873549
0.017463012408381228
0.021865929139359565
0.019370210868217937
0.030749668531923097
0.03722803005071583
0.008257383121925024
-0.014983960205849444
-0.02400143543826871
-0.025584136112655826
-0.00016947446771032451
-0.026519500487109604
-0.03356862706380932
-0.02829478868970487
-0.023603478254793198
-0.03207283425664558
-0.029389657198123857
-0.034437667417693524
-0.031795956835662866
-0.027403504929914117
-0.031074265528243317
-0.03915669623802433
-0.01962779175928703
-0.01934110343771779
-0.012081047538515846
-0.019098575091885867
-0.03932375095638893
-0.03642132216832938
-0.03497692052069991
-0.02755149443984299
-0.011153585479117299
0.009865650169236058
0.010626560996390484
0.014540230228602808
0.005989111289416317
0.012536283287901706
0.0042045872059752135
0.019700936382725933
0.0030218294815814377
0.001081169098775999
0.020350879371987377
0.0323720733349411
0.02791877313212893
0.03583150363492491
0.03023272851357002
0.010826853464970797
0.017552600520443017
0.025068850427108692
0.0354545805170114
0.03619718983539761
0.03542391363051568
0.0030809157672422277
0.014645858665518232
0.03436942195956729
0.02244967614278855
0.020587603629340517
-0.02304972799332799
-0.03763964726084026
-0.03750025581314088
-0.02437121990143155
-0.019268664921266956
-0.03362992264740952
-0.009675437153540838
0.013296832273617177
0.028375367848517158
0.02625901438291019
0.042159377716552114
0.05067083702930843
0.04098117616489682
0.03140816947041438
0.040711975949925885
0.03660525557446678
0.035721700718675184
0.03726208619004139
0.039940633058527006
0.037117730541648054
0.03618368278419288
0.05279991533601961
0.044048373540621445
0.04055018555173938
0.042786244740522304
0.04882770621950568
0.04079862075833909
0.0451587942103465
0.045955466764310324
0.03452943400061065
0.03364431293752199
0.0189553816959731
0.018289927873428306
0.024685280628804745
0.018337654683507072
0.019776297444027566
0.01604301658926865
0.010983346739462834
0.013073266850584126
0.012463146659587669
0.020838211129530035
0.03488959778375873
0.024638700683502004
0.021074940654539125
0.03276559026780004
0.013124663032954372
0.004797308531544397
0.008431513394795396
0.013306755388256382
0.01716316355150942
0.0317861619332644
0.022559520050732
-0.002900243821138711
-0.0019495862890458605
0.005722159096048854
-0.004392147932300079
-0.039121399817543895
-0.04087020524142436
-0.053733458682884726
-0.08627881871646051
-0.09368324639013142
-0.09173030812608063
-0.0910925851261899
-0.08987659632865172
-0.09125866879175878
-0.09187660579781962
-0.08694736535158223
-0.08058975574875378
-0.07826856375960324
-0.08604539473986833
-0.0829116432352009
-0.08504692700703946
-0.084653605562444
-0.08956198788941959
-0.08753504113502293
-0.08226042998077365
-0.06901865078908648
-0.0659205672932356
-0.05856831038607321
-0.06266559279046502
-0.04159396587665476
-0.039641638993227014
-0.04796206468277191
-0.047287051984217635
-0.04289820002104807
-0.04265208312146715
-0.04288459132894699
-0.044385541235816575
-0.05123569193197553
-0.05261962831875222
-0.06452385495811529
-0.046443995388570844
-0.051612698318532546
-0.061783416972263396
-0.059675517351224575
-0.07043192153227433
-0.07015580211713258
-0.06887642290025493
-0.07099606915047334
-0.07591681842427765
-0.07031253693832137
-0.07525168699661261
-0.0667148814098431
-0.08103834679057585
-0.08570250091630832
-0.08919088263126564
-0.08133036804590414
-0.08269151645270303
-0.07583745602873043
-0.08454690223538498
-0.08849616000454309
-0.08912814829535162
-0.08982127000992003
-0.0871599462414988
-0.08967470214974492
-0.08928294894115736
-0.07982041285258576
-0.06605572838123909
-0.0511133853871544
-0.03727717471215053
-0.031045498173694244
-0.017768752256954814
-0.018741875310073184
-0.01890548571126415
-0.01159750463545831
-0.00118375102382933
0.005508199521359653
0.009848623770736024
0.004615659075678067
-0.004285932862463101
-0.009932650912278192
-0.010067819071286229
-0.02805830510242383
0.009782544941689075
0.04112938222840137
0.04283264243400596
0.05117845336804881
0.04693099386821828
0.04720405476636442
0.04865135605921934
-1.0
-1.0
-1.0
-1.0
0.022644983963042348
0.036950160373426806
0.03469094110981114
0.016618286694339682
0.02911589778919251
0.04038483414282751
0.036440410127745494
0.037951014538840214
0.030223032508174902
0.01101659385564001
0.02520993534838135
0.023310275531904772
0.026779817541839782
0.02102710614116472
0.011344205023591493
0.01654453871033758
0.0227176326117902
0.02356091960879423
0.0220298531479168
-0.0009080417900627175
-0.04088456350839237
-0.04346499702006771
-0.041221616229964626
-0.029583429820150078
-0.01445438277683514
-0.017870109458305614
0.02145623946986453
0.0418712408296325
0.02826567261503705
0.03504897681832865
0.04386516352813599
0.04249080373247933
0.037903232587864454
0.04878425331145216
0.05589210794652922
0.05809591173914009
0.0539111127235272
0.05665370685932772
0.05186915558731023
0.05640148976565392
0.04856011834674976
0.04596111799675014
-1.0
-1.0
0.048855349669349644
0.04950740147759575
0.05015873282659636
0.051901410383862326
0.04829126646811095
-1.0
-1.0
0.0345190505566854
0.015422910626426567
0.01498921828402996
-1.0
-1.0
-1.0
0.020865924844816468
0.03721803037305419
0.04296506077615676
0.03360180427987878
0.04509038962692917
0.05751864944769451
0.054221863665467385
-1.0
0.05573749998112367
0.051462247074406546
0.05103910952890608
0.04026048858563125
0.04325023026070944
0.04057191593748055
0.05029435875961985
0.0501004447558917
0.05234300086606529
0.05368904599507531
0.05107726564960262
0.05829371944079502
0.05291810801620585
0.05348767331412038
0.04288118237240268
0.05768248136148735
0.04981347989630155
0.05736216551723566
0.05463866181986143
0.05565215498907741
0.056757436873947666
0.05902285290428425
0.046120448802715173
0.051609000105463876
0.049885921593392855
0.05080421220872325
0.04775482495488004
0.05363051568998238
0.055067983520293476
0.059872240021182396
0.057989809373395595
0.06368823665123793
0.060323860241648916
0.06088042182958784
0.05808292836295265
0.055517893035407835
0.052641372757458275
0.057940140595498534
0.050195656469652426
0.041426022886884385
0.04470046141640516
0.02935697593699739
0.027786720386199882
0.03758424998766677
0.023754414417974573
-0.009904263704555789
-0.017131500311836537
-0.011935149282519694
-0.002566384868774554
-0.0031287635399344102
-0.00746981022707629
0.0067448632151359145
0.002821529932510503
-0.021282062097647866
-0.030225032842696623
-0.025655986620748923
-0.0240286190191269
-0.023272694994591336
-0.02911769374888336
-0.04591013482274831
-0.04977772517381204
-0.04998979315617249
-0.05211421613490861
-0.033972552833301826
-0.022944926957738244
-0.0216241725541915
-0.03355754368259701
-0.028833161377019842
-0.011222406577203203
-0.02328075151961461
-0.022088319157285787
-0.03293901650719949
-0.03270738599254495
-0.010417372151749992
0.011505579480937988
0.020202281104793204
0.010039061530489994
0.008028536692373071
0.02434209318317586
0.02575502276785465
0.036049366448398866
0.042690842014911655
0.04583122094668183
0.04951195130771748
0.04446850397756506
0.04499822793414531
0.05454477656694343
0.0479241431305166
0.052901352235666894
0.047825863202526034
0.05299940123650087
0.0506201413541387
0.05398870873170051
0.05116669779726452
0.05524686360763722
0.05248119461729914
0.05773022390167466
0.04459058489827173
0.05905549625670879
0.0620539195285664
0.05368303836120311
0.05507197159796531
0.053491797169440615
0.05013817855730572
0.057141777162919016
0.05811095224479865
0.058968748658524264
0.057464643555436186
0.041826731387455886
0.013864611566603655
0.0044400051135148645
0.009718566576613977
-0.00720809894541915
0.0020425226338593064
0.0020511749120645946
0.002289003747320585
0.00448505056216324
0.00506698382063994
0.01249511119540535
0.02958995396263664
0.02937809723958949
0.02141975381293173
0.0073573497440293885
0.0060172586047146205
-0.024459385200118464
-0.040699707248343035
-0.04870780071612849
-0.048411668668168664
-0.03414523440866774
-0.035227962224134726
-0.04068154227066817
-0.01257726687522139
-0.006532966923830568
-0.003485723510677399
-0.006285756598499619
0.014610918526250898
0.013963938203414576
0.002572266312632737
-0.013336702342952521
0.0025648916134141425
-0.006580145623918246
0.0008441373466873915
-0.016130220035094515
-0.03616723882914195
-0.04129530417999047
-0.015245901104166298
-0.024451671298310686
-0.02700047697788093
-0.03141032256930764
-0.022964794424270032
-0.01572436137770394
-0.02039657722077315
-0.019261738095262666
-0.016533972664778115
-0.018156063950279282
-0.0092682003615978
-0.02470168673683525
-0.014677569741102696
-0.02123217976585815
-0.03492030934841976
-0.04526186711756045
-0.07373195893872067
-0.06828492380243337
-0.05971600530265178
-0.06697909888958395
-0.0714024062085056
-0.07384648647144516
-0.07983196022596378
-0.07848097485319978
-0.07168778852338188
-0.07235394535616815
-0.07146018261828613
-0.06400456130054258
-0.06210983095060219
-0.06345475579485606
-0.06196246423102832
-0.06518023077197053
-0.05917099804534064
-0.060951942694260144
-0.06701953486880691
-0.06932952890986624
-0.06300716946371572
-0.07354045626196097
-0.06632117928448922
-0.06506388783984524
-0.06273977183616088
-0.03557784002874294
-0.014042705159885345
-0.0051089022455448755
0.003371718145252958
-0.011216151577520882
-0.0024014830921835696
0.0033524269381643122
0.013342254871897058
0.022559708332209043
0.016653601421655926
0.027663946640915364
0.020560345699417743
0.02882692133581599
0.041958396959501654
0.03711368748753009
0.030818631427906435
0.011032521907317995
0.0029447607378707214
-0.006564110362226748
-0.01075707099105702
0.009962196065221713
0.005818667797599317
0.005834942165272065
-0.0006122963020709849
0.007863640875846963
0.01519120261679247
0.019065206689646723
0.00154411047502006
-0.014843447523199386
-0.018944082615799666
-0.02334485229621169
-0.03468120872886163
-0.016181155613646962
-0.016303369254094258
-0.010812972967219218
-0.0004897928256089813
-0.005880958702116333
-0.0035037360461166005
-0.005542644732833712
-0.0022109450803992634
-0.0018458301235422156
0.017171924431352296
0.019243015373651133
0.018208259706848404
0.025486862407823038
0.027036371893603535
0.022666738451253738
0.013569463414399718
0.01445879911859378
-0.005523215572519986
-0.006841391808049432
-0.055155055583069296
-0.06595160628886476
-0.07398994143702492
-0.06725786464371668
-1.0
-1.0
-1.0
-1.0
-1.0
-1.0
-1.0
-1.0
-1.0
-1.0
-1.0
-0.09581366220117751
-1.0
-1.0
-1.0
-1.0
-1.0
-1.0
-1.0
-1.0
-1.0
-1.0
-1.0
-1.0
-1.0
-1.0
-1.0
-1.0
-1.0
-1.0
-1.0
-1.0
-1.0
-1.0
-1.0
-1.0
-1.0
-1.0
-1.0
-1.0
-1.0
-1.0
-1.0
-1.0
-1.0
-1.0
-1.0
-1.0
-1.0
-1.0
-1.0
-1.0
-1.0
-1.0
-1.0
-1.0
-1.0
-1.0
-1.0
-1.0
-1.0
-1.0
-1.0
-1.0
-0.02015551774784904
-1.0
0.009106767874368812
0.010121694552732735
0.001070297827123338
-0.018770282638196967
-0.028144216674547126
-0.028672894995844304
-0.02699363660757448
-0.021389312531311013
-0.026641287389379632
-0.028660050473191416
-0.02456146015869415
-0.03453151825838334
-0.030252251869053264
-0.033969325720469505
-0.03310956916983091
-0.0369230632780425
-0.03372056429139133
-0.037938580243355106
-1.0
-0.03731215983168837
-0.03230051037447397
-0.036256809889664274
-0.03623176697901036
-0.034699611918452174
-0.036639899653334126
-0.03441472996235676
-0.03548238622260787
-0.029559644779644904
-0.017258866485461162
-0.018873657497665973
-0.02778520636677313
-0.022990382780406205
-0.028009644518226816
-0.02213033460729401
-0.01488239576030882
-0.01706048857068313
-0.027666810239623054
-0.03310215891405366
-0.026493428548199378
-0.026573948563192503
-0.03449975184992341
-0.032636725294288696
-0.03331983043541527
-0.037909593947640687
-0.03341573771356845
-0.03250356254339252
-0.03211458626016378
-0.026886450764220794
-0.03072804913022293
-0.03759211213096187
-0.03835095040619811
-0.03963195127817045
-0.04627437469248739
-0.04359862985346559
-0.0400262402090831
-0.03955211111984096
-0.042092219615125624
-0.04362526653263621
-0.0460361582171748
-0.04633776922495588
-0.04099890500270822
-0.0417038452543625
-0.024158796536332027
-0.021722305559735797
-0.02189285014906743
-0.03518235323959463
-0.03189984230489743
-0.02630024703523702
-0.014696084947697703
0.00904284086017567
0.003206022331263238
-0.005183031673777564
-1.0
-0.011748865059572088
-0.018637295919252037
-0.01860720717346748
-0.011086028518436897
0.0005032440646587478
0.003704512142165593
0.014088455423806233
-0.01117663283929971
-0.018913611719357404
-0.02809160678628493
-0.027648234933002423
-0.026031250851242315
-0.015528689806170008
-0.00675292295831264
-0.002545741761432268
0.0021467852309035866
0.013004177692759852
0.018032364326447028
0.023122819422099625
0.022872266095302796
0.023770156842778115
0.0233031405898998
0.021323485274052967
0.020302246413720287
-1.0
-1.0
-1.0
-1.0
-1.0
-1.0
0.03478331500481868
0.021048173385251428
-1.0
0.018432237645388407
-1.0
-1.0
0.015459179138980135
0.017346948320549702
0.023010932615933045
0.02305492360197072
0.018892310997669626
0.027560745382453254
-1.0
0.030560440408336137
0.032459978134355964
0.03136155783522633
0.0300761822761228
0.030280090929164265
0.03443991956918441
-1.0
0.011323583579737962
-0.03179156033525908
-0.04630187038945127
-0.04903248384131937
-0.04761095747021825
-0.04723229694866614
-0.048862446026124474
-0.04589238636780915
-0.04198863546030734
-0.026965540809612765
-0.026408462675336652
-0.023043928818939956
-0.023945311271611872
-0.017712271834834103
-0.006943346337395727
-0.007806778333149329
-0.019353801534223114
-0.030967244355472916
-0.03494031884658744
-1.0
-0.044069562277389625
-0.042183356380949596
-0.04355308066203791
-0.04249416660364026
-0.04149579344789479
-0.038109970319509606
-0.0330093751417573
-0.02976986208586626
-0.02610938379146126
-0.034251120345651025
-0.02189605175815938
-0.003578366204203794
0.006266698425005257
0.004072568264294049
0.013911074956704118
0.018377100697984997
0.008999018392611477
0.005417342217984012
-0.0004594690851082078
-0.011667224916544596
-0.003579711036532913
-0.0038061148268136976
-0.0034024428968584272
-0.0097376904881051
-0.014057199472234392
-0.01733361293880129
-0.014157872581557356
-0.010529451029371447
-0.019166088258848114
-0.028972420283971286
-1.0
-0.03445574025719555
-0.03786201374581153
-0.041484312335298354
-0.0322261006428468
-0.0348095607303011
-0.031372294188434166
-0.031451781819025484
-0.028863154214613156
-0.015843356219982316
-0.009626804522745693
-0.004092858540440579
-0.006065942211085973
-0.006302284039790948
0.013446229679196535
0.02115145400182195
0.022190616387669865
-1.0
0.006481596606667563
0.010845751215475681
0.013822199816874022
0.017375244621594017
0.01657899831448144
0.022398563684693167
0.006572973209193934
-1.0
0.006105241176371473
-0.018409527657565684
-0.033778304051233575
-0.037259208558641226
-0.018642657200176622
-0.018823335530622962
-0.009668837076189221
-0.010382045762795607
-0.02835977649494311
-0.03625190782010892
-0.026679632264132745
-0.02594699649238966
-0.010082073566442501
-0.014311148550681402
-0.010104771429998157
-0.028897124865083043
-0.029030154873544718
-0.035348554770016936
-0.032800022751390406
-0.0007628006146818243
0.007144128202628058
0.010909784937248054
-0.0021787979571856087
-0.040004927487416166
-0.0438104599574881
-0.043446150335061356
-1.0
-0.050278071246580694
-0.04697782835920629
-0.05073185260948224
-0.05009808674362853
-0.04369587096180598
-0.0484265368694574
-0.04625945489863152
-0.04384162415246234
-0.0478058631958496
-0.04193438811320528
-0.009476348463131154
0.0020162020365990323
-0.007298464638538838
-0.007693261284988028
0.008853585164408657
0.008187321187378532
0.011761054154646126
-0.012904818495018691
-0.02404074309353174
-0.03451957076414645
-0.04006116687714948
-0.038852865074456615
-0.03311802778125482
-0.03374009820489103
-0.0376274791127718
-0.03034885766582894
-0.019582239845948424
9.424805663164826e-05
0.011654609371338009
0.03009121204000867
0.024877949169695865
0.02137511211283312
0.028831580262810786
0.028389843748780834
0.02493572375692619
0.030114380989873724
0.03509139605855574
0.034544094613157474
0.028769331532671017
0.03170438106786129
0.03616905350150688
0.035388574398106894
0.036942309800299104
0.03410742387893092
0.014558357965683593
-0.012439316950196603
-0.006689223167624002
-0.007742034149292152
-0.02468644152335336
-0.03669191191049498
-0.03776299214888251
-0.03883412786372536
-0.035940247439021265
-0.03563810168486649
-0.034745536536598357
-0.027545831138604898
-0.020283032880544734
-0.01629971395394429
-0.03753545449841443
-0.034294377489045125
-0.03748935411445834
-0.04120155036331129
-0.04251958976417226
-0.04197019986033655
-0.03849771570486437
-0.03160429278133764
-0.023045390795109255
-0.03770085126790743
-0.04161809382273037
-0.04352389004374917
-0.046794419529501315
-0.04251233075611663
-0.04234667530527249
-0.04039754056945766
-0.045981910328444474
-0.045158678243181795
-0.04487917112278246
-0.04348660126629172
-0.04231038544264764
-0.041744764247060154
-0.04065033813339678
-0.03490643680551937
-0.033923573047199465
-0.02678415595118958
-0.02333818906174706
-0.022088257972834084
-0.013918610534016974
-0.01976888868663308
-1.0
-1.0
-1.0
-0.044212485323277796
-0.030391699710218132
-0.04413527193878351
-0.041562953123576205
-0.042297819221063064
-0.041433157796899406
-0.0383991299970761
-0.041391520869429516
-0.040843153633143364
-0.038134544744262755
-0.03280960369953823
-0.04333209848858708
-0.045403459579581945
-0.039446207132301174
-0.031980194512434036
-0.03898482282866643
-0.022429254466460147
-0.013422399463519908
-0.00834421292503059
-0.02678194814636654
-0.0317393694851964
-0.02791139773424523
-0.030129108124345053
-0.03353868082747955
-0.02144614431448586
-0.029495085519098223
-0.03483827220306826
-0.04167671852773549
-0.045452693262326795
-0.04168588867450376
-0.045063903748170014
-0.03962620235090758
-0.041076760346934776
-0.033764839764812433
-0.017521954836725195
-0.02523644517803904
-0.027767625858873952
-0.018814996445958607
-0.011038577940159021
0.002354018092706
0.0006301512502107549
-0.02766551961869345
-0.04021843231611351
-0.02893404277116264
-0.0321562418195622
-0.03262465075589609
-0.01997998205292514
0.011342553627114277
0.016784473645035373
0.0030736633520415243
0.006479441395842815
0.008717603438620552
0.0047318769907356605
0.004606479962814059
-0.015893530846150458
-0.015956116821543086
-0.025217631119510045
-0.03094314314464974
-0.03077607810872453
-0.031678567591292034
-0.028750415350165415
-0.02499717450714665
-0.017216261482607784
-0.02676886964758317
-0.0360295615395015
-0.04359759509869722
-0.04225311921441512
-0.04292718069916377
-0.03816265849081268
-0.03161476128665555
-0.03793954810091864
-0.03642449871970663
-0.04124262174004666
-0.041131955882732746
-0.048252551235994014
-0.046831171293539336
-0.041554590132235655
-0.04619321527469162
-0.04625325970993609
-0.05088191704546168
-1.0
-0.051300078341444774
-0.049480935827998666
-0.04858079697261516
-0.04943988303720585
-0.046412074459401126
-0.04100848074339916
-0.03131202110790712
-0.04783318992786107
-0.04962284054806449
-0.03881790042551406
-0.019744075935486494
-0.012050458036938116
-0.008811525571595395
0.0003348791461220464
0.0020761159389345017
0.012987736165465613
0.020169222047381235
0.020404255284798615
0.027591633147629725
0.036364914052226985
0.03791001058597371
0.03407644404670712
0.03489528208796726
0.0352532170410008
0.035193576373830734
0.03622987470932672
0.03244374897476393
0.037088153550591724
0.03504776090670992
0.03805909319250822
0.03557614725926802
-1.0
0.03886122887564979
-1.0
-1.0
0.044231948531741984
0.04155982980703251
0.03952564640629904
0.03900267122176471
0.041957525925311594
0.04039848784027857
0.03902788612843869
0.04529575623386107
0.04334938694094206
0.04509454761285182
0.04183597103003181
0.042087660026873384
-1.0
0.042742683249511464
0.043897371816675836
0.04328916227306212
0.04221827937396451
0.04416330402430156
0.04274414323469529
-1.0
0.03884292108413517
0.04247386193591361
0.04420200002424377
0.036051496047484075
-1.0
0.03799571188830345
0.03473068815794412
0.0331933136503163
0.030006458289054728
0.03854954926923566
0.03685270663823317
0.03481511923877138
0.03896572899626938
0.04070155295307288
0.04188093916297747
0.04096291934486941
0.03950450426409642
0.04184864122426047
0.03924188569138574
0.04106969727518463
0.04045555602482108
0.04096316360246401
0.04055599831657176
0.04257223068820521
0.04260604783340727
0.030078339585086877
0.03617463474488984
0.03590481544835749
0.036770479792626806
0.031371423874817596
0.029839559041982423
0.02607109466591997
0.020804313095271698
0.0108306101396941
0.010053771042790557
0.014812638540751048
0.013223732398782573
0.012756610302927608
0.017265371119894984
0.017386333561688453
0.01702767457656351
0.02046796856951199
0.026544590635795867
0.030133538496798916
0.027812953018380108
0.030395227951786605
0.026500112995423448
0.005950904917243308
-0.028588355968770383
-0.04674546304366476
-0.05194224792238989
-0.04832738788992308
-0.051220472834537935
-0.05259644293151856
-0.04822299634018617
-0.0399590142740775
-0.043246108103380004
-0.046290289139593876
-0.043861152719122457
-0.04495225679449455
-0.0468059846572804
-0.04528607835732749
-0.04743340373680589
-0.050885915638686455
-0.0480047272942905
-0.04750832056180543
-0.045540671845612696
-0.03321087990783987
-0.005964740204917177
-0.007189698203774848
0.006088601108367566
0.018315622642989055
0.020134641903275862
0.015504126270571095
0.002288895949289044
-0.031037990347145845
-0.0417143859713555
-0.03798201477763793
-0.03392095875429309
-0.028526357828405704
-0.024191614948859734
-0.0317573512208381
-0.006029145736929059
0.0074212033287422855
-0.020670216518526928
-0.04388607259382064
-0.04583905227247588
-0.05301661400586873
-0.04650769231233347
-0.05222174495940853
-0.04813202416042826
-0.04783602188842834
-0.041640219305724806
-0.028507443516021733
-0.018138078815747114
-0.008799972730786624
-0.01354892231760155
-0.011950006860043827
-0.03151642060266884
-0.015309168745320205
-0.004445200179864892
-0.0028922007769802095
-0.004005894558153014
0.005706900103943835
0.007003758677320811
-0.009340597435307834
0.0020235180867783317
-0.00754927011565807
-0.025231246209294175
-0.02373907610405411
-0.02490631556203872
-0.031602992487275834
-0.03568884940839764
-0.044561929737578394
-0.035244285393252375
-0.03121964795337984
-0.04078924819986778
-0.04578121706433723
-0.041640700907386696
-0.037362445153760894
-0.028082080414617037
-0.025600637467014114
-0.007800999206116385
0.015949305934800408
0.015055927421846652
0.008508710274024892
0.009477704599072226
0.00011589476663708958
-0.01238968796628395
-0.03690183011195751
-0.036720461403235045
-0.03513336592937437
-0.014138259137762772
-0.028892203166913398
-0.014495539422894277
-0.01493705866918722
-0.023303234179254464
-0.03879475470611403
-0.03938290165589094
-0.03516236081159337
-0.043821883874025754
-0.044064221584982126
-0.03991999128469356
-0.044951141832518735
-0.04263740234730755
-0.03831331910916382
-0.02210941651894552
-0.015695609734708495
-0.028586979675553424
-0.026483933889739162
-0.023566104916529232
-0.028760325364108656
-0.03672416074922962
-0.037754799425934175
-0.03609301301601591
-0.030906621140318568
-0.02345892179446447
0.010702610398230339
0.01760722468628817
0.013419903391446403
0.009793043899668107
-0.02055455390916308
-0.03102083992356629
-0.025749468299119154
-0.023087924936444723
-0.021908172658974583
0.005468130508414641
0.009629917087498177
-0.009848938939332709
-0.023251389146323135
-0.03679188819364442
-0.031152547495904778
-0.03909539383351935
-0.039996333593851074
-0.037227791859193615
-0.03581083476683886
-0.03519261642803512
-0.038683086028124966
-0.03358392264543687
-0.028269045335893108
-0.010008216297096313
0.010850565231740278
0.010581748139075683
0.008100325708651535
0.00879253821536558
0.01256233929145594
0.014574934593392963
0.02471435749911191
0.023036100880730118
0.0294772642792198
0.03465102291578933
0.038857170368605205
0.04259345475159271
0.04025024064449327
0.04251593510884418
0.03651381356070708
0.02621221294286
0.02744721179312509
0.027042983775712938
0.033036921889214574
0.035808332360671206
0.039247674375030274
0.03977777626136162
0.044525661721883346
0.04475379085189345
0.0423714548039225
0.04458118295696326
0.04504069340156684
0.03562981201603452
0.036652744756998
0.02842614160178563
0.033862731091869394
0.037664486792520324
0.03710883524277318
0.034288456901303214
0.030277857817577157
0.030501073647330346
0.03021027299047955
0.031343581179076076
0.02377961145813727
0.017106908332998574
0.013077318586816995
0.012826144292228557
0.013191761949179155
0.026593620152488024
-1.0
0.028105278952022097
0.033138303013893096
0.03935616349309436
0.03337692514300629
0.03157687803031175
0.034981449371172445
0.03616452888452648
0.03310521080150235
0.03076861192346109
0.033580251534716915
0.018815934122862567
0.0122726968997585
0.00568179060627542
0.010453678801668436
0.008367754692122902
0.0025593104282969187
0.002565882353933228
0.00904994675002883
0.02706696980582396
0.01987543339664565
0.0225303385523806
0.029338526822624583
0.034755547126130514
0.030615833138982716
0.04060635095532562
0.042059033744230485
0.039241455229760594
0.043693823533459464
0.037252137633694865
0.039374604354840255
0.0374832579227607
0.0359948895397632
0.037695119547472754
0.025164311470110626
0.026464592962106064
0.024683969856102952
0.02886836394196189
0.01480944901028791
0.00683364665845405
0.010351898893917754
0.012324545415750794
0.019654560747703175
0.019586544515069713
0.014834102642296001
0.02089205735994877
0.03587989915600207
0.036050066137566374
0.03552504738168236
0.04229262384132392
0.04181691895743505
0.04078658375611404
0.041919386764772644
0.044730511168604783
0.04330187894627441
0.04394784567846819
0.03816649437956704
0.028045739782970817
0.02836952928556974
0.03660807666614237
0.0447446174985613
0.041740609507208405
0.042568581650436275
0.04501698423964361
0.042181805526226766
0.04266880200982314
0.042695195335813896
0.04310388322347246
0.042387908902581393
0.04379385457539983
0.04254771835059876
0.044555852525513036
0.046830787226325825
0.045752297822127634
0.042818663824773194
0.03965390904095513
0.04280036811883558
0.040611486102765666
0.03811699071694123
0.038353650929282536
0.03645598753515215
0.03470631387873817
0.03619780427131504
0.036441186937887844
0.03174377744201443
0.03476496323265265
0.03362477734785096
0.03460076135766941
0.039528230571959366
0.03111825765216627
0.03249904072596199
0.03252548267930674
0.03134247575438587
0.028686747164225944
0.030161569397867256
0.020606536890650153
0.03182253688458152
0.030141475808010996
0.02915046710322491
0.02870806221176726
0.01772557841077591
0.012697503242484325
0.016460834590866565
0.0279743657436548
0.03140974001896657
0.03635134679308651
0.041572181903354745
0.03711885496706064
0.03880642158725093
0.043672498199900794
0.04016044884904699
0.04142074024790697
0.03847464747338255
0.032201637646913146
0.03786572350952885
0.03862530762310314
0.03958580252204457
0.04208083179389543
0.04128454942058513
0.03957731183631635
0.037435595352120786
0.03403426918145751
0.03850081605607526
0.03530903566477571
0.036867033349119976
0.040976307266145755
0.04605004641548751
0.040045682885000704
0.03798285852779329
0.03226309346988181
0.03483617718555827
0.028850389846334645
0.032602653809854394
0.03092059322784706
0.034351033513031384
0.02627333480156831
0.022765185964872012
0.02208791589979257
0.029410573494438305
0.024038245293355284
0.02727771494975417
0.022563118287816177
0.015735158759155148
0.0010959691176921534
0.001999441692916633
0.0032739385249030656
0.008023303444012373
0.0025075899841427054
0.007998774104702107
0.006741351313463988
0.008484780652658029
0.017946575346354635
0.023528633977555412
0.027541763112846684
0.03152664360325173
0.02779499374893899
0.021563143204766034
0.006453940822220587
0.004532012034021572
-0.0024011297004217845
-0.006237701823235604
-0.005977432255048083
-0.0030923717946298437
-0.004549734532291863
0.006552999091116209
0.02368078684224882
0.02640270575789298
0.027057653834880676
0.03473365952117689
0.026298090464994827
0.035309093386401626
0.03634532515362879
0.0360916608250097
0.03389211320501636
0.032464564588191164
0.04208033839457464
0.04135940104739016
0.03849633948741662
0.04346701455938562
-1.0
-1.0
0.044895946695363356
0.0408901129310506
0.04030779054355786
0.04121160755264926
0.043111581174478844
0.04076159123792227
0.041204724545663554
0.04228710264244002
0.042147675885390444
0.04037285527750528
0.03774282744609159
0.03799992954733552
0.03900801512555978
0.04109271105549508
0.04023696828973171
0.037519730524574045
0.03659959898819271
0.022477818789669146
0.019463148936334874
0.018357863559129228
0.022521421149825548
0.027258111103889326
0.022220406688921814
0.024187986535794875
0.02520914503379785
0.02074890386636311
0.015301384390295039
0.0015636235109633054
0.0011729302630127966
-0.004964381278237624
-0.016388328490386957
-0.015534866677523506
-0.0010677818516969765
-0.0036498311817931566
-0.022080559226058543
-0.02174696022810653
-0.018885818162756418
-0.02447714870769138
-0.02781270581612801
-0.03246373689060312
-0.03060727619580218
-0.021107784382640715
-0.02149579622004613
-0.012101798883371807
-0.003800026113969381
0.00890108932627499
0.015483733499683166
0.016616595352718835
0.022033742983064025
0.02591046388161425
0.021045066415058503
0.020410235436150673
0.01898747620868442
0.019801572775198124
0.016761159298831946
-0.014064877578635416
-0.02648994269625726
-0.02771825238403932
-0.03875734343648895
-0.03646508203464825
-0.03716449726110095
-0.0404233822231727
-0.03702805603450915
-0.0396198194088993
-0.04167022411430864
-0.03749950190493682
-0.033801830224335555
-0.03448086001036323
-0.02552130548588217
-0.0063924897431313285
0.0012690545764785378
0.0031069170576473342
0.010862785751768658
0.012487779239105875
-1.0
-1.0
0.028033284949550347
0.03205367765335046
0.03071781470691081
0.029976246259781236
0.0395039139439005
0.036465145728201816
0.036831987778201174
0.0411906399554895
0.04082117451403606
-1.0
-1.0
-1.0
0.037292208549652706
-1.0
0.03855144486261564
0.04012021494287259
0.036156166936993174
0.030853514346129245
0.022635020333107
0.010784518032055958
0.009171207301089864
0.003562745017699114
0.006055592732039945
0.009632730908892613
-1.0
0.0237448236422376
0.02154705459956417
0.02410601623209872
0.003468314626720477
0.007557933669830022
0.008910671601966475
0.004278786436306176
-0.022463889690948674
-1.0
-0.022625341240880028
-0.014752856980024206
-0.0046442063756278835
0.002988022701974011
-0.003484415582412616
-0.00561281376392684
-0.012187104805101403
-0.02988591426236558
-0.04169512508567869
-0.04257056458536299
-0.042250973934836504
-0.042627350276617314
-0.03895814486582974
-0.034589044463997444
-0.03857694851882813
-0.0456763854844655
-0.04418732424152626
-0.04402493971672674
-0.04424417662245903
-0.043447514276943884
-0.040225991145411207
-0.036833273459962915
-0.035699120697381584
-0.03624264992515052
-0.03769474120627723
-0.030388452792009964
-0.012976832777416306
-0.0015330372812693569
0.001838536443836226
-0.019385912407524342
-0.02091456295120247
-0.028469549399480605
-0.030441929546246468
-0.03572528056863725
-0.03592272650459816
-0.038497327075474194
-0.029474154816136477
-0.026284625374248333
-0.028659712869924386
-0.03591862721566747
-0.03432469989773927
-0.0378548551740247
-0.031688698986679684
-0.029343729850627394
-0.015146643958004117
-0.02832916630996123
-0.042198733434517105
-0.044593913621281324
-0.044445882741842545
-0.04470874156343228
-0.043008714769869845
-0.039404912315772096
-0.04522393629068537
-0.04294825966248139
-0.04278253556638513
-0.03760978439786748
-0.014686403700948866
-0.02224658187768093
-0.012533933695862174
-0.012243311241576797
-0.020665523400406085
-0.041307220208028315
-0.03421861039127085
-0.029690360010056385
-0.04274639258684017
-1.0
-1.0
-0.03675707463335958
-1.0
-1.0
-1.0
-0.008270983410378524
0.0055085165856388766
0.006628963386306454
-0.00773194786308711
-1.0
0.0005792714994882124
0.003639687477785428
-1.0
0.0031296745429160136
0.00012585957341770183
0.0005610694340357325
0.024313884042310045
0.027469401667235445
0.027501273481572205
0.03567924935529971
0.02699952682928568
0.027868468509818643
0.028265974192139023
-1.0
0.03371369976820738
-1.0
-1.0
-1.0
-1.0
0.027128432149273293
-1.0
0.025693645618623903
-1.0
-1.0
-1.0
-1.0
-1.0
