-1.0
-1.0
-1.0
-1.0
-1.0
-1.0
-1.0
-1.0
-1.0
-1.0
-1.0
-1.0
-1.0
-1.0
-1.0
-1.0
-1.0
-1.0
-1.0
-1.0
-1.0
-1.0
-1.0
-1.0
-1.0
-1.0
-1.0
-1.0
-1.0
-1.0
-1.0
-1.0
-1.0
-1.0
-1.0
-1.0
-1.0
-1.0
-1.0
-1.0
-1.0
-1.0
-1.0
-1.0
-1.0
-1.0
-1.0
-1.0
-1.0
-1.0
-1.0
-1.0
-1.0
-1.0
-1.0
-1.0
-1.0
-1.0
-1.0
-1.0
-1.0
-1.0
-1.0
-1.0
-1.0
-1.0
-1.0
-1.0
-1.0
-1.0
-1.0
-1.0
-1.0
-1.0
-1.0
-1.0
-1.0
-1.0
-1.0
-1.0
-1.0
-1.0
-1.0
-1.0
-1.0
-1.0
-1.0
-1.0
-1.0
-1.0
-1.0
-1.0
-1.0
-1.0
-1.0
-1.0
-1.0
-1.0
-1.0
-1.0
-1.0
-1.0
-1.0
-1.0
-1.0
-1.0
-1.0
-1.0
-1.0
-1.0
-1.0
-1.0
-1.0
-1.0
-1.0
-1.0
-1.0
-1.0
-1.0
-1.0
-1.0
-1.0
-1.0
-1.0
-1.0
-1.0
-1.0
-1.0
-1.0
-1.0
-1.0
-1.0
-1.0
-1.0
-1.0
-1.0
-1.0
-1.0
-1.0
-1.0
-1.0
-1.0
-1.0
-1.0
-1.0
-1.0
-1.0
-1.0
-1.0
-1.0
-1.0
-1.0
-1.0
-1.0
-1.0
-1.0
-1.0
-1.0
-1.0
-1.0
-1.0
-1.0
-1.0
-1.0
-1.0
-1.0
-1.0
-1.0
-1.0
-1.0
-1.0
-1.0
-1.0
-1.0
-1.0
-1.0
-1.0
-1.0
-1.0
-1.0
-1.0
-1.0
-1.0
-1.0
-1.0
-1.0
-1.0
-1.0
-1.0
-1.0
-1.0
-1.0
-1.0
-1.0
-1.0
-1.0
-1.0
-1.0
-1.0
-1.0
-1.0
-1.0
-1.0
-1.0
-0.04447343038675933
-1.0
-1.0
-1.0
-1.0
-1.0
-1.0
-1.0
-1.0
-1.0
-1.0
-1.0
-1.0
-1.0
-1.0
-1.0
-1.0
-1.0
-1.0
-1.0
-1.0
-1.0
-1.0
-0.0242683485304886
-0.004857872701877109
-0.01580509365607734
-1.0
-1.0
-1.0
-1.0
-1.0
-1.0
-0.045170655807810565
-0.04508668855165942
-0.04369241212644291
-0.045667320208155796
-0.04465632679770363
-0.044823938814610643
-1.0
-1.0
-1.0
-1.0
-1.0
-0.04538861870615195
-0.045024988037799266
-0.045252632874163735
-0.03807318220497659
-0.033602042936298
-0.03591775417986871
-0.04662856326565835
-0.041025946374868644
-0.02509569604100456
-0.04274812902488667
-0.04574017392948836
-0.030158716331533972
-0.004651683843298771
-0.028720792250447574
-0.04783402196696989
-0.04579893389534644
-0.04715122145187297
-0.045223055602213215
-0.045135550818115634
-0.045332619899498716
-0.045788975418828315
-0.04500211914223739
-0.04390863788405431
-0.045824161647073786
-0.04748487413503554
-0.04785893807588568
-0.048100111964661935
-0.047878340600603655
-0.0489608308473962
-0.04813738806007563
-0.0475554501930178
-0.04814861226200008
-0.047559067588677846
-0.048186115937129
-0.04821289547096143
-0.0305947193280393
-0.020180073839483222
-1.0
-1.0
-1.0
-1.0
-1.0
-1.0
-0.021470333985944622
-0.020139575723788616
-0.030099966404640213
-0.04225717863084541
-0.041597630804933915
-0.04350572035071171
-0.047544414477057394
-0.044793475262579395
-0.039276391138783534
-0.011826192805873353
-0.010168091233921392
-0.02838700542878392
-0.039581319899208704
-1.0
-1.0
-1.0
-1.0
-1.0
-1.0
-1.0
-0.03706916402027817
-0.01913897988362045
-0.035476672011238226
-0.04142280777711525
-0.03675628480471178
-0.0129074419347675
-0.02046564502411384
-0.03911536941259419
-1.0
-0.047765552198962495
-0.049904404393533795
-0.05096568020493892
-0.049275845820356635
-1.0
-1.0
-1.0
-1.0
-1.0
0.014537465274350996
0.019762382650913884
0.024687996788104804
0.020938719971822877
0.00032784156842674935
-0.0272050516858634
-0.04522834727897127
-0.04769301513922483
-0.047971333034125534
-0.05005580699013005
-0.04698999579207536
-0.04526166621031234
-0.04051871049805218
-0.03165797443070029
0.00023536028098386516
0.007208694910109578
0.015675206348686622
0.015899920808749485
-1.0
-1.0
0.01818110547449884
0.017523341369880388
0.02793252141707048
0.0256143495005827
0.012067517652801535
0.016427037013452404
0.0075546141990311035
-0.0008289369226950181
0.00666523763530418
0.004886400579721822
0.0028901114475785184
-0.001898570457551659
-0.008447715758909673
-0.008716410970242857
-0.007560079857972296
0.002779421713164236
0.0017240963652342173
0.011128142213616047
0.01525821242598279
0.005419810052062141
0.008087620738052673
0.009408293159443172
0.00887827571518039
0.008940631018150742
0.01887316040133499
-0.00989311494281136
-0.032537418683741375
-0.037567569529782976
-0.03920406622351222
-0.03683304511970589
-0.03223118383409647
-0.023199589762836856
-0.004883165008960085
0.016639861532874164
0.029829698366432403
0.018403106501559928
0.029834056497801752
0.03041321182300763
0.03394092073401778
0.03441006157643996
0.030295491702682233
0.03540778071006559
0.03962859196188774
0.03957639790397037
0.03919887931548868
-1.0
0.040668939448563785
0.0402784289250065
0.0408612787348041
-1.0
0.04028653537013415
0.0400306465540711
0.04629656135277623
0.04720670109003862
0.04814236926235309
0.04612621956974149
0.044719815402969584
0.04695155156870777
0.046587579020769834
0.04652011524916102
0.044381268984410784
0.044440409457186796
0.04367890190737232
0.044552618324128906
0.04165972664078055
0.04080055128851851
0.04226118943106821
0.04362783061257386
0.04352621379244825
0.04205778913898057
0.04146675036905943
0.04280450715238355
0.039993620940322
0.043521484944449906
0.03506257296738176
0.038569562137476844
0.04284517508370459
0.040526064416307
0.04259108684830634
0.04310991758413433
0.041525768537534896
0.04094307057043334
0.0397592451677179
0.041647570196092096
0.04058432559810174
0.041280165697491863
0.033755857314275196
0.04061570548451132
0.04118737901858221
0.03679745588012451
-1.0
0.043417607780432674
0.039707005438116824
0.03499746386823561
0.03606455981700009
0.0352722875237343
0.0329287111545228
0.03459821598496202
0.035838553666249426
0.026312097244306214
6.667445424577305e-05
-0.014230857320676681
-0.03962636919537499
-0.04030929523770322
-0.027376124612612726
-0.023190496942273518
-0.044305322838781254
-0.04209600451922436
-0.02910064100609468
-0.03380606361177994
-0.030571054412376297
-0.05057330661013853
-0.05242204251204995
-0.05092886413755383
-0.051657525571728403
-0.051537212839395864
-0.05128199616418777
-0.051642894732233706
-0.05091014994728312
-0.05155081637463952
-0.04994710411334352
-0.050009636943106055
-0.05065139119770188
-0.05170237046958966
-0.051148320092088875
-0.04597754637376398
-0.04388002213329959
-0.03170849622722794
-0.023779580220803228
-0.04543254614206229
-0.04253796191961115
-0.038459067937921455
-0.050278756839054875
-0.04959654322731413
-0.04852982187411518
-0.04054601876829776
-0.04255211299566938
0.0066727264060304214
0.027011761586685886
0.02897288473271144
-1.0
0.02761269714264242
0.030980712989944224
0.03298285980492007
0.03183005515994123
0.03146292049495107
0.02625601134046719
0.030060140568086677
0.03147927304399024
0.027768038787689645
0.03276385257492089
0.02891563835508943
0.03497512463731501
0.025433497744813384
0.021367517256167232
0.017986825596824255
0.020983312933336908
0.03223318405428542
0.038936028124748175
0.036725704480670994
0.037721364967324394
0.033939328472806986
0.02958815980791283
0.029336055025148643
0.02214716887155297
0.011700726968649844
0.0005078029948913782
0.005643454851375554
0.002933982893244256
-0.0067654697828046905
-0.008601481048656691
0.003075053203839911
0.022939208619075134
0.01770347513648042
0.02170032971401843
0.010120691039962994
-0.019013533833421473
-0.029821146917284557
-0.028511680290087826
-0.013947578469339793
-0.01909995548784105
-0.039323420081744644
-0.05244894249153834
-0.05173673553374283
-0.050433720073875754
-0.05039818448913705
-0.05023856933107065
-0.04969189287259985
-0.04987414244419182
-0.049278191695794234
-0.0487246370171187
-0.05029201583352924
-0.05122148251466405
-0.05077288622471432
-0.051799088685267496
-0.05128141449698252
-0.05237993171308787
-0.05226612795058514
-0.05112276920415337
-0.05167345698113876
-0.051038042498473574
-0.05139023908512848
-0.05181840759723773
-0.05332923148885487
-0.053959527101260375
-0.04782052829400936
-0.014046918202675592
-0.03129847782057668
-0.041921316431084786
-0.034711614477848256
-0.03365055061411913
-0.03830617998404771
-0.01104744307053617
-0.013576769901855886
-0.02828641922787532
-0.026737016528592315
-0.03979998767026883
-0.044382322723194124
-0.025616231004507647
-0.02551935379590219
-0.002517181312469534
0.01024794800515563
0.010919556665478983
0.02591238030178039
0.029184469390104134
0.02622763466991264
0.024702611056737916
-0.021609304133012635
-0.03550795278902471
-0.03434340938049334
-0.04217562707699954
-0.04559490354706087
-0.049400672737189046
-0.04905835560027705
-0.049269132694838645
-0.045507403352482496
0.0007895638813036862
0.01950104894033747
0.01962242094030757
0.020825317378979056
0.017532975899732635
0.017558093743160183
0.014550176346711246
0.008282783724593212
0.011255334877628882
-0.001274180869304358
0.003799790414735823
-0.003335805029247454
-0.030913944071192277
-0.03982798365748594
-0.020766483099598863
-0.049551147612545636
-0.04992484096347938
-0.04798731294477619
-0.048196652185392645
-0.04685459057656599
-0.048748889714341506
-0.004931403710981112
-0.005382709503658959
-0.03142571290205119
-0.040399838789711644
-0.03946914000568476
-0.04630847598133866
-0.03462281340466426
-0.04270125826828777
-0.05184235858802991
-0.04944112072580395
-0.05264123187906981
-0.05286597122786752
-0.05292116527442223
-0.05238766678703955
-0.05141131891121162
-0.03512918586264132
-0.013921967222513267
-0.011605261689170542
-0.0226279826420883
-0.01984236528755293
0.00595998090368467
0.03139783080353599
0.029355172405906103
0.024352944455521434
0.033642767400625974
0.04062195412602019
0.03961580230958138
-1.0
0.04345729761905376
0.04408208356875232
-1.0
0.04680049220094325
0.04677404223749048
0.04391131698715014
0.04360969508224455
0.04345731451087107
0.038882376810570135
0.044335180790397936
0.04537751689929646
0.044062553913148055
0.044893488734645236
0.04495739066148047
0.045147998374756054
0.04461497947135315
0.04455328285413286
0.04590465944524738
0.044409583588854794
0.04639686315711383
0.045290315496001946
0.04614243159137396
0.04287559759014782
0.044348738776278804
0.04247266004716096
0.037631536690443064
0.03951428464086628
0.035936749564804096
0.009139812279197032
0.0019821813488954
0.002027261036596009
0.015135166098307352
0.03838934360470284
0.042387755955879854
0.04686980359220328
0.04516640011077444
-1.0
0.04836255385586349
-1.0
-1.0
-1.0
0.04168715436410125
0.033134848035736936
0.033911742046688766
0.04049555137819432
0.034992571114828265
0.03464140755724105
0.035243341118793355
0.03717770205061993
0.039381445975464995
0.04242341014753513
0.046730102765438576
0.04653889606254612
0.04339578851397122
-1.0
-1.0
0.035405595998658536
0.031513930786440575
0.01933127149847333
0.029819269627996085
0.037944038692618025
0.04015361194465457
0.04159732637851258
0.0409971447417332
0.017377603936371767
0.012676905061055344
0.021962505033776406
0.02417900946979066
0.00987092247677244
-1.0
-1.0
0.022151398766081083
0.012673248627540537
-1.0
-1.0
0.04285366680964752
0.049632552899271896
0.047559783415302204
0.035617458271985314
0.0426378402622234
0.043497625047447475
0.04606242283896771
0.04559428112209197
0.03930678176017394
0.040375326723016074
0.04392743627749009
0.04127911786972708
0.04137919850763626
0.0416077884317352
0.04370078828567896
0.043950243055984314
0.04863874053899678
0.037711034367152764
0.034843296212761984
0.03872901984538591
0.02801051697047377
0.015669519306919243
-0.01776622089395996
-0.012507681118185279
-0.003438912517851641
-0.014165473486620832
-0.005510329371255079
-0.018254186376850477
-0.024821100735692533
0.01014959666563766
0.024203286355446343
0.011434706304054318
0.014943887131040336
0.04545471402506446
0.042359867682624015
0.03723798653682385
0.03059389258030772
0.04485305874218091
-1.0
0.0469833270670604
0.04386691166777217
0.04265816959235248
0.04722343007093307
0.04234959285962827
0.03916370187918761
0.03629711818905685
0.033455001372567184
0.04462605993175042
0.0453980394965079
0.04586618400486465
0.04782978614177939
0.0441269094109243
0.045036867749334256
0.026862389393690473
0.010837777744526034
0.0268839264667125
0.028157345512895192
0.022496714709031983
0.008361688688481892
0.006790886349174873
0.011895323882844977
0.01954058174263172
0.02062081420363948
0.03364920735449719
0.03851708890981115
0.040150323190544034
0.042529982163626745
0.04544756506300421
0.044598100541102886
0.03531897146508909
0.017862378490870707
0.009622138331560528
0.02108795196626038
0.036229715208462306
0.0445539658500766
0.03185469458371517
0.02884429054472745
0.011732249900700584
0.02861341723753979
0.010581303136241097
-0.006830204579993026
0.013750760530232413
0.02579405635026509
-0.004175427815804397
-0.032908886224265146
-0.03758365476042005
-0.04068299346962758
-0.03257271397619337
-0.042185500328447756
-0.046166048396557205
-0.042693240823197226
-0.04590119711270898
-0.03100419569302373
-0.010206480082973767
-0.0014485062135572557
-0.002295952986244808
-0.032534261084089335
-0.02957318512474687
-1.0
0.021857023885652017
0.008575331529550406
0.012413994506142728
-1.0
0.0163570525814681
-0.012538195676476193
0.008099979410320389
0.00010976868998792396
-0.009142734169853733
-0.023071801864079304
-0.03234963698135197
-0.03235423285051316
-0.034123385319437954
-0.020905556634659046
-0.0140608328008297
-0.0033546360755658954
0.015071099690158933
0.002978415128942782
-1.0
-1.0
-1.0
-1.0
-1.0
-1.0
-0.03273287998938845
-0.039363215030471604
-0.02698425168806542
-0.03731063875962273
-0.02866015200682131
-0.014482016651328282
-0.022862603059987913
-0.042279643115798314
-0.046749412222120174
-0.04950391891051239
-0.0502882831196209
-0.049071540522401404
-0.04790776081777504
-0.04340599329855734
-0.04853450131097288
-0.04700594589021794
-1.0
-1.0
-1.0
0.02599558372897207
0.03067934379408628
0.027775836468215846
0.0210493672478581
0.02606148396118109
0.01787136763021576
-1.0
0.01357711655734307
0.01485255032015181
0.014313561333996886
0.018148262698147472
0.0027757157077293246
-0.02189537251395245
-0.04012234113691326
-0.05049977418133981
-0.05070419129461527
-0.050092974033888786
-0.04935098657226117
-0.051236098623155514
-0.05009827799603188
-0.05056913257938911
-0.05013675640191036
-0.05095506224930726
-0.05127669800810876
-0.05109683044004589
-0.05117019504876691
-0.051407222553266824
-0.05194650613941266
-0.05079018777086936
-0.05127592994919393
-0.05118462449078535
-0.04771078975938046
-0.04257343452458078
-0.05082122576059087
-0.0522953677852527
-0.05067419141177135
-0.045785923260860534
-0.042749295428143604
-0.044889490742896665
-0.03110805996098019
-0.02666147011002118
-0.03690617537208332
-0.037397586021631644
-0.00697061887931854
0.0065709430608450635
0.02173775591950397
0.017219382967179814
0.024889634303117122
0.014339503088435197
0.007560811045844861
0.035049265548985596
0.0403373249712418
0.0463577039675871
0.03942567234850063
0.04342727921748665
0.04490578609211389
0.04495579296382222
0.042404879884888745
0.043111197313703754
0.04297083231383979
0.03799775146430557
0.03391520223384448
0.033566997470671205
0.027701931956763872
-0.01335862292289158
-0.04859387407494792
-0.04878994083091856
-0.046747434417565646
-0.04889116873644617
-0.03226004193129722
-0.04690766906247156
-0.04941280677065343
-0.048635095440643615
-0.03944556868221113
-0.04836096085802875
-0.046318380928699755
-0.052247788148547275
-0.052651714917097865
-0.04880936432104396
-0.04868845827983211
-0.046884346675523055
-0.0454883386096569
-0.013293109339113781
0.008658046976688993
-0.012257235947658417
-0.048181537324157864
-0.04909043434070371
-0.047579608864024917
-0.04806187152829684
-0.048944004991120976
-0.0486426303037542
-0.04986166390819632
-0.04927250118286085
-0.04917133679363827
-0.05036710859663442
-0.048375750085312946
-0.043587452946933516
-0.04400808964164216
-0.04349321074889123
-0.04538691232873369
-0.04128358853354244
-0.03797991394688608
-0.041593227208165474
-0.039817713028384875
-0.034972987801099836
-0.03849531024610982
-0.03498605160366312
-0.015323990844807
-0.028298792600786757
-0.035643406829612395
-0.029729772676062412
-0.033473274661534186
-0.03097673831443922
-0.034336546309743046
-0.036999082348475196
-0.033901076360743236
-0.03249173590910363
-0.00721519785543108
-0.03969741698494449
-0.04672472828694299
-0.04576208631856263
-0.0477801876016173
-0.04661591714179034
-0.04535802854523389
-0.04503720567379186
-0.04370410934781285
-0.03510741051034985
-0.04039521042215816
-0.043188277552734765
-0.04494234603200948
-0.045367480534705996
-0.0446569504066535
-0.0451684600012545
-0.04696810236680929
-0.047729247860155415
-0.04712163622690607
-0.04621412994789255
-0.04751754794661216
-0.04746030823168237
-0.03245883358052168
-0.021667701520161755
-1.0
0.017931828894090354
0.01991070873712433
0.0016138388504106879
-0.002048131501070532
-0.007626375729171373
-0.00761461934662645
0.0039661427654162276
0.002926764666079492
0.004380099006117413
-0.008265890083665666
-0.04102049402286285
-0.04959316329796568
-0.05062702381935184
-0.046971681893366354
-0.05016489696159238
-0.04990185785319264
-0.04930678243322968
-0.050728899715815214
-0.027140328020677607
-0.0022634755340161803
-0.01872474888449256
-0.011430104331369643
-0.0026290793062187356
0.019096466073811783
0.024431101998209217
-0.01919885846719653
-0.038180492767728835
-0.03969081481477884
-0.032913304031860345
-0.002654728798540442
-0.003949487748197586
-1.0
-1.0
