-1.0
0.04483720609983691
0.04974219017124998
0.04958421632180621
0.04162779325280098
0.045148334935945576
0.045560928690537475
0.03769976806988865
0.014236196528766587
0.007298303280298405
-0.0170053823083051
-0.027591841694146517
-0.029256030784427584
-0.03326621654394549
-0.024329928409253604
-1.0
-1.0
-0.038579742525218
-0.030679532904263496
-0.017378635264607242
-0.0013480661835885326
0.0069688109830808535
0.007092414371283299
0.0045314622556355665
0.031324564574686964
0.0452232501708732
0.04623367892694882
0.039338418357493764
0.04888290936967046
0.0473941675567511
0.04333123822278164
0.0406082084997042
0.018356156981853562
0.03491072946754361
0.03384684530656896
0.03911348943922025
0.03475491011059371
0.01296992343278696
0.00673634252252077
-0.004833190807934042
-0.034343298874370584
-0.045610790934472054
-0.04747591206266787
-0.0421539407120498
-0.04768828144888122
-0.047638238644827774
-0.049748174470426655
-0.05131938506742515
-0.048477301010481165
-0.02758256381881505
-0.025550747978479612
0.011748403653833707
0.009025267157589055
0.04356413292071177
0.04564104019180674
0.011973569966269602
-0.002745705689199598
-0.0005005629733689805
0.0023945184481128203
0.011870691543791648
-0.0016708598927347167
-0.004536215297319595
-0.00914695816058876
-0.0056123542392257095
0.004931791070705101
0.004980351960211305
0.02799679192458842
0.026160467750260145
0.0044957781628595485
0.01014376090779276
0.009681018249233786
0.012960090348169811
0.03053332700316488
0.02106912030664949
0.021084247995681787
0.015604419120320507
0.01916529241445784
0.024635212634673588
0.030058760456967454
0.017559289935477028
0.017612560643359077
0.01147599119808846
0.019539856157219232
0.0166209705973675
0.022922037701177532
0.04983783809995707
0.050003865548505784
0.04582729852865685
0.038964749860101955
0.04841349379027897
0.04940561980485369
0.04630092212039161
0.04520497058868987
0.04641594517947627
0.041022843351508576
0.0463702275432478
-1.0
0.04720702240991681
0.045378945481868924
-1.0
0.03691471294744408
0.03169936330113265
0.02030857470210437
0.021319738597889902
0.03379341382498216
-1.0
0.012096660881313993
0.023615885087886892
0.03782044297431619
0.03071547767135116
0.02099292110242647
0.001809704839802109
0.010864084635835122
0.006485425456188512
0.0188991801095702
-1.0
0.02109229917187172
0.03322017707450187
0.031046844394442514
0.0319433020939111
-1.0
0.04952625205865591
0.0514812597098801
0.045270827403121536
0.04864655405501817
0.0481709352310493
0.04506196200466115
0.04690603788758165
0.04892226749036651
0.04721745319696602
0.04119210676209288
0.03527813055105494
0.03163193294713976
0.04536474470619439
0.03254353222067982
0.032973002801314044
0.023332883408465774
-0.009800328520854761
-0.0300633946038349
-1.0
-1.0
-1.0
-1.0
-1.0
-1.0
-1.0
-1.0
-1.0
-1.0
-1.0
-1.0
-1.0
-1.0
-1.0
-1.0
-1.0
-1.0
-1.0
-1.0
-1.0
-1.0
-1.0
-1.0
-1.0
-1.0
-1.0
-1.0
-1.0
-1.0
-1.0
-1.0
-1.0
-1.0
-1.0
-1.0
-1.0
-1.0
-1.0
-1.0
-1.0
-1.0
-1.0
-1.0
-1.0
-1.0
0.012592750671024592
0.002283773220974053
-0.0018666602842685855
0.0068721682057803655
0.02510420702669507
0.03610941163604566
0.04317526706108144
0.03956822694594233
0.03614196914854476
0.033421742924473766
0.029019507047797606
0.04213908232506968
-1.0
0.04427662836647506
0.03993720199241365
0.03455914629470592
0.039714623779785324
0.03409791378523522
0.03271011267151826
0.03721646220369293
0.04470416890244465
-1.0
-1.0
0.04477931967078727
0.04450144972491335
0.04446804076163843
0.0412948909263868
0.042135208694902344
0.044693359989720946
0.03905147391574838
0.03474388391454931
0.03776946951967859
0.028912013476142553
0.03286937201444876
0.02739775349608551
-1.0
0.007190162531522097
-1.0
0.03506880121191277
0.03159052673381468
0.042055396460266375
0.04312471805247132
0.04986085873851186
0.036290178459376016
0.028753704467424878
0.01861680629825865
0.012668077026295967
0.010332394638227712
0.01536515107308766
0.01497222763094794
0.031914131115904076
-0.0006644579508354122
0.00412247399249274
-0.0005452664085220498
0.020936991663535184
0.00025218373546799755
-0.0203533703366431
-0.04520372970803913
-0.04981640016168398
-0.04905285345352431
-0.0597500564549523
-0.05752569164630065
-0.056280011729330344
-0.05910951047978752
-0.058907470734180234
-0.04881027856609994
-0.03339982384199981
-0.02138866589799426
-0.007900671738023429
0.010461384054701277
0.02129092224877451
0.013706958043568926
-0.025380162437810664
-0.034450340039883474
-0.02770638097332662
-0.00760888536483396
0.00439535154311925
0.02702689409999902
0.004225614173484455
-0.005558083459657749
-0.00869503424186251
0.012762950821224864
-0.014155652174381275
-0.024366822009239467
-0.02823896336347205
-0.03622944226046531
-0.04871097192296632
-0.049510462849587995
-0.04572273379568076
-0.052581680398695305
-1.0
-0.056624888608411215
-0.05102203613886628
-0.05660006720494724
-0.05824225500207738
-0.05944928247483749
-0.061625527801478244
-0.060498895994761784
-0.057679412681899016
-0.0442236943695333
-0.04331689990410409
-0.04289393564605898
-0.03441465333932873
-0.042092205852520825
-0.03330095278992559
-0.0037253385971063708
0.023177461883247333
-0.0014557490707608888
0.03168434408576771
0.01780934522226313
0.024635544779186284
0.000659819162869104
0.004891960267252506
0.022872809847476992
0.002140472795433116
-0.02302358663682585
-0.024638133526661977
-0.010990262923922972
-0.022230041923646554
0.012352765368135898
0.0055994412011056375
0.013873292417541573
-0.029731784758663
-0.03225983074546924
-0.02843416025132028
0.004161405137294165
-0.014790234325850086
-0.03105564084971037
-0.045262672046526856
-0.04800782345849421
-0.037816287074017706
-0.024311123489769052
-0.03091949987503037
-0.02611458915519626
-0.004815976478562793
0.01145852861199636
0.02868488900723326
0.025725656905053223
0.025031903932371237
0.04391428962546717
0.05559390886174289
0.04681457502150114
0.04846015070505447
0.05216245013751154
0.05740682063528724
0.052588622833895475
0.05843005590651742
0.03975462082278212
0.022210342662416425
0.04023634045091109
0.03726034227351499
0.04548884504040086
0.02234075309421226
0.0007847088676501995
-0.011410067669013842
-0.011665662324523112
-0.01319388754918945
0.01431147206137741
0.020279780134086912
-0.01486754554983764
-0.03638646032427102
-0.028774284901637637
-0.0023110404147010134
-0.0038058564071358912
-0.008280886238124228
-0.03306653851372773
-0.05625736887482559
-0.055479848865481005
-0.059480585502546805
-0.06177308233759364
-0.06293528282721249
-0.06029898154349529
-0.06245633411572116
-0.06273244559349453
-0.06334864025292639
-0.061510714838057555
-0.06282270513528446
-0.06213239607246915
-0.054682731906283255
-0.05015923654947782
-0.027941557236907437
-0.03624232016302162
-0.02147750430421343
-0.0018559120435834367
0.023284499021100424
-0.008560276052967926
0.00467420606854874
0.001978933116136231
-0.014134107791396308
0.01771441875106399
-0.026237608795928916
-0.03909432436255887
-0.0418885314794619
-0.032399132321815564
-0.05685045132200275
-0.06204438845534405
-0.06402608720263472
-0.06173861462408297
-0.05765328224369133
-0.0568586615920981
-0.06099598885846691
-0.05885300950141008
-0.058215693682828855
-0.0523717031523991
-0.03966413070714123
-0.043350718344008964
-0.017684381411895735
-0.0342965949159139
-0.0419833805449976
0.007708521315191458
0.0027960144924628586
-0.05158764969698665
-0.05950350431632759
-0.06352208431395792
-0.06181232780679534
-0.050983690670336666
-0.03960899531763466
-0.05297825882261999
-0.04708336788754693
-0.03836947468715331
-0.051288964114280126
-0.04495547695248749
-0.058843492175973185
-0.064573638176843
-0.0622900969065885
-0.05118224793968901
-0.04566933244202897
-0.04947311656192487
-0.029190050188230888
-0.03326715781327263
-0.01277105747844475
-0.026178699573186158
-0.0318305571801991
-0.032737407441748544
-0.018862593518433744
-0.004721194736763643
-0.0008150239061357952
-1.0
-0.03045087566889498
-0.03656663911550788
-0.03558882424451485
-0.04169643952660742
-0.046993897133422974
-0.04740034338956413
-0.04677675175684154
-1.0
-1.0
0.05199707482575992
0.04457618749471844
0.0438466450144905
0.04451955257228107
0.04772721207895571
0.03648832913462885
-1.0
0.0018779904263850353
-0.007492964162215443
-1.0
0.019020631980082248
0.023438234736099503
0.0010311721642208946
0.030181776042750328
0.006823312736203832
-0.02715070318288371
-0.024824687660010045
-0.0258736331274045
-0.025777847234153876
-0.005022608999530087
0.030595404331248598
0.04197604953163433
-1.0
-1.0
0.011251434290134102
0.01395705385941844
-1.0
-1.0
-1.0
-1.0
-1.0
-1.0
0.055287664512149705
0.046186948174143976
0.04947726027279756
0.052660306948097146
0.051273157817661175
0.04952954818902788
-1.0
0.05475196724628824
-1.0
-1.0
-1.0
0.0006015869266604196
0.014973406610218
0.0254105165777088
-0.004196716538954416
-0.03315059783630014
-0.03504203517205488
-0.031565516978398364
-0.009432637545713296
0.014318435273914694
0.018119141873575374
-0.005056599043522116
-0.00602265234298592
-0.03865741816701078
-0.05028381060645028
-0.05488587327021113
-0.05412654337307126
-0.05626428271359384
-0.057228472554919266
-0.058955737231699036
-0.05844966434631686
-0.05754850680499026
-0.05918025177017702
-0.059629771354204116
-0.058200897681728904
-0.05641193477682092
-0.056750592916422295
-0.055224908950180875
-0.058543755983169944
-0.061203703210719614
-0.06001097924993658
-0.06180447232710229
-0.06237614354358783
-0.060458649780725036
-0.06108640763332092
-0.060113424201715684
-0.061249879856310745
-0.06284477838650201
-0.06103758584758233
-0.05681988517492046
-0.04599768354145823
0.0013144856888487808
0.0374522334357324
0.004464290137913981
-0.010360301114494083
-1.0
-1.0
-0.02898984240314189
0.006568301336443292
0.010352605794122768
0.001527636107880907
0.024600444035182596
0.0246554374362846
0.03140260417744164
0.052039614979273965
0.050600641135718216
0.05320190204376443
0.0501154324562163
0.03551708083687323
0.040165468005834495
0.027359600426346005
0.0317063313805489
0.03570845978903295
0.04083303107713483
0.03445340559106167
0.03167154825730969
0.03079776496376277
0.03571046027499216
0.04236612718103277
0.02679939430851454
0.017793869114368716
0.013464095325567919
-0.0002945581327158962
-0.01828231388892217
-0.02296278595781256
-0.010360194298516812
0.009697501734323105
-1.0
0.05400312503637615
0.05300015544090323
-1.0
0.03238928683252733
0.033582135863831825
0.04603906426375238
0.04425664280210259
-1.0
-1.0
0.015220309139508588
0.022261517805659048
0.03468939400607492
0.047852070861579166
0.04778415959559813
-1.0
0.005146066981656224
0.012161108117653483
0.004937301809232121
-0.028572412840640847
-0.042950496403425305
-0.04028491380367369
-0.040623714463884436
0.01871358677568584
-0.023998548822940145
-0.05657127403314843
-0.06040352151604918
-0.06191315363050941
-0.06308579218973001
-0.05960609384361979
-0.04378908380635379
-0.02498324288351565
-0.00937380017281165
0.008925102687303078
0.00988062964841411
-0.01624840282202391
-0.03232783839562571
-0.019223568471401636
-0.00630816214232948
-0.007897036665127567
-1.0
0.038532845807729206
0.03741839462692041
0.04283994682216715
-1.0
0.039938955579657626
0.039080566292086845
0.04834300360870988
-1.0
0.05345546416995387
0.04374031959273555
0.03311334929562954
0.04204162474257015
0.04216936771442549
0.030529042181628177
0.01922992213537829
0.022691306032208213
0.029935945158903816
0.054077078712615655
0.005356545069055383
-0.023367002872898578
-0.036587247295853095
-0.02096774416018866
0.012608881909160723
0.0012609184245429223
-0.04455478625804546
-0.0508524254639206
-0.04125001236584096
-0.027256754506395493
-0.05639223266750724
-0.06154778725197074
-0.05907783471556974
-0.06026710502628215
-0.06355509367236516
-0.0586588171695468
-0.060784271203223654
-0.06058214262676832
-0.05727023620049037
-0.04941843752308301
-0.05489712299961279
-0.054848601859596155
-0.057330648953153436
-0.05788340935223688
-0.052418087188497206
-0.05073608444163587
-0.060289028901748656
-0.056254154336405834
-0.06102492370346765
-0.05485217028780823
-0.029709502914967247
-0.006599428216352114
-0.02242098460424097
-0.03404056605519348
-0.03973388357415919
-0.03853557386032183
-0.03460618415919591
-0.011356445859919182
0.021796193595264687
0.017170183296557884
0.006605837142123651
-0.0016271026431798204
-0.004954774178512569
0.004036868845675852
-0.003734104894253863
-0.02035132110277099
-0.02201123866534107
-0.025835098162472977
-0.03801889692973168
-0.03874150456659845
-0.03269149258054538
-0.03581071191126658
0.010134912168911181
-0.012082937775611669
-0.021675608665740302
-0.03858171140725467
-0.04565458173262684
-0.04822475162123847
-0.05098303409601592
-0.04781831922040184
-0.036945769777079536
-0.03709589728568252
-0.03840874217069694
-0.02516495334224599
-0.02327139616359112
0.005369862280802962
0.018434151579255424
0.020550657158590682
0.02917299193271262
0.023609590905424863
-0.019537180099888942
-0.05313162006843142
-0.053893593484219834
-0.04136594479339848
-0.025162553927081267
0.025718088835914935
0.024200395592093693
0.010812546557145067
0.011774024396538522
0.005669827092183819
-0.005564098362821438
-0.008814544045129793
-0.03448634023793991
-0.034169510634419614
-0.04614013575028227
-0.04785261318389418
-0.04647884486205683
-0.04702136260813758
-0.046365284222000695
-0.03667718218827023
-0.03224402286275846
-0.03954095878151391
-0.05270046557844665
-0.056929146194732785
-0.057753817962647065
-0.05543549786913712
-0.05607241038617233
-0.05802494981646089
-0.056165995547350966
-0.05692763917570192
-0.055392363988445034
-0.054728582966406494
-0.053897438743525324
-0.05299077189691031
-0.05520455600143718
-0.05434816026078553
-0.043914604752890184
0.0020774916035215113
0.010987954110068079
-0.011343118386245576
0.01394556534941322
0.01448178835285137
0.022111910812563106
0.028071154174766688
0.03665646470178985
0.03996032504845778
0.037469195232392324
0.016135626516027405
0.042679533048394544
0.007329560639228956
0.0008012568026266025
-0.02462441162188097
-0.04228636427921267
-0.04504597619714914
-0.048166898593473735
-0.04706914402649523
-0.051018052151695734
-0.04844190835878015
-0.04841986106000322
-0.010345765772245668
0.028650937433523125
0.011022585465373012
-0.00010232061839839609
0.001989585818303818
0.033458501279342225
0.03140313118114173
0.02768507127376585
0.023969135741907927
-0.01531081049000838
-0.044658865105043036
-0.04559512926498111
-0.04619246867292627
-0.04831421917700465
-0.04822066761213254
-0.05294260088185688
-0.04549703043665028
-1.0
-0.05099490948810207
-0.0516453567718811
-0.047859662311261396
-0.044607712122210555
-0.038401885294422816
-0.03150063380824603
-0.0353500684664445
-0.03495312283386245
-0.03224016780573813
-0.009990531471002389
0.020233299865364422
0.022128100063875094
0.02816653737289308
0.04480044469347285
0.049309857713516474
0.03758764526416421
0.04220425185168247
0.03650620084095067
0.0339520512782954
0.041709362319605196
0.04101759035870588
0.03801791231364572
-1.0
