-1.0
-1.0
-1.0
-1.0
-1.0
-1.0
-1.0
-1.0
-1.0
-1.0
-1.0
-1.0
-1.0
-1.0
-1.0
-1.0
-1.0
-1.0
-1.0
-1.0
-1.0
-1.0
-1.0
-1.0
-1.0
-1.0
-1.0
-1.0
-1.0
-1.0
-1.0
-1.0
-1.0
-1.0
-1.0
-1.0
-1.0
-1.0
-1.0
-1.0
-1.0
-1.0
-1.0
-1.0
-1.0
-1.0
-1.0
-1.0
-1.0
-1.0
-1.0
-1.0
-1.0
-1.0
-1.0
-1.0
-1.0
-1.0
-1.0
-1.0
-1.0
-1.0
-1.0
-1.0
-1.0
-1.0
-1.0
-1.0
-1.0
-1.0
-1.0
-1.0
-1.0
-1.0
-1.0
-1.0
-1.0
-1.0
-1.0
-1.0
-1.0
-1.0
-1.0
-1.0
-1.0
-1.0
-1.0
-1.0
-1.0
-1.0
-1.0
-1.0
-1.0
-1.0
-1.0
-1.0
-1.0
-1.0
-1.0
-1.0
-1.0
-1.0
-1.0
-1.0
-1.0
-1.0
-1.0
-1.0
-1.0
-1.0
-1.0
-1.0
-1.0
-1.0
-1.0
-1.0
-1.0
-1.0
-1.0
-1.0
-1.0
-1.0
-1.0
-1.0
-1.0
-1.0
-1.0
-1.0
-1.0
-1.0
-1.0
-1.0
-1.0
-1.0
-1.0
-1.0
-1.0
-1.0
-1.0
-1.0
-1.0
-1.0
-1.0
-1.0
-1.0
-1.0
-1.0
-1.0
-1.0
-1.0
-1.0
-1.0
-1.0
-1.0
-1.0
-1.0
-1.0
-1.0
-1.0
-1.0
-1.0
-1.0
-1.0
-1.0
-1.0
-1.0
-1.0
-1.0
-1.0
-1.0
-1.0
-1.0
-1.0
-1.0
-1.0
-1.0
-1.0
-1.0
-1.0
-1.0
-1.0
-1.0
-1.0
-1.0
-1.0
-1.0
-1.0
-1.0
-1.0
-1.0
-1.0
-1.0
-1.0
-1.0
-1.0
-1.0
-1.0
-1.0
-1.0
-1.0
-1.0
-1.0
-1.0
-1.0
0.052689407093755074
-1.0
-1.0
-1.0
-1.0
-1.0
-1.0
-1.0
-1.0
-1.0
-1.0
-1.0
-1.0
-1.0
-1.0
-1.0
-1.0
-1.0
0.05180109146505841
0.05447872957845633
0.048640040258211
-1.0
-1.0
0.03485719964378476
0.009189606460449041
0.02231080930308639
-1.0
-1.0
-1.0
-1.0
-1.0
-1.0
0.06113927893078283
0.057634640276727336
0.05727029210996934
0.059293727924731934
0.06086199319535929
0.05454183645508169
0.05619029048357987
-1.0
-1.0
-1.0
-1.0
0.053901066702966294
0.056986998911969705
0.05509615323259688
0.05166422600517534
0.04429141961508929
0.04413205616622758
0.05652874302680644
0.04817523166948044
0.028007434671492797
0.050843083910782245
0.057420836963734755
0.056807027822844275
0.057840311763767006
0.057785837115847255
0.05612607071147868
0.05569517301845788
0.05999764139421045
0.05798864140953996
0.05832376414704905
0.057248113005279024
0.06109683955283053
0.05411535503097698
0.05262130229926979
0.047123621277797116
0.0549645262596707
0.0592981073423577
0.054258489011926016
0.05408221271207072
0.047012952436407816
0.038749175773870714
0.04969268715125754
0.05697026156517356
0.05483793180275826
0.052681231462690124
0.0542335175637877
0.040157817552947464
-1.0
-1.0
-1.0
-1.0
-1.0
-1.0
-1.0
-1.0
0.049707532066065464
0.05168686511570701
0.053738386042666855
0.05220828153963042
0.05410419613887036
0.05185368081200614
0.05714646155510789
0.034385939444733164
-0.003875384748797
-0.00639644330912282
0.005505203493094502
0.026683869071348863
-1.0
-1.0
-1.0
-1.0
-1.0
-1.0
-1.0
0.012730911224187421
-0.009149757445516259
-0.006981033917012104
0.005525435607246879
0.007577396763556352
-0.002642667665180751
0.004455252112359024
0.044864225225806346
-1.0
0.06593410818944236
0.063043914602834
0.06309777751785052
0.06774473565972482
-1.0
-1.0
-1.0
-1.0
-1.0
-0.016028498060886732
-0.003816539746103922
-0.013394647162345327
-0.01276791739392638
-0.012395467224918253
-0.017154017182640865
-0.015322387461249786
-0.007595544117518221
-0.010663802313450578
-0.006373888572334
-0.005766048897406241
-0.009050721743593802
-0.010109227744911553
-0.022352081742488174
-0.027429414922558924
-0.02888413351170742
-0.030348306100398646
-0.025785360101256937
-0.014419014913630542
-1.0
-0.025672014713408305
-0.02394213293630212
-0.0263958313197618
-0.02296236180370345
-0.006252353384348898
0.010059631839120465
0.00854405236895771
0.010916786210875067
0.003832222969320089
0.012803007008910065
0.005811984939971372
0.012764282176598665
0.012358999993138322
0.01818988556340496
0.013902830208211816
0.020269561973416367
0.016325541054577043
0.014061762648553503
0.011677572486651204
0.008238506422801403
0.0034496780168094153
0.0123404205027334
0.02545602330313374
0.0235260841917793
0.008735091965862122
0.03971286151632086
0.056577126863891616
0.05725839157641607
0.059753684683483715
0.0607897208733586
0.06082911018048714
0.051114012256613404
0.04413329780302351
0.0035711564583192604
-0.017100743780632546
-0.009108172244098078
-0.015260166966362806
-0.006972817676491945
-0.014146980129086778
-0.01906673450207929
-0.02212685005637214
-0.015467488178114976
-0.016444330470543937
-0.016108401281188716
-0.01807089832557391
-0.028803337984674878
-0.03298106958893832
-0.03279699106372751
-0.028048035314397826
-0.026978011931474446
-0.03687345883604609
-0.03598676151715224
-0.03812332162335424
-0.0423047879096592
-0.04661795905832315
-0.046382837224371136
-0.04178892104691204
-0.04888272464445101
-0.04815560260601297
-0.04599291048660727
-0.04464641645703261
-0.04613246039487698
-0.04159056319723552
-0.04576195195019629
-0.044900640123398755
-0.040970226871828525
-0.042574687777774366
-0.04643245829406634
-0.04368379525396795
-0.03974808498379899
-0.04482382078255043
-0.04307708626644121
-0.04331331438711155
-0.0477031036751193
-0.04787698671662769
-0.04642455767324176
-0.043807239382199846
-0.04241957661071655
-0.04365614069736002
-0.04758719481005578
-0.044818167817064464
-0.04554688078502088
-0.041997737901436925
-0.04993785257867909
-0.04512649755726036
-0.048121504043542415
-0.047690218249222475
-0.04846653810453338
-0.04758142786893936
-1.0
-1.0
-1.0
-0.04220482354133736
-0.03548033892698647
-0.04271968207251911
-0.041860146684505314
-0.0408094996912521
-0.042307327583477106
-0.04128901040913128
-0.047245319449949995
-0.042208604186184016
-0.03888117265375682
-1.0
-0.018897435824188097
-0.02976882196116583
-0.032293410648402514
-0.017969244014437027
-0.016179668109771006
-0.01315818345320541
-0.007049600908089772
0.005705974819752041
0.04047894631059892
0.047025417398623676
0.054732389296724165
0.05890984205750773
0.06084741248851632
0.0646579307665026
0.05613427645514871
0.05833500799017173
0.06258288223589013
0.061953010124786385
0.06516361839059495
0.0649172166050754
0.06436775396144558
0.055977699224781054
0.05188095482851136
0.04952100281080619
0.036006851781521895
0.01530650065333231
0.025345793375070806
0.01839164519231911
0.012229902495468683
0.016411167500010287
-1.0
0.024556002997938968
0.03026716694314731
0.033072930133905734
0.010133047889999884
-0.0058148429874785605
-0.0011683879193117486
-0.008000497484636956
-0.004036151346933069
-0.006480844211310247
-0.012220499939905741
-0.004351427825424448
-0.007259241038709993
0.011954051497348676
0.020942604937933762
0.0161717162530733
0.028143795604230186
0.020531648728234802
0.03407573085259615
0.030678834005671656
0.03226771144226946
0.018536683323975175
0.0035946543408238094
-0.007990380731929963
-0.018169613484863897
-0.03949427479693998
-0.04030350456910309
-0.04322109527269869
-0.043133453537293656
-0.03439044369374783
-0.03327850424798427
-0.035872621081484084
-0.03562793251988273
-0.026186154192656484
-0.024225291874366596
-0.030436728475102547
-0.024986639996156995
-0.027545686395765746
-0.02728271286808262
-0.03145667638616333
-0.022422420416613128
-0.023648568789440258
-0.007493377881716539
0.0005419580594939783
0.0054812928507858545
0.004536016575093258
0.006727864965168005
0.02111254001597786
0.051138789843545036
0.06680051973387567
0.07073257389105173
0.06786881778785833
0.06713745558319606
0.06653685633705647
0.0674324615069584
0.06677604324532423
0.06166003695876473
0.06191390367531544
0.06370131668298087
0.05861921819916902
0.05550941169211195
0.06375257341669754
0.06592205092343786
0.0650154809465145
0.06571449707772953
0.06317869682087056
0.06598314733887578
0.06796442445513101
0.06720678508687272
0.06748524411490293
0.06791384158763533
0.06823372233490115
0.054685883747931714
0.0363038501996388
0.02675016990002108
0.03040219160753505
0.03335463121777664
0.03135299398415312
0.03243206964655028
0.008537183732342754
-0.003503457507737957
-0.00565904489671247
-0.0005751085110302534
-0.011390881838071515
-0.009371871107033474
-0.01479750217512173
-0.008684680424638738
-0.021793503213371698
-0.027274573102521345
-0.029366911504224852
-0.029628181926806694
-0.03913748705344796
-0.035999412602473815
-0.03324192761180712
-0.026708116369641304
-0.03296107942341069
-0.03848232248560391
-0.039133373845845434
-0.03693942304995391
-0.03274793397079847
-0.036251605652665976
-0.03677003609213875
-0.040595740884784765
-0.04303666688676097
-0.04049229866681738
-0.044223648542129915
-0.04019374064263614
-0.04072928991701319
-0.04513756558942618
-0.0468210470825629
-0.03969976158090284
-0.04072461737274672
-0.03232520054273933
-0.029022603209970754
-0.030494048400850366
-0.0319863294603291
-0.04033503346170623
-0.04672366416761473
-0.039925189832942735
-0.0390169034499729
-0.032865522029528346
-0.03775415166179279
-0.031822231126371045
-0.036935999433001694
-0.03895914352886955
-0.03919349180209302
-0.023921855536019786
-0.01647750811246515
-0.017783860724165396
-0.014983858697023586
-0.009985571318994114
-0.009131022566165924
0.0019330697125341508
0.007452754374155906
0.017037691190867378
0.014920411408647265
0.004946802765072755
0.0024106812751811726
-0.0059594053054281134
-0.017466071454216796
-0.03784562587869929
-0.039288807453693855
-0.034238145009501085
-0.02512525221017957
-0.03925395955561514
-0.035252721527502334
-0.035426335810711
-0.036627124713245474
-0.040834683501356925
-0.04778455661458035
-0.046639888233487
-0.04908028195033587
-0.05024981164052658
-0.04757070642446602
-0.04613943552023303
-0.048782323611441566
-0.05291775695998325
-0.046149889847526236
-0.049550554907594614
-0.0482611759447566
-0.046893928558404345
-0.0481508696692347
-0.05156348811821364
-0.04782899021592626
-0.04662886861388233
-0.044452244778025056
-0.04727200270666025
-0.04569143210021944
-0.0421720366999268
-0.050001865489425965
-0.04416360673186767
-0.04466928848968145
-0.04369505705607951
-0.047896988570883633
-0.04327356775819926
-0.04946866940591174
-0.04561964288897273
-0.04530117410776961
-0.04754118433724961
-0.042871460839849405
-0.0438713706188657
-0.04153767973418557
-0.03533930841509412
-0.03569466867295556
-0.04806664084304236
-0.047459908432178746
-0.04213489931012594
-0.04551229354623564
-0.04648471646851355
-0.041156867684186485
-0.03822135825979496
-0.03803881653000546
-0.03193991510965654
-0.04226836166759607
-0.03976404198096927
-0.03394507199966051
-0.03508275960620812
-0.031058103699560927
-0.0357164867004771
-0.03571709937862433
-0.042892179675792126
-0.049923990690183474
-0.04627836710646613
-0.045500309535476055
-0.037460439699784284
-0.034510420315008734
-0.0369387305239075
-0.03955317175123487
-0.030658805631461103
-0.037773521097357696
-0.03329580057624987
-0.035293199511642254
-0.03567491823777349
-0.03103790328488832
-0.03617425918178445
-0.03761683576436438
-0.02285268685382038
-0.010111973668180863
-0.020336356313929403
-0.01414454236419013
-0.019542272798848508
-0.02668100273895815
-0.036240929178537946
-0.0326585734431569
-0.03452902958387392
-0.029168885385151333
-0.025095528100960406
-0.024052469811267355
-0.03413676673420454
-0.027273488951776104
-0.02252747463650735
-0.02748889818435627
-0.008032800628535855
-0.005525108155148888
-0.004389785818534641
-0.005559566396937655
-0.014381763554859683
-0.010924162130149382
-0.020162806561894408
-0.036563069882327416
-0.03788633254202971
-0.036986264078677694
-0.03870690542381377
-0.0474207082641215
-0.044086803258923606
-0.04065146010158128
-0.04299283270266339
-1.0
-0.03100587770361645
-0.0133852488658219
-0.017328842952974745
-0.029031354904328066
-0.021885119001653307
-0.030257862864281677
-0.018306710082512685
-0.02071337092964598
-0.03800009236197763
-0.041810133530342665
-0.03604906633031883
-0.032847381263827496
-0.04899972611055757
-1.0
-0.040227941075475754
-0.0408817749316326
-0.04708186389517804
-0.04920697827088317
-0.04798199678350855
-0.04876967778533462
-0.04737574864190906
-0.050527150920459084
-0.047615130505272926
-0.0423434116188705
-0.0513838697953069
-1.0
-0.051713701222891865
-0.049560458306579167
-0.045412835427236405
-0.04529475974380409
-0.043829850654267664
-0.04853609664293518
-0.04272543877316813
-0.04181478747853965
-0.041668671811754605
-0.0391491989412827
-0.021685488157606413
-0.020349962762346616
-0.017292587678144657
-0.02476020441271106
-0.023608394700900835
-0.030800070339094137
-0.03867136543687151
-0.03586508122138674
-0.028793955496849963
-0.023436645200233818
-0.028024454384069985
-0.03486351276554228
-0.023587508269754014
-0.01783798964785312
-0.013314821633864913
-0.02528633593919944
-1.0
-0.04097545530066489
-0.04022772587221321
-0.039354891510400995
-0.03998615931839057
-0.0475529373488269
-0.04246186121570021
-0.034740909443915204
-1.0
-0.03634588991470441
-0.03203585263394457
-0.015001136627303988
-0.006252238551943178
0.004366842905124672
-0.0010720596486573561
0.010674456992474577
0.01308859502421558
0.0018160894309975526
0.006535390308680358
-0.01508977933210096
-0.020067149662963576
-0.027045431639437612
-0.026093969039188574
-0.004364084557348118
0.005604619130054593
-0.007045528187774356
-0.021348082076905694
-0.024312047901215265
-0.0229368143026941
-0.02360312012044082
-0.01565087117971773
-0.005888842237851801
0.0010976531230025078
0.0021315643275833748
-0.00044919369426719687
0.010301769433923438
0.021770001080192437
0.025476729176551766
0.030665769771786203
0.028529853440938148
0.022066280232468895
0.010763297233788929
-0.010614896078553244
-1.0
-1.0
-1.0
-1.0
-1.0
-1.0
-1.0
-0.03532080602144938
-0.02550419666062209
-0.033588797153084285
-0.03992012115207696
-0.036845355522921536
-0.040538212717798484
-0.04113613042177742
-0.03983681488207748
-0.04208828105974277
-0.0313218326243109
-0.03048950262051648
-0.02734232260778006
-0.023045216298927407
-0.030941290248434762
-0.029345544635586977
-0.0334647813994524
-1.0
-1.0
-1.0
-0.044829355397912045
-0.04572514573199874
-0.04204416458950337
-0.041974983020515645
-0.040162941245144204
-0.04009511997520478
-1.0
-0.02582754618157967
-0.029152232226847385
-0.03022792239824141
-0.026716617120622514
-0.016186969392028707
0.004073355103855606
0.033269271711186786
0.0439536465699911
0.043835020640188335
0.038457178596528974
0.018555566334983516
0.03252045387524956
0.036165238099603786
0.0374978349631164
0.04002482340040256
0.038422141803822536
0.028329348938923266
0.03303138974905597
0.022329463040479183
0.013623786591705832
0.01329496150140527
0.019356804481652334
0.02473114113526022
0.021619887118847297
0.03747884696944454
0.04093527399594683
0.04478246020276612
-1.0
0.04709680656517707
0.04051014454865173
0.03528805465836667
0.0313439140930934
0.014102057168166288
0.005653222382275434
0.0019587247786661253
0.0013244519928627598
-0.015148353357190853
-0.01684223721453479
-0.03178872709834314
-0.03573982802990177
-0.03625854917704063
-0.041929935479146196
-0.04464258849295172
-0.04665944164067335
-0.05042434166843255
-0.04988629669016451
-0.04968446052733295
-0.04835251093271116
-0.04641413794150032
-0.04619544235391663
-0.04745459052924062
-0.04889268794244769
-0.04817600059659142
-0.040925492395679795
-0.040191793224427244
-0.04195218426227063
-0.04477879570449274
-0.028381416944594076
0.0007643821952981004
0.0020128410717408
-0.0015085228016160682
-0.013959382442342006
-0.005366595900748321
-0.0003118004177118046
0.008025653901807806
0.0007676122448162225
-0.020334227501468398
-0.010908519574375584
0.011474178224719887
0.014229267288757645
0.012808428521073546
0.004632037943868209
0.009363868835658404
0.021977434464613175
0.007352069966712806
-0.021656170754619983
-0.031200807055843684
-0.022947943516418996
0.011234715013616545
0.01634092337503316
0.01212758867863817
0.006957621644603329
0.003194838254824047
0.006018397568371392
0.0066650656407659
0.0005471201094485205
0.006033862307995079
-0.002326621185888695
-0.0026865306570307474
-0.0020505157046480176
0.00023227379376969084
0.013287339428847725
0.024832969125284293
0.02655283213987447
0.02096797950133375
0.022952628882115775
0.02374326945582845
0.026894477376147034
0.01895534759056365
0.01914807967638768
0.02753233111697484
0.02850814243980783
0.022553167335999703
0.023889885059475008
0.01651808897539628
0.020886790660077616
0.0237857797137122
0.028627327483775146
0.014845410250748408
0.016237465398446352
0.022292990433115584
0.046784139363072734
0.0484468930167934
0.04796457889740139
0.05403077581871016
0.050207396751818116
0.049914086571921784
0.05790172901139071
0.05630219945254493
0.04377802558198677
0.05325047771895293
0.054969886545579764
0.059374741574767353
0.05519552624831928
0.04653451920596939
0.039934456855820276
0.029879541381622216
0.013418566260817978
0.017171942145136867
0.02651901618791038
0.03106356814405014
0.02500672055895987
0.0025176780367985267
-0.012695054289405379
-0.012589842679295955
-0.013285650342758238
-0.015191496337631057
-0.011827302113914053
-0.010637220984638237
-0.019083691668662247
-0.03250838768579386
-0.03289500502050985
-0.02828858798453608
-0.03169002252307896
-0.02528533414095993
-0.008089646744366656
-0.007746234139240127
-0.014087847557872103
-0.007713827617369448
0.002119792990153147
0.00019466477203254764
-0.00799830133429711
-0.017435249038593895
-0.029477365693404648
-0.03324291548576492
-0.033125504600571114
-0.03049962823693298
-0.033161279626612285
-0.032259874237682076
-0.04367296785647117
-0.02791523104369113
-0.024315333960323145
-0.01692914380624419
-0.0263431468977265
-0.02407180715264745
-0.00766577688051605
-1.0
