-1.0
-1.0
-1.0
-1.0
-1.0
-1.0
-1.0
-1.0
-1.0
-1.0
-1.0
-1.0
-1.0
-1.0
-1.0
-1.0
-1.0
-1.0
-1.0
-1.0
-1.0
-1.0
-1.0
-1.0
-1.0
-1.0
-1.0
-1.0
-1.0
-1.0
-1.0
-1.0
-1.0
-1.0
-1.0
-1.0
-1.0
-1.0
-1.0
-1.0
-1.0
-1.0
-1.0
-1.0
-1.0
-1.0
-1.0
-1.0
-1.0
-1.0
-1.0
-1.0
-1.0
-1.0
-1.0
-1.0
-1.0
-1.0
-1.0
-1.0
-1.0
-1.0
-1.0
-1.0
-1.0
-1.0
-1.0
-1.0
-1.0
-1.0
-1.0
-1.0
-1.0
-1.0
-1.0
-1.0
-1.0
-1.0
-1.0
-1.0
-1.0
-1.0
-1.0
-1.0
-1.0
-1.0
-1.0
-1.0
-1.0
-1.0
-1.0
-1.0
-1.0
-1.0
-1.0
-1.0
-1.0
-1.0
-1.0
-1.0
-1.0
-1.0
-1.0
-1.0
-1.0
-1.0
-1.0
-1.0
-1.0
-1.0
-1.0
-1.0
-1.0
-1.0
-1.0
-1.0
-1.0
-1.0
-1.0
-1.0
-1.0
-1.0
-1.0
-1.0
-1.0
-1.0
-1.0
-1.0
-1.0
-1.0
-1.0
-1.0
-1.0
-1.0
-1.0
-1.0
-1.0
-1.0
-1.0
-1.0
-1.0
-1.0
-1.0
-1.0
-1.0
-1.0
-1.0
-1.0
-1.0
-1.0
-1.0
-1.0
-1.0
-1.0
-1.0
-1.0
-1.0
-1.0
-1.0
-1.0
-1.0
-1.0
-1.0
-1.0
-1.0
-1.0
-1.0
-1.0
-1.0
-1.0
-1.0
-1.0
-1.0
-1.0
-1.0
-1.0
-1.0
-1.0
-1.0
-1.0
-1.0
-1.0
-1.0
-1.0
-1.0
-1.0
-1.0
-1.0
-1.0
-1.0
-1.0
-1.0
-1.0
-1.0
-1.0
-1.0
-1.0
-1.0
-1.0
-1.0
-1.0
-1.0
-1.0
-1.0
-1.0
-1.0
-1.0
-1.0
-1.0
-1.0
-1.0
-1.0
-1.0
-1.0
-1.0
-1.0
-1.0
-1.0
-1.0
-1.0
-1.0
-1.0
-1.0
-1.0
-1.0
-1.0
-1.0
-1.0
-1.0
-1.0
-1.0
-1.0
-1.0
-1.0
-1.0
-1.0
-1.0
-1.0
-1.0
-1.0
-1.0
-1.0
-1.0
-1.0
-1.0
-1.0
-1.0
-1.0
-1.0
-1.0
-1.0
-1.0
-1.0
-1.0
-1.0
-1.0
-1.0
-1.0
-1.0
-1.0
-1.0
-1.0
-1.0
-1.0
-1.0
-1.0
-1.0
-1.0
-1.0
-1.0
-1.0
-1.0
-1.0
-1.0
-1.0
-1.0
-1.0
-1.0
-1.0
-1.0
-1.0
-1.0
-1.0
-1.0
-1.0
-1.0
-1.0
-1.0
-1.0
-1.0
-1.0
-1.0
-1.0
-1.0
-1.0
-1.0
-1.0
-1.0
-1.0
-1.0
-1.0
-1.0
-1.0
-1.0
-1.0
-1.0
-1.0
-1.0
-1.0
-1.0
-1.0
-1.0
-1.0
-1.0
-1.0
-1.0
-1.0
-1.0
-1.0
-1.0
-1.0
-1.0
-1.0
-1.0
-1.0
-1.0
-1.0
-1.0
-1.0
-1.0
-1.0
-1.0
-1.0
-1.0
-1.0
-1.0
-1.0
-1.0
-1.0
-1.0
-1.0
-1.0
-1.0
-1.0
-1.0
-1.0
-1.0
-1.0
-1.0
-1.0
-1.0
-1.0
-1.0
-1.0
-1.0
-1.0
-1.0
-1.0
-1.0
-1.0
-1.0
-1.0
-1.0
-1.0
-1.0
-1.0
-1.0
-1.0
-1.0
-1.0
-1.0
-1.0
-1.0
-1.0
-1.0
-1.0
-1.0
-1.0
-1.0
-1.0
-1.0
-1.0
-1.0
-1.0
-1.0
-1.0
-1.0
-1.0
-1.0
-1.0
-1.0
-1.0
-1.0
-1.0
-1.0
-1.0
-1.0
-1.0
-1.0
-1.0
-1.0
-1.0
-1.0
-1.0
-1.0
-1.0
-1.0
-1.0
-1.0
-1.0
-1.0
-1.0
-1.0
-1.0
-1.0
-1.0
-1.0
-1.0
-1.0
-1.0
-1.0
-1.0
-1.0
-1.0
-1.0
-1.0
-1.0
-1.0
-1.0
-1.0
-1.0
-1.0
-1.0
-1.0
-1.0
-1.0
-1.0
-1.0
-1.0
-1.0
-1.0
-1.0
-1.0
-1.0
-1.0
-1.0
-1.0
-1.0
-1.0
-1.0
-1.0
-1.0
-1.0
-1.0
-1.0
-1.0
-1.0
-1.0
-1.0
-1.0
-1.0
-1.0
-1.0
-1.0
-1.0
-1.0
-1.0
-1.0
-1.0
-1.0
-1.0
-1.0
-1.0
-1.0
-1.0
-1.0
-1.0
-1.0
-1.0
-1.0
-1.0
-1.0
-1.0
-1.0
-1.0
-1.0
-1.0
-1.0
-1.0
-1.0
-1.0
-1.0
-1.0
-1.0
-1.0
-1.0
-1.0
-1.0
-1.0
-1.0
-1.0
-1.0
-1.0
-1.0
-1.0
-1.0
-1.0
-1.0
-1.0
-1.0
-1.0
-1.0
-1.0
-1.0
-1.0
-1.0
-1.0
-1.0
-1.0
-1.0
-1.0
-1.0
-1.0
-1.0
-1.0
-1.0
-1.0
-1.0
-1.0
-1.0
-1.0
-1.0
-1.0
-1.0
-1.0
-1.0
-1.0
-1.0
-1.0
-1.0
-1.0
-1.0
-1.0
-1.0
-1.0
-1.0
-1.0
-1.0
-1.0
-1.0
-1.0
-1.0
-1.0
-1.0
-1.0
-1.0
-1.0
-1.0
-1.0
-1.0
-1.0
-1.0
-1.0
-1.0
-1.0
-1.0
-1.0
-1.0
-1.0
-1.0
-1.0
-1.0
-1.0
-1.0
-1.0
-1.0
-1.0
-1.0
-1.0
-1.0
-1.0
-1.0
-1.0
-1.0
-1.0
-1.0
-1.0
-1.0
-1.0
-1.0
-1.0
-1.0
-1.0
-1.0
-1.0
-1.0
-1.0
-1.0
-1.0
-1.0
-1.0
-1.0
-1.0
-1.0
-1.0
-1.0
-1.0
-1.0
-1.0
-1.0
-1.0
-1.0
-1.0
-1.0
-1.0
-1.0
-1.0
-1.0
-1.0
-1.0
-1.0
-1.0
-1.0
-1.0
-1.0
-1.0
-1.0
-1.0
-1.0
-1.0
-1.0
-1.0
-1.0
-1.0
-1.0
-1.0
-1.0
-1.0
-1.0
-1.0
-1.0
-1.0
-1.0
-1.0
-1.0
-1.0
-1.0
-1.0
-1.0
-1.0
-1.0
-1.0
-1.0
-1.0
-1.0
-1.0
-1.0
-1.0
-1.0
-1.0
-1.0
-1.0
-1.0
-1.0
-1.0
-1.0
-1.0
-1.0
-1.0
-1.0
-1.0
-1.0
-1.0
-1.0
-1.0
-1.0
-1.0
-1.0
-1.0
-1.0
-1.0
-1.0
-1.0
-1.0
-1.0
-1.0
-1.0
-1.0
-1.0
-1.0
-1.0
-1.0
-1.0
-1.0
-1.0
-1.0
-1.0
-1.0
-1.0
-1.0
-1.0
-1.0
-1.0
-1.0
-1.0
-1.0
-1.0
-1.0
-1.0
-1.0
-1.0
-1.0
-1.0
-1.0
-1.0
-1.0
-1.0
-1.0
-1.0
-1.0
-1.0
-1.0
-1.0
-1.0
-1.0
-1.0
-1.0
-1.0
-1.0
-1.0
-1.0
-1.0
-1.0
-1.0
-1.0
-1.0
-1.0
-1.0
-1.0
-1.0
-1.0
-1.0
-1.0
-1.0
-1.0
-1.0
-1.0
-1.0
-1.0
-1.0
-1.0
-1.0
-1.0
-1.0
-1.0
-1.0
-1.0
-1.0
-1.0
-1.0
-1.0
-1.0
-1.0
-1.0
-1.0
-1.0
-1.0
-1.0
-1.0
-1.0
-1.0
-1.0
-1.0
-1.0
-1.0
-1.0
-1.0
-1.0
-1.0
-1.0
-1.0
-1.0
-1.0
-1.0
-1.0
-1.0
-1.0
-1.0
-1.0
-1.0
-1.0
-1.0
-1.0
-1.0
-1.0
-1.0
-1.0
-1.0
-1.0
-1.0
-1.0
-1.0
-1.0
-1.0
-1.0
-1.0
-1.0
-1.0
-1.0
-1.0
-1.0
-1.0
-1.0
-0.02449099044330997
-1.0
-1.0
-1.0
-1.0
-1.0
-1.0
-0.021603298052663207
-1.0
-1.0
-1.0
-0.017881129348407097
-0.01526349090180866
-0.014213381596862225
-0.011535086048838567
-0.00745351654978443
-0.006783698010511435
0.005225289270445432
0.007029627958521512
0.007976559782723465
0.010655725813637613
0.007372726804945271
0.013172270365005203
-1.0
-0.0007191473793894389
-0.0019854177098042733
-0.007555278304308763
-0.008672964658307494
-0.006922733046842323
0.005782524416862842
0.005484740266643361
0.004233496013844179
0.005771006660638126
-0.005749317243462874
-0.0017674221899801645
-0.005261673601341955
-0.005232208803487671
-0.004255677320598231
-0.0002845562565047659
-0.001236980052518498
-0.004683565160686809
-0.0035492135584950617
0.0021680714703232154
-1.0
0.007471001565367099
0.010037672948613912
-1.0
0.009823025896634219
-1.0
0.013285390726933839
0.007524413593570256
0.015421797271669223
0.01853211386925174
0.01937431348796944
0.02289843614575379
0.018565249449377676
0.012578697837445406
0.012482743297613078
0.011673772859351575
0.013002703769854152
0.019831008360383994
0.022350983570346802
0.024037450071499888
0.015130880119854296
0.012966725604101984
0.01695264402781733
0.004912684245229867
0.0019364543948246155
-0.0012471867899788856
-0.007820400282569572
-0.00840173375073503
-0.005272480866787408
-0.0002912095389036718
-0.0031181774786490754
-0.0033118789378975655
-0.0014829988997067044
-0.003622415181261055
-0.0002749540461119722
-0.0038950411773423363
0.0026841215701973765
-0.0026655193807852786
-0.004457646868802534
0.0013339129707438265
-0.0023135547198626554
-0.004712506312875906
-0.004250064966805058
-0.005141505956188528
-0.0036962747148890575
0.00048681608456937906
0.008307480127101795
0.007099109690546142
0.009180738441284364
0.006739800585495209
0.005378149275359265
0.0035807206006932602
0.014395433973715566
0.012464832082104527
0.015179739735588518
0.008758785249892752
0.004700165035695082
0.005473597762467471
0.01218935069906883
0.012103495330444443
0.012950816644706055
0.011432459931356744
0.019895120119266432
0.020814010128700263
0.0195818424639828
-1.0
0.01351103690462118
0.01761527387731871
0.01707870434821553
0.013553445149847567
0.016712420384890535
0.01768175549089227
0.02076193844374688
0.02190866747896716
0.019181511862429636
-1.0
0.027157999193981243
0.025622404883412955
0.02732896011922498
0.02215840223132013
-1.0
0.027394761503767587
0.02302044129103803
0.029250191054784738
-1.0
-1.0
-1.0
-1.0
-1.0
0.02328952788917185
0.02040420566586894
0.015137290586378412
0.021180114360793353
-1.0
0.02711950624044062
0.020292405079219256
0.0137360010393604
0.0039421935637770945
0.009822842103097461
0.013019460035638645
0.013810940763524827
0.01842403854631765
0.008560420852171811
0.017123743353350367
0.018667820836977437
0.015267694654989146
0.007835879948751817
0.005739855831671859
0.006254556670662175
0.007513364208237707
0.00499615741644241
0.002508557166760676
0.0017004300360044223
0.007259823100970468
0.004858917001373159
0.007573654812101612
0.002901616603561947
0.004804293164818329
0.0111346093666499
0.012475306909833506
-1.0
-1.0
-1.0
0.0185049777195145
0.017288984823396362
-1.0
-1.0
0.025052089165599117
0.02616489336481605
0.024609639570051377
0.026395995904842578
-1.0
0.019615850325045935
-1.0
-1.0
-1.0
0.014499658021640695
0.012573140862461729
-1.0
-1.0
-0.0013936453338865083
-0.007546230157297577
-0.005612951930310314
-0.005352848301508302
-0.004903559726965872
0.00011486018502920338
-0.005691824143129495
-0.006706997904453539
-0.0002178632309829992
-0.012308628711190617
-0.011663000920559913
-0.017435320183363173
-1.0
-0.022596394386675715
-0.017809430964249473
-0.019490561971556405
-0.01846429190270095
-0.01750831157300198
-0.022763268307614555
-0.022269558553074113
-0.022718066937031618
-0.02333759221962482
-0.020845574581484415
-0.014490377521099282
-0.016784603028386764
-0.017202949936251714
-0.01303215912307428
-0.019020484296407014
-0.017400043684218335
-1.0
-0.016223160847297066
-0.017356884082267703
-0.01837559398353989
-0.024460470827802512
-1.0
-0.023620111227523367
-0.017677509790986846
-0.017016230984058293
-0.019993414331082097
-0.018483144637126924
-1.0
-0.01781479812840221
-0.020302029162273614
-0.021830574510968388
-0.028570283701469433
-0.026741750137557
-0.019999280404678504
-0.017595130576306576
-0.022175538112452747
-1.0
-0.01966405819141271
-0.017665774331571602
-1.0
-1.0
-0.022636000161863404
-0.023314300459210693
-0.022343369918668206
-1.0
-0.020824765212746642
-0.018349146911600916
-0.01894156399527064
-0.019319906533553293
-0.023203355582252817
-0.02496536088977705
-0.0183588330325922
-0.02065911875459431
-1.0
-0.01962942085200257
-0.020052186754814193
-0.019282355229303817
-0.014847883582891148
-0.023607996758266764
-0.021568936378829996
-0.015087725515846374
-0.014311302264753899
-1.0
-1.0
-0.01980176596266074
-0.02753004477206449
-1.0
-1.0
-1.0
-0.015834552761149423
-0.019963675472305688
-0.01757602611709115
-1.0
-0.018929724818396068
-1.0
-1.0
-0.012712584177204951
-0.01908712316624803
-0.015839216074004386
-0.02074725467304659
-0.01926674552270561
-0.015158682318394893
-0.019162958511299327
-0.021121236712948015
-0.015641931669730595
-1.0
-1.0
-0.018070947152231627
-0.02094618660651399
-0.018499882548233988
-1.0
-1.0
-0.01952204650458061
-0.023256233389635114
-0.021558047766922044
-1.0
-0.01979966283430614
-1.0
-0.018667821784650332
-0.016767927394770104
-0.02334976659614664
-1.0
-0.02122256978301336
-0.019159558152750767
-0.01894216809937368
-0.016982259213075297
-0.022257459610087342
-1.0
-0.016694497374788897
-0.014715808984342453
-1.0
-0.020580533977585587
-1.0
-1.0
-0.0180849101564042
-1.0
-1.0
-0.0232602314349088
-1.0
-1.0
-1.0
-1.0
-1.0
-0.017385326207545966
-0.013318214381218435
-0.01637101389939805
-0.019522205043258654
-0.0138440589130747
-0.014725836726991568
-0.01553093129341419
-0.022712974129955734
-0.021718026370662166
-0.01345550104848618
-0.021248338874055476
-0.016338732255567597
-1.0
-1.0
-0.017988943942516083
-0.015385325455100636
-0.010670251749507044
-0.0071835880862474895
0.004149646838635344
-0.0046517479543301795
-0.005931574709034603
-0.0025189348159222937
-0.006037330855375409
-0.0024740364531228897
-0.0013085331220344678
0.0015035073666829371
-0.0021654941341589253
-0.005721836393194346
0.005221783612163848
-0.0031298040279735566
-0.008674347698735778
-0.0033796880380983453
0.007260022138079995
-0.0008634989649019883
-0.005729046097209362
-0.0035807244246276876
-0.008605103810002214
-0.012509638577683566
-0.01897678443844802
-0.017521026111771726
-0.021968217546945442
-0.0164336914119905
-0.0174242471567419
-0.022231200524813546
-0.024518649745133958
-0.02430722574050382
-0.021352638148992718
-0.021644234591287143
-0.023100431675328034
-1.0
-0.019502085785522722
-1.0
-0.014875040957140113
-0.022587741117544764
-0.02125299323028501
-1.0
-0.018613719141545786
-0.019718848160949126
-0.022372909890347698
-0.019556594857907502
-0.02655531187190023
-0.01605215103438108
-0.018133930678317138
-0.018842772095604598
-0.01876719970220974
-0.015463286603233043
-0.01367840013564638
-0.012311571295410677
-0.02097594556069533
-0.020458483847653235
-0.016451359707219667
-0.01796398820539373
-0.020940681048269103
-0.017164517424231703
-0.022957133695372913
-0.01946698265353534
-0.020818885958020276
-0.02092247546637499
-0.019795392952906235
-0.025035792476404032
-0.01935996675058488
-1.0
-0.020726833847271448
-1.0
-1.0
-0.017461961969259133
-0.020169412851544197
-0.021397506593745612
-0.01752884304676511
-0.02155359176339101
-0.014910514631132623
-0.018805182544598835
-0.014048022199865205
-0.012985988839247972
-0.00527782092414052
-0.0013362186242680569
-0.009410181094673125
-0.011651428502081817
-0.016533401112400464
-0.008327115427008033
-0.013253747660184828
-0.010683045191344227
-0.01519026533796104
-0.015210781762706205
-0.012597248818906266
-0.016253899372146944
-0.008053623316600002
-0.0002569334228726364
0.0020318784652802206
0.010702425311619823
0.012604793360815653
0.011265842432177231
0.007372215762986493
0.003198698185323901
0.008637736129939797
0.0012756998086993284
0.002700347151137541
0.007416710099406783
0.006632364327678665
0.004759900705534787
0.011178486224873512
0.019778901023703208
0.017016980447292426
0.026643134625040154
0.022496713552083242
0.022871591684734217
0.02313607020297279
0.02456579364431081
0.027688861744841694
0.02302690123743452
0.020903681390578858
0.024099711186078034
0.026124498714186557
0.024031945411342136
0.026322298446297458
0.02253488403598544
0.02595958525257016
0.015942094282345838
0.016551620465056562
0.02218765570957743
0.01722185507846689
0.019646253270422204
0.015480063168757168
0.014097085016673035
0.013945358843857239
0.008815055115838804
0.009687294987546311
0.005182077782564628
0.012795403963924864
0.0015247115527312963
0.004725964983979444
1.793885555787948e-05
0.0011179858314147642
0.004951842193539358
0.005363966179072976
-0.000663128426441989
0.0058444685345042996
0.0021577700281062992
0.007006025666000553
0.0019118598880124452
0.010203758066738329
0.01041200185123784
0.016015999358392194
-1.0
0.01305588955807261
-1.0
0.018870732502730952
0.016709236401746992
0.018916094622658877
0.018659282519346163
0.021964002033784135
0.01676543877898213
0.013940028059715658
0.016519457686599914
0.016284892203388277
0.008736238565433378
0.011473836620025836
0.012788198568111244
0.01031483217296185
0.013860100766272709
0.020106475935004902
0.01266602307709826
0.008793486772147713
0.013490858219950533
-1.0
0.013914879582345576
0.012981145998644071
0.011493770354878736
0.008106558882780175
-0.000804589763028562
0.005495668744616513
-0.0036430554720044434
0.004097960634585022
0.004168129285734751
0.0005755988158451694
-0.0019383778107705412
-0.009420453167894263
-0.006636599424661358
-0.007114544615861315
-0.008391234416572671
-0.0009551339676394633
-0.0032034107934419452
-0.004543864933703664
-0.0028125049491567423
-0.005168629933477014
-0.0068421737353241184
-0.004268083151927438
-0.007815123066678994
-0.0077885671938092696
-0.002522103842960726
-0.004584150436591366
-0.009802672529155959
-0.008715167366664606
-0.004832306427477535
-0.005270404371886622
-0.007263942482705357
-0.009972112990259793
-0.002160600040497101
-0.012522747324154992
-0.011213373962146403
-0.013742073765801584
-0.0042103551379479
-0.006824556609117113
0.002670829261715544
0.0011221769125655283
0.0037634969074386757
3.472821774199302e-06
0.011433961603058474
0.006204508550249431
0.010409864271140398
0.007456737570702141
0.012689776939042035
0.007686416665357831
0.004747142408424527
0.0008965935797373132
0.0019807882836403137
-0.0006857822772508899
0.003178785915201162
-0.004175287196706716
0.006799969820139895
0.007247827473431871
0.0019253988887906774
0.0020337427503413943
0.010488018818529385
0.007150705183802663
0.008983162359659649
0.0067218539831103725
-1.0
0.01490974222249751
0.010790757477550534
0.00983393958168286
0.008963653798896808
0.001607368452975278
0.0060161096939501625
0.0032701505837464426
0.010316768918497303
0.005973124713622347
0.003270932078744974
-1.0
0.010899778885870149
0.015200681752355635
0.009300087387648788
0.008202564499513707
0.009309182798319741
0.016659847051902956
0.018988667939625472
0.020050557547759338
0.022351927974472417
0.015026876124674397
0.022720136415497798
0.022531814437175588
0.026748237167028715
0.019546102903888068
0.024906264744289135
0.023162751384211203
0.016882591485219547
0.019876038672312128
0.022046278498846047
0.025382638661986263
0.024434472500581544
0.03043011444339155
0.011948940746552138
0.013283638523198327
0.014159453303822567
0.02322895909776401
0.021639138133050153
0.021342834037552896
0.02524254279897042
0.016229269213812778
0.02072734786161919
-1.0
0.019808479752681074
0.022996354799929775
0.023178073956164717
0.018011651399571744
0.021744359029990192
0.023701781093392667
0.025708266159652885
0.02343851128409708
0.020410592681064082
0.022095404755198535
0.02187374269709102
0.017733782542837653
0.008517573790724188
0.006802372069857824
0.009318852232008332
0.0061810032952533565
0.007218515432107501
0.01087973978305097
0.0035026631923340806
0.009939267041518866
0.009759303836856567
0.009031730190893485
0.01228786530022887
0.006109588697761902
0.01115961111177572
0.008501384094791266
0.014664106347537962
0.014545687749215655
0.006453339601288762
0.010129615391149616
-0.0007795791569531271
-0.005657039688043253
-0.007883169238041709
-0.0006992996029935733
-0.007605977054057204
-0.005533142140836211
-0.004524345012433467
-0.00207604463113315
-0.004214304930067269
-0.007385211008873017
-0.0043387603073580805
-0.009598910033262562
-0.0049689698795699734
-0.007338324189397308
0.0010532583913755254
-0.0009674341227443897
0.0018250102661248693
0.0018494230593704732
-0.006519102529615383
-0.006368131688661158
-0.009162408520845784
-0.002035007741877633
-0.008725202203264405
-0.011845409820197656
-0.006108497019183964
-0.00520048186291576
-0.0028482899982750255
-0.0035979620116730463
-0.0007819417041759595
-0.004026732191817506
-0.001722711557886723
-6.566938654215036e-05
-0.0030689152205261583
-0.006008530630953922
-0.011282688868995076
0.00017177754792056614
-0.0054668509274181515
-0.009127484918141941
-0.0075242893129147
-0.005793074205905577
-0.002579246213258693
-0.005818556448565546
-0.0007265952546578362
0.008625529723141158
0.003719424275594898
-0.001991971404092987
0.0011701024332913842
-0.0006445456504786639
0.0012520691026620216
0.004677253137387826
0.0014768543656649142
-0.0010560306033530508
0.007452313117104607
-0.00012884655058441845
-0.009276851809577756
-0.012388169425297548
-0.008880664429516592
-0.012835416166384648
-0.007916500726958943
-0.01228323760103331
-0.01362957656716583
-0.011024916720978578
-0.005862137297409376
-0.013549116881369958
-0.013784915430085764
-0.008958899707491605
-0.010374812183734008
-0.009031192723854975
-0.001986568728396246
-0.0031885128864561326
-0.0071616741549412315
-0.007075705638051904
-0.013701337491422487
-0.012356068606604875
-0.015323144607709064
-0.01382594592178381
-0.016269965797141763
-0.01921594988528114
-0.01810506717945742
-0.012658783738932105
-0.022944195878411257
-0.023254881292853424
-0.02438867692598155
-0.026298456794942932
-0.02418251270093845
-0.029279579366879523
-0.021128985033919138
-0.028242336443148733
-0.02867158177651134
-0.02573148536106921
-0.024098543554210306
-0.024453747661528986
-0.020637767331118606
-0.02331472859942353
-0.02615860922958778
-0.02777737187934811
-0.029720015494583158
-0.024316755239920662
-0.02466509205133692
-0.026667996594593128
-0.02701055789428752
-0.026138627922227656
-0.029978427702979968
-0.02327074134826435
-0.031920922374144206
-0.02968484848368582
-0.01867809189183448
-0.02895599063316918
-0.02112278989543837
-0.023785578922194323
-0.024086828778504238
-0.023013564215280682
-0.026348411093225922
-0.0249522435452294
-0.020436837163002413
-0.02225304743507902
-0.02732664102875569
-0.023555579310902484
-0.023141689917172293
-0.017817299921023527
-0.023244512456155803
-0.017368698066441698
-0.016549073686320137
-0.016575214723068655
-0.014963740765594946
-0.010393674678281482
-0.010086185717751004
-0.0027320204531900384
0.003334611300077026
0.003943865878405182
0.007217902408900144
0.018907492336773413
0.0141988832512297
0.011660339488310285
0.01311798416995172
0.009290114713284194
0.009126730765964205
0.014783793809904173
0.005128648391962367
0.011333599388673508
0.004857149840280475
-0.0035422973403846543
-0.003473658254457036
-0.020807470132480584
-0.02572363874219212
-0.018683714062362102
-0.025413724412555
-0.02523500909730793
-0.021083349841495118
-0.024205714048452197
-0.02575193235452959
-0.027206977009491977
-0.02937750211592652
-0.027912398742687135
-0.02490946711682431
-0.031141444720548864
-0.029140956173927906
-0.026273614338816198
-0.02758581823799749
-0.02567568381871392
-0.024512373700471643
-0.02631413465223278
-0.024784526309717683
-0.025391736881634885
-0.025184644064858354
-0.024825125577459195
-0.02108892855335405
-0.02148388128722213
-1.0
-0.02751808670304252
-0.024904072393369826
-0.023904436917256796
-0.028593349646172
-0.022814978155161876
-0.029669920841032663
-0.028031397124931235
-0.020696997883022972
-0.01659329382157257
-1.0
-1.0
-0.016467789686870113
-0.020149740943661794
-0.024555059204631913
-0.021404973109218003
-0.02625983333000144
-0.024731485184341002
-0.022809460271890198
-0.02190153544373435
-0.02223622164098697
-0.02016333400017646
-0.018411766808326787
-0.024717557030587315
-0.017800793858087572
-0.024349400265426424
-0.026676286529911407
-0.02778262629685981
-0.022249352392059822
-0.022891838253967057
-0.020121041020208084
-0.02061223371758878
-0.02406618167950995
-0.014576209933774306
-1.0
-0.020799135364132817
-0.027027475201852693
-0.025112184918150125
-0.023651017993516935
-0.01883634701245079
-0.02253951547717722
-0.020596175808231677
-1.0
-1.0
-1.0
-1.0
-0.017959417233421544
-0.024203386218058415
-1.0
-1.0
-0.018616941308773026
-0.022445903762173917
-0.021965328912217117
-0.013964712703744818
-0.021472310180647772
-0.013278797464176617
-0.01503825536366412
-0.011887968826808133
-0.012295655721513078
-0.015151734356699665
-0.013300092874608512
-0.022201033739773814
-0.018500277804636252
-0.01631119920869069
-0.022724958504628096
-0.02258906220524946
-0.01636658958568657
-0.01935574418296237
-0.01803760247631689
-0.019483716435925974
-0.015191093663921261
-0.016879978548540453
-0.019733722294344877
-0.01656508913863554
-0.013953310969460913
-0.021161805811518657
-0.018011755507188115
-0.01655839318152129
-0.015431168379347503
-0.014764198887061568
-0.008775970233495642
-0.012460938771197413
0.0009138187497454454
-0.003986544558855567
-0.0039270674352509275
-0.002615906601137479
-0.013944843699294428
-0.0178419781532249
-0.014579920631562914
-0.022112583334194556
-0.012957597619132226
-1.0
-0.017587544334125228
-1.0
-1.0
-0.01336540472811186
-1.0
-0.01566949374533893
-0.019428550364818886
-0.015222906303032564
-1.0
-0.017533344759931173
-0.016795772038055462
-0.01952377710422216
-0.020860625196893374
-0.017314642306003075
-0.012719138035823382
-0.021649367111381684
-0.018728334939682293
-0.02203140508070712
-0.015058915206913574
-0.025429101429618392
-1.0
-0.018918300939673213
-1.0
-1.0
-1.0
-0.015832582483264454
-0.020931791065845893
-1.0
-0.019098631231330675
-0.017136430478043568
-1.0
-0.02039698484632906
-1.0
-0.021644367200344503
-0.020983979910767718
-1.0
-1.0
-0.021479705693323938
-1.0
-1.0
-1.0
-1.0
-0.020346770679037632
-0.02156292956919919
-1.0
-0.01887943211087365
-0.021065762980945497
-1.0
-0.01853092092350221
-0.016019065309439397
-0.017027294241304954
-0.019989414034165914
-1.0
-0.02134811792425839
-0.019416855159876383
-0.020355208171420378
-0.019369531594443882
-0.02048574536477443
-0.02406384024597765
-0.019799792034033342
-0.019023517199861145
-0.01686327469774582
-0.02396259272501985
-0.021695971501953223
-0.015890310766039677
-0.018411907497572568
-0.019770059241961443
-0.017221941634733597
-0.020538682014614222
-0.007878054836683515
-0.01719567942811175
-0.01760581288901058
-0.02177328885264842
-0.01595760837489745
-0.02183014007725303
-0.018163273511013735
-0.014729814230929639
-0.004942516964515679
-0.012731172508299004
-0.00861622133291231
-0.016920446650634396
-0.01386575072590275
-0.02200906155628406
-0.01938831559064472
-0.02328341406831457
-0.01852032731535607
-0.0201572178346023
-0.018158686890302686
-0.02190275914791979
-0.02184557138544348
-0.021381861613914623
-0.022064476882373712
-0.022709916109060382
-0.02730178010227729
-0.02071493956018183
-0.02470742387573198
-0.02594080659836881
-0.024704057168053573
-0.023865998958009352
-0.021603042071845737
-0.013767246415936813
-0.005785796922206765
-0.0006750891260344862
-1.0
-0.0025383562516515593
-0.006527117390210929
-0.002762796593585894
-0.003471851970262896
0.00813146187522867
0.007834453212067716
0.011992099733317236
0.008907799223156562
0.005137287588554343
0.00029899661312075414
0.0029040872684446533
-0.006375588891109324
-0.02437457891330696
-0.021135763906327
-0.017013209414544164
-0.02606376197778975
-0.024238741476427673
-0.025234717318861358
-0.028443377801699365
-0.02198579032640323
-0.017634325914099473
-0.0244459155564142
-0.01735397009681138
-0.02209042161888868
-0.01833213013149919
-0.017444779349009468
-0.012659723927765628
-0.007274094481247646
-0.013503202343584179
-0.017057955788827472
-0.014344576607979637
-0.009744093593262702
-0.00894557410076822
-0.009654147234549028
-0.017048205440990612
-0.01747616325856405
-0.00921909780728415
-0.010470596035673527
-0.01446007154829518
-0.024900004204957932
-0.017544843287179635
-0.021673294144143946
-0.013517113434117099
-0.020055676353373776
-0.016704021738540173
-0.018635848584604625
-0.023222748815491325
-1.0
-0.02205303968478567
-0.02300564543886379
-0.02198993701006987
-0.020562273731184938
-0.03106170590000571
-0.02109674953537358
-0.018168761612098447
-0.020242514813084478
-0.026184189971400287
-0.020062297325008395
-0.02103805570401261
-0.026441909515581737
-0.026761214001152542
-0.02508843013017048
-0.022681386890002472
-0.023599860673539585
-0.02428551982126897
-0.02562973184231289
-0.02494939299274839
-0.020299767816667744
-0.027901825223569317
-0.025692571906118414
-0.024220530810204165
-1.0
-0.019550174565124884
-0.02406048326658691
-0.02032733461268819
-1.0
-1.0
-0.02037354007874175
-0.021148063124262234
-0.023156868896170194
-0.02252607041688144
-0.024253572524148816
-0.023914117949409945
-0.02228233147067526
-0.025996798985518967
-1.0
-0.02767827566876791
-1.0
-1.0
-1.0
-0.023050923995240523
-0.025475365800412188
-0.023292195397526985
-0.022409781856936904
-0.03060701479267475
-1.0
-0.02285850933022608
-0.0227835725862603
-0.02362217735721128
-1.0
-0.024929779160743067
-0.027803700032395573
-0.021061198344246253
-0.026070019673953792
-1.0
-0.022547136770720462
-0.02319898688065063
-0.01958872006803276
-1.0
-0.027250990184249767
-0.02417615871291315
-0.028449620916192405
-1.0
-0.023522210018520544
-0.02642539432292438
-0.02306934612949554
-1.0
-0.021540558794526043
-0.024805738812612638
-0.0241581388824145
-0.024908040256962433
-0.022240075011945602
-0.022968407184159104
-0.02683004145962947
-0.023480693610628996
-0.02457090806966127
-0.02392496301323894
-0.02236909435915155
-1.0
-0.026679895046384492
-0.022939953735463637
-1.0
-0.02391368861703851
-0.0244898895394049
-0.020374725187385787
-1.0
-0.024458810744094086
-1.0
-1.0
-0.026215979919674535
-0.01906185363425559
-1.0
-0.018125559197441857
-1.0
-0.023824112009618502
-0.01746996855579462
-0.02099857783153473
-0.024048263279644055
-1.0
-0.025984283932272437
-0.027105713171857403
-0.030337248588940664
-0.027441366493907614
-0.025538294353993234
-0.022126824723360805
-0.024103543509904193
-0.024896748156034553
-0.031822731613617955
-0.029153310411176813
-0.02559509400176953
-0.026043921854287968
-0.02948583099049712
-0.027906956072903295
-0.02709897765522537
-0.02927624154921936
-0.024579047728115304
-0.021055609078884516
-0.0241784639258765
-0.028650215061438233
-0.029265713244472732
-0.02480817206603742
-0.027191067859433468
-0.0337857243363346
-0.025770806388963115
-0.02668763195609772
-0.02394312740870376
-0.025169906267206502
-0.022462039753771822
-0.01701215283379995
-0.01147611072610924
-0.0054883054635790785
-0.010079658449904322
-0.01236932605097575
-0.007812713461760653
0.017958823838530813
0.02232329257155395
0.02435686590288636
0.011039098414828575
0.013866036288328226
0.011199764863034426
0.014017860272876794
0.02811371675086596
0.02498541055357368
0.02493776911532614
0.03196207499735774
-1.0
0.029900936837750317
0.028590668630996324
-1.0
0.03118285070999428
-1.0
-1.0
-1.0
0.031178914293340094
0.02992977780300921
0.02821031095949312
0.028935929527699668
0.02794079888542536
0.03118276894924714
0.02688163845098327
0.022118993452350508
0.02446614295950637
0.02672528283347639
0.03775089433337503
0.019985483212947765
0.029730020612069693
0.029860364922508018
0.029438142757656043
0.03156964674418375
0.02582928859245338
0.024472148221310056
0.02995975971560289
0.027491967892303334
0.025579029586909167
0.03123079330487537
0.02924936369941902
0.029241479023528687
-1.0
0.02809729490251959
0.025708788127556604
0.023391835050070576
0.03324242423432011
0.022918388603347637
0.026737666926783123
0.025756928207608068
0.028720317354355904
0.024921415229199995
0.03055536476652677
0.03224108283321969
0.016186665354102972
0.020167364384136403
0.01247590899959593
0.017977152476142084
0.020060043265280963
0.021262197765156487
0.017907229795258158
0.016556926791242824
0.015563393876647654
0.016954566245268032
0.011985314565333626
0.025206392583879907
0.017198986290689312
-1.0
0.022490870080967677
0.023879930510330206
0.025129028918102696
-1.0
0.024392435536248164
0.026303232102726566
0.02989304846005588
-1.0
0.023775104573937382
-1.0
0.02273886826648593
0.020751282950188438
0.02513338028213403
0.02088213222565641
0.031528699062076865
0.026707297868681586
0.028346156001910254
0.013279802781926406
0.018162186230564033
0.015018896646659376
0.017805060472758413
0.018337997801327322
0.014663686935043179
0.01634624585753799
0.011564265814116443
0.016621875784980547
0.015980300508088362
0.021333607378787537
-1.0
0.02336828708653636
0.022965401401493023
0.01644908521429106
0.014189997795760514
0.010600731988091283
0.006723652471383414
0.011108175889902719
0.006814446126020721
0.015031581326415442
0.01241377249091008
0.01967823225072374
0.020697016531955523
0.017011554643426335
-1.0
0.01382608733858897
0.016301552415154862
0.013728957537702936
0.018333084984527924
0.014939209914386084
0.017367562533429085
0.021950806838317398
0.020157281873785512
0.01694248297743513
0.022320757507342685
0.026460250747016537
0.0276941650831531
-1.0
0.025660488658266548
0.030793258284249437
0.02804941203740607
0.027040199359929552
0.01895128334855446
0.02296651406439289
0.022974021516299802
0.022945090975161994
0.027658930965448837
0.020707763411144924
0.01821095859729526
0.017282675263405985
0.015436891222460128
0.01647675285589286
0.019471375782146697
0.01538291258349296
0.015516608405829024
0.0178174385001146
0.01746185781255952
0.016884338428451842
0.016080213441475328
0.008465761591137034
0.014550318953727485
0.013205509865028844
0.019263132850704644
0.018780421486439613
0.019631018262277464
0.016835939606531944
0.017974996728901335
0.019193930466463515
0.012342917541058143
0.01924344205224163
0.016057059926703143
0.011173367970459312
0.012903184817645826
0.0085027307451956
0.017858349207070908
0.01329241520747259
0.009306475058750235
0.011640702444492824
0.011613898708490005
0.008120458576570006
0.007912189030831025
0.00845512472933895
0.007140811793091765
0.011828700100031248
0.009722775576675644
0.01078949472770319
0.009420459753750903
0.020880529432737015
0.017128636535566243
0.0177788959659878
0.016731117392440577
0.01701571859191454
0.014591870033421711
0.021683480408725142
0.025184396984841848
0.01838112680235274
-1.0
0.02790371332232521
0.028230061416107566
0.023481570700430793
0.018334582744400606
0.02147281355683133
0.019119939303101803
0.02142523184481382
0.02819476282285996
0.024594881255139547
0.03301978682592495
0.03428125293807155
0.02993343438642796
0.03413288616423401
0.02951143312060317
0.024675207717926723
-1.0
0.03031105724655232
0.02484332841478103
-1.0
-1.0
-1.0
0.02820388279265563
0.026030970179763385
0.0272620153805703
0.023208142995248246
0.02409071535674666
0.02281309172113042
0.02399568548446457
0.031491391746949655
0.030892019127522853
0.024428484942614254
0.028356662892803856
0.027297114304898968
0.03578022632319595
0.03185548152123366
0.03604753768009764
0.02971619935113697
-1.0
0.02689202671663711
0.026174714991665023
0.025794443962907053
0.021182642346706797
0.016729313681154892
0.01357588078081684
0.019549967734820917
0.019259968777626143
0.018806145651789757
0.015260986314701111
0.018508220605461787
0.014045961303307578
0.004096966271728816
-0.000918014311611634
0.002257347856482963
0.005199788852662934
0.011616187653305054
0.011596718658349311
0.010705876177855777
0.007449229154310736
0.010354062880329584
0.004150505561016882
0.0034846543866235346
-0.006804998671265761
-0.006340707138065988
-0.009239274253984752
-0.006699238622136699
-0.0067460966387061045
-0.009368750366706093
-0.005567560485558556
-1.0
-0.013350922814265274
-0.009093170102370438
-0.012837894579312146
-0.013533551818653853
-0.014848606292740015
-0.014533260253601034
-0.01528976396029391
-0.01886591664218009
-0.01335763347389691
-0.008940371250258847
-0.011126300791710095
-0.010025145247613873
-0.015015764683781825
-0.012784688144156222
-0.014885688736145321
-0.01757941245076506
-0.01001377123373315
-0.01353247271169115
-0.014476154310667908
-0.01736449159692799
-0.016569218556351177
-0.003720340406748379
-0.004796397190956529
-0.011076008049897234
-0.01751082762764434
-0.0162719993568118
-0.01022922801385449
-0.0017945395058809887
-0.009209689783343305
-0.008884406378260174
-0.013011170968708782
-0.0227483257625482
-0.02198477682186915
-0.02447659252617636
-0.018433254997158526
-0.02120052544433157
-0.017415773397761767
-0.02133558865772908
-0.020154010247392693
-0.028697486361145094
-0.024523557250935888
-0.022175006012145684
-0.023515338411492
-0.018846516996228246
-0.024667700006021736
-0.022639316741406113
-0.02317620805765057
-0.023216096486400772
-0.022582791873603937
-0.020646302183563194
-0.020268851698298784
-0.012695980737355495
-0.007704958585926009
-0.007667599583817418
-0.008344526498557579
-0.009197667856623529
-0.005549340907302295
0.00013628692413033714
-0.008284429881630482
-0.005791175881896315
-0.013589628427790228
-0.01531798876512869
-0.015850829921234044
-0.01537274391364715
-0.0159529984973243
-0.02459012578307655
-0.025947726634068694
-0.023693719325940228
-0.022393956622895082
-0.020202878487523133
-0.014536312009140155
-0.01539442480559533
-0.014322270330563238
-0.007413942305828763
-0.017999179944278753
-0.015087440117313283
-0.012650666161551716
-0.014719022655295344
-0.01918715902091295
-0.017804851076398228
-0.02583630620547094
-0.0208841813780487
-0.02328830313321426
-0.0234877269415554
-0.01795478036551164
-0.008689277455508864
-1.0
-0.0033420893943276664
-0.00034924103289610487
-0.003405413502585125
0.004801858121288658
0.005231796068255009
0.010415238942813772
-1.0
0.023337082234147724
0.021592881965569508
0.016516640429466153
0.016362317848634452
0.015091396022036735
0.007594984081410228
0.011439929713944948
0.010077235639540693
0.006117195079629801
0.0038037468157790075
-0.009512788879970752
-0.0037263665058680476
-0.007565934203663498
-0.014478647748363657
-0.009643565158099098
-0.006752445474218778
-0.005676447791187836
-0.010287018870486336
-0.0009883600834341253
0.001996484303204904
-0.007867210831788906
-0.007495764723218558
-0.0005338653455539704
-0.00250651108346742
-0.005349338101161771
0.001528645269798669
-0.004270681494100005
-0.005411846475188182
-0.008962834163664625
-0.008235310958301285
-0.003864366075858568
-0.007867891959735198
-0.007035019584029763
-0.006879858845224375
-0.008290453834129526
-0.0018852526153692805
0.006081043493265787
0.010515715231578035
0.010477440159267373
0.01681795940151216
-1.0
0.01690228487037054
0.01870904045350907
-1.0
0.02047980837779261
0.011005887784469525
0.005640700883065059
0.0017206928455612348
0.008588304355192177
-0.00556138250201623
-0.012237004093877067
-0.018265486127023993
-0.013646155948083074
-0.021796065636987355
-0.021081725139074664
-0.01724577129440563
-0.016951104692800437
-0.012762072944571825
-0.02179869086700546
-0.025754642256909946
-0.02387451050051111
-0.022987144677612013
-0.020654939978746463
-0.022193186324386365
-0.023090847793106314
-0.01751867652523892
-0.017418575441516954
-0.01528800648748113
-0.02037596956614789
-0.0195306387950026
-0.022506946144367216
-0.017411341775816616
-0.007508357518881698
0.005036456883889541
0.0020370481462261615
0.002700444234398651
-1.0
-0.009138924082323911
-0.008616825957034564
-0.005512446462746311
-0.0061236140354727735
-0.009448953900194736
-0.008310209976508222
-0.01110679257443081
-0.017575123643539504
-0.020306006752152345
-0.018140587474126165
-0.018741680427953388
-0.014239095896890087
-0.01389065866499244
-0.013821758293833912
-0.011316356825772896
-0.014825599449170699
-0.013364615174347585
-0.007690467881500396
0.0038578290354630697
0.0011535397868961922
0.0015406870117683647
0.006309078913939786
0.011802512355205644
0.008878852044560263
0.00946221983150258
0.0029487640725136747
0.0031692822080585784
-0.0004019769998967184
0.0034494494287378628
-0.0035017680580794824
0.0023186405648937267
0.00500548618977093
-0.001404465873444762
-0.0015306859366185153
-0.0022142156974238494
0.0014520739703492531
0.005873166394227555
0.003692413908475861
0.0048865440347541835
0.005852647779483991
-0.0010938476047086866
-0.007026587073460092
-0.0006392661169235333
0.004936496018438238
-1.0
-1.0
0.010921566592843395
0.004365841171936571
0.002082785856338296
-1.0
-1.0
-1.0
0.022080399999486786
-1.0
-1.0
-1.0
0.022265397081840617
0.016785115412858296
-1.0
-1.0
0.02005322232952624
0.015169097362917166
0.013449698142379975
0.00967306171595546
0.0019716122996691478
-0.0017124409762144387
0.0024102994435318335
-0.0075015710353344
-0.0062367599511374515
-0.007358946264195291
-0.005467727305240125
-0.007231966526225784
-0.00830534154543757
-0.008928525862136808
-0.009514154188915463
-0.010900761900296022
-0.011991299172120107
-0.014789235383245466
-0.010767122979840399
-0.010396856511309957
-0.011296152619682594
-0.01824251858355235
-0.021785921208778928
-0.021641155306690994
-0.02437858763544812
-0.018842241651003417
-0.025886966094300155
-0.020694176551596055
-0.018567208340396466
-0.018472855125808183
-0.01593957546049647
-0.02021993995398199
-0.020046446016104533
-0.019386724485315622
-0.020936329835562626
-0.02086400597872515
-0.019379540096945688
-0.018569895318056417
-0.009802652806700361
-0.014140635170725118
-0.007903157207058985
-0.013167619614375872
-0.016312295686362232
-0.019713439162182256
-0.01726779897934713
-0.017985408734201198
-0.018913421121447626
-0.02270457314042425
-0.016693469003792122
-0.023717699003515398
-0.018581765799192566
-0.013928876433998299
-0.019643850161715232
-0.01828862241203451
-0.016156898923855387
-0.020645773226626384
-0.013935484821077723
-0.01620615847636539
-0.01627655091032253
-1.0
-0.003252867474060032
-0.008715448660137922
-0.012912897135288141
-0.007972769888830692
-0.009431000541311291
-0.008106353143356481
-0.0012740628169867828
0.0017149741434702118
0.011135528149308052
0.00944887894634227
0.011021503793758505
0.017202884236496564
0.0180358609893717
0.014093044136959904
0.017378680144960267
0.014117909117659967
0.006053235982967982
0.01406479479946888
0.019038209614967008
0.02364560779871482
0.014473802991513891
0.021533459375226403
0.01977442507970444
0.01994839505621386
0.014629396618707982
0.018000735160126857
0.026421847525567466
0.020282059143619025
0.021833329965843307
0.02112345122457895
0.01830623582728241
0.021135830918231145
0.017788733249361727
0.01537601827293564
0.020529860796128636
0.017041021827135953
0.018331532045566295
0.02160749675930873
0.012010829315201227
0.013374898407266854
0.010723749561067645
0.017749333888457387
0.014473899619760755
0.017777797550587813
0.014552223732603377
0.016929618564526412
0.02407958088995564
0.022514541570049205
0.026923782459882525
0.027596753143916627
0.022429688356370735
0.01915685948883192
0.026918654801868922
0.031669209412909766
0.028150107141933826
0.024794671746746804
0.023538380007246167
0.0298822626490895
0.029315024821696282
-1.0
-1.0
-1.0
0.02708663124654551
-1.0
-1.0
-1.0
-1.0
0.021437857090802384
0.01953406222688205
0.024070206085552714
0.023587301884454032
0.020504104125490155
-1.0
0.017452408590652835
0.01328210650171879
0.011533297813190424
0.01638447353757202
0.0072276382965194555
0.006623998163775308
0.003976777406787504
0.006566390945627406
0.011516734185713438
-1.0
0.011622845411600415
0.011256333945733794
0.0077740709245481595
0.01106426519429557
0.0032454907470101596
0.004289055729343786
0.0004715566226665715
-0.001767637646944768
0.0068636785686220884
-0.000703797362772878
-0.006779783324845553
-0.010318225748615973
-0.007488463266631464
-0.00808349291108184
-0.007030532557001635
-0.007301680538689961
-0.0031838019273050396
-0.009471550006580938
-0.008336165119215758
-0.010353589229525997
-0.006362034524096777
-0.004873401581364103
-0.003547540253088579
-0.00805766562375631
-0.011869431832808903
-0.008988476311812566
-0.009602478686658604
-0.012560463477116555
-0.008044230541114118
-0.010844351228899176
-0.0070889162181328215
-0.010331509366238605
-0.016248283960148078
-0.0068032879451591305
-0.012630684062053464
-0.01613248511727534
-0.014330179455602731
-1.0
-0.019711863507791985
-0.017681619854223257
-0.020499129893244143
-0.015485570765802472
-0.0143751964724194
-0.009956724337161204
-0.010109019480376584
-0.011102814506203283
-0.016077312240180955
-0.0123091403825642
-0.01331145193963423
-1.0
-0.00644860450811171
-0.008438459656509611
-0.006749367944723702
-0.011302947116008183
-0.006142507462904724
-0.0028569417867104494
-0.008778700835886001
-0.005223465334636932
-0.007998518475228023
-0.007134978924026019
-0.0070531341671341685
-0.009639663745519365
-0.014156292798737119
-0.01182651619639216
-0.009042110972177723
-0.013730994981021932
-0.009554360820213416
-0.003097737202463412
-0.007514931327228539
-0.006137383009259015
-0.00899381804828495
-0.015899735237981293
-0.011576474263704362
-0.008841240546009004
4.856583937625837e-06
-0.0032543901526083034
-0.0005910829089487473
0.0034491969793864425
0.008115661233632717
0.01201643645046671
0.009969442015520774
0.013677454109901744
0.013553546874318848
0.024052948952416702
0.02517998011472483
0.026613943702964868
-1.0
-1.0
-1.0
0.021898592593019447
-1.0
-1.0
0.021298695493594404
0.02866686180019584
-1.0
0.02494976796790304
-1.0
0.025422185706338526
0.02871702824661405
-1.0
0.025895983039840403
0.030143976087487253
0.0370214653534732
0.02937699650444101
0.014684661689332542
0.0200968636406881
0.01998047562104664
-1.0
0.021175188164510975
0.022158266811651835
0.025865429207502417
0.023811257607243213
0.021709729336230603
0.020057923757820145
0.0250451540193949
0.028969548859290324
0.023043752761762303
0.025110094388008212
-1.0
-1.0
0.018558385416014
0.02382072668315528
0.01944347661439883
0.018871681613794516
0.021701742940309646
-1.0
0.024512797390784234
0.02602659619602028
-1.0
-1.0
0.023699056461931836
-1.0
-1.0
-1.0
0.02396273016194508
-1.0
-1.0
-1.0
-1.0
-1.0
0.022212234737655927
-1.0
0.019492015234586543
0.026172115494779904
0.02282891336856633
-1.0
-1.0
-1.0
-1.0
0.02495644704558319
0.027251565525639083
-1.0
-1.0
0.029309007436422205
0.023712440832691313
0.026948946730735016
0.0231004274309337
0.030454405307466143
0.02545312284114624
0.021646421064234544
0.022347424778505657
0.02231631564087189
0.02293513864864627
-1.0
-1.0
0.0322220311771341
0.0277844363008368
0.022218545139974528
0.021227431183216284
0.02380566443594422
0.02431000098265824
0.020604340323173886
0.025008820627169658
0.018430243768873002
-1.0
-1.0
-1.0
-1.0
-1.0
0.022423512607911984
-1.0
0.016982578805090954
0.019996512844103878
0.015813761244016317
0.014031907361063347
0.01827690970782694
-1.0
0.014295667021263947
0.01878070438997397
-1.0
-1.0
-1.0
-1.0
0.005879285244826322
0.00577789420402399
0.002181830081881847
0.006337537486903746
0.004550698556207847
0.005364811160598189
0.005454421741275468
0.009115068125433407
0.007900627272235136
0.008904427304409294
0.011625086848556863
0.015026773552006684
0.007383854950276218
0.009102285940185537
0.007291799557835223
0.003819344816438329
0.0062396506545385165
0.007960940867701749
0.0034083294695644957
0.010244916681711552
0.019505958636258106
0.016823832851385386
0.02095582344033652
-1.0
0.019039531572936225
0.020751826289975298
0.024049483583523625
-1.0
-1.0
-1.0
0.015230070795833411
0.018231264343255348
-1.0
0.02256606389793269
0.01703489863755128
0.019221788021928157
0.01742285900563665
0.02086927149277613
0.01585098555581035
0.01454484809783921
0.005566919365554442
0.008565303314384036
0.0016000773014835058
0.004623657963542347
-1.0
0.007568048125956691
-0.0014231190040174524
-0.0019793148982729394
-0.0010662017639046957
0.009559615528556394
0.013660303598580765
0.02037248846175739
0.0143981959765032
0.011870999048912175
0.016283704872371456
0.010291984325502173
0.012735723488226802
0.01132462890276459
0.008162928263840439
0.008358594073254465
0.01329100220567068
0.0072117857315227235
0.00385885566580828
0.0006130921186192314
0.005291681047621741
0.005842905023093296
-4.092538378255413e-05
-0.00221186433882995
-0.014623277460241772
-0.011483270362188205
-0.011806552868338321
-0.014939404394160187
-0.023882140072252683
-0.018143806962478387
-0.027207622520487966
-0.01947853757163159
-0.022716406345578748
-0.028667641485746635
-0.02573651930165893
-0.027058788000309378
-0.027488132519420807
-0.029295104051606204
-0.02717278289245059
-0.0244671578464001
-0.02796498568526457
-0.027839923998027483
-0.026085700324942365
-0.023128937086014923
-0.02859950398258284
-0.02387212365291311
-0.026062659091002846
-0.02761401002494528
-0.02372004909591921
-0.01902769316610019
-0.014343653504785954
-0.009034451668255063
0.0033767437129179137
-1.0
0.010441891135533168
-1.0
0.012452760474488268
0.013825894262978576
-1.0
0.010577997113740717
-1.0
0.005839030734773548
-1.0
0.0055694119205314235
0.006414637921477271
0.001782661836008163
0.00242540675645257
0.0008736164494783058
0.003065742177903403
0.014237921996829174
0.0170635725704392
0.02329447587484172
0.023769430274893633
0.028006475113832176
0.028205771709777623
0.029177719482925187
0.03261323380812328
0.030191521182716795
0.030294240597436583
0.030174339644598865
0.03160110477911834
0.02726431299826611
0.02677026626728447
0.029298563292620993
0.023654535655832584
0.027016993825206042
0.027765498071851618
0.0252318351730818
0.02215481340588994
0.028188553396555686
0.024922067206859334
-1.0
0.032146335305367056
0.021242436503956588
0.024970868311859327
0.025583967175175675
0.03319775541836046
0.026669418317616676
0.02847932204346521
0.03125416413990051
0.028745733889495254
0.02731651203556304
-1.0
0.03604013343247386
-1.0
0.031916472427529145
0.02684495274302179
0.026166658256558943
0.029726101660038227
0.029956102406928163
0.03278908000309062
0.028936602646798926
0.026296010007947238
0.028125634670288918
0.029634258959304143
0.030430400387684426
0.033292443629951145
0.02165518244042425
0.02680647873792936
0.02098887578968687
0.02361033737240893
0.020578242464735302
0.025926439266950138
0.030079389020151805
0.02825035346283751
0.020740963027985643
0.01917852760363874
0.023228569138189603
0.020500351623126384
0.01755586125475088
0.01861974304044931
-1.0
-1.0
-1.0
-1.0
-1.0
-1.0
-1.0
-1.0
-1.0
0.027292880016620554
0.028146310332779128
0.02880446126480593
0.02532725678381249
0.025443362865167896
0.03064470856611279
0.03127858435395083
0.023816936612501047
0.029856046555155384
-1.0
-1.0
-1.0
0.03065311780301994
0.025802418440779188
0.030936774990435168
-1.0
0.02688692851195285
0.024289463335788596
0.025831510946471084
0.030269738809943464
0.02622550015707968
0.028839413086239794
0.03059346851788072
-1.0
0.02288901899792286
0.018425779043708894
0.020384714051077803
0.018335631641136118
0.02122233392392302
0.024533261023180146
-1.0
0.0228606165649502
0.016620110557920106
0.02190656791724984
0.02249228604415515
-1.0
0.021029604111686362
0.017418352539794315
-1.0
0.024724436260246146
0.02570462165073701
0.021601059003490023
0.022258842659406784
0.016740558575854124
0.020429647595817772
0.026874474695344222
0.025951213068853164
0.02946544496547869
0.022233896581509666
0.020579124656260696
0.02465953351746349
-1.0
0.018680876134890168
0.02161510105076947
0.01086803934139346
0.01874896338030353
0.013648328033747641
0.014273510730960465
0.020519547703963054
0.024757242185885295
0.02413386526316608
0.01769672991338244
-1.0
0.011121162523319366
0.01428823475076191
0.011309298519764007
0.01718436629015676
0.0076140716233646715
0.008299947653730728
0.011300712568620174
0.014521185175033292
0.014492892333070148
0.013391514456957597
-1.0
0.02509254300371505
0.01388073529524103
0.014203485643634191
0.01627159606417613
0.012096245767043132
0.012646470076790355
0.012822959305751263
0.011003680277045829
0.014772647940926531
0.026414523748946005
0.022302729684141997
0.024804946536694086
0.0181916889752643
0.018181737720220928
0.02423322463619799
-1.0
0.027999481260767643
0.03149498851608967
0.03342768492788868
0.027466271640467412
0.03495651467850581
0.023897955391894113
0.028645480439140246
-1.0
0.017294161733268764
0.013196806085316159
0.016485833215398697
0.01622937241790595
0.012760584009684823
0.013695331386264215
-1.0
-1.0
0.016682534137366006
0.020531776320381914
0.010489443405439775
0.012555444474569735
0.016566428897235808
0.01483202712283326
0.01094811272877238
0.01541184593270762
0.009161684237255269
0.015778878744832858
0.014179407226553586
0.013317422753300258
0.01491749772129481
0.007893016283770538
0.009740308943576146
0.009750018818528253
0.005708180996846177
-0.0038977778932632857
-0.007440924862133055
-0.011543437732823942
-0.014345419289144803
-0.020057147345344032
-0.021020765281177804
-0.02505282016625525
-0.027547628976398758
-0.018608245913372904
-0.01989733373971293
-0.021784654331317644
-0.025925594716064686
-0.02342194005701965
-0.02748480174434421
-0.02996708559975708
-0.027673875330422926
-0.02287328106719202
-0.02761878714983559
-0.029665246809467055
-0.02876168372009738
-0.025835784922490262
-0.028122758486698266
-0.03318817123754448
-0.025679215106095606
-0.02817874192560118
-0.027193106314634383
-0.027792447371647173
-0.029906873376036796
-0.025633066241878274
-0.025462725908553047
-0.02932615975019904
-0.025228524729755886
-0.02408657440694476
-0.027975662753020387
-0.031553091886305215
-0.024288238417269677
-0.03252358968137675
-0.03345264807704618
-0.025403208716805313
-0.029702862395621837
-0.028055300580935076
-0.03102025272722179
-0.023101186969739493
-0.02253466229949809
-0.029067433221397373
-0.026955260323381643
-0.02408444249397803
-0.018917602211031392
-0.01984419128234257
-0.017783635937537273
-0.015995290028809943
-0.014213839886461006
-0.015054798779797
-0.019490724258159356
-0.014552752316414917
-0.020523034470667143
-0.016764730752451294
-0.017581370565901627
-0.019566930020913968
-0.02293259158672373
-0.014618950400591305
-0.020335236732220225
-0.018762670778236724
-0.019188781820179635
-0.019865058087489763
-0.01683623199924218
-0.021668947671380834
-0.023549637934746986
-0.02103710016788623
-0.029237594292901004
-0.01994664934813389
-0.018961930487542585
-0.017820148972085614
-0.018165353794739485
-0.02406997914083914
-0.026551322821703197
-0.025372487394667048
-0.024244134459568693
-0.0229143693885727
-0.019206631008008245
-0.017857877719153703
-0.02325805499486636
-0.025309691709543305
-0.020737887585787484
-0.025969335930617753
-0.02292923525292108
-0.028787254640146597
-0.021988177314232495
-0.02146580077521181
-0.021284841857410128
-0.015619108006417429
-0.015574502573722194
-0.020211082201618765
-0.01836296610274956
-0.013476129203036992
-0.006430613445392754
-0.011049080258389955
-0.01178135634653359
-0.0180142260586611
-0.013107186565525631
-0.01207321033025405
-0.01750865619119436
-0.01617196625463883
-0.01566824303188318
-0.014473653354120264
-0.0069057854826613104
-0.004772883829786352
-0.01010965362108525
-0.011265109174224118
-0.011010785862220483
-0.01059905641086928
-0.009996264517924196
-0.00024116968367401492
-0.00401577736036738
-0.011991384481719313
-0.008361156167129964
-0.0130644133691061
-0.013505085031551536
-0.012356592379843268
-0.011094529528995709
-0.007338244776977567
-0.010854971796179813
-0.012598506777284864
-0.011206858329472762
-0.007770446808059774
-0.002482833850897097
-0.006178629255624624
-0.004426974182456169
-1.0
-0.018029981582988575
-0.02187717717520302
-0.02407158598033341
-0.023048901646602504
-0.023497481240805754
-0.020590605938969747
-0.02058999883724355
-0.0049966116493310375
-0.005790853547937103
0.001552955846429418
0.0011861009383728155
-1.0
-1.0
-1.0
0.023610128288012427
0.019135272146113137
-1.0
-1.0
-1.0
0.00043421812634198293
-0.004702461042420005
-0.005162666589591426
-0.010819559041115426
-0.020314688595421126
-0.02784284483084182
-0.021948618089747636
-0.027311860966649087
-0.030864068262924635
-0.028394447396494348
-0.030862367677188904
-0.027677038857766317
-0.028116694007132043
-0.026133511798960906
-0.02799743384067623
-0.030149842747502802
-1.0
-0.02738865306579455
-0.029908134443040704
-0.02835173628484927
-0.029322896094258293
-0.026784319237352357
-0.029660803743092563
-0.02962182355314124
-0.02594416267042635
-0.022195353917180114
-0.030113534934548214
-0.030141861841754165
-0.030490122563413068
-0.028348859796184397
-0.026133608002082708
-0.029649878874567347
-0.025292835400138654
-0.026484019885348865
-0.02847579959429388
-0.02496450478854285
-0.024779008987014187
-0.02692618183610611
-0.03160583730235581
-0.03003283011839575
-0.029528556152841844
-0.027516621455567408
-0.023211452690847754
-0.03215337211073042
-0.029539036363683855
-0.025685965692699604
-0.0238740013666065
-0.02325544024387477
-0.027943541582694242
-0.02664895179986586
-0.02486199805903551
-0.03005012282492711
-0.028038757410145877
-0.027044664914992047
-0.023476994183955324
-0.02538930366290029
-0.02670381913459523
-0.023346509445870037
-0.024966137237649826
-0.026751263307187603
-0.023064332461322917
-0.028896004846538228
-0.02951091436669097
-0.022029657902705706
-0.02839384745279236
-0.02304845985504812
-0.024247303998776133
-0.026973711944432655
-0.020716428886069557
-0.024107598743437736
-0.026693172046595454
-0.02660343268627146
-0.018918210181512924
-0.02361445783316744
-0.02268231874623358
-0.01815271403419452
-0.01555498630470591
-0.016901680994396075
-0.013015564805448193
-0.020203476359884523
-0.019241523530444803
-0.022066862689327
-0.022556204257615908
-0.02419997459657983
-0.022215367258996366
-0.0212429840537789
-0.023131612498355124
-0.023876817010197508
-0.021089509040941045
-0.0221381667060243
-0.021248517271424433
-0.026125977330016183
-0.026373485074015844
-0.024317738758617827
-0.020843466097793483
-0.019251651081691298
-0.023717624427148934
-0.01922866076350259
-0.024314423083805426
-0.02107327672649867
-0.02028327038863963
-0.020617574264220125
-0.022797142742480497
-0.018960942403729582
-0.02108452196986554
-0.02105104628112775
-0.020820244394061667
-0.023907815943037283
-0.01992016816294304
-0.021335898997018824
-0.022003535261112362
-0.021839323266700038
-0.018612616508551866
-0.022288933787160185
-0.021423105423379288
-0.0227459953720045
-0.018379004716940074
-0.022492516185542138
-0.01880586883278093
-0.024399191420576408
-0.018544032610235184
-0.015878398977846903
-0.014404914628679875
-0.020652342525163396
-0.01913304006143754
-0.020123984252907203
-0.02033860627744416
-0.021215080164004294
-0.016567925408141906
-0.021091025272259305
-0.013071364785663982
-0.01547704245668085
-0.012367543738903468
-0.009110531894583876
-0.0058770742585605405
-0.01248481729445937
-0.011928969098345975
-0.010226872276029534
-0.012449170242796513
-0.005240972457383288
-0.009709867635522569
-0.00792358870866449
-0.01077443741870254
-0.006702365659486717
0.001967454983754771
0.00034464504026057767
-0.010049942788159958
-0.013127138024075774
-0.00750985122461848
-0.0005317937837750184
0.003866418487996334
0.0038400385013739225
-0.0020735248237096883
-0.00908908726471134
-0.004415604716716202
-0.007682332357484503
-0.005793185721553242
-0.00743721101622969
0.013869143499137976
0.008240780259860577
0.004720643194890998
0.0023486329796065224
-1.0
-0.006821856191434112
0.0036405568580471113
0.0011804672505861078
-0.009852473148443954
-0.018643115431830386
-0.018551152636614335
-0.021589598087873123
-0.02025525514050604
-0.01982870836894281
-0.023473517372496137
-0.02353157057123696
-0.022588853002225337
-0.019423514479579837
-0.026370834965534447
-0.023069062422251308
-0.02491749557809589
-0.022737377413412158
-0.02548668608380775
-0.026055454094599008
-0.028473013281905362
-0.023847543829905754
-0.022752572519310257
-1.0
-0.025171438397798566
-0.029068671732755662
-0.02267771750418608
-0.021379398536675472
-0.01963493364127966
-0.020806755117402417
-0.019441997912848067
-0.025401434649126656
-0.016692087602570686
-0.020534614655677342
-0.020254111249327765
-0.020093259638502402
-0.022948486895721827
-0.025656221726633593
-0.01915169022875224
-0.020093095431114837
-0.01658583708034358
-0.021616226970887584
-0.016396770695846496
-0.015226029288132057
-0.018947434716479316
-0.018494687503978532
-0.016852762034476564
-0.013755273151729091
-0.012687034523932189
-0.01079997308232172
-0.007136685532877279
-0.005063328882473572
-0.017326942906965924
-0.017252989658543962
-0.013829896861052736
-0.01476847620352386
-0.015053245391337759
-0.014931316060218806
-0.011759231711016399
-0.011464676756181909
-0.004063837268582703
-0.005106964209791994
-0.009112954092617377
-0.012454616906602918
-0.0016320436751275824
-0.0026562847850302553
-0.008743459361078315
-0.011335197488564772
-0.004670543030292013
-0.008016944066659287
-0.009234125083616906
-0.010733836007985251
-0.010741483222790256
-0.01170530208262348
-0.014672719267711654
-0.014557838452148525
-0.010167079222141311
-0.006757656420391618
-0.00800428225943835
-0.009612175185208419
-0.015046813193224002
-0.013484472002079003
-0.025411092697322096
-0.017957081231821482
-0.020155603713186122
-0.021870853842343555
-0.022067937581352393
-0.02500321317252769
-0.023828327141221413
-0.017122119815455365
-0.018351701048071333
-0.017876972988790978
-0.012689990470370074
-0.010346803383872148
-1.0
-0.014490963772196599
-0.02101344000506523
-0.020731939099870214
-0.013339711191546448
-0.016100055333721604
-0.023705484005995956
-0.02276637009469555
-0.01871840592638266
-0.02121103549167985
-0.01853645800023344
-0.01890458791120531
-0.019196550169807806
-0.01872174243301617
-0.02056298307818663
-0.022772230325357624
-0.01760333959441934
-0.015804552238524883
-0.018770434927669454
-0.021631989088521285
-0.019029914444714403
-0.019704463570522458
-0.008882312305213583
-0.012820872010332817
-0.0064644086283643125
-0.004371575896274335
-0.002263109985248992
-0.0025858598001236984
0.005718081911968661
0.0034731062145384375
0.007512356959878346
0.0013557029261341942
0.006280379666859547
0.006270322451013028
0.0037189830142990805
-0.004341490749490245
0.001974324200949463
0.0013565613858009416
0.010383433449421203
0.006093324484413965
-0.00020065163211076164
-0.004237885336857593
-0.002395068428775901
-0.010262570779551974
0.0014475001804206513
-1.0
-0.00028287960008260545
-0.00246349593159062
-0.010570822195632244
-0.011953114248953157
-0.006107790761086724
-0.010607475888981407
-0.013851794621169245
-0.008650513953731849
-0.009573488780823673
-0.006067154171207707
-0.010193805889195046
-0.008050899732252365
-0.005810056208547569
-0.007529450688755737
-0.009897544915871562
-0.007198311371142656
-0.0007272499965152654
-0.0009201524574992222
-0.003707141767845007
-0.002801797647036055
-0.0053267661817490665
-0.01083898962314874
-0.011046940206647947
-0.010398599122951034
-0.012298516243541394
-0.008946482052770424
-0.013163735831466794
-0.013005207889272407
-0.012941214209046524
-0.008150728320630808
-0.006406125253721496
0.0006391803655418958
-0.0040662204426754065
-0.002888687064753313
-0.0016978992012386675
0.0006978432955608696
0.0023058034166186098
0.0054751863108377105
0.0038896379299388035
-0.0004709495893617234
-0.0002812234947703236
-0.005253720879293858
0.002323286999858444
-0.004687991233719565
-0.004759736012290666
-0.006772937995894128
-0.0018025758584854427
-0.00908941143076999
-0.006856788370849061
0.004784580771218373
0.016456353970132107
-1.0
0.015412742259763672
0.016115797153021853
0.018924518374856945
0.02335698210805141
0.020094993031793764
0.016593803573709383
0.01403356888467107
0.015665431395620287
0.011336139138485399
0.00964780889417609
-1.0
0.009425266825113224
0.013527096919298704
0.009579256383560594
0.012971306640677843
0.011253762606671876
0.012764973317832072
0.016040104158951973
0.013734137717282704
0.020489047890552503
0.018016736955970558
0.017518169209642876
0.02222699984938043
0.02104424751468769
0.01905436540407559
0.021615328820796482
0.022064510277747026
0.023604757423001506
0.018710284567567726
-1.0
-1.0
0.02369137259729743
-1.0
0.022521303569647953
0.015947297797527744
0.018241034633525933
0.018146460028335736
0.019678730142649283
0.022597072664957002
0.01898524537940013
0.01931882648125018
0.019713961756009434
0.023482653433320882
0.022764193322380846
0.014669602082233921
0.01771899182194704
0.02520066215134093
0.02312897938032595
0.015206342765508767
0.004468242080363163
0.007025630233619327
0.006958529000216987
0.012693135454231815
0.010218173820571616
0.006873488701966675
0.005851326009129093
0.0065018659645281664
0.009813805152422134
0.004843731271569216
0.0072624032714310735
0.010330983603900983
0.008174465919574778
0.010817102308288829
0.006273677465705852
0.00988312301064284
0.008496029097877182
0.016766173618622357
0.011251158152643524
0.013024538811962505
0.015236207668588863
0.010153441618003807
0.010480988944941266
0.0058503496920803075
0.002136260732144506
0.00042415598302692766
-0.010013803720714684
-0.006863732771775147
-0.01504715670092502
-0.012747907906286111
-0.007587478414264876
-0.014451037058017683
-0.009998925046249192
-0.005500458214514698
-0.003239558604248383
-0.0019161768072909545
-0.006289604089154082
-0.009652205992492602
-0.002806727843621735
0.0009720675288738736
-0.0017067542420760677
-0.0016990038533480363
-0.0046915157835564075
-0.0011798095548588735
-0.002428150319923015
-0.0025657943322927434
-0.0027650309696789304
0.005447828602879101
0.004882162033219561
0.0043279808956841834
0.010244595119290075
0.005039554237308889
0.00792037312882062
0.0052924741751021465
0.0062278019569340865
0.007538569739690551
0.016084856114109758
0.00884506039132556
0.014154844154064133
0.016381036624600255
0.017858535827311665
0.017603711088210645
0.019639383983729455
0.01707365547620017
0.0177319983513084
0.010287413276080777
0.015571737685044489
0.006409240206202185
0.0064686261234592314
0.005879927978680165
0.005494234801844531
0.006544361843520521
-0.004694393302735153
-0.009709863593972082
-0.009997181692400466
-0.006327923285969497
-0.008711667325809618
-0.009484134551764561
-0.00022974460014536465
-0.003092303686552196
0.0012022554552012137
-0.00984959617374465
-0.006836251869759354
-0.010240069972322532
-0.005005705830368965
-0.0037847915316165394
-0.009575183530749121
-0.010133363089905617
-0.003906531755085866
-0.006580727234392401
-0.004957776173916211
-0.010926462117347834
-0.0010031376906259317
-0.0010695997727206198
-0.00017031438285381129
9.627850179881302e-05
-1.0
-1.0
-1.0
0.016070260760398324
0.016714684852833547
0.016336292363244274
0.013935615977003336
0.005103273320073233
0.012793019308413192
0.020769657302465806
0.017082201354648677
0.007983407577528483
0.006070471789401405
0.008327554636144062
0.004845377072868665
-1.0
-1.0
-1.0
-1.0
-1.0
0.001345027165468797
0.00331216609375082
-1.0
-0.0006868394547784509
-0.0013565444550707338
-1.0
0.008599018929257069
0.001211534677649385
-0.001779348468152353
-0.0007215516503761123
-1.0
-0.008623691770702147
-0.008239118019721369
-0.008431990468280451
-0.010775037597885796
-0.013135832013403768
-0.01294624744678723
-0.0075084577530389815
-0.01379300600491396
-0.017210401056458602
-0.014402035128818534
-0.011601811058744993
-0.011253188307902366
-0.01663078672061535
-0.007436532837801033
-0.004392639259126708
-0.003011527517789779
0.006042666831640538
0.0030823971936565363
0.0033318356355693177
-0.0027849182376963938
0.0034647953113958498
0.007810514411588837
-1.0
-1.0
-1.0
0.0089243209204757
0.004610715881516421
-0.0028515049044408325
0.0037464202890156477
0.001969823752013725
0.006963891394553571
-1.0
0.008206656069382982
-1.0
-0.012678819317528994
-0.014185015722385697
-0.01966508738818128
-0.015806896970706745
-0.01592247732165308
-0.01392392268095852
-0.016235976294741578
-0.017445199001452912
-0.020310596378871112
-0.020071719847589542
-0.016038325919886517
-0.01738157101885076
-0.01827038288631604
-0.015168415973276606
-0.02133049123412588
-0.014705104022528484
-0.012163624752468264
-0.015325607694692982
-0.00480438553971859
-0.005922283011527538
0.0008169056681103963
-1.0
0.0031147596658172173
0.0023432232359095586
-1.0
0.00839820581200365
0.011538114856436733
-1.0
-1.0
0.001870314634308998
-0.0006191584144569424
0.0027545365150391165
0.005576735313461213
-0.004890871464450166
-0.005275000960008903
-0.002831200241351494
-0.005292903653963059
0.0028859640458308937
0.0001232323332005138
-0.0040791574861081085
-0.003827831614148822
-0.008415418804851419
-0.01361640267963958
-0.01891373475243773
-0.015575249796270686
-0.011737782832506694
-0.010136822879825421
-0.006929684346204994
-0.002576332273853302
-1.0
-1.0
-0.004983300366295671
-0.013054503799293815
-0.01732289249227384
-0.019415870058817997
-0.02128882996436042
-0.022304377058289915
-0.019684009341640375
-0.024444019921984753
-0.025727116289495526
-0.02280432098863568
-0.021553294786057883
-0.021381223159547352
-0.023114703427975995
-0.018413607951426457
-0.02214138068477203
-0.019521698320742072
-0.024233707827681517
-0.024934739046559604
-0.023421963064137435
-0.023334479534516225
-0.023462983264138846
-0.018713079302956546
-0.024413475165407556
-0.018314252180249686
-0.022929448034981717
-0.024268818700231322
-0.02039632129421421
-0.025815117398741927
-0.022398189372623282
-0.02226220154300485
-0.022776596866743232
-0.02540714094909745
-0.026567504315903323
-0.022185779729757295
-0.026011762355381527
-0.01755822590681119
-0.019156123243548047
-0.02013654428417261
-0.023258994036891627
-0.025399422271484583
-0.021036395181762098
-0.02013542505984887
-0.023104160661908447
-0.016040658112532115
-0.024296220573786297
-0.015450239090406919
-0.01224389331365119
-0.00901471517922026
-0.013469392801792225
-0.006725863628806214
-0.012179841618091096
-0.010356236588522385
-0.007550196299149582
-0.010558901175392025
-0.010154617351621192
-0.009428504372761774
-0.011382619968165133
-0.005175132241943334
-0.009033694021384433
-0.010706996238491365
-0.011192234124280113
-1.0
-0.014266492388883471
-0.014044878828050205
-0.00782542299194137
-0.007324651227688156
-0.002558925289974756
-0.009059624146546598
-0.007527134966576186
-0.005221919787683981
-0.004877449483548312
-0.009946104484387795
-0.013791402098184741
-0.00933518270722293
-0.013549628956634736
-0.007642934342360316
-1.0
-0.006556238056569317
-0.012589895558107758
-0.010669224604874298
-0.008067971120735496
-0.007975395708158372
-1.0
-1.0
-1.0
-1.0
-0.005826404072011529
-1.0
-0.0005168369701697969
0.0022887805631248976
-0.0060500703957259245
-0.008861884553016853
-0.010953786367077915
-0.006149957718687584
-0.004737791932937067
-0.006309848363966646
-0.002955659164094891
-0.005372318662387275
-0.00495046170808221
-0.0055424708167559015
-0.0028957633125913916
0.00015794387397351613
0.00043871087924841895
0.006045762864230028
0.014491402261494929
0.010957094148104071
0.021344964848580967
0.013313919724839
-1.0
0.02391186948683972
0.026202703930212148
0.022782196645323445
0.018373659895530584
0.014132371670067336
0.010628568271339763
0.011750819025963989
0.013714020912832938
0.015550459752977272
0.009467807301290558
0.011525314433486604
0.006750006749029649
0.010297619736821879
0.01205157925304445
0.00816066598529
0.011458260530118721
0.014708362786872525
0.02245467479594824
-1.0
0.02104047032440972
-1.0
0.019838857703319897
0.011919382076671592
0.014461002815267026
0.017999921980399354
0.015728693120298013
0.028153025525842233
0.024769800597137025
0.023564121787696304
0.02259163001691115
0.01708580367088691
0.01854781270738746
0.01843676053569311
-1.0
0.01292139704074017
0.005663477503837051
-0.00036037716134247556
-0.0052626882187449785
-0.0021524057920030344
0.007990054255982024
0.009811614509195156
0.00827352032705225
0.0052670962744481645
0.009372922480680874
-0.0006730341250080965
0.001774057332651765
0.0008601539511018932
0.008211154733522982
0.0020426296332769437
-0.0034972376174991393
-0.004082090940445982
-0.0066553923647910945
-0.0025705269949013797
-0.002557626118418253
-0.008074286702184222
-0.007107311115419608
-1.0
-0.00031600164814690805
-0.0021923644469669123
-0.006904413586912795
-0.0057079074135742295
-0.0049531883178499285
-0.011893657798285552
-0.010622263142611457
-0.011020846548152623
-0.014511271388273378
-0.009157144768602394
-0.008403923684733472
-0.01331430632247154
-0.009796690732098504
-0.011469667774714958
-0.014293397243259983
-0.013341299268995317
-0.0147541267094476
-0.014143098745510866
-0.006721819663200513
-0.011129466979567513
-0.010754002060629384
-0.01074101614485777
-0.010981247040542862
-0.007025724994337362
-0.009144776822109938
-0.001459950450936625
-0.0018389164139764017
0.0032366264651345206
0.010133861369145307
0.018518695827030744
0.017146395230729184
0.01739058044669102
0.018084904751878267
0.021489502870895925
0.013377806878213043
0.012892921885920545
0.013392801520061079
0.01671752528163232
0.020296059795613997
-1.0
0.023554974373028868
-1.0
0.0192789872906701
0.023080330188156174
0.024222166380617728
0.016630646955849256
0.025919081468911927
0.02173528941227067
0.022526329065541435
0.019536161945991882
0.021831349034432332
0.027816701859267035
0.030852988122791355
-1.0
0.024262210164760524
0.02917881379498819
0.024135241531934838
0.024580420679109857
0.01956242498114614
0.021377344166558402
0.020692310488034205
0.026659409559980772
0.022363351518690813
0.024693143364915914
0.021343772199538664
0.022261213739602288
0.024868929486364644
0.01889769617002505
0.02808477624878268
0.021281389849433393
0.011896584562601658
0.022085339024071816
0.017557129961092842
0.0297929945838751
0.021572230720275837
0.025938917781296894
0.01901681631996435
0.021286478378162412
0.01803217706179384
0.021740805347920118
0.02098643871189705
0.021600202367435508
0.020354220189521176
0.023569075293330737
0.026706700591714125
0.0193423428526185
0.023408114842253948
0.02521063426182108
0.021586592862097975
0.019495616791027258
0.02480601029477999
0.02546901352384392
0.02502810226487677
0.026093463662262856
0.02433536312608655
0.030330006319544665
0.029125745125380173
0.029741432532981008
0.02522529316477965
0.029890052741915186
0.030289706735814298
0.024340760455784965
0.01827144815622251
0.025504657354545365
0.0222882979839891
0.02663367202577919
0.024138630964855873
0.023747185160597747
0.02424523867140808
0.02416521346221994
0.022087062264743978
0.013181240975856684
0.011637232156488726
0.010020921066263648
0.017415889255520196
0.015511403804069065
-1.0
-1.0
0.012456182559607884
0.011528218546489387
0.01396503476622975
0.009313114293219446
0.004790275293989657
0.004009528718136073
0.00027484219415761796
0.004241389783293671
-0.0014621938053855624
-0.0025463429445611646
-1.0
-0.011040403211188874
-1.0
-0.008520708422577856
-1.0
-1.0
-0.011074156055802647
-0.012028155343469134
-0.010761020259437695
-1.0
-0.009117067934847959
-0.014224034860632902
-0.00679398719539999
-0.0076320382303970286
-0.0025117903621374345
0.0008640333250377184
0.003293079255466896
-0.0007724481677594533
0.009520847256411748
0.01563653445574197
0.014830708841754438
0.01780120977561683
0.027352060754394076
0.020753468293263713
0.016869704943071096
0.01873578583043158
0.014840567321678171
0.020206415109933207
0.010016305716816762
0.014764776683576682
0.012785771936280744
-1.0
0.018434275608359252
-1.0
0.015677250581356956
0.013831007739875341
-1.0
0.01281929721717422
0.013571729129206489
0.019465571845861993
0.015133106515436779
0.010011191057599055
0.02179313702230379
0.00936861858272674
0.014500538384961783
0.01701204387281143
0.005092585440749611
0.01348036321784025
0.009967708157009113
0.010710566582407263
0.013581281122644402
0.013812519164822975
0.010159166848398644
-0.0028492972455555704
-0.0041558380491098
-1.0
-1.0
-1.0
-1.0
-1.0
-1.0
-1.0
-1.0
-1.0
-0.02930098328895882
-0.023167840733792584
-1.0
-0.018118720094717235
-1.0
-1.0
-1.0
-1.0
-1.0
-0.026682450963964745
-0.0239029714088571
-0.018484178410379
-1.0
-1.0
-1.0
-1.0
-0.022015548326193055
-0.02140832521833162
-0.0310183414117163
-0.029148208085745853
-0.02378444964906252
-1.0
-1.0
-0.022786864592011798
-0.022361801183234158
-1.0
-1.0
-0.02345867360431492
-0.02802601747008944
-0.02309676865352662
-0.024028210415390307
-0.02915605916051125
-0.02708973107290654
-0.025694321278420938
-0.02250638534863438
-0.02342823190479795
-0.030885481109352384
-0.027459455159588322
-0.023535402349502983
-0.022932173656147872
-0.019131954144578637
-0.010549399232387867
