-0.020141650139466387
-0.02357983083433397
-0.00998385848554348
-0.021378989402549058
-0.022700777368824185
-0.022946786323059378
-0.009660943985425725
-0.015158844503147565
-0.018990853696419136
-0.01755071380328889
-0.014391309511267715
-0.01912539828683637
-0.020150649000134146
-0.021133900795260913
-0.019186049280780583
0.00022807043608567826
0.02438755529621969
0.022670902160184116
-0.00786015740915291
-0.01954069178707211
-0.020198577570141277
-0.021648096303944375
-0.022473320941689353
-0.023660597837270748
-0.02212942972323998
-0.020424614087367083
-0.01729201562901528
-0.01695162192914361
-0.019419275004609094
-0.020739933526413776
-0.018717348697109816
-0.014481131609090144
-0.009362163038002441
0.0007523735367506823
0.016942921262137624
0.01896801918550953
0.012517973918908604
-0.00976568473491919
-0.012621585326794735
-0.021082162472927133
-0.01959054213567169
-0.021732085707478654
-0.020176677085471356
-0.022429906432693658
-0.023351447451891643
-0.023600802180724918
-0.022218410330486344
-0.022270762454693276
-0.02133962502331517
-1.0
-0.0233018292791014
-0.015265725070079788
-0.01967952692706371
-0.019108228623016348
-0.01758825743899373
-0.015936173838416987
-0.014053318157645517
-0.009010210978570672
0.001465803673567103
-0.0016692283347392314
-0.007285417922939697
-0.012059137447751878
-0.013327042576227468
-0.011328026694980679
-0.013176565377345404
-0.007834092509914093
-0.013954869757229057
-0.00978903879146352
-0.01588059253665865
-0.010274046111867857
-0.014554312943405201
-0.016746849931559123
-0.016640159049442278
-0.02093357999979779
-0.02229390479017997
-0.018868407899739016
-0.01968838116389494
-0.020382727681298344
-0.015581917780926343
-0.012398783247922382
-0.013035933022074134
-0.008497091643744284
0.0019594872584524636
-1.0
-0.0019603597850149776
-1.0
-1.0
-0.007611391594957531
0.0052291206100889415
0.02047177067856667
0.023207996617455488
0.02522793293124533
-1.0
-1.0
0.02931899454357472
0.035167238593360885
0.03484980826192455
-1.0
0.03546082541954644
0.03252998501186802
0.03400711572329173
0.03471722753688598
0.032456213653127106
0.032238387734145384
0.03503262435483111
0.03238582647778997
0.03230861543481455
0.03364587500072458
0.031138166834872506
-1.0
0.03003025427016816
0.025790633647183286
0.028500582219866313
0.03059080271711219
0.03216990291543742
0.03362022634805833
0.018164931926982802
0.018339316472863944
-1.0
0.025949339640864686
-0.004452233992428271
0.005228847535568581
0.010764808462215223
-1.0
0.007895666383706344
0.01127249714756498
0.014663380190123207
-1.0
0.011562460466697823
0.009556589958363637
0.005617477055135983
-0.006603524714121572
-0.018915898718018413
-0.023612331014301727
-0.026185302910062606
-0.023291125447880697
-0.025042538584499605
-0.020847849001740772
-0.0201143023357482
-0.023475152145793078
-0.023733222703531315
-0.0228951826804741
-0.021899161340045544
-0.021294451789276084
-0.021928966407044562
-0.019823822781373082
-0.007490308502248196
-0.017102765326400534
-0.017920035272936976
-0.018912778782603994
-0.020472409598382642
-0.013615283637295651
-0.013371002196694052
-0.0008926965736142829
-0.00031087764040639115
0.0006779344145011965
0.004047387406252728
-0.0022908579096982806
-0.01579054233428171
-0.019162496351742164
-0.01989270518995418
-0.019901868106013746
-0.019743300084901657
-0.02022892917844573
-0.02063406569312276
-0.023121915556727057
-0.021326875197337346
-0.015513717050370312
-0.004311254410326597
-0.01687687810810399
-0.022765912570043328
-0.023260319639415758
-0.02185767956361894
-0.019798734681442012
-0.017838406628100174
-0.018959821579837572
-0.01544884388469111
-0.012036019099704271
-0.0014706941024048429
-0.0003148907209285326
-0.008327354068662396
-0.008841752392297187
-0.014189435823611388
-0.011266568182513453
-0.003427906633678779
0.007433548554225646
0.014055951023933344
0.010366557178408408
0.003076354326359622
0.006362269579422963
0.013578748331321559
0.020587912851627612
0.01565461176247038
0.017541288548245236
0.015190863779620012
0.010224330424188636
-0.0038938409499797893
-1.0
-1.0
-1.0
0.0036809116081340416
0.027268415312116653
0.03300436287622164
0.031926906584732545
0.032549056654950954
-1.0
-1.0
-1.0
0.028805568720529074
-0.011862696012387089
-0.014813548789673883
-0.014012884917292558
-0.017166203399917743
-0.019121882527489018
-0.020063248728346472
-0.017167167725323403
-0.010315887427700777
-0.014975517312584587
-0.013529720522241778
-0.012217893222852065
-0.005864178572711893
-0.015874528305771997
-0.020005289915884635
-0.020615132337770268
-0.021227725711582646
-0.02267514280688155
-0.023778912612698794
-0.02541721726535635
-0.02682547172770413
-0.026380534782980823
-0.025487237821265673
-0.024638556663380214
-0.02313689466293534
-0.023910016614566848
-0.018920735195863504
-1.0
-1.0
-0.009703494615233267
0.010699963007399255
0.012416245190505227
0.024408703624344875
0.028957725769218595
0.029130344700144254
0.02454674406055342
0.026829160211119748
0.026580729841827442
0.0248602306997959
0.022976983535942005
0.024179994521215307
0.027758144472690937
0.030138428581967053
0.0318443578901107
0.029425638450997053
0.028536840484921243
0.03151970143567276
0.030980469099970067
0.025395457880523244
0.028375470584379007
0.02788943360504971
0.0286461439105536
0.0310613183631741
0.029301874409011528
0.03009579026460848
0.02802342659530489
0.030092925582782305
0.02993855591280402
0.021747831872481596
0.01965066394688962
-1.0
0.02013881198031096
0.023803701201650176
0.022864831902644767
0.028441576571245682
0.02955457039056123
0.029719248584389228
0.031095729048014824
0.03205322901832082
0.0313751085116322
0.031973050869260305
0.028505894896087354
0.02985108070652418
0.030280944243740206
0.030334947417482928
0.030070814910605738
-1.0
-1.0
0.03140681708273814
-1.0
0.029441466217000674
0.03195765949627805
0.02832166881792018
0.023995525513682253
0.014438062998010218
0.020323466129552478
0.0036165815826786534
-0.007914063796049475
-0.006469985708866719
-0.0013541442409053354
-0.005825939936175064
-0.0098786899880876
-0.010470621941720912
-0.010614251674833998
-0.012912338327213372
-1.0
-1.0
-1.0
0.0006456085513804418
0.012442128754236816
0.01251013704433175
-0.006449989647611986
-0.017448540270680487
-0.015452666853519197
-0.01770449410893521
-0.015236034100410082
-1.0
-0.008173494640070679
-0.012609539980415686
-0.018210559548269726
-0.022561468130628363
-0.019467057431790148
-0.01217081350424563
0.008593910401092345
0.012222786740400641
0.0077803881845689175
0.016436438487190626
0.024360241401001032
0.029917425359443837
0.030577942794911588
0.029417307377917878
0.028499306698166825
0.028234075162693016
-1.0
0.02745340899731893
0.031836192722359845
0.030864369318180245
0.027223737135755304
0.026251281770815656
0.024769418717876635
-0.005450217430377825
-0.020173558869227743
-0.022119880710163083
-0.024250137435061134
-0.0230135454340255
-0.022901872170370926
-0.02508783671152768
-0.02496728265830587
-0.0247259845163077
-0.02376575192016829
-0.024650895491008587
-0.02586419298327965
-0.02453812562460612
-0.026952856532048774
-0.025224511840802103
-0.024475069124118468
-0.02417389149157244
-0.023133250141211342
-0.023926554630488085
-0.025687538503524846
-1.0
-0.024707036126554203
-0.021661682069560952
-0.018080778410223403
-0.021671042849266707
-0.022752185960172342
-0.02032311897898079
-0.0014853614477693129
-1.0
0.026373820615703168
0.01357618662770055
8.250031219257309e-05
0.0032197002083411207
0.019565056505213774
0.026904455633043656
0.03226056910123247
0.03318768363700045
0.03379114734949032
0.031218788429312257
-1.0
0.032604334335149435
-1.0
0.03355073480678415
0.028421139242572637
0.026984380697161584
0.029424287349015775
0.027216234509869253
0.02809681332219989
0.0262204982522176
0.02952416058168108
0.032013982686305675
0.03218930254498656
0.030885597823688573
0.029885450169224625
0.028539738165313727
0.028897027421272328
0.027110647752689575
0.028304496857738635
0.02987453607426218
0.026119977602373293
0.018835542454561753
0.020741777399632393
0.002803557858892771
0.00846753935693068
0.01259116360711138
0.013927729703127372
0.012386227323745317
0.017821765485425696
0.016768086721730146
-0.00181053726612229
-0.00870150755626957
-0.009801432509176675
-0.01606973112775936
-0.022124211430119358
-0.02231245814580339
-0.023955115350427797
-0.023947182842090232
-0.023603321242948463
-0.024779220903420534
-0.02635297079882597
-0.025367113630822738
-0.018887659825510033
-1.0
0.0007022487304038308
-1.0
0.01877646267421721
0.027175714124433155
0.027035109617650092
0.017394218655248695
0.015606319059486404
0.021553160684991787
0.02480579733084315
-1.0
0.028317595460028683
-1.0
0.03157685664994727
0.030457062289090682
0.03193212975508268
0.03166754363812486
0.028329635328060807
0.02607430890196101
0.023135865099801835
0.02122699265894931
0.02348783697285802
0.010692720712079403
0.013434041167935323
0.010718857475243447
0.011781601371411413
-0.004195446480494579
-0.012188761273305593
-0.015025813673973829
-0.014285196556517126
-0.012731466908321342
-0.005520699661138535
0.00033876919474001935
-0.0002021153064169274
0.0031295027132537717
0.00248862627664479
0.005632526676923394
0.008514407677004277
-1.0
-1.0
0.02440487208275499
-1.0
-1.0
-1.0
-1.0
-1.0
0.028439925988860037
0.03253968332854556
0.0302123458022109
-1.0
-1.0
-1.0
0.032024308355853376
-1.0
0.03145392386002322
0.027795370435585817
0.02082626878885361
0.011175917155727615
0.002481045217573619
0.00397335240526386
0.01841824515276716
-0.0028578811803664696
-0.01541251412277185
-0.0045690799720891065
-0.005123575073307776
0.006225637860515801
0.007141981956206767
0.008455030749561412
-0.008878395600755725
-0.008433887021169451
-0.011820729498571157
-0.017730940340986767
-0.0238763481628055
-0.025963090368369378
-0.02163512663771255
-0.024793793536039804
-0.026363547587962975
-0.02531983031966002
-0.027019840515079958
-0.02529484889649764
-0.026007342679683375
-0.025479713764967205
-0.027444644477230443
-0.02646109958053673
-0.02633842864828454
-0.025531293645554568
-0.02295698750550588
-0.008433929759445718
-0.012499448169309339
-0.013799250487416629
-0.011216352054017305
-0.008828265221462404
-0.006931705213339218
-0.007108549202571889
-0.005556990676411536
0.002392455241066929
-0.0010588415826881766
-8.118860773090557e-05
-0.0017656298558645046
0.00548752618483326
0.004906998842280875
0.00047009279995463484
0.0006612747761581867
0.0016126486001170482
-1.0828645827596754e-06
0.0017758410159470436
0.004517784569170213
0.003738694054306135
-0.000837256958681402
-0.001985559257111278
-0.0002546308667212689
0.004008616265006091
-0.0008115219610376295
0.0003252788454776762
-0.00459754323018457
-0.009088681962147004
-0.005379527527940498
-0.003284583613754012
-0.007472372368095144
0.007684083663716445
0.030418896608754124
0.032622800569115984
0.030165838987385247
0.028460838955073103
0.02921542610775357
0.028961213047345034
0.02989372923385965
-1.0
0.03229995696558861
0.028650766197037648
0.027479631085434008
0.031057250006938535
0.03341312287783623
0.03480980646951251
0.0317765946805941
0.029272324623057733
0.02910965434655291
0.030463758161973692
0.02354552826991805
0.0025993078044650774
0.011782264782259418
0.013608529399322989
-0.008371538037874144
-0.017966631669065203
-0.02499249916690923
-0.025909732326719753
-0.024425989075449687
-0.026179315482192253
-0.024574361081576044
-0.024869159796836997
-0.025126835067646333
-0.027397421573096496
-0.026293252603658838
-0.025213100471997024
-0.025800903255430673
-0.02602756626271848
-0.025370177080906286
-0.024245680005311146
-0.025281582519011594
-0.020399544390466522
-0.01880409594904072
-0.01348118545382795
-0.006607768323398612
0.0034212000902188746
-0.00679171631680216
-0.020600204676974678
-0.018342410746568484
-0.01717403444160043
-0.01716138239792639
-0.01820910821580741
-0.017600378856452867
-0.011833590613955058
-0.018672246799411978
-0.01986552613973622
-0.020844610933985774
-0.019154083566418918
-0.023952726448609674
-0.024209990683491844
-0.025461317450354168
-0.023632662547863385
-0.02306176633158872
-0.02276516447017008
-0.02157953671541111
-0.022108617635072915
-0.02224931011497371
-0.018494077274738462
-0.012799613260274598
-0.0006070537507348781
-0.013125258043978598
-0.005922579294641765
0.0031238221453374643
0.009398150008192654
0.019985736141280953
0.027412176005136974
0.03005429927726706
0.030481770460874292
0.031068753663309058
0.0280353126873617
0.021215467438810084
0.022861175655324976
0.022275073446338143
0.016992012581958597
0.00411412879539095
0.0024317303316121986
0.005301296194596128
-0.001293133755486546
0.0030433874509805175
0.014372967600556643
0.010857802602872385
0.013380437941956248
0.009359471308811991
0.007316731717009384
0.008406425898276547
-0.011850296570884229
-0.01427078862345242
-0.014518774455093905
-0.008110822874016816
-0.0054001005365744625
0.007996535496448003
0.013442513686889652
0.021052972911115127
0.016328876106783193
0.018089900266137996
0.018296080489792706
0.01443287884489322
0.014802240861689839
0.011485665998042066
0.016956718390371047
0.028703255413051784
-1.0
0.030743881580813443
0.025565272124298575
0.02934838806081068
0.02789067059272897
0.023130434331141172
0.027049780898154626
0.021210335969729675
0.00813342590509549
0.005005521652311063
-0.0074414946127169335
-0.010808095422054199
-0.013387553887830868
-0.012709227851849164
-0.013375803876452798
-0.009315956247781016
-0.011669897474278263
0.012899554947488987
0.02897891891006054
0.01452768649170362
0.018366979002219307
0.02261871411312438
0.021334920200921342
0.016374199215283807
0.017359877708302444
0.021258899564749623
0.021563573031716507
0.019656713445956916
0.02097082112178341
0.01691101780177391
0.009956624250900369
0.012233648644193122
0.010619692234701059
0.01313739875042924
0.026167331043666805
0.03211967643012964
0.02563162283360602
0.021114750574711755
0.02119278342055752
0.016266044019089442
0.02398021190080607
0.028821608014028624
0.028127475003545087
0.03206089830632931
-1.0
0.034116049605304385
0.03284833546723304
0.03419743275679677
0.034605138759116486
0.03534101925415394
0.03439584975130763
0.03372387170577955
0.032994767640168676
0.03096162363320804
0.0328161462983242
0.032144096398789956
0.005371684528515732
-0.012171157754462288
-0.009670609232204683
-0.008688429096276167
-0.010961808248138517
-0.008087273358175993
0.0029160848989510653
0.007532738150060854
0.006023634807139996
-0.007179223163510012
0.0029078265286413244
0.00843803419111424
-0.0013973324455263092
-0.0069457056334137
-0.005591446384201812
-0.005350777338081854
-0.0089299470009663
-0.010611076437663609
-0.003065977032087824
-2.1847896243216983e-05
-0.004381466965790903
-0.005794131101139556
0.0012177116818333886
0.004449699670724211
0.010516318825095598
0.014849367951784325
-1.0
0.023537949601466903
0.02746624812230125
0.023612526663447445
0.007011004704066892
0.012457436083048024
0.008461360562682733
0.008605787937206186
0.019134854849583664
0.03077771857162204
0.03477800118003246
0.03329603772941889
0.03168275387331561
0.032593057865310984
0.02829211405138358
-1.0
0.03505138889722869
-1.0
0.028640339110874286
0.02689704676735734
0.022769947449894568
0.02193868354387227
0.00980153133771822
0.01819910984888748
0.00972271138815901
-1.0
0.008357618953543238
0.020961927449104318
-0.005575073555852174
-0.02140485662863546
-0.023263882369704846
-0.02363965505009353
-0.023801757194735058
-0.022987974837902436
-0.023194085743577918
-0.02527922036737917
-0.023579001600489435
-0.022844184923235523
-0.023904212395594152
-0.02271985112323828
-0.0204641064144807
-0.023198264572375494
-0.02270974848544339
-0.02327966829366238
-0.022403485118736324
-0.02317749765994682
-1.0
-1.0
-0.02565313822071232
-0.025261567458779197
-0.02555029828194669
-0.025058401866951498
-0.02631944529678346
-0.02567326859464487
-0.025016420512392785
-0.025995867942359665
-0.025267391471816194
-0.024773851643010967
-0.023830787573653513
-0.02423908472823597
-0.0243057029006262
-0.024804117954475388
-0.024531134624530222
-0.023472213688976472
-0.025151863011701605
-0.024028276349495354
-0.02179353241407912
-0.021541667237867705
-0.015550715099839374
-0.01943856964659406
-0.012027392865081154
0.004268634900614964
-0.00483279260721945
-0.014118838873813546
-0.017082676226018403
-0.018182255971026125
-0.01703532464004324
-0.022494722939072755
-0.024644435835700505
-0.024717140055293258
-0.026155849166620754
-0.02446689591576309
-0.024851148927182272
-0.02393467824510822
-0.02397335736952196
-0.023289397978488186
-0.02348262536848341
-0.02421915904374202
-0.023880297144544503
-0.023041816029036776
-0.024399550435097995
-0.025394694064863513
-0.0245183509171455
-0.02417478951518619
-0.022380362263004282
-0.023922957262647062
-0.02139876666801031
-0.022072089073243685
-0.02035496110277534
-0.019264738376431285
-0.020220118268262983
-0.0159468326483422
-0.015528299102795117
-0.018964411814673548
-0.019744204355684886
-0.02237163107573445
-0.023468526103516213
-0.02414244034450944
-0.02418793138100397
-0.02346465806351743
-0.02199745675686879
-0.018706013584462024
-0.02096564210960916
-0.01968159080128432
-0.016504229741484515
-0.0012818552774875385
0.004556775509293648
-0.005588286949795053
-1.0
0.0045456866691597425
0.0282272670915008
0.031946017611551886
-1.0
0.030366793337195747
0.032735363681090576
0.03416642129912695
0.03497768640222913
-1.0
0.03692062486792366
0.033265935273701495
-1.0
0.03365327647955473
0.03155478015349752
0.014490748904351657
-3.810468111364001e-05
0.006460984588455299
0.011181850337763552
-1.0
-1.0
-1.0
-1.0
-1.0
-1.0
-1.0
-1.0
-1.0
-1.0
-1.0
-1.0
-1.0
-1.0
-0.0005026540287773524
-0.0027556892155411435
-0.014853479882920215
-0.019596142655057616
-0.0217422782921088
-0.01801573390867531
-0.008685793026215107
0.0032118866472703165
-0.0122386257390594
-0.017374126742166263
-1.0
-1.0
-1.0
-1.0
-1.0
-1.0
-1.0
-1.0
-1.0
-1.0
-1.0
-1.0
-1.0
-1.0
-1.0
-1.0
-1.0
-1.0
-1.0
-1.0
-1.0
-1.0
-1.0
-1.0
-0.017281378721313658
-0.018820092674524645
-1.0
-1.0
-1.0
-1.0
-1.0
-1.0
-1.0
-1.0
-1.0
-1.0
-1.0
-1.0
-1.0
-1.0
-1.0
-1.0
-1.0
-1.0
-1.0
-1.0
-1.0
-1.0
-1.0
-1.0
-1.0
-1.0
-1.0
-1.0
-1.0
-1.0
-1.0
-1.0
-1.0
-1.0
-1.0
-1.0
-1.0
-0.015425134614603968
-0.019813590027972446
-0.005224308599476626
-0.0016981706302510644
-0.006568517768546519
-1.0
-1.0
-1.0
-1.0
-1.0
-1.0
0.006872027359908826
0.02186962192521199
0.029599194607249277
0.03085589806316036
0.023193897149875582
0.021896894818077713
0.027638537373797692
0.027676031547187382
0.027848156769351613
0.022383282250349718
-1.0
-1.0
-1.0
-1.0
-1.0
-1.0
0.014081164968835371
0.0010741294932608907
0.007444084961744488
0.008029596054305007
-0.0020424313598014438
-0.008291693838753384
-0.011562319457168312
-0.00666973828112458
0.007846519941698306
0.011886690088221257
-0.00360056529693618
-0.011230723524966941
-0.011853685322357681
-0.010240481167483407
-0.011991095103271359
0.0004400262948248576
0.0020371985736006726
0.018458585337462922
0.027257687776739356
0.0200443020699116
0.025745282937287648
0.025165206800413308
0.030369155108138996
0.030377841095049648
0.031093880477753744
0.021475153708634363
0.020467049899735617
0.010647119699442927
0.00507014723695201
0.006159742526051714
0.008265897479536476
0.019873877279698592
-1.0
0.02537433471147897
0.012012566296317436
0.009492540693023837
0.016353318732087195
0.022400234235475887
0.02722292750313445
0.02259995991649654
0.02014916704108949
0.030359049333585134
0.02973282468060256
-1.0
0.017569717718766514
0.02896045754297248
0.019316831885348103
0.0067474418247079615
-0.005962758025355693
-0.012402256405487823
-0.01703616904045932
-0.014718884525991576
-0.023220237772419734
-0.030508500472255954
-0.032207795187008705
-0.03143492034411692
-0.03149166975068936
-0.030708115180601982
-0.030754298336742453
-0.030784046031432494
-0.03067676270598318
-0.030170941365376857
-0.030612926092651073
-0.029758481032881014
-0.03074558761835164
-0.02999641183837519
-0.030572466207768448
-0.03044551436608011
-0.031820504333346204
-0.03072832777318963
-0.0314405878420502
-0.03041627681176137
-0.02507284078291674
-0.02373989932245056
-0.012862038495619395
-0.013404509439419775
-0.007567688382955722
0.013927982689394415
0.020117620759681407
1.2565327645630112e-05
-0.01707029668407383
-0.008166296076813566
-0.0037700799424318704
-0.016773042820390823
-0.01706078096909016
-0.004312224762875642
-0.009028378719435876
-1.0
-0.019221713384961012
-0.01694688181260468
-0.028910380199053565
-0.03025566717407085
-0.028340470119179593
-0.027402870825281044
-0.02893617155778445
-0.03071600853129517
-0.031219095605066766
-0.03204996612332244
-0.028693706796192327
-0.026828414282410087
-0.02260916902600177
-1.0
-1.0
-0.029816687989638345
-0.030885519512102538
-0.02601528265195349
-0.015170400051187223
8.628972881735601e-05
0.01392128342025084
0.02395543080668767
-1.0
0.026806877935072405
0.021958486155056033
0.018665056714018396
0.017173583861032057
-1.0
-1.0
-1.0
-1.0
0.03041234675664766
0.021819750406097082
0.03189233220723523
-1.0
-1.0
-1.0
-1.0
0.023943364789537912
-1.0
-1.0
-1.0
-1.0
0.023870814515919492
0.019639569930149276
0.007798295794914921
0.003971892878610717
0.0045985938365306804
0.013818596520174456
-1.0
-1.0
-1.0
-1.0
0.02519102729656737
-1.0
0.02423523699369536
0.024173706098448565
0.02357873159679263
0.029698457738104554
0.02292141021588374
-1.0
0.027108923265737807
0.028266184836027265
0.03169729202130719
0.029117408479464944
0.020848407538004463
0.013508764861423843
0.004149979819093974
0.0011979610018513114
0.012039875286131025
-1.0
-1.0
-1.0
0.013341836109929636
0.009682323553082463
0.01255376385684119
0.021183987278383755
0.0002664092830000097
-0.024223907012912296
-0.027315275028950498
-0.028435454866250248
-0.028187954885640496
-0.030176230522464608
-0.027636172737540793
-0.030453035906356004
-0.030395477364124922
-0.03072444576458704
-0.029295565831525577
-0.03004276488218984
-0.030824343653319018
-0.031053948223808633
-0.03155545827087447
-0.03144315211966284
-0.03029272837701362
-0.029971674691779675
-0.02949355878046836
-0.030524153369050525
-0.030035045731077757
-0.02995953273367929
-0.031519476838315165
-0.030071823930293787
-0.029693132424720332
-0.03129253062934203
-0.03066956496784196
-0.03063293503386741
-0.030487062957793683
-0.03104169764438737
-0.03048769937992652
-0.030497903241773965
-0.030764277049900264
-0.03143395256116871
-0.03148088911548273
-0.03091608876781002
-0.0296500248778338
-0.03102933104702594
-0.016746459328620303
-0.013392403597418348
-0.005031291335741865
-0.012750168018856428
-0.016530972987657586
-0.018318063229715027
-0.020085496016942414
-0.02053734432872144
-0.019742822081451422
-0.01602708842020965
-0.016105160784846414
-0.015987591777960972
-0.01925065883897975
-0.018829649204501062
-0.005546579120503866
-0.0025623605521404953
-0.004078315149942608
-0.011509703968223465
-0.012958048927280905
0.004851402712488905
0.014955530508751433
0.011176625077910568
0.013402349403770192
0.020662098497298477
0.019564488339564257
0.02831343747251713
-1.0
-1.0
-1.0
-1.0
-1.0
-1.0
0.023685773506145036
0.015343161718342296
0.005284523751965236
0.0064322218507131095
0.028071167696175632
0.031257097284275934
0.02633334278311769
0.023585361047934354
-0.002258323088714647
-0.017017932950889252
-0.01959753718700661
-0.023101848801501672
-0.023639136070261628
-0.027946385820634592
-0.027895246372852327
-0.029398813763712946
-0.028672470373998532
-0.02983717941132389
-0.02951445167165725
-0.031802301736659155
-0.030431089604152466
-0.03202943636499289
-0.030255484004156088
-0.030013223940404326
-0.02970139048366027
-0.031122751520666236
-0.030887322456660912
-0.029524540392413735
-0.02976249074891265
-0.030155808595429344
-0.02853703953695568
-0.02893247839314099
-0.02915884021262532
-0.02625415164868877
-0.026552637890562166
-0.027572700056573054
-0.02447784092532765
-0.017145377886017842
-0.022103718372419624
-0.022842238928878877
-0.02617453676184472
-0.028182930277012144
-0.027845848564788354
-0.027809819114156944
-0.018333801260801703
-0.024861780384898537
-0.029888671750727056
-0.028658093051316304
-0.029528945021759963
-0.028853517346527545
-0.0305152120865318
-0.030358183412197468
-0.028788493058895272
-0.03050922058993731
-0.029695313031580056
-0.025853867063605127
-0.02201469316624656
-0.009685651522031744
-0.02228042794996344
-0.017446479677880544
-0.0019267645768167644
0.026625685210962844
0.026228152540704278
0.028083493906602915
0.03459896593858839
0.03193996961737201
0.030574744290962227
0.03461211221481238
0.033350386090326395
0.025954722782477027
0.018670061772218555
0.011353889899569765
0.012957644142487556
0.01565097103188605
0.0072924930036452
0.005454095451959805
0.009568178120917536
-0.009974186221549927
-0.01793553282582215
-0.02613576125189962
-0.02658354227819797
-0.027477011910575787
-0.027714639275343393
-0.027401201881476392
-0.029893020578075705
-0.03132226582802968
-0.028690810876580614
-0.0281559323223863
-0.023020282685236464
-1.0
-1.0
-1.0
-0.019304719682584418
-0.011008881115857544
-1.0
-1.0
-1.0
-0.0007791887946553472
-0.015984978189663324
-0.019368880352891103
-0.016485106833651945
-1.0
-1.0
-1.0
-1.0
-1.0
-1.0
-1.0
-1.0
-1.0
-1.0
-1.0
0.007802764379420304
-0.017659037986880385
-0.006226850436979891
-1.0
-1.0
-0.014178236005246833
0.012198032571190117
0.012481264059967368
0.011508734109033423
0.010367190891752188
0.02248977272629597
0.030087811669641976
0.025783386120117
0.02385958049557782
0.024687164902686864
-1.0
0.027962657459468264
0.017019073161836908
0.01867934078419842
-1.0
0.018439845265724213
-1.0
0.026313565760728987
-0.007801157507256388
-0.016685942503251193
-0.01949269636153758
-0.014494680544867898
7.044978372600922e-05
0.0020764692886366598
0.01912751825527176
0.008164366205654907
-0.004095415241703419
-0.008819138998643951
0.0017566612561890024
0.008659670643872535
0.013482741132381067
0.016967508951759507
-0.001589764225597033
-0.007641562332144013
-0.022082264403157116
-0.02481568647269169
-0.02610684151104264
-0.025663524214779552
-0.03213731794929593
-0.03310018106075858
-0.03340514524281952
-0.03224336398964968
-0.03206202483842003
-0.031316809371428396
-0.03103568484749054
-0.031387608725694606
-0.029695590567232925
-0.03178357560825188
-0.0314264587162607
-0.03123817553834893
-0.031853815518416734
-0.030538593116785275
-0.01924314221955683
-0.010462750839569176
-0.02073279054424819
-0.02338953781330581
-0.015617122372301707
-0.02029382114735551
-0.014732026704565018
-0.01660363119732094
-0.02436881269789203
-0.027056553864863223
-0.03142678959721719
-0.03204004321343251
-0.031967903142283156
-0.030659754596129903
-0.030577064316450103
-0.032117048987378695
-0.03162649011832939
-0.03237390540362676
-0.03005903244089217
-0.031966744856943466
-0.028801991880762306
-0.02968512479800045
-0.02897843621164607
-0.029465387574878314
-0.02590493101358562
-0.023051511798259233
-0.01863444770140208
-0.01696370689164773
-0.015392076718355232
-0.016979204551170128
-0.002659889014932563
-0.0012064941736400611
-0.010213638134274039
-0.019911562970350197
-0.011766006160469892
-0.01333503681403947
-0.01362105602527754
-0.022125393252129682
-0.026238969278263163
-0.027121593375667708
-0.024612354613250894
-0.026593405189578912
-0.023066368401638324
-0.017800316285926897
-0.027514291889402857
-0.02745685141011885
-0.025015218619460353
-0.02061178723313949
-0.011383645663471787
-0.008099566963954976
0.0023654600855929505
-0.008277869151949686
-0.013327499348695574
-0.01424902295126488
-0.005705859580288548
0.0025689701614094334
0.013501488341008254
0.009851155372860972
0.011490634847337757
0.019982420592716012
0.018501564275935894
0.020354804184532633
0.023671654851544238
0.021472842549409118
0.021296136593371703
0.02757125965298453
0.02616400001242962
0.013882315439828038
0.0057970666375283504
0.006299924568255421
0.00839452864170312
0.012854611500286345
0.012208085157428323
0.010116399719759297
0.003379282321554472
0.0034714558611016145
0.0016461776807285872
0.0076412963857073486
0.00867011971820343
0.0028432182061543815
-0.007397871134079267
-0.008332632563087054
-0.011276242886161776
-0.007982808596065939
-0.0033182914889981823
-0.009138294356397379
-0.011346046757545584
-0.004701594375450287
-0.014888481627770164
-0.02343025875846015
-0.02064356558614148
-0.00962018045343976
-0.019644022186599556
-0.022697935381132985
-0.023699146167536135
-0.023416234705888793
-0.023625706570404418
-0.0206813431940159
-0.020262912670945342
-0.017110668036262204
-0.009381008932999103
0.003338448212163135
0.010498038395912537
0.006037569098629974
0.00477734793900732
-0.004093098142583643
-0.004667942776467447
-0.014288212527773072
0.0023433754514366827
-0.0073532594228398526
-1.0
-0.016934146918761928
-0.011722549189890791
-0.014260999901821827
-0.019852225804989687
-0.017658455421509005
-0.01521072339729485
-0.017935719917277097
0.017402564841185405
0.026149724134001073
0.022897423726542108
0.023321031119002137
0.022414263583488594
0.029405119455833302
0.029400895305253433
0.02801976528756861
-1.0
0.023543596325999987
0.03327829836870506
0.028237412828579275
0.02771613646794061
0.027350944270050546
0.026975562248212754
0.02395875404407507
0.019325830763744136
0.025035662683549165
0.026133084878459167
0.0037999118026364395
-0.016465190235826932
-0.022352172336512408
-0.006540073431211811
-0.02321254089443506
-0.0195652795558876
-0.0071416259945206095
0.008550219264722141
0.002677678537287448
-1.0
0.023392822752039265
0.021363742614888385
0.013774558486205872
-0.023708798350076447
-0.031640984471883744
-0.03105038333393456
-0.03266391509677463
-0.0338597661920026
-0.03316505624653469
-0.03254936059674413
-0.030753022121665072
-0.03191125721331365
-0.03254584800063694
-0.032393459268857706
-0.030973610781391506
-0.03138570667597725
-0.03160220880653117
-0.030787505476629253
-0.03166709600896121
-0.032481741779750155
-0.0323542445724745
-0.030881446531010524
-0.03086282703390723
-0.030714000751319498
-0.030492808636978966
-0.032056715735615
-0.03173590118309966
-0.030817620576948236
-0.030808319519459983
-1.0
-0.02757910926234061
-0.030062630569194514
-0.02947217383298381
-0.029708128481491992
-0.029948795198651807
-0.028632763554296392
-0.027549361068100797
-0.028058937464121775
-0.008821086758527157
-0.000840441713523194
0.005331668258162308
-0.012521207408345785
-0.025736757030580745
-0.021759090263711468
-0.014334957631110394
-0.015316067588643173
-0.004863086301538749
0.004469981945683187
-0.0074901481953413744
-0.02704452459069335
-0.022471087173454942
-0.023683261750114266
-0.012829141037852623
0.008499305081484968
0.0015772290788921336
-0.020039092861131556
-0.02342296163675733
-0.02302240576429673
-0.023627949455736482
-0.0196642078951799
0.006619049800075215
0.006432207120252622
-0.008270432033496916
-0.014498619252676502
0.018540037149726532
0.029691853685530706
0.03190833810935207
0.02954929937698591
0.028120132080764977
0.023968474051849688
0.026167627299197038
0.02875852427886877
0.0291825724799993
0.026555753841958293
0.015223214477379787
0.01243338742513989
0.022380425636532673
-1.0
0.03236046603490401
0.03593313281046621
0.03274190591650658
0.03242353786898564
0.031225602579109165
0.02956437920399529
0.0313926976423832
0.030236391994547987
0.030196340621001676
0.02677534993016424
0.01252415612545016
0.0013582469099486846
-0.028592982025363416
-0.026677095921003886
-0.027263484110567813
-0.02712880328369894
-0.024954762827288614
-0.003048332509240734
0.004384286299691222
0.01231503809270067
0.0019340585277533913
-0.02774235298944784
-0.031348902620168255
-0.03312669610947165
-0.033423124642368206
-0.0329823389460014
-0.03300929024016206
-0.031243667588489805
-0.03025607419586711
-0.019302154530842962
-0.02240010572738056
-0.018623363526356178
-0.023714570834260578
-0.01585912772897684
-0.002741621073868937
-0.01800803504559494
-0.025668937133693896
-0.025689243566138022
-0.02375812454992788
-0.025659707005391167
-0.029486949069384726
-0.025253308127738388
-0.02673420744558297
-0.02554123753841079
-0.020763700949969738
-0.015842681675954148
-0.009651977265878459
-0.010168067930427996
-0.020996655306634075
-0.01933351863732807
-0.022444309723602437
-0.020861822041468355
-0.021244509779173266
-0.021074292177502837
-0.019150920158424446
-0.011092906168112659
-0.003607116967851075
-0.011255274853352659
-0.0041317798820507574
0.013205208621080457
0.02782511736709997
0.01929204517189101
0.0012520297706045888
-0.002573467140602369
-0.00898314147930345
-0.011848013793795029
-0.008582654881252393
-0.009684609363672792
-0.0042788597692045354
-0.0014211059891261145
-0.014689174578758948
-0.021259608195439192
-0.02087232107075966
-0.023277832807705092
-0.024401277968537256
-0.023752002157302006
-0.020477134467771482
0.0040258799889920805
0.004589658889723954
0.014559092191688142
-0.013043074294782667
-0.019138033664650993
-0.012910857623978263
-0.013027156388523926
-0.014329037341123337
-0.0162063811373634
-0.01465286541740391
-0.025794188534135124
-0.027314981939262052
-0.03197124825486332
-0.02803603187341112
-0.021053535713153267
0.0011285150549267234
0.013019974354934941
0.009994568634338554
0.01072333612330505
0.007456338470045064
-0.0005099449236913142
-0.004502672181017365
-0.013649424202282982
-0.02233653502430944
-0.01863901549730493
-0.021749790588115877
-0.02228723596041476
-0.016330614431395742
-0.01424736498149564
0.0007533479607411688
0.03153499753963963
0.030445565374885446
0.029466446924086925
0.02905620491430432
0.030537799935782553
0.03344849278079014
0.0290166525233481
0.030948196468197735
0.03190221483504584
0.03249693578814759
0.033922336418547736
0.032175709748809386
0.029800459784577654
0.03306224956891222
0.030981232010814857
0.03274061420616551
0.0342462313451603
0.034015982813725504
0.03275214588879086
-1.0
0.0304671101930672
0.034804947026555254
0.0349702982181276
0.021151976409004965
0.02119958764173819
0.011580481467239875
0.01829838922450118
0.019347929532378644
0.01389882726850496
0.022395750874934135
0.03212998151135587
0.0288786504132353
0.026425891202949178
0.021330130624961023
0.027822329583760016
0.021740299463186855
0.025117058035130035
-1.0
0.023426538336059757
0.02988897363733122
0.024452808309282793
0.013646739134744873
0.0052597537192516025
-0.017822310787489616
-0.023404650038242807
-0.027556359249560753
-0.026004626423599977
-0.021051685534972078
-0.019966312168556422
-0.01433793454226575
-0.011904184926160048
-0.013308871268064983
-0.0156742087585627
-0.016482781396886345
-0.016971634598265027
-0.014597753364592524
-0.009777527064377288
-0.01825423615599253
-0.021992135249102276
-0.0250352820099657
-0.02422219561106066
-0.022363394676384422
0.010122563670010375
0.020792754641480383
-0.0007483653772517185
0.0005877583559341193
-0.008667660347354562
-0.02027920295938655
-0.021500644352295633
-0.024349104682421685
-0.020441456117205124
-0.016706530169183036
-0.006224226028284093
-0.005841263029868115
-0.002098551393816685
0.005005930534769708
-0.02117338778228118
-0.02285815265722776
-0.023440039634404122
-0.021369422604490707
-0.024183409212409916
-0.017024334403464177
-0.012052329312420462
-0.007775412667555246
-0.014896819606676851
-0.00837696829258519
-0.006897463771832085
-0.011058850443145533
-0.019309288237464594
-0.019421250707556837
-0.0010250266165953207
-0.010538294035293827
-0.004723144023828669
-0.006696305465460158
-0.005183465228932801
-0.0005806547191362656
0.0012386420507070964
0.007926542611426153
-0.0013761819879567643
-0.005961381972995685
0.00840610724278734
0.004214222863227187
-0.009938376361275135
-0.015995052719285748
-0.011508186884187694
-0.006563137293199099
-0.013486533862348932
-0.010005765495187615
0.01529612793898167
0.0156328996954283
0.013203524156468034
0.008003221482583074
0.0005602688874380776
0.007069516697368648
0.013557623509709803
0.009826289135568385
0.01083844550221248
0.004617538754449435
0.008581864035354882
0.01303471780928508
0.01900041483680333
0.005835829918197614
-0.009646608731693894
-0.02770831766471367
-0.030611686576910074
-0.0312544477893448
-0.030071418412967788
-0.030821757849744873
-0.031431176948814504
-0.029875922948888484
-0.03068800486800461
-0.028736881156549213
-0.02879263830958355
-0.02857691657666741
-0.027546699241197115
-0.02629196992816648
-0.014677826062069833
-0.013136944753753377
-0.01470018070995748
-0.020784713670325052
-0.026727207059995914
-0.0282983797730648
-0.027755154652998677
-0.02949771543832091
-0.028955557580004128
-0.027933142640396962
-0.028050817521019098
-0.028173929260217896
-0.02969339172846364
-0.028489460430430463
-0.02851463467431405
-0.024398976785917424
-0.027535448776410273
-0.024610556988676025
-0.021358875442523476
0.00023684222203286585
0.012693356023972766
0.004817607549632425
-0.014233042396437395
-0.00928344110146536
-0.021967857233204508
-0.020747224389806845
-0.020737177043501826
-0.0204270486558461
-0.01464290771713586
0.012832317326088773
0.019595911303394914
0.002910784722022109
0.0026909282454937707
0.004907750115084317
0.008963981038571623
0.006914338058577519
0.010598404765191638
0.020502381303520216
0.02380928664285658
0.019882256307099538
0.024771782743987343
0.02617694238932007
0.026943460771621054
0.02801165350773841
0.029177827035438583
0.031806989725896774
0.03212780274365004
0.03228988450968745
0.027618968355192598
0.031777662132999776
0.03218936818521677
0.03001187212351056
0.03087181295846964
0.02925779761024534
0.024716364206726942
0.02535132513642044
0.027361660443500597
0.02742705900377177
0.029764585918330512
0.03105199351920048
0.02923750534060319
0.03170208220627401
0.030162266770850786
0.03465491173045178
0.03577521273252402
0.023199322063662247
0.027853763729506684
0.03320414444197028
0.031447126976538765
0.0231526305345028
0.017055810051802678
0.019302670087593763
-0.0003005751132785323
0.010582233435013718
0.0060015087893504435
-0.005207042344025197
-0.002283532890833358
-0.012345588174498759
-0.02568977082355448
-0.028137735927218282
-0.028226870428523426
-0.029585203771222597
-0.028535544535564002
-0.028048812017607963
-0.028402161429368585
-0.028364212290151885
-0.028120252979646175
-0.026374025110019995
-0.026596067454985186
-0.027709408785137626
-0.027769282062711727
-0.026759609699204913
-0.027138404354720674
-0.026982461952416246
-0.02613857210814638
-0.027253269075385025
-0.02774167005241966
-0.028055581285786394
-0.0265010872720657
-0.026400393108623212
-0.027021831310796447
-0.026314087422847
-0.027142129296948796
-0.02750619286545105
-0.02733194716402537
-0.025299851402230067
-0.023819245808965
-0.020074661905627286
-0.005319485699945528
0.003309834987372728
0.011226547069219165
0.0018218265510533682
-0.00861756869331822
-0.00754604536186168
-0.02026974836728118
-0.0013727370434996025
-1.0
0.016292637719965468
-0.010380276491967311
-0.01626066341543282
-0.011127607071181864
-0.004407381694715324
0.001785514070490514
0.005468484514772013
0.00615528116097835
0.011435020183152326
0.01537564380766032
0.012043053727386765
0.017112858237161264
0.02182087158913673
-0.0025679835555108828
-0.0039471955042424
-0.016206660279335847
-0.014028737170717122
-0.02078854071030884
-0.02166742133432674
-0.023475675651915637
-0.02072826724238064
-0.019980679015518137
-0.02105372540129334
-0.02192282620946856
-0.019789014167639403
-0.021946396454944256
-0.021190293534442968
-0.022370527939477955
-0.021755662690382437
-0.018460239307098322
-0.010897306107912199
-0.004388857513322523
-0.007695011086061721
-0.021266173696413294
-0.02061292134446078
-0.015106092561178175
-0.004589548081211095
0.023481556252627534
0.023841098782215853
0.021841784956991524
-1.0
-1.0
0.027369075646672274
0.03167049878416086
0.031596298866307666
0.03599068562566025
0.03365623989842148
0.03173526386798426
0.031651416783811746
0.032006143080027444
0.029365258820348437
0.02971514336278356
0.031127142592913788
0.028436974792141387
0.03272683813910493
-1.0
-1.0
-1.0
0.031796206188009754
0.03079076673769803
0.030314144896075753
0.030695173833194745
0.029093293583324603
0.024569290695193112
0.021966196795408014
0.02061680253719954
0.024035061478421937
0.02429380684247773
0.02411166711924303
0.026502180537025792
0.026126136873858674
0.026980927364904615
0.025217309628159813
0.02518230688976731
0.023558140610397096
0.022304860037467327
0.011802458047210692
-0.0019864365506640693
-0.0037690280856229924
-0.001633907574961898
0.006231383536996404
0.013239609820566349
0.023134910426310613
0.022436293065562017
0.021143115489287097
0.01768069555555423
0.017553836112424503
0.0183333599342424
0.01715525767798331
0.016188491025656473
0.017533177739341425
0.02008952911300649
0.019464007870544014
-1.0
-1.0
0.018560073052308678
0.010668853588815789
0.016062355592029627
0.023344618079045587
0.0010354884007371806
-0.012347525839800422
-0.018262117588128044
-0.017923009787416223
-0.017302900315935513
-0.018389108823916693
-0.011682897295376195
-0.019849461179800843
-1.0
-0.010137491540671032
-1.0
0.022053965397582236
0.014826108528355392
0.01573517788419116
0.02315868019200539
0.006176873936703474
-0.0028269809805496946
-0.004790336048881912
-0.005668119090620768
-0.010395606557328999
-0.016930009709001513
0.003599722185082108
-0.01723218470248656
-0.029056289194358733
-0.030384071823719848
-1.0
-0.02916916822388659
-0.028247936733155104
-0.029273317922816854
-0.02954521254297045
-0.029514184815709835
-0.02578730304720027
-0.020847451862973185
-0.01132157690233087
-0.020512893099119828
-0.02519200393181111
-0.024499666751722726
-0.024024950934846467
-0.01103338090561223
-0.010798703984624911
-0.012071737472401717
-0.026403053015508788
-0.025432077125799066
-0.015422076651197034
-0.017548212631135623
-0.02418154153238345
-0.027240653359843794
-0.02755737003538923
-0.025583611290286547
-0.02684270226443141
-0.027039997685349412
-0.02680389286489764
-0.02701881960408893
-0.027216850640243033
-0.027152790253552543
-0.026752561394012435
-0.022007575523840715
-0.01943956574808712
-0.013382850464635275
-0.01391903914589514
-0.01893846451786453
-0.023726264196127566
-0.0234948918888555
-0.019736708957358875
-0.0183276447152158
-0.010112073163027558
-0.008554035571324073
-0.004604027524810661
-0.0025299850340107293
-0.0019520418848157377
0.004890880592588351
-0.00144743025777972
-0.02097429864603308
-0.02509634369362137
-0.023204696691357034
-0.021756282183248838
-0.015623567907746877
-0.013985196259694101
-0.008569724806834145
-0.009422803056223727
-0.013904249290474836
-0.018349667875378044
-0.01685086131386338
-0.013483427443671482
-0.0078104996707322825
-0.011508417825084459
-0.00288857701593199
-0.020152539462074192
-0.018362488497370964
-0.02005414415366858
-0.01702497237566252
0.00481973707268896
0.02643292278741156
0.025731812688389654
-1.0
-1.0
0.027848469075436148
0.02513644917103525
0.018220563447012124
0.03124869346065475
0.03470829062082705
-1.0
0.03155527252581027
-1.0
-1.0
-1.0
-1.0
-1.0
-1.0
-1.0
-1.0
-1.0
-1.0
0.032313610631025114
-1.0
0.02926914478772574
-1.0
-1.0
0.02794686049987524
0.025444616836948656
-1.0
0.026982631014288983
0.029662442832231448
0.030752349862311512
0.0315569032221403
0.032051591758491996
0.030290756501309902
0.027813743430736827
0.02864404467075082
0.02904933091463713
0.032003491669246015
0.033092801351058035
-1.0
0.03441645933705351
0.02977189271443917
0.015174823353955987
-0.008892663251530597
-0.008455572078149514
-1.0
0.001795617834882615
0.00704828290397376
0.006395661501324382
0.0037204616881341105
0.012733539838622746
0.008082798609321372
0.00167069190435989
0.004985407018243309
0.002180455679902126
0.0031801770278595477
0.0017912517561701898
-0.010191393080222043
-0.01215236361875644
-0.0042703815100833785
0.014259713584842754
0.000885292793760419
-0.019044872601050127
-0.018294338092732128
-0.02058095264367337
-0.012156527106590992
-0.0204707146096948
-0.022716232102479177
-0.017854709749857107
-0.023620501907135872
-0.021957414242703532
-0.006701858135463395
0.0070459437094538765
0.008319724776269305
0.015069208148639764
0.013110858252383594
0.005928385793017559
-0.010960932670350936
-0.011744759477263498
-0.01041743437270782
0.0005540653735766732
0.010777980404994844
0.008084411512099968
0.008462558816706076
0.020408593673142805
0.013822158903172592
0.01280353819314883
0.010075667421994871
0.003103873673964607
-0.005767235330439556
0.014149313814116054
0.01138598268620923
-0.009671395458828502
0.0027242307228952023
0.02085081762271506
0.01768384412203503
0.00564677960779775
-0.011818632793389716
-0.018308613062799118
-0.018176686277566502
-0.02120820409298935
-0.018578499116155108
-0.0046917374905825465
-0.0014753927212097268
0.004897189198073894
0.011412401868214114
0.019227002701914332
0.017211354631715883
0.014724807692366502
0.01729087445573653
-1.0
0.023039915556024984
-1.0
0.025512314273764377
0.007275322024393229
-0.003947397577776274
-0.013233789500596426
-0.01713614874939689
-0.014647217582425867
0.007702050429500131
0.01004852386177496
-0.005383159318336752
-0.01711464697109556
-0.011838341495352579
-0.013227088221049791
-0.024648755873801408
-0.025339837535634648
-0.02600118938980484
-0.025727596307051077
-0.026894423197995024
-0.02651071029107691
-0.02281341212330631
-0.01959187078998143
-0.022514118134455047
-0.02323367820243623
-0.026189680067427546
-0.02291644896962493
-0.021648289069506804
-0.02029424965733077
-0.02009256475062558
-0.02285212224812218
-0.02494507621129598
-0.019507193831862137
0.008046349192024715
0.018911539990273066
0.0024824934097059663
-0.00815906247137483
-0.005885804012659295
-0.00952076578838349
0.004232980501603436
-0.0013259895819730104
-0.001666654313733353
0.022205736097580114
0.026896161951089233
0.018600108407833472
0.016204257294508792
0.031107285334287763
0.03551143691666196
0.031873238969565044
0.03216000981393803
0.031484102655675805
0.029513602731090573
0.03229312029514008
0.02202259132659903
0.011707449295340197
0.017285797669658123
0.013698551715145455
0.011257837755607217
0.015083508408900216
0.012154588579612526
0.015256359940237323
0.022100485567385555
0.013787750475442824
0.01758582014639272
0.011197221217389383
0.0055755105877764435
-1.0
0.0028391595231174087
0.00870319926388226
0.01289914778779021
0.014033516022159513
0.005725098059583432
-0.00889415828275703
-0.005832081128373176
-0.0001495167434526663
-0.004216755574936861
9.745769794907703e-05
5.524147453687872e-05
0.007223079671980478
-1.0
0.003098380978376223
0.011336362791209796
0.024025667457821972
0.023673589903277673
0.024719061136153728
-1.0
0.025378864038178083
0.005701507720139654
0.00012450289732077348
-0.0015889629672568974
-0.001380891247913416
-1.0
0.006416528138162057
0.007228837007181163
-0.002570127208852266
-0.005877672042945747
-0.005567700069233234
-0.004356106840132073
-0.014764039875156202
-0.011022146505354073
-0.018106253364824926
-0.013567125673172125
-0.010383046646920972
-0.012217793093303965
-0.013797105524711237
-0.010811363268798259
-1.0
-1.0
-1.0
-1.0
-1.0
0.0012462405246346983
-1.0
0.03350789825131625
0.03020808233694859
0.03312019338795858
0.03295731757354046
0.03314061659199327
0.031130502930057657
0.02204993334376715
-1.0
0.019430249024485837
0.008183219589534316
0.005517042760297775
0.013748921412053909
0.014589174825812044
0.009415423179451458
0.01170968786425574
0.02001434515987101
0.01967140396559609
-0.0021911281030515275
-0.012791176578162401
-0.014246351024079786
-0.013796138243040606
-0.01300582522443487
-0.00906890285547435
0.009078401230774824
0.008521227987927569
0.015798506816853162
0.019225348469228118
0.024427842547012045
0.024353016117421494
0.02673368723960703
0.01883427063176242
0.023882940215706604
0.027756044641644318
0.026105707793558322
0.028762909194777857
0.02950061138270701
0.03450248868961851
0.031011337489485848
0.03201833237451805
0.030481550178936435
0.030820427830364133
0.02396579754014343
0.01758963788787313
-1.0
-1.0
0.009299728321863012
