-1.0
-1.0
-0.015288160861027049
-1.0
0.03912244913861805
0.04739939771212003
0.04726100655853367
0.047620916930212476
0.04945341217806289
0.04848833680516487
0.05052022998934664
0.05195961546924076
0.052245461674511315
0.0543040157438127
0.05289577589963204
0.04863834647569386
0.04919116161005718
0.055297922149360676
0.051137633434750404
0.05121982791370113
0.05149937893249374
0.04902851655942216
0.050148277026334696
0.05095036045803117
0.05173617697325978
0.04823150958147379
0.04854123357637264
0.028460028550088598
0.03975343750095011
0.04940204534438662
0.0450796048331114
0.04447601975453829
0.05216208145330275
0.04876746093935961
0.05390760829067857
0.05051749703650886
0.04399034744131735
0.028237980116084707
0.044276422105588
0.053883752037322284
0.05089711805813994
0.05237030074908889
0.05600303979577928
0.05483236827269721
0.05293092990284938
0.05651440791280539
0.05556201562382565
0.053419694645216675
0.05322541138903221
0.05332037511912137
0.05098877502411942
0.0490064547624247
0.039870469718774906
0.0347988134815305
0.040725909183147835
0.05602993138428289
0.04721016284901874
0.04400333319560469
-1.0
-1.0
0.007861801127325766
0.020361066018286345
0.009552676116388045
-0.028857879822367944
-0.05120901435363893
-0.05080547106431891
-0.04527577105299832
-0.05132294455489123
-0.05105716960205541
-1.0
-0.03550612687181032
-0.04191939503490915
-1.0
-0.021345751478841206
-9.378421454889053e-05
-0.0029227703703389968
-0.016670562549199623
-0.015831375821182322
0.02262501088620887
0.0019323299867670728
-0.03262531160341024
-0.023581435926902587
0.005179584602069071
0.022035124372187253
0.020359998197193
-0.017199962685954053
-1.0
-1.0
-0.04953486855544458
-0.0496911944379691
-0.04704861040193638
-0.04552376691623277
-0.045849237427942564
-0.03697549794115751
-0.04292972198099976
-0.03574094763471983
-0.03271004673451487
-0.04408287027749681
0.00524923162354818
0.029154649476061115
0.03159318576967582
0.04517848650366936
0.049554026526579496
0.055009503346472394
0.05594689084868951
0.05751613984456068
0.05686642440180254
0.05915272216093372
0.05782111019990231
0.060314503127901105
0.05745985376797265
0.058466655081379305
0.057138512410639074
0.05683001498607682
0.05679363502393151
0.05660572357459465
0.0234297758644376
0.005867231460311932
0.001573902779709261
0.0015130604505643312
0.006744214731485149
-0.0006536733689387974
-0.01895726570453356
-0.010374845735332825
-0.0070453061988176285
0.005103891899948213
0.032559954746643006
0.05967010853600127
0.06102026157231504
0.06132786142781
0.0594869881164887
0.054040335495179614
0.027996366933958027
0.006337826437986594
0.0073401171759248296
0.004932778789868583
0.011412414183827447
0.03729123245444173
0.056109920603655425
0.0520600348105559
0.053970816946162556
0.04658210695392736
0.02731345643289255
0.03379217087407208
0.04132072560125969
-0.0022875962978343776
-0.055177725108445826
-0.0540738053830225
-0.057259166802875294
-0.054820730752581294
-0.05530247689520455
-0.03131115629163734
0.002860836206090968
0.011565768383213179
-0.030197047019796138
-0.05372831559497922
-0.055792322963507696
-0.05389504687687053
-0.055015407981536465
-0.05485328596733516
-1.0
-0.0060392879294661654
0.0234070303369084
0.03190863320982731
0.03897182934395094
0.04715417766767989
0.044377988499121744
0.009785599175875933
0.026443138298779107
0.011887217179418461
0.026736390893106123
0.054798951633462815
0.05835519101696474
0.059653811079738
0.057603021661409064
0.056283630847832666
0.035015404368500896
0.047187492691422986
0.04904165121559776
0.04833210231132701
0.0595250711363197
0.06268890094517503
0.061091159748279035
0.06042794314212956
0.05932085991612983
0.05964583618123325
0.05822283332063512
0.05913768462141998
0.057763303830253916
0.06068136672092685
0.05651686803160166
0.051532282149111916
0.04308197423735769
0.04087761502677338
-1.0
0.018239990847871115
0.0002428332212139108
-0.03285528764838381
-0.03400647387318243
-0.03623161415280083
-0.038801131858854004
-1.0
-0.043180121025555754
-1.0
-1.0
-0.04276347051791294
-0.04053231472599891
-0.04104467572882504
-0.042772123206946996
-0.0437529193032326
-0.042209059215978846
-0.035086048747973414
-0.03797688487263555
-0.03915546451196631
-0.031040422264618082
-0.03933248843983284
-0.03870484001920574
-1.0
-0.03594114683541554
-0.036976691268370165
-1.0
-1.0
-1.0
-1.0
-1.0
-1.0
-0.0416041779124773
-1.0
-0.03892545584196745
-1.0
-1.0
-0.04160336152755225
-1.0
-0.03527224662055404
-0.035384339832989234
-1.0
-1.0
-1.0
-1.0
-1.0
-0.04299340906034771
-0.028881382996335497
-1.0
-1.0
-1.0
-1.0
-1.0
-1.0
-1.0
-1.0
-1.0
-1.0
-1.0
-1.0
-1.0
-1.0
-1.0
-1.0
-1.0
-1.0
-1.0
-1.0
-1.0
-1.0
-1.0
-1.0
-1.0
-1.0
-1.0
-1.0
-1.0
-1.0
-1.0
-1.0
-1.0
-1.0
-1.0
-1.0
-1.0
-1.0
-1.0
-0.05383097866033199
-0.05465258505773658
-0.05446037463246781
-0.0514653816800294
-0.05304356841395703
-0.05230864217442391
-0.05463812197550917
-0.05529630576541777
-0.05464690904775624
-0.05681504358477306
-0.058178527505854914
-0.05635417308491459
-0.05238901817998224
-0.056126376245380936
-0.05719114445921999
-0.05537940815429278
-0.057631973972265556
-0.05594456701330372
-0.054395892164697736
-0.03889583638592199
-0.046847754516354645
-0.045391657981718944
-0.04617396916807857
-0.053208719882670265
-0.05965399837201236
-0.05909901682900987
-0.05972445536170824
-0.06012592544136526
-0.06010347579918492
-0.0441986340079762
-0.04006066165291159
-0.04519413432666492
-0.045515762781292955
-0.04454419350483475
-1.0
-0.02652544432259369
-0.035493103037629425
-0.053730595543569376
-0.05341598367860671
-0.056911009843592895
-0.05932814017821944
-0.06031942418760308
-0.05680206685271748
-0.0516289140854367
-0.04965995914986269
-0.04290756037304439
-0.03930957603346426
-0.04227862615238845
-0.04928948812003433
-0.04343896277155485
-0.054774350082643725
-0.05441561087088067
-0.044618018998104365
-0.0415450668505184
-0.036182591288676735
-0.04598756990342504
-0.04875024558497838
-0.04562734576126788
-0.053642712311280386
-0.054622551589494917
-0.051830180611894754
-0.05360341370828012
-0.05621555926650143
-0.05564911452413819
-0.037385226950692005
0.00533486520035693
-0.0008257332396002625
-0.014293166491842712
-0.06007878939117897
-0.0586544624183795
-0.06008554104577348
-0.06069326272745032
-0.05229629628585707
-0.03664281175813868
-0.041081494857585374
-0.04320593582117548
-0.04688449370091411
-0.04820633577731307
-0.03184268620835371
-0.005991007021702344
0.017345800361372832
0.005787083977406924
0.009422128727314535
0.017220933161240667
-0.00270242128078228
-1.0
-0.04895649036580902
-0.04253147452386398
-0.03405629817908253
-0.03402908233256951
-0.03394677399041572
-0.03473719510283322
-0.05156770607267595
-0.05325331338193527
-0.04663106216796014
-1.0
-0.04474179709416916
-0.046185616372242264
-0.050815067934897894
-0.04800545595023061
-0.05283665514690004
-0.052462359483185214
-1.0
0.007787020014606901
0.004906260804107374
0.028441305454812677
0.03136519289029235
-0.004205737056335252
-0.005747111436622214
-1.0
0.047924205186997755
0.050136438950924234
0.03161511049304012
0.011597738790676002
0.017556326525159142
-0.00197863812261647
0.03367067059723877
0.014987289643974677
-0.04507769219711153
-0.051314965866871495
-0.04697417653812946
-0.03853766566159318
-0.04867131705512141
-0.04669025268578998
-0.039347576075959505
-0.004051350915260817
0.027594222053854825
0.035079046787413276
0.030097005599974674
0.03767204192691382
0.03818360190803797
-0.018078072238666233
-0.04225012079791393
-0.041166237419033094
-0.03606327488872024
0.023055382110672443
0.02202345704646232
-0.030958710731124973
-0.047009248943481165
-0.0489838732772966
-0.04822659996754588
-0.02776107241858006
0.019020403336533345
0.009979703829942222
0.03366060028670006
0.050374199499541174
0.03901912886941931
-0.002944803704508031
-0.024696857305119113
-0.02602508775293303
-1.0
-1.0
-1.0
-1.0
-1.0
-1.0
-0.018872438865918967
0.01442311544677401
0.043675733995994635
0.04716655140272972
-1.0
-0.0055545290988896715
0.0011533679492653581
0.008822562184827624
0.007911982106694056
-0.009289474434995478
-0.008173203043929038
-0.01008849550461092
0.012554148187918324
-1.0
0.05537812222689264
0.055400144908813106
0.059901359207509754
0.058456194391411934
0.0587859184299494
0.05545118115507969
0.05634604395323076
0.05832863020938375
0.05854509111485341
0.05934946728849272
0.05908051939861431
0.05891608120227542
0.03266090487477458
0.018631507121021518
0.01278074731559264
0.010657433364230244
0.03729067378668098
0.0461213528267276
0.03434137064573372
-1.0
0.06024495832661759
0.05813015653718127
0.058481697500611336
0.05828405713500906
0.06062462961770877
0.057875933676161194
0.053407084247964094
0.04846505449843129
0.04416749659013831
0.04989957768894414
0.03280950678787929
-0.04166250008591468
-1.0
-0.04906308672600945
-0.013973814029954115
0.012076654799166269
0.04438522746531875
0.053589830132867444
0.05337346841459234
0.06016067621080828
0.0614124547910238
0.06001463400030199
0.05988479419426388
0.05962730970852621
0.060014265888032096
0.05208146166521749
0.05586950652704157
0.058479530772479894
0.05772819964054777
0.05575827237575649
0.048721508084977674
0.03736153069550447
-0.014904596650432016
-0.04477068347302334
-1.0
-0.06013702105530647
-0.0478216745155271
-0.036282666773398406
-0.04605598531915806
-0.04489640461501209
-0.04003564297094996
-0.05196936532418119
-0.05624261672201399
-0.056371527006592155
-0.05465483301359799
-0.05741347160557468
-0.050211874371763374
-0.056808425354664134
-0.05880857794261831
-0.05710679327810948
-0.05996975476360341
-0.0602184096382615
-0.04332907068196777
-0.021657698952457973
-0.025775695989672675
-0.021450265981981766
-0.03278426031196468
-0.04239165199595395
-0.03141462088396838
-0.020466480060701942
-0.02915386297818131
-0.03954615683825673
-0.04290268046711371
-0.053172419134172935
-0.0472375514626914
-0.05456951653406086
-0.05486731569113412
-0.050214874508600564
-0.054738940948910526
-0.05803284184157267
-0.05995896308064116
-0.04623131265926132
-0.05048068483132369
-0.057022093047295996
-0.015678064758795313
-0.04689086994793082
-0.05759203013141183
-0.046816562742405386
-0.060751066767379146
-0.05930414861724478
-1.0
-1.0
-0.05957269132440363
-0.0577476803171926
0.005791170812754775
0.026872733043851234
0.03660651460217357
0.029921532648716692
0.03184673892463659
0.007181478942314229
-0.060902904811170014
-0.05888765318480571
-0.05834536504206873
-0.06104592235941983
-0.045665202176863665
-0.06113324383558905
-0.05883888222027751
-0.05039901632242799
-0.0456248296109412
-0.05678718723648015
-0.05484340472605035
-0.05738620769986228
-0.05653242580451994
-0.056899067405736456
-0.0568301703353463
-0.03795117636644999
-0.007316638355289073
-0.012392596007321115
-0.01376540162460712
-0.01929598971854992
-0.006332280399212389
0.013870645751638983
-0.018261929245707676
-0.03574613333220673
-0.02772283673564162
-0.007167134437940412
0.036499942704633914
0.04260041718454543
0.044765508369667605
-1.0
