0.010706073034360773
0.012450312507756297
-1.0
-0.007153319690603807
-0.02570734173211066
-0.02385123883984278
-0.03611459680718176
-0.03937587703788234
-0.03913158422162207
-0.04477449743798428
-0.04747260399772601
-0.04402497094410866
-0.0472451440066099
-0.047337349553372154
-0.04886950632447917
-0.04990761571768927
-0.04892477308035977
-0.04676346807107967
-0.04297206517639645
-1.0
-0.047288089302261166
-0.04437160668495089
-0.04114465415095335
-0.028395542686378554
-0.007024547264926537
-0.019035958345021916
0.020102179798837636
0.03372942865838098
0.03135697858741229
0.04111546788305998
-1.0
-1.0
0.04776478965922519
0.048110439034989724
0.04603545345108095
0.014984299394040442
-0.009182187257413153
-0.02278271907487326
-0.028995581740590644
-0.030742360717788582
-0.036303669430470906
-0.038318503809195416
-0.03525387085626195
-0.026643589807148246
-0.03092732470450009
-0.03295440550094914
-0.034983469084884686
-0.036149743922520045
-0.034966084625327055
-0.019245799565731046
-0.0014549184178590312
0.0011571314008203685
-0.009054446556434748
-0.0032305368630709172
0.025038340118819703
0.04855740455557691
0.048989978980538855
0.04887048436195992
0.04831979483401244
0.04720977643685286
0.04678735106260449
0.04708160781023036
0.048620455704122024
0.03449760525578429
0.0324252885930888
0.02789912317757761
0.04267705060542884
0.04266208359821847
0.04010659935255028
0.01647503470790593
0.009232755295118428
-0.029050114990618145
-0.035900195131679094
-0.03862118113461165
-0.04021776698037608
-0.04093436077060119
-0.037078158359796984
-0.03839563206058867
-0.03591445650875381
-0.03045094131374279
-0.036925666946131135
-0.028810124635105655
-0.011679628430360517
-0.00021096321816047167
0.017945301176651746
0.02419387345288277
0.033331878713971086
0.045801536079137735
0.04747608753002805
0.04757882020840458
0.04400767808530919
0.04021476141954142
0.042661049808387384
0.0446382839125437
0.041872271176721015
0.046479138055922936
0.0480179918153251
0.04499934024822378
0.04063502486114425
0.04144953665840724
0.029765916625869436
0.04547315101810024
0.047673759196920525
0.04741232779938926
0.04826846909352199
0.039950418539420905
0.04083335952693136
0.04372981796177351
0.04371583250485267
0.04316749182969962
0.04368601606020579
0.04418212251202437
0.04445438187912995
0.04401337436104791
0.04284018523293349
0.044883130711848004
0.045261011726875064
0.045927085508374176
0.04317077902018054
0.02906439995472368
0.03603888207584433
0.034431129509899
0.02698471949629191
0.021743836570810686
0.01855379680131195
0.017531299649130153
0.03362759211483012
0.047924242413427166
0.04489837353532581
0.03731254795201771
0.03196880194724747
0.03418812916012506
0.023907027662529747
0.026482516078985514
0.014297375332407214
0.03319547972414106
0.04320338168959168
0.042685799163071955
0.04465946573510487
0.03476290217757058
0.03625743567202552
0.03587453686945244
0.03449730999288605
0.04248044428234624
0.04338310845611612
0.041941041918537085
0.04102270804149787
0.03833797788744286
0.03158348864616624
0.037254087327579954
0.03605877070644526
0.023750403760201072
0.009791749491847551
-1.0
-1.0
-1.0
-1.0
0.008377773068193135
0.005491924850430265
-0.017234035534510053
-0.024086586378242524
-0.02346444977226733
-0.018084522103762723
-0.006892026738883642
0.018834577181320453
-1.0
-1.0
0.03499021229627637
0.036190746683946194
-0.005874748310942409
-0.010879284097304336
-0.024828133922574113
-0.025392098806472276
-0.032649953004919956
-0.0267062501040756
-0.03198386700834495
-0.038235661530922276
-0.03855933859331182
-0.039825442952924534
-1.0
-0.038593793214666425
-0.03783894371043416
-1.0
-1.0
-1.0
-1.0
-1.0
-0.026571769227866103
-1.0
-1.0
-0.03330455035327291
-0.025930938813348545
-0.023153512923854397
-0.012363804465480027
0.01064088553381842
0.010859233729501346
0.001929920099251924
-0.00015556043939731894
-0.0008443515963610237
0.02529723545750369
0.009618342292229801
-1.0
-1.0
-1.0
-1.0
-1.0
-1.0
0.011034391190220772
0.03288865815032401
0.023187499335627755
0.03472321582790211
0.023664173519969765
0.037621750975962015
0.039715005506977104
-1.0
-1.0
-1.0
-1.0
-1.0
-1.0
-1.0
-1.0
-1.0
-1.0
-1.0
-1.0
-1.0
-1.0
-1.0
-1.0
-1.0
-1.0
-1.0
-1.0
-1.0
-1.0
-1.0
-1.0
-1.0
-1.0
-1.0
-1.0
-1.0
-1.0
-1.0
-1.0
-1.0
-1.0
-1.0
-1.0
-1.0
-1.0
-1.0
-1.0
0.037253579735977954
0.04337619861143026
0.02858682038021455
-1.0
0.023638602956540005
0.031080103153956137
0.045612973993542076
0.043583927354316085
0.04275841918460845
0.03604820552221669
0.012994043808748712
0.0222271824623802
0.0014803767368456687
-0.0062769139339049
-0.019221249473127915
-0.040813495037554486
-0.045422791392736646
-0.04596810017729222
-0.04897337309168959
-0.04051465073991795
-0.0463319747034006
-0.0486190737205529
-0.045897854068311573
-0.04690516105385631
-0.04697103650188136
-0.04752715408317449
-0.04230487105096149
-0.042399066273655105
-0.03645162580060685
-0.032926116445619866
-0.04423544139415093
-0.04173696815765556
-0.04554056791711994
-0.04360472878892522
-1.0
-1.0
-0.042234244166592105
-0.04620999895519202
-0.04431930342313329
-0.04159747432379207
-0.04433044444422779
-0.04220247350497511
-0.04464228213392289
-0.03486595209819178
-0.038364700611899914
-0.038206453334409536
-0.03809692439373437
-0.0397439507870124
-1.0
-0.03982787995877122
-0.028966233179274145
-0.022681867735135693
-0.019538806393446344
0.0019722852599589192
0.043295614309902045
0.050603127223849784
0.04940766309675158
0.04948641542521159
0.04291277664687136
0.04834953374395033
0.0501396558163891
0.047665864300590145
0.04876432238324366
0.05235932486178767
0.05103543415703204
0.05244163960663883
0.05243936386372034
0.05178500227786019
0.05181007030656365
0.052084411462469726
0.052379259766687704
0.04567293768913685
0.048168615270857335
0.048688166481491824
0.04862570866945662
0.04750850852352241
0.04999766471437334
0.049207885209899
0.04977035571074869
0.016573062640993924
0.034382266625800226
0.04375649535579718
0.043689747079746155
0.04002754688913423
0.04184061537348281
0.007731128288856119
0.011196079478131801
0.027306311337647868
0.04827252727100388
0.05049757659477987
-1.0
-1.0
-1.0
0.049464590429526126
0.020739576210263743
-0.01043029566292079
0.02152670917414718
0.023537318613807517
0.0162176617381958
-0.0005646161539201982
-0.0015459086602420654
-0.00998813453853987
-0.0196682251372434
-0.030698331857728668
-0.03819968988119987
-0.03366328197583752
-0.02107849328447691
-1.0
-1.0
-1.0
-0.019507906525773493
-0.04182898030719997
-0.04286454969847792
-0.039954660642123815
-0.04909694285781401
-0.0492639542698749
-0.05024826904253428
-0.04447761258417999
-0.047981311954907506
-0.04803810760499806
-0.04567595058061376
-0.047803403655771064
-0.04623571462239753
-0.047438001991126987
-0.047836826346900674
-0.033918434430946595
-0.03720972517750903
-0.04838803179515086
-0.0476699003770312
-0.04617821274436017
-0.04602267357869566
-1.0
-0.042719832382303424
-0.03402877332487696
-0.02008815106088609
-0.01869607352485551
-0.021539839878489647
-0.026160428924979415
-0.027584429524716885
-0.013623701073439014
-1.0
-1.0
-0.013287419665044748
-0.01634354219610994
-0.03405514387494735
-0.04829841262009356
-0.050254202383378264
-0.049349016703944926
-0.04696607735602889
-0.047412279746956054
-0.04592176606123612
-0.04595889364869754
-0.046515531883116544
-0.047456549539974066
-0.047225906645916915
-0.04792811978719296
-0.044248595581741636
-0.047833584035617646
-0.044272876757546514
-1.0
-0.04777129952344878
-0.04733572093959571
-0.04637399435781734
-0.04522707012999526
-0.04670055324610472
-0.04625379787103463
-0.046287473059970656
-0.04797871357434099
-0.046746311790344885
-0.041289907475901035
-0.04413458946269865
-0.04626684769883063
-0.04704226576304384
-0.046183037435993085
-0.048762840150590285
-0.046902906395283855
-0.048308479771142415
-0.04653016170366354
-1.0
-0.04432621528226011
-1.0
-1.0
-0.03952759333914338
0.008672340608022227
0.012168629923550871
0.007807089293192622
-0.008083267314005441
-0.03388956315855996
-1.0
-1.0
-1.0
-1.0
-1.0
-0.033527424806484706
-0.03304747349030156
-0.023269178626546535
-1.0
-0.03491745855887481
-0.045264789307364134
-0.04627409778341938
-1.0
-1.0
-0.03566666260823835
-0.045907240825450814
-1.0
-0.041710751876777565
-0.04651913874333878
-0.044326151408849025
-0.022224592275929093
-0.021455912872656056
-0.024976540674811094
-0.03846027646386071
-0.04269431353598834
-0.027761456483562607
-0.034117518946582145
-0.04468044647613764
-0.0473330748655041
-0.04442751769295049
-0.04506399647941751
-0.04404050401910813
-0.0491137227441347
-0.042159389153370724
-0.045825703811346874
-0.04736092060419495
-0.04614878523572331
-0.04545212086109731
-0.04296086275210662
-1.0
-0.04667935991067637
-0.04498140956226878
-0.04733448803278066
-0.04372138066735401
-0.0389343288368942
-0.04158343158510386
-0.03490882298982494
-0.03174043943955682
-0.029697811041520927
-0.02370315670546717
-0.009064968055172203
0.026675459942263176
0.04801366127248581
0.048461459713465445
0.04857701927092198
0.04668108645167686
0.04416254065029415
0.04585449587791163
0.04549048772480004
0.04656119676296438
0.04644015151943329
0.04629591325347501
0.04652180026838424
0.04755086840878001
0.048508534132816895
0.047767220575183844
0.04918219220985492
0.04968740164765487
0.049165678118814005
0.04975360292500075
0.050998436326980714
0.05045595825379699
0.051188594816792186
0.0528976619732004
0.05204544447767
0.05320924301485027
0.052455779190509186
0.05100019754963787
0.049793182069056696
0.048012672007056376
0.04648418743242017
0.046550606688159316
0.046446171099063085
0.044875184201749074
0.043610656121244346
0.04293129298762751
0.04109025133922766
0.035664553261841515
0.04073663736582375
0.04537000149058061
0.04734611135004591
0.04736487238403778
0.04705792526579244
0.03490330549514902
0.04540850338390142
0.0483329067368448
0.04758973853058942
0.049904504026641476
0.05112198593074461
0.051724239241517436
0.04707501357807271
0.049154296778095574
0.04954846092966281
0.05059873511526311
0.05043009410800011
0.04324948609956461
0.031530763001496945
0.0230676873921742
0.0339865471815548
0.037737869530947564
0.03994126476431365
0.029428442796312126
0.029606928744442193
0.02062667541444223
0.02477618734534124
0.03270196471906712
-1.0
0.03987754444223332
-0.0035091874888484808
0.038219900420448656
0.04045181661930249
0.038388845205440114
0.03639650623672983
0.03350220479217145
0.03630888533893708
0.025602295553595947
0.036221994936743725
0.04273936985471996
0.03352350128573277
0.001600192807442269
-0.007793793189362481
0.01187344131064156
0.013316675207169976
0.016424393813541657
-0.009256818012901279
-0.03363243448686487
-0.04039511214701294
-1.0
-0.04058924276584638
-0.040944777892659254
-0.038600335422495774
-0.03853224014103634
-0.03847457390480569
-0.038669574623032936
-0.03997121907440736
-0.03498598871897112
-0.019610858112316904
-0.02100719330889828
-0.026521691860386446
-0.027853421603718172
-0.03924771141383108
-1.0
-0.039931256295896264
-0.027141386711457126
-0.01634726552076723
-0.017226187142879403
-0.024083110277040447
-0.022455487479455194
-0.01849206800451308
0.012569938780280726
-1.0
0.03783367757028158
-1.0
0.034028412397739884
-0.03398631021761897
-0.03735165856359501
-0.0398980274181829
-0.03817067914564043
-0.03774094451283792
-0.0371322640877129
-0.037426462742655216
-0.0396525136545615
-0.03820112140788144
-1.0
-0.04586843667667634
-0.04641035844932977
-0.04623624713364894
-0.048220869679135664
-0.039875394604546484
-0.043492993298899135
-0.04377976215431324
-1.0
-0.042274888818981546
-0.04558239196031258
-0.043784940175627986
-1.0
-0.04176878508142803
-0.02085490321710093
-0.026769846761447457
-0.020353110803099577
0.017855264067970923
0.03183664213540423
0.03401079344684106
0.02495005728176752
0.02739532556815418
0.025196578429068767
0.031891365794972905
0.029585013947150324
0.02850958329295675
0.016342592900266826
-0.007639549285241443
-1.0
-0.034317892431165314
-0.032630562258410455
-0.01043150297878236
0.0069928283082857
0.019105712912306314
0.009030272157233003
0.003996015811029268
-0.01935293215033239
-0.017661291877152898
-0.01576569533747952
-0.009991966854593665
-0.004667621751247399
-0.006094109258732551
-0.009903481351240912
-0.018729586009344032
-0.018675687688005056
-0.007749897237202732
0.014367914908742885
0.01605485945788053
0.015442648171249162
0.018429953021907197
0.04497314752942311
0.04875617643365807
0.04530985735429936
0.04575325267983931
0.044924288970957404
0.04703359647078267
0.045279764711506285
0.040284234838004244
0.04086506105515823
0.040390135798078784
0.02694360589879467
0.02971250396240215
0.03031437911422223
0.02865344874895516
0.03468601203469413
0.03733512716272474
0.035752776627486854
0.04539662717350174
0.044606420607382784
0.04396358127366525
0.03685399813796967
0.03749971853188146
0.03156438722664658
0.038668815843822785
0.0423726437271785
0.042168522753448574
0.0397972871715782
0.0377882760667054
0.038048846336098494
0.032425441947984725
0.04460972606914848
0.04302633366911144
0.04166219358642298
0.04275149250531369
0.04023286155934445
-1.0
0.03678751534571307
-1.0
-1.0
0.03507755912305109
-1.0
0.02318887115087693
0.03869769573136118
0.0416453834221657
0.03550490507657842
0.023612647512981564
0.03162144195555256
0.0212143266211691
0.028891716696205088
0.049505932916099275
0.048993567311863835
0.05052060282426233
0.05064345082607504
0.049426364124780194
0.049203680071697835
0.04888236911799166
0.05124739132800802
0.047762237764708296
0.04850542381494865
0.048767606111229
0.05128581416811306
0.050175789422850774
0.03224295245959273
0.008736332810211273
-0.006750469881404568
-0.025740806390533583
-0.032810913014217485
-0.03884851726927809
-0.03838087974239877
-0.03845554265423165
-0.0391279251751381
-0.04143430751772439
-0.04340749143179051
-0.044895030568816545
-0.04547261078276843
-0.04498105613157336
-0.042979646897388375
-0.042738973815552285
-0.042264550768694724
-0.04418769195952793
-0.04340234726685933
-0.04051476710402631
-0.03433906104753149
-0.00758366532432432
-0.001816755018040354
-0.011601775644838264
-0.031739557025441976
-0.03100342441359328
-0.03597202307141171
-0.03470783288445522
0.008635234191254743
0.018597939682473703
0.01901756211757399
0.0140061455480974
0.007195406697260369
-0.011126408176708269
-0.025572663049067492
-0.03100248851001814
-0.03840381591740627
-0.02562153039264226
-0.011837966297181469
-0.014147426572576387
-0.029365377679750455
-0.028641496061161682
-0.022031042230661612
0.018121382299695895
0.03716346353015896
0.04162972113825257
-1.0
-1.0
-1.0
0.04202940163456384
-0.00091843849841057
-0.007264804338715233
-0.0208003529215155
-0.03726139994725155
-0.038511218079094495
-0.040553169278184066
-0.04472823459761924
-0.04264089997396951
-0.04106532585876969
-1.0
-0.042584011340454364
-0.04354428646661633
-0.045114005777602245
-0.04561109355987307
-0.04176564347390721
-0.04204588974587642
-0.04340206135781692
-0.03987893307300691
-0.04426123503260751
-1.0
-0.04460757283117263
-0.04219813374381326
-0.04293364936280101
-0.04008026130927841
-0.042525441326664803
-0.04336409600800336
-0.042225369781599714
-0.043032109835208984
-0.041254961861176755
-0.037932204808223506
-0.032373929145116706
-0.03410483103418072
-0.029675103824607214
-1.0
-0.03428012884574632
