-0.01387455519035979
-0.0126007624643896
-1.0
-0.009227071110209956
-0.017289048984758866
-0.024046886848849282
-0.028018834583269318
-0.030259251851058853
-0.031921585233223755
-0.02935371358197507
-0.02491696584368444
-0.024590795661513485
-0.028759582859747036
-1.0
-0.03147397222751532
-0.027690755898894553
-0.028058357188631936
-0.03340018800248808
-0.03618828320646172
-0.030276702434683514
-0.0325140535079248
-0.03094435752101525
-0.03388617870390625
-0.031436583906427576
-0.03542146066159711
-0.034276478074509745
-0.03239157721427322
-0.03661833295037487
-0.03580294360082569
-0.038590703750372116
-0.035796964657649845
-0.03663002820126722
-0.03314902334789986
-0.039030008129048145
-0.03511780406849861
-0.02527412613801672
-0.0217882167920074
-0.02535363292139045
-1.0
-1.0
-1.0
-0.020416202932917668
-0.02630019510255068
-0.02255193716250238
-0.02906297756739556
-1.0
-1.0
-1.0
-0.027914556572295506
-0.007480866321315169
-0.015719210189516237
-0.010673951456741196
-0.000658374505173568
-0.008003699767114885
-0.004025030201466221
-0.01203724678798326
-0.015478128346344874
-1.0
-0.025372289551510697
-1.0
-0.009626057355360072
-1.0
-1.0
-1.0
-1.0
-0.009726905365939792
-1.0
-0.030513682755201693
-1.0
-1.0
-1.0
-1.0
-1.0
-0.03094862292893398
-1.0
-1.0
-1.0
-1.0
-0.016166757053158974
-1.0
-1.0
-1.0
-1.0
-0.03761373472972127
-0.03256875529363111
-0.023486177193510236
-0.017483299180939625
-0.014358775808234301
-1.0
-1.0
-1.0
-1.0
-1.0
-1.0
-1.0
-1.0
-1.0
-0.01583374708170672
-0.004778778331611508
-1.0
-1.0
-1.0
-1.0
-0.008817603083967486
-1.0
-1.0
-0.015672454875631764
0.0005233900362391713
-0.002209645515615808
0.008484166214226516
0.007194343324122603
0.009316630369180096
0.0031402960751060155
-1.0
-0.007123509983994943
-0.029874951596622436
-0.025025647002804463
-0.021525048183060145
-0.014140581995099547
-0.013505713575499737
0.002810355924925698
0.007122406833382093
0.010652093342054204
0.012801986238719197
0.008549916960487878
0.010894046837592623
0.008711284897025095
0.00808114201690416
0.01617556325103993
0.018774568472288138
0.0231685940885564
0.023412634052754646
0.01438971254847079
0.0056156872322954045
-0.011128140647667343
-0.010985705985751767
-0.005802281864798305
0.012540256301451076
-0.0007715437646297557
-0.003150343837619104
0.008280774158253758
-0.002173055467151001
0.0024112887623843685
0.014488473755647477
0.01562524957020204
0.017867676725215043
0.01681731647483809
0.01242128733646684
0.008170543167142424
0.0006739453110778025
-0.017035545460518154
-0.0026563460370600273
0.0046908381559548976
-1.0
0.005769150928202185
-0.02249539416018487
-0.028511886210451212
-0.02202746926704138
-1.0
-1.0
-1.0
-1.0
-0.009573160134739361
-0.0042421330608680705
-0.007322440945661498
-0.019008401519723234
-1.0
-0.019524213432928907
-0.03158948796445339
-1.0
-0.020870310065978205
-0.011275314572991583
-1.0
-1.0
-1.0
-0.0057051468998855605
-0.017557015596583184
-0.012782867485799997
-0.0175585111418608
-0.012122919078647492
-0.011731190090414519
-0.004757251991927555
0.002765510702635732
0.0011749528881419917
8.085218004393251e-05
-0.007990903666373502
0.0010988474770110698
0.010839958922996077
0.01956238455324745
0.01432637549013534
0.013635755057368592
0.00784332104289626
-0.005059136725030699
-0.00467800711312862
-0.007554016199782414
-0.01234818894749004
-0.013505037505433847
-0.02783720021144179
-0.006662497334174649
-0.01990505239485245
-0.020792709924513937
-0.00869091602680337
-0.014537916558448903
-0.019784964618652114
-0.021250645781156076
-0.022529254025824258
-0.014590572350875212
-0.010043017913110882
-0.016199165710684093
-0.008112275838830063
-0.014800654338743186
-0.013712026182525552
0.0032668544809779
0.010553552360577154
0.002491108132277171
0.003980787710602157
0.000348121575203163
-0.00538468095562529
0.006531644537583022
0.016294727533202217
0.02663690083611048
0.022319098842520202
0.020733325779005222
0.004521576152980032
-0.018812987376352112
-0.006406456406221485
0.006793041857889561
0.023550766139932563
0.03332149784496632
0.03061170664142287
0.031583364250855124
0.02918537404736614
0.03292120179714214
0.030988599981815277
0.02897631989209867
0.027451133769436066
0.03282369318839621
0.026731827618446946
0.029094253076229638
0.026579844899083917
0.02261831703366014
0.02934044313916875
0.023162527424293818
0.016779098772080555
-0.0068434410433017845
-1.0
-1.0
-1.0
-1.0
-1.0
-0.028449219038776202
-0.020934753324430597
-0.022334019679853094
-1.0
-0.026862318479633603
-0.012362625549444246
-0.01809644530882075
-1.0
-1.0
-1.0
-0.020248458646262787
-0.0052150017786924035
-0.004871557693233306
-0.025767940355736787
-0.01210602248584286
-0.013352158114445675
-0.00850543575748933
-1.0
-0.01962329196379431
-0.015078633736727938
-0.0008349223713257687
0.018892298997717667
0.02432855811781095
0.019710671434358933
0.031041383987365497
0.0324454430153442
0.02652646068883837
0.033145555128072116
0.02795010537938552
0.024511712894383884
0.02363039373100831
0.01708271527473489
-0.002071151398199209
-0.004135466783248262
0.0060401559640643285
0.004875336139289828
0.008689668915204434
0.015248114655784689
0.019612555268082057
0.01684203716726447
0.009007199844059713
-0.010170470435180833
-0.013514379280461378
-0.015048305706573097
-0.0010862057480767779
0.0026269210009424097
0.009299068143292339
0.015913118046813224
0.022949295775662105
0.013736573423806535
0.005279964342404456
0.0057277632052354826
0.009450211824613114
-0.003961991874086257
-0.011756929282320963
-0.009461969221550565
-0.0017725097725301475
-0.030710296623983002
-0.027697374684348162
-0.01577880611364752
-0.019010882117734444
-0.016128889518331326
-0.0077659761921449475
-0.0024544172192414483
0.0013205735016455378
-0.004423236080862194
0.0011754323582743216
0.0016816892335369102
0.008633731676112654
0.008166290192643975
-0.0012170818086302691
-0.012177116133319343
-0.0005063859255327355
0.012860531554219705
0.009669354975188373
0.014948660550061367
0.023236130339920034
0.024720217433473423
0.02197432839458084
0.027666386241795134
0.025851472711422453
0.02764278060496649
0.029939062959762938
0.028208081352168356
0.028170416616096285
0.026532374797836624
0.02828721836737688
0.01462321371915724
0.00763144427538663
0.017595925641203294
0.019089188529139146
0.019550137568272483
0.026285742900102643
0.027273889035574886
0.025975231187985795
0.03079536281965716
-1.0
-1.0
0.03218616840990716
0.034952507632611624
0.04010830098476807
0.036718765989014794
0.03741170066786814
0.03462383101406536
0.04010775759065028
-1.0
0.039638354703738485
0.03760231187773735
0.029419705318183748
0.03194591501470659
0.020646965050576883
0.020715703988003056
0.016191482904727213
0.02507872957897962
0.026201113175264194
0.02704142587313435
0.030210493840653982
0.026971034515624874
0.027427571217104336
0.022922351669643484
0.015246606300807946
0.02566587183621861
0.025476539581152823
0.015831651803199363
0.0020016765132385753
-1.0
-0.012155271347047312
-0.02076042867347892
-0.026500329538217234
-1.0
-1.0
-1.0
-0.021227206597365142
-0.018315917218052154
-1.0
-1.0
-1.0
-0.016156648377523383
-0.03503436492221976
-0.03472742731774007
-0.031283757990654006
-0.03312955805532843
-0.037669781857456695
-0.03470879405949515
-0.031197173519131618
-0.034734472074656964
-0.035230465160009064
-0.03504381413129496
-0.033533693649780684
-0.033086951231457475
-0.03274059919487715
-0.0310440456490849
-0.02881708907938244
-0.023539683901082402
-0.014949529318145896
-0.019986732312007684
-0.01743560246744718
-0.021858044239310565
-0.03847122503585898
-0.03557402403648985
-0.03799352921877747
-0.04048468990028907
-0.032141705680311036
-0.02359425387003393
-1.0
-0.019818515302310047
-0.020869806931967223
-0.015755756977925257
-0.01443859331539779
-0.021593570403307068
-0.016916317199840398
-0.0046823174975231955
-0.007602285975522589
-0.01766965739046075
-0.011388218295154531
0.004933211686768758
-0.0019112191143666093
0.01520844259469566
0.01958263898262136
0.032242207527162656
0.033297837925996436
0.032086655141616294
0.03424178225680154
0.030883237179017593
0.0290460173803521
0.030897427201038052
0.02621885635731517
0.0263337137136764
0.02200603617529245
0.01974725962838846
0.002702857456543187
-0.008694196340767192
0.012809386243617875
0.02159416224848728
0.016940861670761625
0.02239428827674097
0.008349081307636444
0.008909191446876265
0.03104413330681225
0.03950561074523862
0.03209806967246144
0.03863029743571823
0.037345368672716935
0.03742589785357238
0.039034181745411484
0.042523340546883
0.03896119964586451
0.037176016485949065
0.03668941920427473
0.03855029235738415
0.03830032598896657
0.038926198697481235
0.03922036266579258
0.03328585363382657
0.03718980500703554
0.041477487710518575
0.03540322056165707
0.03161849655211921
0.02340060552763
0.009893208492150338
0.001766708815121802
0.011974345471120163
0.013570878783149031
0.007280000442079009
-0.01123290326811754
-0.029310542060956197
-0.008862016030098858
-0.008532018509492336
-0.018671888457225137
-0.010664641027011658
-0.017205416916756384
-0.020474805091543397
-0.01543183849200377
-0.02721429469667132
-0.022117823049756468
-0.02951318990969866
-0.02938565457650745
-0.03320490964624439
-0.02774900349923943
-0.01983714274341727
-1.0
-1.0
-1.0
-1.0
-1.0
-1.0
-1.0
-1.0
-1.0
-1.0
-1.0
-1.0
-1.0
-1.0
-1.0
-1.0
-1.0
-1.0
-1.0
-1.0
-1.0
-1.0
-1.0
-1.0
-1.0
-1.0
-1.0
-1.0
-1.0
-1.0
-1.0
-1.0
-1.0
-1.0
-1.0
-1.0
0.010988997538279961
-0.014767931138237362
0.0029011024288562426
0.0016989736433334
0.01483218577552359
0.013311454910946154
0.0033513445331856597
0.0031604297900076125
-0.015948125840999458
-0.02131456048516479
-0.006040692504480393
-0.010853314707274292
-0.01386306007101844
-0.017970940865273
-0.01575700599877769
-0.019471081220581384
-0.03089300551065202
-0.026603892602648994
-1.0
-0.027654940412867254
-1.0
-0.014476818538404709
-0.0321004086352455
-0.035552090736969355
-0.022612155387910456
-1.0
-0.011258407832372837
-0.002285745586826086
-0.007459505446657026
-0.012317055949355603
-0.0048393944678059965
-1.0
-0.012955849404528558
-0.03012652519367407
-0.033395359670796515
-0.032616441009353646
-0.03081882067289183
-0.02565588350605468
-0.01961894137682766
-0.012960132382137968
-0.015256133071376821
-0.03071658063635947
-0.031030107944586945
-0.023951618313272357
-0.018834035101580535
-0.023771348630240035
-0.03407537315171486
-0.04087136822147533
-0.019592453917618307
-0.02170221992853276
-0.026293117683231886
-0.030049889243390342
-1.0
-1.0
-0.04041517427192222
-0.0021237722734898496
0.013422832518992064
0.02044783262780185
0.028754467575030782
0.033931298999505165
0.03350900773282502
-1.0
0.03745858297559546
0.0379069277031265
0.03670473267876737
0.03762571841545288
-1.0
0.03689208092531553
0.03588787487100078
-1.0
-1.0
0.038850465665597515
-1.0
0.035618689008308405
0.029576347785887247
0.036234780033964034
0.03533419282249747
0.03292401771407078
0.03074481562906619
0.029927694898410056
0.0236492996614229
0.03069407518438007
-1.0
0.031734261176409935
0.03394593508061501
0.03698087075958582
0.03669153052547215
0.03892657186512829
-1.0
0.03592769169913088
0.03532193135621058
0.038551739684088246
0.03794744893600744
0.036301689854149964
0.02264200969604388
0.02958957588747299
0.026874420884948444
0.011195279878662324
0.020924322178043825
-1.0
0.027295073562347446
0.03650484633747003
0.03496149661801199
0.03493603983067883
0.035586226984185135
0.03873247943162293
0.039956594051296875
0.04465806213067194
0.03800588429419978
-1.0
0.03602056813071209
0.04212134394332907
0.04098075687992056
0.03884826457050008
-1.0
-1.0
0.03928264145221478
0.042684519085670836
0.04213083538495522
0.03883089336972196
-1.0
-1.0
0.041496106495530746
0.03594065271433735
0.03818440225067794
0.033761092816025955
0.03563562141000684
0.03616337525490749
-1.0
0.031044703436647544
0.017302715763304246
0.025372472038474987
0.018912054460797734
0.015751561149878975
0.015231330301360974
0.007563651313126771
-0.008943190975524705
-0.016484928717605235
-0.014661954132152169
-0.008313901870656715
-0.003584308430014479
0.006702108822033501
0.012376769374104545
0.01015394703830044
0.017496739358415843
0.016462460823423845
0.004972817012786304
0.010276837609797734
0.008917137414680835
0.010451269157609275
0.020821067274956057
0.03029198343219597
0.025892585464901502
0.023663493845513302
0.026618013310909152
0.02486123798242186
0.007434098364749325
-0.021869399033515178
-0.021763453274490578
-0.03212708678210659
-0.0005744673933838594
-2.20967377137653e-05
0.02034235732806708
0.027289459294420875
0.021988805240551034
0.0009419398073020512
0.003517737432684126
-1.0
-1.0
-1.0
0.027749839990775935
0.03778867006785131
0.02534751724699441
-1.0
-1.0
-1.0
0.01741282349079078
0.020215790142677995
0.010454445989626386
-0.013627233730903318
-0.03270132857847833
-0.012222311984545303
0.004727064312105407
0.009482076013857204
0.0014972148510031882
0.011637918011779583
0.024501494018388265
0.01449024719840489
-0.0005779597873099544
-0.03042893693785646
-0.0364642782451238
-0.021237006969631527
-0.02115103328289101
0.0014759617352415912
0.007061641616937848
0.013157561377342924
0.01397656951206821
0.022756655429037993
0.017139003593431328
0.0176762549982118
0.021939480122056057
0.02584379807299755
0.017316759743223487
0.025134349867966522
0.022728348845725603
0.007623336026192489
-0.01122668334417269
-0.001848478521542751
-0.001755593163721421
0.005065816190839299
0.005554318618700214
0.0006534854848840656
-0.020319678534489356
-0.03654042980068428
-0.04101643428840094
-0.02723156322225304
0.0014387133779063905
-0.001027953162863161
-0.014844479291288239
-0.041524915407362695
-0.03824301886653791
-0.036066741456823745
-0.02331981841880452
-0.03203117784688432
-0.027790877068369687
-0.01890687995468629
-0.023393354195865815
-1.0
-0.022525994645712775
-0.03337241263398672
-0.0060834096196631885
-0.0035645769147739513
-0.0009744009328424693
0.012415272262515459
0.012733815411650263
0.003113384598200438
0.009029422632586184
-0.0029813293242522913
-0.027121681225616822
-0.029561482140183833
-0.040236497664756204
-0.027339682187447336
-0.03683325473541745
-0.035913266634655654
-1.0
-0.040643907158887986
-0.023959322603953174
-1.0
-1.0
-1.0
-0.02654813647417861
-1.0
-1.0
-0.031467647712834786
-1.0
-1.0
-1.0
-0.02939143157380756
-0.0033076620878365157
-0.01914731923884138
-0.02821322065835407
-0.03718944550457628
-0.030328401402765312
-0.01625385912772239
-0.004115725406795059
-0.0023332464178991642
0.0014244174108574807
-0.004277038915797074
-1.0
-0.02289232225551602
-0.03354255087607053
-0.027740524930590697
-0.021898919373623094
0.01248065013412403
0.021175316986167064
0.010700138235562207
0.019739459971426426
0.013803172189602635
0.01759572268071715
0.0003867446602087174
0.011575769592893448
0.00870882556686826
-0.016103376779459937
-0.03589911037420959
-0.030040830697553547
-0.02257000136786004
0.006637003012961879
0.028651181661609234
0.03675028958589627
0.040488835464244165
0.04303048584967623
0.045533980084972
0.03862574355790806
0.03145168539258316
0.030487624771982594
0.03488693474839765
0.02941840048123968
0.004922131864083573
0.008227194729352535
0.014346159533572858
0.004632728075379081
0.008079360875394329
0.01157883953904292
0.0140903258836299
0.015447119322057388
0.002489711568874079
-0.03178256292409629
-1.0
-1.0
-1.0
-0.04412680605398419
-0.05080799189545507
-0.04741616672897388
-0.05110882104967142
-0.04822785072669261
-1.0
-0.04307484682151278
-0.0390907806129689
-0.026400311907715412
-0.02121948034989437
0.0019000324912413526
0.008047204595111965
0.015064914021695438
0.019216436775370212
0.020337974009477934
0.024461245195445683
0.020543428153988866
0.004622619434040207
-0.01363033847143337
-0.02851190106433008
-0.0428349104207031
-0.04646124950476039
-0.04408178293713738
-0.01676436935416716
-0.008294651851940347
0.006384400707938005
0.0015254753389730567
-0.012609795136536124
-0.003188865984162628
-0.008320655288629094
-0.030176837121611098
-0.048670847076501565
-0.04520231811849208
-0.035350754802671594
-0.006098777547854006
-0.00870373029869559
-0.013255634036542145
-0.0004938012936199033
-0.01673070601828798
-0.017237736561566862
-0.01690423953416708
-0.022505772762776675
-0.043121318821395416
-0.049682180176255634
-0.046585265684640914
-0.026885504774910876
-0.024064445721971365
-0.027108626481816472
-0.014936135349255098
-0.015451219524114367
-0.0070404587265278954
-0.016883614136000088
-0.027957385880729057
-0.04077415010760108
-0.03737887259851776
-0.03724103248971828
-0.036733973236832855
-0.03298196170772514
-0.03756237946879498
-0.04419190418689707
-0.04449155600713308
-0.03977575603396848
-0.0376712324248611
-0.03730960613244463
-0.037657248081095336
-0.0272563302049042
-0.031308130704262443
-0.03048832678853143
-0.048194468137644525
-0.03704084315804467
-0.04625489460253423
-0.05057217470152152
-0.03909602838272611
-0.018106714005367695
-0.01701278608469478
-0.011300141664718
-0.011334110940471698
-0.002984152368193535
-0.0022151836707248475
-0.004111129371432057
-0.0007492253514826634
-0.012142335731800163
-0.011882773582241456
-0.005828669898180795
0.005210790538825373
0.009065446301811523
0.011810024274978691
0.019794603144159297
0.017376214894875477
0.02205377180134757
0.014036117640459726
0.01834101335339867
0.024028691310506556
0.02411460959423425
0.021740558764905677
0.009867408530045555
0.0028387884437618416
0.004656368850571495
0.008490713457580061
0.0050386293566439975
0.0088962804522117
0.006527003888290719
0.00294904809831641
0.00045905787807459775
0.011962702769871929
0.007367080212655027
0.010086260195213661
0.0045031248137206
0.02216743122590532
0.02272860152820713
0.011507883499823015
0.004101127528461706
0.013831668198966711
0.00805052395843255
-0.000691705107252823
-0.0406893020987537
-0.04530815536076839
-0.05145654152389904
-0.052491559969552445
-0.04480342751506831
-0.04322485646390287
-0.03290150725632495
-0.028947744632971405
-0.029948331332857722
-0.035745390963980245
-0.023969815625098992
-0.02663387513533035
-0.014681312462698364
-0.018939225656225214
-0.005038356834881963
-0.014301321617265878
0.0007663255241669256
0.0025262274396652797
-0.0021046589813404635
-0.0012084579289936659
0.003722692574816239
-0.01017790176476716
-0.00033994146367927647
-0.0029264077218274834
-0.014131039983414858
-0.010111516861825206
0.0015608824874670955
0.00949108588487072
0.010816425092025255
0.012081339220230762
0.015712768632452363
0.01598622098774149
0.014460851024146591
-0.0058358876039761014
-0.008241352394416373
-0.015118389748136035
-0.011842588896519842
-0.002329807689361404
0.002567206065389613
-0.008453286664646845
-0.022302705523441445
-0.02904549993732328
-1.0
-0.03371789680069748
-0.04527312992647562
-0.04220883882449002
-0.03214053110899601
-0.031350217450772586
-0.035999807830468
-0.003566678238134519
0.013559887087506568
0.014692944238227378
0.007471767175563434
0.001821051974690252
0.007114554522064771
0.008337528125569652
-0.00037539975082778173
-0.02460397853718547
-0.00390361412548496
-0.004581087390789734
-0.010791237947168133
-0.01653245149313094
-0.026064930425383975
-0.03373531596957426
-0.029541184557185914
-0.023582953943397447
-0.016505335828025124
-0.01715546652564941
-0.033666627206890606
-0.03570471928065769
-0.040584314582320376
-0.03409257752599914
-0.014851595066115062
-0.009557961574802617
-0.009228384737178578
-0.009550112301595253
-0.012310413277255898
-0.015781115712041247
-0.015411879193702566
-0.02572230015966252
-0.023074665962946987
-0.019836951293591545
-0.03155704877886092
-0.04468578114032984
-0.04181339603839955
-0.026810018687851017
-1.0
-0.04432114367479748
-0.03424112398522315
-0.04018425137282155
-0.0020131290806535227
0.011947943383483537
0.01415770322887106
0.013160329789280178
0.009504477693906081
0.0050945589942027
0.019450303882599742
0.02069966324809009
0.03813690370096472
0.045210592363736035
0.04623568392890001
0.04964304893149577
0.03862496476963349
0.0354782129774859
0.04647683441700638
0.043309547252155266
0.03359909157194352
0.03204112109782826
0.02291213836546995
-0.0038359847671138904
-0.023339075312748956
0.0006963097644059343
-0.010583775789166852
0.007529771447949697
0.005254473868502292
-0.01653167095467261
-0.0073128636070968174
-0.006469922247864055
-0.012402253706966352
-0.011012689658613425
-0.01831962024714613
-0.035578261992586804
-0.008408036568256831
-0.024854060613858083
-0.0245957029582691
-0.014537320684454808
-0.009026083370284156
0.0022017245437393144
-0.016256861965848815
-0.020955851611880988
-0.008400089762746395
-0.003503461237542003
-0.000850608964171429
-0.01278377041840375
-0.01619389500358567
-0.03196503909010462
-0.03854514401514575
-0.026589259451398128
-0.010088365151068784
-0.008374306509693652
-0.0005446931917936033
0.005080588956181267
-0.00011270092693188275
-0.009813329818270999
-0.0340347880905548
-0.012976167651880244
-0.015751829000184125
-0.014805331700386504
-0.01619955401232584
-0.013934433767730405
-0.019600179833693412
-0.02381626326919176
-0.03695354196164408
-0.0476761185261097
-0.03101205014796455
-0.03457316249342162
-0.02472617271981139
-1.0
-0.013474677814236643
-0.03375684677641683
-0.016343680108861558
0.0053772307916873895
0.0034142521081061534
-0.02029330616277897
-0.010485438016995995
0.0175633221994568
0.016093263262890484
0.01916169381252137
0.02605276097957743
0.020890830273040107
0.013650333726446232
0.0188878501077891
0.01526195683151951
-0.00136433224012916
-0.004352315039969594
0.00571017822553108
0.009856479432036708
0.0037653844838862185
-0.010824819875900268
-0.042781338731021315
-0.035452072342360835
-0.012279802872305892
-0.000815088760767144
-0.015800320960059674
-0.016917924436182948
-0.007257138947167693
0.011054816396452364
0.011577024402688195
0.018602476789651892
0.017956515054695837
0.013549056856691366
-0.009838682680151284
-0.03709944616849856
-0.027653645343046356
-0.02233600188985246
-0.02697259297701933
-0.02701311883126869
-0.036960652065933
-0.04259217574684288
-0.017347443647235054
-0.008264564041959712
-0.0052360881675417945
0.01054788524524017
0.019914461696028087
0.017778459191060338
0.02006367464670198
0.03246225990297094
0.04452511690295174
0.04923389512253597
-1.0
0.0438211994687537
0.05063790119143779
0.051232596576684206
0.04859916955658469
-1.0
-1.0
0.048868817406672975
0.04435230800455195
0.030515023341314333
0.027299864234696734
0.022257939948321398
0.012961900433008416
0.010988991621897783
-0.0002767115437444377
0.013796013328820455
0.020182796841099297
0.020128535410292938
0.016188955357752423
0.017138381276672172
0.018346251778803134
0.027713447821247243
0.019847242301195965
0.014385939611824437
0.026116482200198538
0.032401870664909356
0.033444602088149436
0.036859794490516865
0.03136845251235239
0.019067403811145876
0.00643612325157757
0.0024259840587475307
-1.0
-1.0
-1.0
-0.010272379038584419
-0.04426890272724732
-0.04824365367606495
-0.037944441988040666
-0.028661559397204966
-0.040634212029392526
-0.04020610535465763
-1.0
-0.02351471442848414
-0.023835061759837992
-0.009692474523272652
0.0012214413373745434
0.01380559752721506
0.008559478394414555
-0.006907503623487942
-0.005600375199540651
0.009224112186338555
0.01626683245216075
0.01477354358554003
0.005377175468281385
0.010211226758195087
-0.004922981493181527
-0.007567137582388119
-0.011629803628540247
-5.3652381288367904e-05
-0.008715586255673079
-0.0015240584045573971
0.011227233880797015
0.004869861929038546
0.004552927268599599
-0.01136121487190386
-0.03310772961838997
-0.03211087143616215
-0.013173562602699163
-0.006393784604823398
-0.008358722032850877
-0.026128847486193183
-0.017329272200204787
-0.005562210860876734
-0.010275631001245625
-0.02427113108284347
-0.03720790689577708
-0.04353785842144838
-0.03952759755179103
-0.0383994763074009
-0.03510363772225341
-0.03623773838806941
-0.04437565255168409
-0.03991827762124562
-0.03325200637633233
-0.03694616463948495
-0.028474528456513045
-0.04018825481601458
-0.04177575578316005
-0.034696434444410465
-0.03216182479180249
-0.03188929364574744
-0.03078845293812378
-0.03969503510199488
-0.034187625626141215
-0.03285681443225434
-0.03233802275049568
-0.023458948894209915
-0.02555091882246029
-0.024041158292942802
-0.025485929241936982
-0.030471352381753376
-0.03333506743270947
-0.028057156249099515
-0.019831448932934932
-0.015296881958393774
-0.02497700593322222
-0.002438712624382502
0.003794888153237178
0.004437952781479824
0.012793559507419273
0.01379794145099707
0.005667025016898839
0.01227898616021602
0.016494205341063176
0.019323473191843462
0.0158625128785362
0.020080716367729935
0.034858954412831114
0.04135479167110095
0.04024287501844613
0.04193215367711832
0.039634972769214356
0.022579717637452857
0.007754127063018148
-0.017453690599170946
-0.019881661339195684
-0.029913126342812287
-0.034931444011008214
-0.03650159545485699
-0.043509577530695225
-0.03404569251255633
-1.0
-0.04179959985399838
-0.04638762453413399
-0.03297222954146151
-1.0
-0.024244615581404477
-0.02265781818583495
-0.02031629563842659
-0.009415385690497994
0.006863185108599885
0.002411183974621685
-0.0069375270332728434
-0.016106524723715147
-0.0033798381968962155
0.0067345088522367865
0.01287615890254678
0.022556583497529814
0.016993694157048597
0.02108809654326212
0.017778442675661935
0.004165643277274226
0.0018988545057606891
0.017918095355611785
0.018560906594449807
0.028729179431401776
0.029942293778880837
0.026784365239297264
0.023790349577205112
-1.0
-1.0
0.030973462205915646
0.04070158841909515
-1.0
-1.0
-1.0
-1.0
0.03552727661177473
-0.0006498356815250258
0.003349614752857925
0.002446367770171248
0.010500411665782127
0.01736801612843744
0.011737101165564798
0.0019262943862444603
-0.002608076152347308
-0.011245210583545677
-0.013870946986470508
-0.020665021696658098
-0.021614025006935402
-0.004133404436335312
-9.248757430714571e-05
0.0008617434966577489
-0.004573176472301156
-0.0017691242394439351
0.006394592079924182
-0.008616829763784783
-0.001786851916635384
-0.00356365685469576
-0.002184611386732435
-0.006593648607732346
-0.0048561347844147725
-0.006516894936685547
-0.022566642867478795
-0.02417092415208048
-0.019747106636534072
-0.004644764179856739
0.0018793911594405781
0.004306570666645802
0.011917637874254943
0.006361688602249705
0.006694703471824129
0.005312671978335222
-0.002838150585375666
0.009176258158388816
0.003105944764061923
0.004872873939278253
0.0023195149343021517
-0.00264196257112343
-0.006740005305466052
-0.010657796873712619
-0.023741814962271724
-0.02238135899616381
-0.011231081535754283
-0.017985514416899922
-0.01587398019547059
-0.014887230148880808
0.014158049481851022
0.020831613500288986
0.010521430758993632
0.006702564022428696
0.005773065001709063
0.010757124383576953
-0.003413807371662214
0.006095167994755128
-0.0038810192218491383
-0.004830516012282926
0.0022979119829171354
-0.026829244575101694
-0.03908686453696188
-0.044909638285166864
-0.01952030419581035
-0.025589586659874267
-0.020640731693282045
-0.009677131047012994
-0.017819231196014994
-0.01356688288620418
-0.03115667058967336
-0.04397076902621409
-0.04545725987730482
-0.042180455807660285
-0.04408891021275715
-0.04505095034659463
-1.0
-0.04454365125179729
-1.0
-1.0
-0.040836135009781296
-0.045907441219325024
-1.0
-1.0
-0.04552399875623513
-0.024077637673566077
-0.028901563997313515
-0.03292694726632263
-0.0385354901320195
-0.026781786382679054
-0.0005454004456559163
0.0039292668584684195
-0.00906719705757679
-0.006230264638177645
-0.012938547920654764
-0.003949700189601748
-0.008848476594138696
-0.021544697297147003
-0.024414539856356648
-0.012268081194076387
-0.013044158694486323
-0.0166177414024784
-0.02249950771493298
-0.016774133541960487
-0.021892486029977676
-0.02229957329872973
-0.011934605779658141
-0.006131028752482554
0.0011545253259350203
-0.005416493449649596
0.00850281927140909
0.009214167439100923
0.004564190100474278
-0.018118996531191044
-0.02448332012037985
-0.027482863008832084
-0.027024961553755344
-0.005511234391757163
-1.0
-1.0
-1.0
-1.0
-0.006174137945120279
-0.012011731168805074
-0.016237898347502527
-0.0211296805602799
-0.022074376812383424
-0.04405837626306534
-0.03231298301846601
-0.00897096448935249
-0.0014004530506545685
-0.026602060593319855
-0.03799737015525873
-0.02638885312577611
-0.02773650530050765
-0.028629614256911386
-0.03554688011407243
-0.02780332720918994
-0.02942664461827861
-0.032500062388892116
-0.03027126084014363
-0.00802683541461714
-1.0
-0.011787797841524802
-0.02291426089518115
-0.025563635186848732
-0.020894375858640544
-0.0060082531785135085
0.001778049270567143
-0.0015525682706349026
-0.0113108515733478
-0.00705013073660752
-0.007639188981551758
-0.0043570312771835954
-0.017666284675421917
-1.0
-0.009461256217749051
-0.026304406131714028
-0.041650120012118444
-0.042779993950999885
-1.0
-0.025817392646114313
-0.011542045609485818
-0.01675840787589752
-0.017339618151687924
-0.021136579780744735
-0.012477844239029492
-0.0010183110591497802
-0.0018396627118731617
-0.011142573639657495
0.0037819165735042677
0.007376436996517264
0.020736542424945357
0.015205209985022698
0.024799388795891
0.03412296000822916
0.03793389717138691
0.029125336147308202
0.020259793748541633
0.012500546703804306
-0.0037506503801927184
-0.023729692792447823
-1.0
-0.031055600715857026
-0.031124193499720718
-0.032854945234025414
-0.0317502086988415
-0.03474587839640254
-0.03492564597764379
-0.03228264455392867
-0.03078899301040046
-0.03867531570051467
-0.038176082384676485
-0.03817227805956672
-0.0373122974715382
-0.026378390654981508
-0.01734684104519157
-0.022694836524126405
-0.027570131975881543
-0.017663983730598853
-1.0
-0.015019464735929368
-1.0
-0.021560539342068183
-0.02678053113026543
-0.026876581843364052
-1.0
-0.03296317972786271
-0.02961701847614711
-0.02164447288099163
-0.02607220914932364
-1.0
-1.0
-0.021555348812768046
-0.027650855042856633
-1.0
-0.031898375327337344
-0.026689664325390886
-0.00511168636519633
0.019260237207421094
0.028553897901972373
0.03588735899657204
0.03580436971801496
0.039259488002359275
0.03185476878097048
0.0230923054079114
0.005299723086869543
0.008467602617461142
0.011418846723466887
0.015560204207051679
0.017409220934713008
-0.007075539686010235
-0.0014375850401343662
0.013383075993084376
0.007397025316459031
-0.007315294498564439
-0.007920164140763375
-0.007952806139681022
-0.009097491952210166
0.0018469218441444207
0.004491113461614396
0.0117682456600564
0.009217529537499311
0.008926996304308129
0.003726266069953668
-0.006597321620746025
-0.019310083183177496
-0.018446593574875457
-0.014131228942130501
-0.017123039680578794
-0.03093454980159733
-0.028400185680518077
-0.01746162012830293
-0.0050502891911031874
-0.004011402725995601
0.004129998405395452
-0.0004479296734638555
-0.00422570629219006
-0.01226894862337376
-0.00584126615542373
-0.007768188628398701
-0.03533944961803345
-0.03601606847353631
-0.022769567563676638
-0.013353557415722896
-0.0076461822759883455
-0.0137519750243829
-0.020637421345751857
-1.0
-0.034722050311614606
-0.0342095406667792
-0.03771128393817504
-0.037265034539109634
-0.03724977063442887
-0.041090662865393576
-0.029469847550038536
-0.007044148028031443
0.014854351773885301
0.01948169955351987
0.027735303926958353
0.026374987837071952
0.026682791770979403
0.03450945201051468
0.03669084011291156
0.03749084190613567
0.037138329126151864
-1.0
0.03373803447562351
0.03255189133389739
0.029515828986729786
0.02786503751232429
0.031289521072577084
0.02401017681374383
0.01760044478957153
0.008482334332453951
-0.0010100277795668763
-0.013687810240800822
-0.017634834920024923
-0.019606880448997426
-0.005486780454930545
-0.014634725480157866
0.00045769450476942957
0.0031139818503516116
0.019032930814303666
0.024575724372891784
0.02327572987165796
0.025279599734735234
0.03542619874873188
0.03720942053750286
0.038048483086918584
0.034127750171091216
0.018599794416725407
-0.004479624049641832
0.015443538628115138
0.008917877749973518
0.008345374860787553
-0.008726313553602687
0.027670532049641934
0.033710626495585615
0.03309383784534649
0.04044394425579971
-1.0
-1.0
0.03818539923054172
0.03721434927602882
0.03784173740798524
0.037222250590756824
0.03668305195813141
0.024017382531035126
0.018335969571964962
0.011641986172358088
0.003529286483874447
-1.0
-0.016079022660832314
-0.031017508422213045
-0.01933251481795264
-0.02091153638508854
-0.029510935900891218
-0.027156082004828417
-0.024066501808685872
-0.020292532552717967
-0.009135747412046168
-0.006865271667428197
0.0043723206881118165
0.008910263005340632
0.013086415759882376
0.019118854166991068
-1.0
0.026056093344138043
0.029026110378181737
0.01942213832153319
-0.001624048021206187
0.0033512631473323782
-0.0034588445847307334
0.0011587152366399403
0.013032128332096141
0.013254991402192811
-0.0010249974057767069
0.0020034015195098402
-0.010167418978329089
-0.0142121845634061
-0.013183379669714333
-0.025274463849223792
-0.030655234083273863
-0.02671748743568435
-1.0
-1.0
-0.03934769395875209
-0.03764665836365555
-0.039482998147862915
-0.028836276029848187
-0.039444497767202984
-0.04621133030258058
-0.04081353387509438
-0.034405331619650543
-0.03531142972934799
-0.027590283465080648
-0.035442272507403234
-0.03027734793175358
-0.004363937844893828
0.0006129893919968974
-0.006403500822613991
0.01585709164704874
0.024382660058233075
0.025269704810577057
0.03404452772585185
0.03517173855712057
0.03737536264660292
0.035546323480615385
-1.0
0.03567431564099
0.034761465738268195
0.03739349266982291
0.03369919469559127
0.035671979865331216
0.029096948650397386
0.031788297009295835
0.03263631455445629
0.030915721966260228
0.0178019832772441
0.019502946201081738
0.027545929731298123
0.026274679526759694
0.030069660291122305
0.028894355274282944
0.02943674216352599
0.02975243199018183
0.031770760242069984
0.028807105335365138
0.02079848918138488
0.0031166273054974627
-0.016842023001171772
-0.020222279269346628
-0.033357954912658486
-1.0
-0.027782083614503992
-0.009261366004097406
0.012626056534573098
0.014940789673644535
0.018404150487381997
0.00882531382592796
0.00928758296451033
0.00039156108131037
-0.013482358915204258
-0.004288534953429162
0.02023112991833815
0.02494282681269844
0.02825713065767489
0.029216236200829776
0.029674417603451044
0.03427689635866209
0.034188051569502984
0.03844273099600145
0.03498091257242698
0.03422965533654556
0.032778809400727235
0.027951373022990673
0.032643589325135475
0.030014888150412533
0.023644220900942068
0.015911689389720648
0.0038783916599499503
0.003718471201452077
-0.007223359347781187
-0.010093977592508676
-0.004777485509712005
-0.0097492270235808
-0.013931331893551495
-0.032478927979269774
-0.0398498025054073
-0.0346844527129014
-0.026122210719055784
-0.010057803878851537
-0.002788303119351815
-0.01248675979618794
-0.005089788016604456
0.009572817505762596
0.022056430318846337
0.027319841606780033
0.028507914833467957
-1.0
0.027765640175992836
0.03285820635892719
0.03189781866342981
0.029727985644012626
0.031240068304712834
0.02840887159062126
0.02667015340428133
0.02912537021516619
0.030164924763137698
0.028604573555379317
0.03189693580121916
0.03164242103652682
0.03254179694514469
0.03445436358468439
0.030268918073550196
0.03181580277242013
0.03166971100454419
0.033884796638790494
0.033587012474540746
0.035514676794659895
0.02939189147088127
0.03348470069322121
0.03281513311629009
0.035927582498825564
0.03380687414603849
0.0342313683185753
0.03143217132339586
0.032550995301808286
0.03226536974667332
0.034681885121731884
0.02815014499004622
0.02499119877759562
0.026989823065065605
0.02255577445669457
0.029216774724832306
0.015818400193012193
0.01894967537221594
0.020495155365734416
0.025214406319400084
0.016211040295351708
0.01509255423778269
0.010846220892568158
0.014190563480042226
0.012325666390519139
-0.0013664155273038043
-0.014293247209726051
-0.02528361953459366
-0.014331877817357482
-1.0
-0.011298151290936692
-0.017429362929271996
-0.03722484755313903
-0.03496597162842614
-0.030455873503282507
-0.029770547398131134
-0.021225103328704333
-0.02429745964421324
-0.016956368819437895
-0.010521690425766927
-0.004940384183340442
-0.0025495378612575624
-0.007851554334465563
-0.012573949373958988
-1.0
-0.026058288155920862
-0.028307460891911943
-0.030573879682865276
-0.027883956030338018
-0.026954559076695705
-0.013209703154422405
-0.020930219583751974
-0.026532779710720888
-0.0339313006395306
-0.03945425802064955
-0.03439161349447157
-0.0370104801326686
-1.0
-1.0
-0.029535430805465532
-0.026790865953064378
-0.021549742621263957
-0.01555463468043888
0.0018580858204224322
0.015796566003821504
0.016701748077587845
0.01824028920101327
0.006148499095383897
0.001283327975189872
-0.011530033130010003
-0.0024060068118869743
0.01055250908624182
0.017632608096295247
0.015379174054590772
0.017877591564596795
0.015991177117592518
0.011406595492614633
0.010054628272597742
0.015995369513755055
0.015389829182237446
0.020347451774138953
0.016062924781464757
0.011963997905511876
0.017213175346628844
0.02406838692476422
0.02228063137419808
0.02000812003991899
0.026366544900073063
0.02656358254089224
0.025947502043888928
0.029348969683779102
0.023572192980090296
0.027597474455572472
0.02092651122134916
0.019272120885130445
-1.0
0.027006356893570217
0.0097884849452601
0.017060722509673
-1.0
-1.0
-1.0
0.018812753139155317
