0.04404771316183253
0.038111454807496906
0.04255112886497428
0.044521254236650674
0.038080059636803575
0.039427998585285576
0.038268997960213276
0.0309140474935594
0.018519545462864353
0.025756244193300658
0.024869711865442023
0.02369780838865597
0.03403401199591695
0.03856770327935466
0.02536123721944808
0.03147317292188891
0.03714635515230223
0.045489281913040455
0.0371461022799109
0.04041392394971246
0.0297766000750882
0.04240495345682929
0.03616886522384126
0.03806361214328737
0.04008664669072669
-1.0
0.03649121829657176
0.04441263510038677
0.04467682222294012
0.05047062073256283
0.04929763642867849
0.04379596448574381
0.03656352867932357
0.029977750420659224
0.0460780822321165
0.04721702826928133
0.04132324057691346
0.04828208444190598
0.04410041913235947
0.04488348282833357
0.04302356163639475
0.04543308975111717
0.0496102211618055
0.05127217659441585
0.05093598350262366
0.04443984176198517
0.04296064190811085
0.03636905763194122
0.0375355785850793
0.017541114399745674
-0.005290699015962455
-0.04339557473134563
-0.04240939150721086
-0.04186755033671319
-0.04044435592261644
-0.0355431561865156
-0.04012336028070185
-0.04245454096051657
-0.04067824695404392
-0.04180296934038571
-0.041076232190339845
-0.04152199423123673
-0.04159416893449669
-0.03914325906055316
-0.033731166849808196
-0.037167258254848234
-0.034542819693527356
-0.03494457366825688
-0.03754573230951622
-0.034904343796776045
-0.039501427683885315
-0.03991827843665415
-0.03692377021766173
-0.041827788716021976
-0.03936926219386556
-0.0385054191289697
-0.04016426202106691
-0.038320484479883336
-0.045696300495677085
-0.032171517441923085
-0.03919258005452026
-0.04234686695396139
-0.04057898069033038
-0.041580618290699804
-0.04537582843044544
-0.01394773793806951
-0.0004094190242319592
0.006626408002085596
0.02487910035709269
0.011009046736920223
0.02178348274343006
-0.014809370984707748
-0.035604199343353606
-0.04298343991734364
-0.04198840882748041
-0.04254598710674274
-0.04020177472729083
-0.04342320724851691
-0.04059282301764265
-0.04418560507197929
-0.03439849526560828
-0.02864498815855165
-0.01939132026179799
-0.018199220123254246
-0.021492372963807748
0.005375666774019229
-0.008842365971488988
0.0022131089546200584
0.010292507485926233
-1.0
0.03771376659819934
0.036243451894853916
0.03707325635980203
0.038280352208975736
0.03709906646596982
0.04758124768854562
0.04765135909910636
0.04525709236120861
0.03282064396708442
0.017544329094461963
-0.002122696626516811
-0.02284882698561278
-0.02808515116320174
-0.033924973303392676
-0.03627653858686548
-0.03094559477203345
-0.027850274635758187
-0.03219998250830112
-0.025615597453600286
-0.016198381833050567
-0.02556512927197439
-0.011713768640134627
-0.030396834012417474
-0.024641297167753075
-0.029380228128025095
-0.03740401750323012
-0.042271511241346184
-0.04499718845708041
-0.030051006900810986
-0.0030276176717406703
0.004976276478038097
0.007116931864180347
0.009703654482449822
0.038309304464824584
0.02984262776336464
0.026817625563117453
0.044830605191917325
-1.0
-1.0
-1.0
0.04632123302494834
-1.0
-1.0
-1.0
0.0466111453686363
0.04359896123603224
0.04933694862557361
0.047136265300515005
0.05297980456258967
0.05058366624927847
0.050851502619729615
0.03660191210820475
-1.0
-1.0
-1.0
-1.0
-1.0
-1.0
-0.04123841609172766
-0.04170838263038239
-0.03926503083129068
-0.04231414400767948
-0.028576367900622544
-0.026274185489715187
-0.02984025394222772
-0.014620677610917098
-0.03301642907737077
-0.04437287694202561
-0.0440489559565994
-0.04405400715638314
-0.03551259157185116
-1.0
-1.0
-1.0
-1.0
-1.0
-1.0
0.028146241236499225
0.024571800733856244
0.025642187886433607
-0.0015702317069741815
-0.028877358313117968
-0.02158901141102677
-0.01108356471951925
-0.002327333954194756
-0.017827219799221545
-0.01823050980405705
-0.02779027906424591
-0.03992256132780371
-0.0448436411633261
-0.04130027985273961
-0.044815535061711556
-0.042025001030550416
-1.0
-1.0
-0.03765288311065722
-0.009221274719963417
0.024590712672741093
0.02062077345670531
0.0025745046734968542
0.0265195837889623
0.026546535689546534
0.03436077569772777
-1.0
0.05009344493254039
0.05147632298342479
0.03719694413073358
-1.0
0.04499668825876957
0.059257907445336114
0.04977972122490778
0.0622502513144416
0.05696334774578137
0.04021513502482834
-1.0
-1.0
0.045188169758176945
0.04525066296722617
0.04086823196630942
0.04358636725340559
0.048352694605942534
0.03948993884430864
0.04707859685409893
0.05042458090078298
0.05165290715748051
0.026888479146099466
-0.0030428652495476283
-0.03536835028302483
-0.03562658419513939
-0.03352338396651661
-0.045156835441897185
-0.04368477219306009
-0.04289606935393582
-0.041179315437722144
0.0020534576112670503
0.0200366379421138
0.022684396264873567
0.008584686918720351
-0.0028857289467452423
0.006160953421503792
-0.005148777127793792
-0.01704395993560838
-0.042718356442855064
-0.04319060130843359
-0.03729559942623548
-0.040621900290612536
-0.04342767572510309
-0.040067770361598504
-0.04038803067347142
-0.03999050004097008
-0.04314438002051736
-0.0412866223613176
-0.03852402135373837
-0.04130439978169753
-0.04175116281023606
-0.04101081091763293
-0.040275785006880734
-0.03986260962043797
-0.03821419515789496
-0.04010436017879449
-0.022206527833674623
-1.0
-1.0
0.0015240594544083327
0.02054511478551391
0.01480224590983464
0.008169079490358978
-0.009584950741323595
-0.012055058057748279
0.0028141030073575496
0.04265061454601
0.047763858097556566
0.03773146132658791
-1.0
0.056221689348615274
-1.0
-1.0
0.05614269975471382
0.05507026705807282
0.04245922138268024
-1.0
-1.0
-1.0
-1.0
-1.0
0.04589000860651344
0.04924470597410654
0.058032573614527044
0.05555850689086549
0.05319081254523394
0.05691124705099192
-1.0
0.05591409385365398
0.05843196188396686
0.05704570553117386
0.05915385275709108
0.057232860704740575
0.05301550821506608
0.05098634591055056
0.04604025364025498
0.041922114663800546
0.03147504306803943
0.01783836669320122
0.016229947309916753
-0.017452816096807794
-0.02355947646278213
-0.022780000400703753
-0.023786703174572967
-1.0
-1.0
-1.0
-1.0
-1.0
-1.0
-1.0
-1.0
-1.0
-1.0
-1.0
-1.0
-1.0
-1.0
-1.0
-1.0
-1.0
-1.0
-1.0
-1.0
-1.0
-1.0
-1.0
-0.04421365128488017
-0.03278453123386379
-0.03738870009128214
-0.028136673873725385
-0.034326474781062405
-0.03711366711559793
-0.02664359721062858
-1.0
-1.0
-1.0
-1.0
-1.0
-1.0
-1.0
-1.0
-1.0
-1.0
-1.0
-1.0
-1.0
-1.0
-1.0
-1.0
-1.0
-1.0
-1.0
-1.0
-1.0
-1.0
-1.0
-1.0
-1.0
-1.0
-1.0
-1.0
-1.0
-1.0
-1.0
-1.0
-1.0
-1.0
-1.0
-1.0
-1.0
-1.0
-1.0
-1.0
-1.0
-1.0
-1.0
-1.0
-1.0
-1.0
-1.0
-1.0
-1.0
-1.0
-1.0
-1.0
-1.0
-1.0
-1.0
-1.0
-1.0
-1.0
-1.0
-1.0
-1.0
-1.0
-1.0
-1.0
-1.0
-1.0
-1.0
-1.0
-1.0
-1.0
-1.0
-1.0
-1.0
-1.0
-1.0
-1.0
-1.0
-1.0
-1.0
-1.0
-1.0
-1.0
-1.0
-1.0
-1.0
-1.0
-1.0
-1.0
-1.0
-1.0
-1.0
-1.0
-1.0
-1.0
-1.0
-1.0
-1.0
-1.0
-1.0
-1.0
-1.0
-1.0
-1.0
-1.0
-1.0
-1.0
-1.0
-1.0
-1.0
-1.0
-1.0
-1.0
-1.0
-1.0
-1.0
-1.0
-0.050603280970281696
-0.031115395888706585
-0.011029837027220511
0.005513400812904539
0.018799079769828808
0.006829188678379923
0.0011601129302436142
-0.010255818072462853
-0.01479878530719745
-0.008308902487389214
0.0021627523479936625
0.004762131693083953
0.0015342011686685514
-0.0006607461079139027
0.005118737981607387
0.01223341397075877
0.005656349596250893
0.014945425031916554
0.019643117478085063
0.026860030050233248
0.010446005411205108
-0.000594401940090727
-0.05180769708088003
-0.05288026783748965
-0.04099002258991091
-0.038231534589902236
-0.0465692528140037
-0.04902535450993602
-0.051479251597821116
-0.05215586495080389
-0.05255992228004641
-0.05306863454091532
-0.04610611083056376
-0.04819154588306382
-0.04676117706257651
-0.029897576897042137
-0.0011663313269591187
0.010839997871759134
0.009189798685748422
-0.01072464417672771
-0.011816698044937618
-0.011736654793059345
-1.0
-0.01086977417978733
-0.028382154913264443
-0.038101902542189044
-0.0346776602504895
-0.03834416405915013
-0.028169920642614463
-0.01611559413886186
-0.012128908336694931
-0.024617482135290098
-0.028666688105172845
-0.03680652463111168
-0.03328492165901253
-0.04136696726818696
-0.050882728591687056
-0.05298258906450183
-0.05609987732055767
-0.058287136766809515
-0.05673090848193742
-0.056871994240686716
-0.059615856487591955
-0.05233943677902246
-0.049559019562781345
-0.03095720874807769
0.012085429121733927
0.005520009874856899
-0.0025539993605692662
0.004070316946845724
0.006277688190562762
-0.0016359071178418088
0.013891928255473753
0.03792271313915382
0.015680560646176945
-0.0015367823863763287
-0.012511700235921464
-0.006249777126206424
-0.0014118331896764513
-0.014205621878266423
-0.0132191897109094
-0.0012863266572726505
-0.0049595123438178285
0.001824585981392404
0.007580050517653888
-0.011171896937630129
-0.02347828816497474
-0.023192181289217198
-0.015394850390478231
-0.006679551450452518
0.021060091899273263
-0.0007405838604333853
-0.009431597803727534
-0.018791346907456125
-0.02615897072170521
-0.029271039362443366
-0.021106789112844804
-0.019473076654234728
0.0007868780356976749
0.03760276357569511
0.046790867234096326
-1.0
0.048106155135188226
0.04824966078847796
0.0538238395924784
0.05578580910286993
0.05695371849370779
0.059334822319999495
0.05858227439611282
0.05793416102737886
0.0527652229047102
-1.0
0.05288262496785374
0.05719967542632441
0.043397879199541294
0.04062895355517655
0.03398822086348835
0.02024657595751619
0.0223576223097039
0.019882612941977476
0.01937290890834589
0.016167442288923015
-0.009045706784089223
-0.042993439779284416
-0.051441193264794
-0.06054949286002373
-0.054128680614206996
-0.05913187392017111
-0.057733295694569586
-0.051829995550402366
-0.05261533425937326
-0.055544443527935534
-0.054052382443093815
-0.0502918675329332
-0.03021669153228087
-0.04212132321741701
-0.0457290310657969
-0.04588528901423302
-0.04663848632652828
-0.050381198047157856
-0.05028457701789755
-0.037628013374747346
-0.04619184467043647
-0.048216797672022915
-0.050890105890096564
-0.055497030823750564
-0.05380726615339589
-0.04929146921895136
-0.04816278526984515
-0.04722432800156588
-0.05183015582348864
-0.050759761892242836
-0.049227780703490064
-0.04199103044717089
-0.0472670397682243
-0.04125571704940262
-0.039416156194021286
-0.04026775524065573
-0.05464787979948562
-0.055694646565720485
-0.052496245871069554
-0.05532130806769857
-0.05482415929617314
-0.051029651986434554
-0.05820710951824163
-0.0517104725822355
-0.0540756161191529
-0.05373296906181216
-0.05786099017618141
-0.049257784324038385
-0.05264964465262545
-0.0533474567723397
-0.04850809205196896
-0.049380351715912554
-0.05478831901721491
-0.05040393646050872
-0.046960625463731656
-0.050118941763792425
-0.04309619333276054
-0.04747100763764556
-0.05124896704226587
-0.048313905161066345
-0.05462732480012185
-0.05510709011802241
-0.04896018812670412
-0.03481426160391553
-0.034373695949958136
-0.03638075112664621
-0.029226126458449152
-0.02428724834039602
-0.02054970294508486
-0.023379042941689236
-0.023052693386933262
-0.023793603182651002
-0.024254656900780828
-1.0
-0.013793136033755485
-0.02165532906550718
-1.0
-1.0
-1.0
0.04669899963826014
0.05064378255268418
0.04981172634381929
-1.0
0.05621308412345738
0.05689419949278019
0.058818171577467736
0.05174040435473088
-1.0
0.058017730460772285
0.053338864002377
0.05239343586732479
-1.0
-1.0
-1.0
0.049700146826874396
0.0513234096113991
0.055070383716023165
0.046535991244304346
0.05059780252987972
0.05109207574384792
-1.0
0.05278981300045498
0.046652824316128605
0.049889835868636115
0.050549033463310154
0.050084097649977656
0.05183281539417895
0.051842994354045505
0.05259240437210507
0.05278427826051939
0.05217858091641888
0.04902044007924011
0.05038177537006811
-1.0
0.02134529250762402
-1.0
0.05462905211940253
0.049908028175433924
0.05200309810510925
0.049884690573759556
0.04662288365512192
0.029412385522904875
-1.0
-1.0
-1.0
-0.0010479917694080217
0.01488451530536025
0.01836112966547677
0.021440462193965847
0.023287080625038415
0.03059141803814945
0.032916330781151006
0.027072595770251513
-0.003307996517024606
-0.025881170856453344
-0.035377151428731976
-0.04202951515762284
-0.03777947120964869
-0.04018315947014076
-0.04179266397455319
-0.04006690290831639
-0.03069413533185247
-0.026617098128613063
-0.014518312990693814
-0.015983807346571788
-0.044025070898660736
-0.05299855166144536
-0.057105435479288674
-0.05443829728260558
-0.05189064035669971
-0.0498262657391319
-0.05220007707809425
-0.04841772137662074
-0.055520922621318185
-0.05205534978012184
-0.04999973124398306
-0.001356420893120542
0.01857675041280361
0.024403712719732105
0.027104013077343295
0.03624397072454374
0.026873475816198235
0.03350758641823765
0.02974218451369057
0.027659860110775213
0.02876865879943211
0.042944755692925766
0.033392946887798244
0.02972911504725136
0.007878814917734461
-0.035130125485208843
-0.027003243867389365
-0.02456968869472468
-0.013456897494689354
-0.018980566824757263
-0.03090904700050067
-0.042380748231663184
-0.03799330091684143
-0.039841968577546155
-0.04207939615962085
-0.03716934926589277
-0.0311756964598728
-0.029889234703644747
-0.041674283535182634
-0.037884537247508975
-0.0331548862226081
-0.037988656711835704
-0.04469156016767689
-0.049781229800349616
-0.0440532640456683
-0.0456187980490366
-0.044798100337641256
-0.04895217092233608
-0.043749979788109114
-0.03765840621062803
-0.034630286658767676
-0.047552976442006026
-0.04800704482218884
-0.039507907484865885
-0.03823120781699885
-0.03228014534224842
-0.04398610335966004
-0.04506037240511319
-0.028806196171119316
-0.04770461920025665
-0.04470575052764316
-0.0402294764638498
-0.03996434376677245
-0.040452253029277144
-1.0
-0.01635383807361074
-0.023751324899223485
-0.026867374059550305
-0.014038042969484053
-0.007239063369060785
-0.01227446099948887
-0.02595771326074997
-0.038129495856050424
-0.04251500199774569
-0.05413383901379536
-0.05269169519767315
-0.0510132603626561
-0.042138282872230585
-0.004381740748786058
0.013381717298893321
0.009860723197066384
0.013092268906237438
-1.0
-1.0
-1.0
0.023600069742940138
-1.0
0.018400956716936718
0.023106535135569636
0.025616966090850048
0.011909736184103103
-0.012677424051799781
-0.009368199737204656
-0.0045392306638966
-1.0
0.00988891528652278
-0.010365037317651133
-0.008119637007178366
-0.008309975553392515
-0.0034084077698371138
-0.0051396892841521
-0.004492042788310673
-0.008939818722042548
-0.007304430093225426
-0.006000608471722255
0.0011182320425478715
0.007956961583985286
0.032799819954127854
0.03731108110348498
0.03972375037825069
0.03099943831835428
0.030215646619204797
0.03266911428701929
0.04781962754298575
-1.0
0.049064246806970774
0.04092635807061632
0.042646961416288556
0.05069011037072236
0.03721389208939721
0.03813885680999892
0.0379536400051313
0.03403542359710312
0.04162085770992134
0.03981976327882072
0.03781297122243426
0.005910841463467592
-0.0181924106772599
-0.020666427836032356
-0.027096505750335197
-0.025754761412152705
-0.0240127231029359
-0.01890244162983035
-0.01095409877452328
0.016260967182814737
0.01788240182279304
0.02182182902142746
0.006656263385703934
0.006807706806908641
0.0029906398257515433
0.009909525483041373
0.028467467166509122
0.04320257330541562
0.0371290910836877
0.031651778914528535
0.041900606816349314
0.043348955292759596
0.045591605034004244
0.034163671378368274
0.026487364991232686
-1.0
0.03791036565092256
0.03264048020210428
0.03748128033357383
0.047686702355793205
0.039730873185704056
0.042940890262913825
0.03958303224069526
0.026568492748725272
0.035758037506796854
0.040304061692125
0.03785236703645779
0.04507218714129707
0.04381265723444661
0.04399796566193052
0.043773094117156235
0.044969666899240715
0.04408905070417599
0.045247071172721455
0.03598528139358149
-1.0
