-1.0
-1.0
-1.0
-1.0
-1.0
-1.0
-1.0
-1.0
-1.0
-1.0
-1.0
-1.0
-1.0
-1.0
-1.0
-1.0
-1.0
-1.0
-1.0
-1.0
-1.0
-1.0
-1.0
-1.0
-1.0
-1.0
-1.0
-1.0
-1.0
-1.0
-1.0
-1.0
-1.0
-1.0
-1.0
-1.0
-1.0
-1.0
-1.0
-1.0
-1.0
-1.0
-1.0
-1.0
-1.0
-1.0
-1.0
-1.0
-1.0
-1.0
-1.0
-1.0
-1.0
-1.0
-1.0
-1.0
-1.0
-1.0
-1.0
-1.0
-1.0
-1.0
-1.0
-1.0
-1.0
-1.0
-1.0
-1.0
-1.0
-1.0
-1.0
-1.0
-1.0
-1.0
-1.0
-1.0
-1.0
-1.0
-1.0
-1.0
-1.0
-1.0
-1.0
-1.0
-1.0
-1.0
-1.0
-1.0
-1.0
-1.0
-1.0
-1.0
-1.0
-1.0
-1.0
-1.0
-1.0
-1.0
-1.0
-1.0
-1.0
-1.0
-1.0
-1.0
-1.0
-1.0
-1.0
-1.0
-1.0
-1.0
-1.0
-1.0
-1.0
-1.0
-1.0
-1.0
-1.0
-1.0
-1.0
-1.0
-1.0
-1.0
-1.0
-1.0
-1.0
-1.0
-1.0
-1.0
-1.0
-1.0
-1.0
-1.0
-1.0
-1.0
-1.0
-1.0
-1.0
-1.0
-1.0
-1.0
-1.0
-1.0
-1.0
-1.0
-1.0
-1.0
-1.0
-1.0
-1.0
-1.0
-1.0
-1.0
-1.0
-1.0
-1.0
-1.0
-1.0
-1.0
-1.0
-1.0
-1.0
-1.0
-1.0
-1.0
-1.0
-1.0
-1.0
-1.0
-1.0
-1.0
-1.0
-1.0
-1.0
-1.0
-1.0
-1.0
-1.0
-1.0
-1.0
-1.0
-1.0
-1.0
-1.0
-1.0
-1.0
-1.0
-1.0
-1.0
-1.0
-1.0
-1.0
-1.0
-1.0
-1.0
-1.0
-1.0
-1.0
-1.0
-1.0
-1.0
-1.0
-1.0
-1.0
-1.0
-1.0
-1.0
-1.0
-1.0
-1.0
-1.0
-1.0
-1.0
-1.0
-1.0
-1.0
-1.0
-1.0
-1.0
-1.0
-1.0
-1.0
-1.0
-1.0
-1.0
-1.0
-1.0
-1.0
-1.0
-1.0
-1.0
-1.0
-1.0
-1.0
-1.0
-1.0
-1.0
-1.0
-1.0
-1.0
-1.0
-1.0
-1.0
-1.0
-1.0
-1.0
-1.0
-1.0
-1.0
-1.0
-1.0
-1.0
-1.0
-1.0
-1.0
-1.0
-1.0
-1.0
-1.0
-1.0
-1.0
-1.0
-1.0
-1.0
-1.0
-1.0
-1.0
-1.0
-1.0
-1.0
-1.0
-1.0
-1.0
-1.0
-1.0
-1.0
-1.0
-1.0
-1.0
-1.0
-1.0
-1.0
-1.0
-1.0
-1.0
-1.0
-1.0
-1.0
-1.0
-1.0
-1.0
-1.0
-1.0
-1.0
-1.0
-1.0
-1.0
-1.0
-1.0
-1.0
-1.0
-1.0
-1.0
-1.0
-1.0
-1.0
-1.0
-1.0
-1.0
-1.0
-1.0
-1.0
-1.0
-1.0
-1.0
-1.0
-1.0
-1.0
-1.0
-1.0
-1.0
-1.0
-1.0
-1.0
-1.0
-1.0
-1.0
-1.0
-1.0
-1.0
-1.0
-1.0
-1.0
-1.0
-1.0
-1.0
-1.0
-1.0
-1.0
-1.0
-1.0
-1.0
-1.0
-1.0
-1.0
-1.0
-1.0
-1.0
-1.0
-1.0
-1.0
-1.0
-1.0
-1.0
-1.0
-1.0
-1.0
-1.0
-1.0
-1.0
-1.0
-1.0
-1.0
-1.0
-1.0
-1.0
-1.0
-1.0
-1.0
-1.0
-1.0
-1.0
-1.0
-1.0
-1.0
-1.0
-1.0
-1.0
-1.0
-1.0
-1.0
-1.0
-1.0
-1.0
-1.0
-1.0
-1.0
-1.0
-1.0
-1.0
-1.0
-1.0
-1.0
-1.0
-1.0
-1.0
-1.0
-1.0
-1.0
-1.0
-1.0
-1.0
-1.0
-1.0
-1.0
-1.0
-1.0
-1.0
-1.0
-1.0
-1.0
-1.0
-1.0
-1.0
-1.0
-1.0
-1.0
-1.0
-1.0
-1.0
-1.0
-1.0
-1.0
-1.0
-1.0
-1.0
-1.0
-1.0
-1.0
-1.0
-1.0
-1.0
-1.0
-1.0
-1.0
-1.0
-1.0
-1.0
-1.0
-1.0
-1.0
-1.0
-1.0
-1.0
-1.0
-1.0
-1.0
-1.0
-1.0
-1.0
-1.0
-1.0
-1.0
-1.0
-1.0
-1.0
-1.0
-1.0
-1.0
-1.0
-1.0
-1.0
-1.0
-1.0
-1.0
-1.0
-1.0
-1.0
-1.0
-1.0
-1.0
-1.0
-1.0
-1.0
-1.0
-1.0
-1.0
-1.0
-1.0
-1.0
-1.0
-1.0
-1.0
-1.0
-1.0
-1.0
-1.0
-1.0
-1.0
-1.0
-1.0
-1.0
-1.0
-1.0
-1.0
-1.0
-1.0
-1.0
-1.0
-1.0
-1.0
-1.0
-1.0
-1.0
-1.0
-1.0
-1.0
-1.0
-1.0
-1.0
-1.0
-1.0
-1.0
-1.0
-1.0
-1.0
-1.0
-1.0
-1.0
-1.0
-1.0
-1.0
-1.0
-1.0
-1.0
-1.0
-1.0
-1.0
-1.0
-1.0
-1.0
-1.0
-1.0
-1.0
-1.0
-1.0
-1.0
-1.0
-1.0
-1.0
-1.0
-1.0
-1.0
-1.0
-1.0
-1.0
-1.0
-1.0
-1.0
-1.0
-1.0
-1.0
-1.0
-1.0
-1.0
-1.0
-1.0
-1.0
-1.0
-1.0
-1.0
-1.0
-1.0
-1.0
-1.0
-1.0
-1.0
-1.0
-1.0
-1.0
-1.0
-1.0
-1.0
-1.0
-1.0
-1.0
-1.0
-1.0
-1.0
-1.0
-1.0
-1.0
-1.0
-1.0
-1.0
-1.0
-1.0
-1.0
-1.0
-1.0
-1.0
-1.0
-1.0
-1.0
-1.0
-1.0
-1.0
-1.0
-1.0
-1.0
-1.0
-1.0
-1.0
-1.0
-1.0
-1.0
-1.0
-1.0
-1.0
-1.0
-1.0
-1.0
-1.0
-1.0
-1.0
-1.0
-1.0
-1.0
-1.0
-1.0
-1.0
-1.0
-1.0
-1.0
-1.0
-1.0
-1.0
-1.0
-1.0
-1.0
-1.0
-1.0
-1.0
-1.0
-1.0
-1.0
-1.0
-1.0
-1.0
-1.0
-1.0
-1.0
-1.0
-1.0
-1.0
-1.0
-1.0
-1.0
-1.0
-1.0
-1.0
-1.0
-1.0
-1.0
-1.0
-1.0
-1.0
-1.0
-1.0
-1.0
-1.0
-1.0
-1.0
-1.0
-1.0
-1.0
-1.0
-1.0
-1.0
-1.0
-1.0
-1.0
-1.0
-1.0
-1.0
-1.0
-1.0
-1.0
-1.0
-1.0
-1.0
-1.0
-1.0
-1.0
-1.0
-1.0
-1.0
-1.0
-1.0
-1.0
-1.0
-1.0
-1.0
-1.0
-1.0
-1.0
-1.0
-1.0
-1.0
-1.0
-1.0
-1.0
-1.0
-1.0
-1.0
-1.0
-1.0
-1.0
-1.0
-1.0
-1.0
-1.0
-1.0
-1.0
-1.0
-1.0
-1.0
-1.0
-1.0
-1.0
-1.0
-1.0
-1.0
-1.0
-1.0
-1.0
-1.0
-1.0
-1.0
-1.0
-1.0
-1.0
-1.0
-1.0
-1.0
-1.0
-1.0
-1.0
-1.0
-1.0
-1.0
-1.0
-1.0
-1.0
-1.0
-1.0
-1.0
-1.0
-1.0
-1.0
-1.0
-1.0
-1.0
-1.0
-1.0
-1.0
-1.0
-1.0
-1.0
-1.0
-1.0
-1.0
-1.0
-1.0
-1.0
-1.0
-1.0
-1.0
-1.0
-1.0
-1.0
-1.0
-1.0
-1.0
-1.0
-1.0
-1.0
-1.0
-1.0
-1.0
-1.0
-1.0
-1.0
-1.0
-1.0
-1.0
-1.0
-1.0
-1.0
-1.0
-1.0
-1.0
-1.0
-1.0
-1.0
-1.0
-1.0
-1.0
-1.0
-1.0
-1.0
-1.0
-1.0
-1.0
-1.0
-1.0
-1.0
-1.0
-0.026281746596548278
-0.027410891165426422
-0.02839622564063848
-1.0
-0.02622497270980048
-0.02729816021581684
-0.030311629415574044
-0.028553701692926446
-0.02604015094083764
-1.0
-1.0
-1.0
-1.0
-0.023473913971136524
-1.0
-1.0
-1.0
-0.0215898540062078
-0.02359770378047033
-1.0
-1.0
-0.01621176790464315
-0.007893166946699346
-0.0011137888608491915
0.0062064573967119015
0.0030122309826662585
0.003395413788389274
-2.433652789025865e-05
0.0020085656443053473
0.00022252120045248493
-0.008254498095317577
-0.012460116788253999
-0.013457834414093137
-0.013990058914672239
-0.01419503966172467
-0.00299058970896711
-0.00784907561295545
-0.007812928760747028
-0.005550351448297648
-0.01221255564686013
-0.01415919436128027
-0.01440222862808868
-0.012955909931727653
-0.012887825372813737
-0.011843554516231258
-0.008963144230884143
-0.011948177616748597
-0.010904249484611453
-0.008129188788880127
-0.004727736434080524
-0.0002536553832295128
-0.0004849870766218014
-0.002489768664072315
0.007886304488649538
0.008776051245216868
-0.003978097620549608
-0.007485715170776836
-0.004723874804114216
0.004454083636921311
0.012531190255615858
0.017030993188569616
0.011853171658263804
0.001994874348217127
0.0006709380207113894
0.003391943004305572
0.008672467846074122
0.010379960398927116
0.009316947831091663
0.009536548864035935
0.009613302478032394
0.006522941162272542
0.0030425138904371435
-0.0034098405785065785
-0.009452636865124917
-0.014088709109037685
-0.016861844710335323
-0.01490956488762498
-0.018625896669190206
-0.013899918304094865
-0.018499153132011587
-0.017660369976194218
-0.01767541286840416
-0.017927456314164928
-0.01809589644836313
-0.01652502099242825
-0.01628192072033619
-0.016556544410770035
-0.017180999789996772
-0.016365466154462396
-0.015647237152669934
-0.015710031285540965
-0.016518040051666957
-0.013324341841747574
-0.011464051517836488
-0.010385401808608606
-0.008253566698398256
-0.009253191219509568
-0.003611646701192195
0.002123862083960853
-0.0006812849314563994
-0.0022877490994470404
-0.0028413331089589037
0.0004669609291551373
-0.0016111951717240264
-0.0039816704278696135
-0.005076203922632113
-0.003723450061524308
-0.004806985386881411
-0.006891962365381845
-0.0032726680440895188
-0.004259759324016419
0.002321874720477932
0.0071278826001319635
0.008014864864992598
0.014178363285788127
0.0058534350339423755
0.004211598555624122
0.002404210466694224
-0.0020670174692083943
0.0024568048629104154
-0.000611030540197184
0.006162530625077957
0.0066202539193627175
0.013663237243627089
0.016754046807941757
0.012032719625043199
0.016686584441730413
0.019268626736193867
0.01611534555528019
0.01987404711159578
0.018156499837820285
0.017336498646583542
0.01884402439025709
0.018545763415360256
0.01825321241220035
0.010303415562345614
0.006826507756698091
0.005679170972830272
0.005027305835303018
0.0006217776348273005
0.0031701439840291844
0.005313214454366128
0.011885254415268958
0.012788017775268784
0.006276308654324516
0.006020342202892889
-0.0010469882433405595
-0.0012520493040725285
-0.0017015274995355399
0.004552968330011415
0.0012983043061483572
-0.0016345018100401938
0.006683286582616625
0.0007590787608769093
-0.0072932326185870195
-0.008830786237975454
-0.009573940432577564
-0.009506573863980988
-0.009578118149253849
-0.009394136338856487
-0.012060696939800036
-0.010002732995284097
-0.010937747135806846
-0.00987165747848743
-0.011671220060117754
-0.010307130823956744
-0.007950115739676874
-0.009101455734602155
-0.00487085524163984
-1.0
-1.0
-1.0
0.00312008220177222
0.003831058174656732
0.010246374166899653
0.014563700884334528
0.01861932652432354
0.019049349218551125
0.0187499605044876
0.01882163584446714
0.01902534342647648
0.01588446155650164
0.014581461238089618
0.014319299498850033
0.012225079801151464
0.012112059211880051
0.011928326935508757
0.010897032822787265
0.0035399196427073013
-0.013351527242102632
-0.012596283337345882
-0.016815816314980175
-0.01762291861431608
-0.017530306474919988
-0.01858733542346082
-0.0210786189689141
-0.018379033305873513
-0.01679398124606936
-0.015818649153773207
-0.018250497074938272
-0.018497487530140105
-0.0169249886249483
-0.01869183831916049
-0.014535877057320045
-0.009346768736134568
-0.009626401753876836
-0.00798437461257361
-0.005267259633809444
-0.003114164061556467
-0.0011674846383833138
-0.0036473862663221504
-0.007540333907917602
-0.00680422249163038
-0.010941235212568075
-0.009213661485165899
-0.004852193944010568
-0.01218030764095523
-0.017209412904546514
-1.0
-0.02056685174076381
-0.021818111914256286
-0.022349575702502147
-0.02436666684000746
-1.0
-0.022991569772499804
-0.021727733470035412
-0.021602508644978802
-0.022338386292824766
-0.023666399337034388
-0.023617613952535747
-0.02425220498807675
-0.023797895867185375
-0.024312029863086598
-0.02516950566124589
-0.024956445853831846
-0.026145928342229705
-0.02530007240957609
-0.026119194691886425
-1.0
-0.02156960726923584
-0.02493203133819154
-1.0
-1.0
-0.023598672441925744
-0.022384551191821585
-0.022186636732862884
-0.022391920857447737
-0.0214750502138604
-0.02206275316683475
-0.02133958491038539
-0.022517866207365775
-0.021763281864791272
-0.025034305340274187
-0.022594506464879243
-0.02216431232949875
-0.019500306911116705
-0.021516427497135983
-0.021830543540198807
-0.021393806246641722
-0.017376487203835052
-0.017722005777251484
-0.013270599828814195
-0.01049315363864602
-0.015242106699217875
-0.016305100962356732
-0.015397350890484926
-0.019329480007975092
-0.016588838466175555
-0.01295561751372435
-0.012657281103038508
-0.012714533563755
-0.007023098927331421
-0.010648930114783727
-0.01238442678238365
-0.007080423500173409
-0.01490655633201522
-0.01696658168288707
-1.0
-0.01837885949328821
-0.017002992664694978
-0.015954390044924195
-0.017702563199296275
-0.018230057620852957
-0.018200239896910535
-0.01987714682065823
-0.019956490408043877
-0.019629566949669105
-0.019960319739725278
-0.01918305834641431
-0.022627455814229088
-0.022968182881653882
-0.023139698647201987
-1.0
-1.0
-0.024781227698271163
-0.024886233879945395
-0.02136169357270455
-1.0
-0.024636548154822312
-0.02283807165849498
-0.02259003030178466
-0.02346912534612122
-0.02348720259137067
-1.0
-0.022050003442055315
-0.02254815325699189
-0.02257472341589277
-0.022774386662495594
-0.024777008823041055
-1.0
-1.0
-0.02226948712858542
-0.02247738936220823
-0.024165821284814242
-1.0
-0.022923806028277947
-0.02131831113575036
-1.0
-1.0
-0.02342924670825674
-1.0
-1.0
-1.0
-1.0
-1.0
-1.0
-0.023403642354925206
-0.02324232896793864
-0.024284403827315254
-0.023571982445430843
-0.023391749434896313
-0.02324601740496148
-0.023558626929078366
-0.022285594062245943
-0.022920291828342005
-0.02398588649251814
-0.02351961020066691
-1.0
-1.0
-0.02447299953924139
-0.025120097526676308
-0.023871871370176392
-0.02637331363177901
-1.0
-1.0
-0.022585899900617955
-0.02551624785475233
-0.02367438295468724
-0.023108327237204344
-0.024093159537426752
-0.024854496710451035
-0.024428396529178737
-0.02403363972725236
-0.021801286043466036
-0.024865266304230242
-0.023305365876308538
-0.021512554359406303
-0.021683450668184404
-0.023847440009728382
-0.020569575046845194
-0.01665677186055399
-0.010918310137953361
-0.015691885708986532
-0.01827602973622363
-0.019412848046271323
-0.017260223636579582
-0.01762274964341563
-0.021483351314896953
-0.01937318851185758
-0.018370984411196865
-0.018449504012551098
-0.013395748281331759
-0.013641752115520305
-0.01661061995863011
-0.014636278153075987
-0.011688717226027339
-0.007166798015889737
-0.013605722755557693
-0.013086752513530243
-0.008883315257571673
-0.004267200789052794
-0.009740623691684876
-0.010700729771789194
-0.011359253767864654
-0.010750239340827288
-0.015009119352667076
-0.01489488941084812
-0.013805856473098125
-0.012033262610951716
-0.009579067059557125
-0.01480824785602822
-0.012680496255569518
-0.008817031934532012
-0.0007548752806152392
-0.0002708888344358556
-0.004038679892213229
-0.0007448164471291535
-0.004100311762461855
-0.004643631502935572
-0.000820990812081984
-0.0013894270388875377
-0.00776518170916304
-0.002025596046830001
-0.0026417473462307314
-0.003453524767852973
-0.0031923740675272585
-0.0007768701914793873
0.0006126363083077604
-0.00852163306700878
-0.01108586982637909
-0.010405351553201303
-0.011204441957885896
-0.01353437969402294
-0.01123723890802299
-0.011001398201751892
-0.0069116021160602
-0.008448931094557207
-0.006059146087901427
0.001400677989005099
-0.002450424126682003
-0.002956403239253257
-0.008661786498824304
-0.013118366961418472
-0.018590915559677956
-0.017012970471832436
-0.014706556103405244
-0.018695304995282453
-0.019096674598393912
-0.016952402403031364
-0.015394798947872924
-0.017919852494567106
-0.013927945200087296
-0.007636549259587102
0.006999314429893745
0.005859992337129077
0.0073609204035088496
0.005112412410939041
0.0016274898090791047
0.0018499390415978464
-0.002824968540584912
-0.008348564262396536
-0.008968091226667065
-0.01010037236316454
-0.00905539938048184
-0.006567928016147537
-0.0011983991486186336
0.0072567226568575355
0.009707698516679273
0.00947109854498986
0.010355122053908957
0.01322559827925834
0.015173855131341025
0.013192228418141017
0.011796762222781079
0.0156291195553434
0.014691329642971446
0.01312092354543828
0.018047362913939876
0.014414778282157696
0.01527661228772552
0.011173423479985182
0.015557699440090635
0.010364052300696423
0.008977670701666501
0.008636230392852452
0.009215258554273091
0.007105817927491929
0.0050800138215480435
0.004896810253423888
-0.004302581064771051
-0.008398228865704129
-0.006405469269086632
-0.009249474793511807
-0.003628197269621213
-0.007136551363306177
-0.014237823409551383
-0.013405854389061186
-0.011890138875237242
-0.011744871838210052
-0.011744458571492504
-0.011306476855885986
-0.014004035851508884
-0.010266136809880224
-0.007666358324911712
-0.007003324667623482
-0.006045336072328883
-0.0024840464813381635
-0.004702619351518943
-0.0036416812229651046
-0.008776279459339533
-0.011107510502290493
-0.012204326607207546
-0.01183528456107243
-0.002148336978319277
0.004680123486536369
0.0003191206519635392
-0.002300494230627337
-0.006968737319779784
-0.006535470647765877
-0.008832827904096655
-0.005693278667232897
-0.008698550780974567
-0.015149159949721332
-0.013441915327133964
-0.011297386079080183
-0.006876089394388531
-0.007024707885395736
-0.007106624580756986
-0.007389561318035138
0.0017007519654373042
0.0015048316745120563
-0.0035507353721976453
-0.0066265220082363475
-0.010072741109239083
-0.010818510562985238
-0.008151297022322902
-0.010362943610249774
-0.013821821568649308
-0.013421542385763516
-0.011901277990045325
-0.016020966462892926
-0.0184959069612336
-0.01703100824748216
-0.015717165282684974
-0.014889341561637006
-0.019374362286622197
-0.014700074529409187
-0.01464707673302096
-0.01171161701527535
-0.012282379066889655
-0.015231296792439957
-0.01776925893563423
-0.019036055945677838
-0.016929284899689354
-0.018372185819843314
-0.018715390436920307
-0.015763637498576018
-0.015220461430605636
-0.017710806071608503
-0.01879582052454536
-0.015049682403592002
-0.017351608039892125
-0.016874301129373204
-0.01832672416503036
-0.017722302977375547
-0.018109316878238173
-0.016667750185931616
-0.015611596018910818
-0.017832099857478557
-0.017395111203741733
-0.017278364855755204
-0.01955692470931236
-0.015845078882986377
-0.015944836568393905
-0.016390759725532316
-0.018215250928285354
-0.013883766062652406
-0.01487817979244429
-0.01773003269462495
-0.01726923782660307
-0.018021104896432362
-0.018026333398461818
-0.013423252166341139
-0.016054445197586316
-0.014451151089569472
-0.017135573485398962
-0.019788103777173938
-0.01702166016996964
-0.0165653467340745
-0.015840426161856127
-0.014917866307768155
-0.011978571300047907
-0.015560607985841314
-0.0126126890334182
-0.01593876561294515
-0.015857785924541387
-0.01591629208434749
-0.019896428158712863
-0.016675489115422135
-0.016762842711651522
-0.017471762718207516
-0.01920343394741611
-0.01608412984233822
-0.01564545053803944
-0.00841215873188525
-0.010834753904535192
-0.011416983704326531
-0.010360848174238605
0.0013602565738608102
0.0061448186994780335
0.0069574931788865734
0.005878866007078635
-1.0
0.014199864975746141
0.015719941142631158
0.016758256843545715
0.016744645853845185
0.016589373499372017
0.01857999645957695
0.019252362758643556
0.013850305341433932
0.014105037532611579
0.014684243417866722
0.014716687794402307
0.015448005693708685
0.015841408575312015
0.010585116756745467
0.011278589904812815
0.011259968432337782
0.009459992778163926
0.016737511526235434
0.013571600686415452
0.015151689762513219
0.013704038224524935
0.015153792108113864
0.016468213113806973
0.00877126531084216
0.006575432516719466
0.0054213890983310755
0.006509516928329785
0.005912187481726526
0.007238551787250563
0.01134402763855858
0.010882516693592487
0.014961137622249628
0.018074543674949067
0.017905024743513197
0.007210900769617991
-0.0050148000421410925
-0.011130465445119968
-0.0103061668714706
-0.00963381839185617
-0.0051723531037324525
-0.00563158808087941
-0.00445152266209781
-0.0036802642699661683
-0.003284027044892202
-0.002436839148524578
-0.0005857564061391206
-0.0023751305961521012
-0.0015575392757224997
-0.0033279759065670553
-0.000987574979968674
0.0019044634620895182
-0.006544563487006155
-0.007034370417092109
-0.01391336779848939
-0.017393361633460492
-0.01580816757879121
-0.016806855143419397
-0.01663314171995627
-0.018793750518405854
-0.017366500441521663
-0.016232075657168638
-0.01314241416747351
-0.015877656612303753
-1.0
-0.01660932708215091
-0.014579415279130481
-0.016299293546752205
-0.011237420370908401
-0.015013480439239614
-0.011663292925439278
-0.0072321785835892695
-0.014144042735801983
-0.01839501013110873
-0.01935595157982304
-0.01717005238305722
-0.015042738655251657
-0.01821146627403775
-0.016315971589427162
-0.014675952549384811
-0.016014215587877304
-0.015906223804558875
-0.016166750136913953
-0.01725633956809735
-0.013371706633618924
-0.009777400829353003
-0.016173069641575038
-0.01666591457419561
-0.017493183345817443
-0.017991178537588737
-0.016163164241233933
-0.01753306877584472
-0.019938578090216385
-0.015207318669178772
-1.0
-0.01669769722238342
-0.010014746364469565
-0.009089917909615932
-0.008800711519081251
-0.013504176185403161
-0.013329435839264646
-0.013971160995810528
-0.012505957995270002
-0.011130414055813723
-0.0095744855102546
-0.007774541652423126
-0.004709802505834966
-0.005746769386450767
-0.008899928999897356
-0.009647703771202859
-0.010069155083445091
-0.012562174043896847
-0.011954137367693716
-0.012067777133885875
-0.014334903996537638
-0.011654360744153287
-0.011484066926315517
-0.015914660305050423
-0.0123134072659263
-0.011685461557206117
-0.009954686287390817
-0.007470658499658823
-0.004624916481139185
-0.008145686926642255
-0.011903372757377339
-0.008291830926146042
-0.010214819903551043
-0.013082377815621458
-0.015412756403383656
-0.015656591756461318
-0.015044655245559304
-0.018456468249212155
-0.016510615671145038
-0.014574906006546554
-0.01299775388292356
-0.014275766702444657
-0.017380298685756447
-0.020049542670573937
-0.012897947141978576
-0.014795402005262718
-0.012574405875127039
-0.011310448122879645
-0.008189249591264543
-0.003893748799813652
-0.0019065597458965053
-0.009140570792477994
-0.006249733201380562
-0.005015412340912102
-0.004886892687126478
-0.0034231551189762475
-0.0012444478194102292
-0.0056268893609434665
-0.0062981476188662035
-0.005048216885122229
-0.0025449472359909586
-0.004604018087593176
-0.014675417611091628
-0.01201982455346881
-0.011841943492630094
-0.010611848973959281
-0.011847730698372524
-0.015826615200150516
-0.013541110981293084
-0.01690588425703358
-0.020054909120256852
-0.018258194115492413
-0.01957223266884534
-0.019783840150019622
-0.019076890781528664
-0.01895662350773143
-0.020226366522518927
-0.018655479968665928
-0.020280026614835557
-0.01925692437279036
-0.020135231808806022
-0.020667311678051272
-0.02114102956583475
-0.020508400199133775
-0.013249907462224824
-0.0023427860267559455
0.0038624404432716394
0.0041446642218649216
0.009459081685718008
0.00425231397904625
0.0030210775223241254
0.009058118090781789
0.0021150146902258436
-0.004033945643689754
-0.007164222234049802
-0.003436428104264509
-0.002674474858869262
-0.0016183760012555902
-0.005282651209929568
-0.0024201954171038415
-0.005846777343566885
-0.006496798631516983
-0.012979029454559204
-0.020753409504332066
-0.022235473753215745
-1.0
-0.026371371327638428
-0.025881229542561977
-0.0246662978174867
-0.027386292045147236
-0.026510650675502186
-0.026648545200221935
-0.024518721920902087
-0.027652774977183225
-0.028569563188472633
-0.024899066438777973
-0.029420355495739528
-0.02771825142357839
-0.029631833028073366
-0.025854193576569283
-0.0286011559557578
-0.024660196459187465
-0.026667869527857116
-0.02890946410936747
-0.027666453180246065
-0.026735400941181296
-0.02752485318805846
-0.02807638132484757
-0.025732940685712403
-0.026497082008970482
-0.025020485727820174
-0.026553734608199816
-0.026156305595210393
-0.025661952071658018
-0.026100729922361184
-0.025881780516541168
-0.025822009490622612
-0.02460808666400563
-1.0
-1.0
-0.02583605903870836
-0.02603957475272648
-0.02373128569633312
-0.022338623898517894
-0.024369506695653166
-0.02488820611854449
-0.024207882646166492
-0.02444503837292948
-0.026258897865871978
-0.02457706572236954
-0.023233149963226934
-0.02636775684088866
-0.024049945745239977
-0.024585041912886005
-0.02613075392716422
-0.02663264490360665
-0.023358548445615097
-0.02388274847676596
-0.023749051272958562
-0.02448634123563795
-0.0260736334781287
-0.026182019608625557
-1.0
-0.023007129571115666
-0.024193882126412103
-0.02413142996864095
-0.02332597883415495
-0.023693103440360342
-0.024788652488018294
-1.0
-0.024283578630511823
-0.024758257561954596
-0.023409880830326725
-1.0
-0.02596501265882772
-0.025950643540789343
-0.022078027103875044
-1.0
-0.024624107983202984
-0.02418792808464501
-0.023860058738678833
-0.02463071663596176
-0.022870865356125137
-0.02196950358808436
-0.020077780982793437
-0.01872627051730622
-0.017677278093973493
-0.018225851490441734
-0.010242216980119408
-0.009340653263738055
-0.014084295907341905
-0.014501737341483285
-0.015509371444482126
-0.014687083596681343
-0.01629283325312523
-0.012932898479313303
-0.014196002919097315
-0.014780995339852917
-0.008093546602648221
-0.00545145547286507
-0.011155009400173572
-0.009291963366025089
-0.013279116846217744
-0.015860084424991917
-0.015699377722576943
-0.017654488670546052
-0.015017312521599697
-0.016333439165006618
-0.014136541898769662
-0.009572339505831223
-0.006552932718548415
-0.010888904231119342
-0.003440791504358116
-0.009085644104470823
-0.015234624554330964
-0.017242961243592834
-0.018671769492837526
-0.017747063039615027
-0.0182725228590112
-0.01373455606927053
-0.017031953591930524
-0.017331826887053432
-0.013475189609872991
-0.015319554532047511
-1.0
-0.012573757565191435
-0.014713068673821737
-0.015112902092681194
-0.01596389795721247
-0.017252063521385634
-0.015624415654288603
-0.015206122338645198
-0.01325807232718869
-0.012758242508835144
-0.014137689880357157
-0.012645350738702309
-0.010889833496672845
-0.010967599173682384
-0.009670020406922601
-0.006794102786399309
-0.008946885609191357
-0.01527248202552336
-0.011632472661920508
-1.0
-0.01594148555445297
-0.015990301167564884
-0.018921346800828385
-1.0
-0.019297849721634383
-0.018902053184638824
-0.016919949622604635
-0.021979675161215993
-0.019047162154136946
-0.019519969097614255
-0.02009648524927146
-1.0
-1.0
-0.02332577702230073
-1.0
-0.01975632315173172
-1.0
-0.01931364885029994
-0.022837839346003797
-0.02291595110977843
-1.0
-0.020371098198575476
-0.022256285271436776
-1.0
-0.02142362116454621
-0.024359902372094233
-0.02227936613944765
-0.021745874326293622
-1.0
-0.0196769668305913
-0.022774742908724832
-0.022277238119301383
-0.022289804503338184
-0.023729931826238903
-0.02476247352844347
-0.02352543591975543
-0.024531025170714402
-0.022286530029845774
-0.025808077268240366
-0.026182860003789082
-0.02255900040378179
-0.023223304195927167
-0.025562016011977357
-0.024306623584582406
-0.023953453686543204
-0.023415845937273024
-0.02489938270178055
-0.02317726872923552
-0.024629258981810374
-0.023221047774698623
-0.023722296207133196
-0.02215732005709508
-0.02221854057790109
-0.014675551033254889
-0.02156235776716383
-0.024479924117835148
-0.024414781592407134
-0.023952429827330292
-0.02379742048519441
-0.021700006808762683
-0.02481474641926209
-0.0245752817569026
-0.02616325149347867
-0.02474246222078666
-0.022502787821320605
-0.02369508033096181
-0.02332007862472515
-0.022412624782016236
-0.02401540910753675
-0.020325284860915737
-0.022047492921618415
-0.017844211028557516
-0.017397125424667117
-0.020471889348913835
-0.01890509465109124
-0.020768789874955233
-0.013744190503927426
-0.005266241910166955
-0.0007045195636448515
0.0018684287599551265
-0.005063467079596503
-0.0046351556626933925
-0.010809358212696778
-0.004137053206570407
0.0047354401031009605
0.004446951185700978
-9.190636268182879e-06
-0.00260430082276287
-0.0020721918369852902
-0.00412546141713954
0.00016930921086049018
-0.0166392901282078
-0.027438258500994288
-0.026390331900570836
-0.026081524162293656
-0.027247835757918004
-0.02689975913887595
-0.02869883611978836
-0.029351798460974594
-1.0
-1.0
-0.029954455346476665
-0.025680769575252765
-0.028970116263287736
-0.02657688360180195
-0.025321416302514124
-0.027554335087188714
-0.027454352110079322
-0.02488786083465122
-0.028298655674817628
-0.02793945514071143
-0.0262562821996413
-0.02678874046914701
-1.0
-0.025806841348627457
-0.027294608512248197
-1.0
-0.023291310488790996
-0.027539868978823344
-0.028674773731083347
-0.025381358224672412
-0.024563493388367476
-0.022041783607381172
-0.023608540047968227
-1.0
-0.026098792806783944
-0.026397336249967065
-1.0
-0.025152975044061974
-0.025859203226985962
-0.02430848059101264
-0.026201215694125334
-0.027477343774554876
-0.026619722712326464
-0.02450632489168806
-0.025760430593933233
-0.02661632330736502
-1.0
-0.025101903898311427
-0.024876374999794303
-0.026938922029639798
-0.025328144379318716
-0.02616166794196899
-0.025028348750913726
-0.02457608632456551
-0.02334867728296628
-0.02733589296146302
-0.026561969536596772
-0.025927930119195895
-0.024953949979023515
-0.027649375206445795
-0.023494800120744834
-0.02539513405898984
-0.026852702214513587
-0.02506945676920844
-1.0
-1.0
-0.02557455318781994
-0.026553455035924767
-0.025812049029652756
-0.025001682807326713
-0.02700382384655723
-0.024431909504485975
-0.026008158896336325
-0.02621343018997029
-1.0
-0.026357416892458446
-1.0
-0.023378310859415493
-0.024327400083571562
-0.026122193675305997
-0.026527541803170265
-0.02765881118323163
-0.02777503930840329
-0.027932018571556784
-1.0
-0.024665014613148538
-0.02643892772325366
-0.02751116561493651
-0.024770699471094868
-0.02524833640478653
-0.026184931476150402
-0.025789366177549993
-0.027214733694504386
-1.0
-0.026475056894154584
-0.026649614820655275
-0.02421901779208171
-0.025727489802618915
-0.02693982019123198
-0.026342790983139155
-0.027533816186993933
-1.0
-0.027061185443683876
-0.02641944812370989
-0.02478777726838167
-0.023455694493835253
-0.02582698658370836
-0.026664197395870618
-0.02747969890949151
-0.026769042468461835
-0.02341325898411473
-0.026828310387117794
-0.024870356918428368
-0.025821071237888408
-0.023844215554707157
-0.022577348197279298
-0.02649522204677755
-0.021938257644901326
-0.025011609140877637
-0.023692915593849027
-0.023893132693566434
-0.024428732615352566
-0.023066204087526722
-0.02305461016272438
-0.02034968197263186
-0.025066800147845444
-1.0
-1.0
-0.020355882179557416
-0.02001701539878155
-0.019408933160410587
-0.01987888677630763
-0.01780831521166286
-0.0180215883017978
-0.01569338237045511
-0.020473817405790514
-0.017438149841624576
-0.01476124323558115
-0.013605600481131484
-0.015503589483696787
-0.02017388915367522
-0.019376016170745632
-0.018586135184795006
-0.02093026611725222
-0.021193082588213046
-0.01992052175634034
-0.02232328032818915
-0.02025656766834387
-0.020698461457491147
-0.02275678483447877
-0.02240500456674518
-0.02403334581487814
-0.022801226393687077
-0.022340346413521818
-0.024121964079930242
-0.023335655137007933
-0.026528804359210366
-0.02690289669998927
-0.028756830613066164
-0.027710851645595287
-0.02652852602534695
-0.02808457610376539
-0.026868961132952274
-0.0258368637181274
-0.02691880375761139
-0.025061134873256254
-0.025574482949835574
-0.02096556135396033
-0.020084297176821565
-0.021073853833427244
-0.020414988488948578
-0.018549422871149232
-0.00856053750731913
0.016913987244937388
0.0199116462304401
0.020149990111373084
0.016536947549521064
0.016575921008536023
0.01131177417207161
0.013041830059022541
0.019652206211884172
0.02028401150034204
0.020691446056492747
0.02418282899459556
0.025658334232967175
0.023954181398502403
0.022809576413847243
0.02704118194915275
0.025243555508869673
0.027062792274550208
0.027617737981330086
0.02645017025024239
0.02490783095366685
0.023480971884115433
0.023704389597150842
0.018943357747088933
0.02235197438973831
0.024027387113312496
0.023669115770033975
0.022086818783776205
0.020915115074641125
0.022288478609816833
0.023482708812492273
0.022584153656587832
0.02410057215965796
0.02350409030085966
0.02216299882268254
0.023372198730456106
0.020798540333589747
0.02268517619996119
0.024065985855327807
0.021634154663849096
0.017686239250537524
0.019289186418345077
0.017995294289171116
0.022682601236554637
0.023860178439462417
0.0205952642798268
0.020758691256326706
0.019816668253652147
0.023541485609268623
0.0244419602236159
0.024836258799772123
0.023265419439913584
0.022780697554544652
0.01885515237323922
0.02162906842505107
0.022714654755957107
0.018907558902468865
0.01458853738486955
0.013727575155306886
0.010370260270218399
0.010073169244908538
0.013596070026801528
0.011245707872173856
0.010058357055507013
0.00993411874180844
0.012563951065469547
0.01456817934959211
0.020006348340734087
0.014957698737940417
0.02117547413486465
0.019736200554794914
0.02188677169707954
0.02063802220603462
0.02103237181057793
0.020962809147571575
0.021947516002113043
0.019228942219976574
0.022445918099032593
0.019149360750973638
0.021806684979557022
0.021821227535054003
0.02176403769852798
0.022744687421161595
0.022191839441967558
0.021493212093161313
0.020399133607658684
0.01800591845192416
0.014043803286106231
0.013606684289385752
0.014786603411838248
0.019153424085217797
0.02059197448799205
0.021652591615709028
0.02122020813648908
0.020116975520687166
0.018751489611532154
0.020616374971189046
0.02138736403513843
0.022816549710788836
0.023304643910745514
0.026391913660209147
0.023461926042810905
0.019124010759588497
0.011783653714704561
0.009415188796560532
0.01011757247884636
0.009376920926954193
0.014383509575882558
0.014082105669236128
0.01537125444510985
0.022034916210689526
0.02273739301387612
0.02074322359660943
0.015982750710763695
0.0162536138889229
0.017238987807974556
0.014555199643909639
0.01196781146991554
0.013511255290412378
0.014565586415280775
0.015386151289929116
0.012474370031116703
0.011859106608766603
0.01184371511148343
0.013811959667169318
0.020770397245789475
0.021704350623396405
0.019680012142790207
0.020933522914292308
0.02110127727928107
0.018701098934784693
0.020295196532656528
0.020951426728387658
0.020648139339332756
0.022146893257906714
0.020505239067617396
0.019444814290264345
0.022104826331043867
0.02141848632456857
0.017943032624964713
0.014721017188733993
0.011729450068466027
0.013542128722072564
0.015038603957608088
0.011134252655379708
0.006980125684775624
0.006996726905570057
0.007944101199563854
0.007246684138883592
0.009451867149264673
0.012107275730327192
0.01489817104916622
0.016025383183762905
0.014811902520640673
0.014242774556713826
0.014402064395229444
0.014688041576233992
0.014400066621154476
0.017861019874041782
0.009267249783238429
0.009444412142671216
0.00771810962642951
0.010253207322900502
0.006991565842921263
0.006646423406550081
0.004389197737961972
0.00441940039751582
0.0042990472064843915
0.003539585455606572
0.0028675891923356685
0.003519985478736125
0.004274975207408148
0.007486188312931075
0.01036089202483736
0.008581659846482166
0.013494085560655976
0.009456329719936936
0.006954628706356428
0.0019465644786281486
0.005636553077219045
0.005119537955615072
0.007918291062257894
0.009305387095110482
0.009889885738834118
0.010693370072363916
0.010642684964033743
0.00934226539926857
0.0077677790345452675
0.0076189704357285636
0.00818525314053582
0.010125804337792015
0.010621058037024724
0.01419792001824518
0.018698661553699387
0.02245236080311773
0.02148362581960266
0.022249413573398793
0.02430067104849341
0.018152883231179136
0.01811855491316553
0.025161282568633744
0.026064903030386208
0.02631833336857445
0.027018491791922887
0.027588092112355352
0.024974122954342516
0.024209153811323544
0.02334331059881946
0.022508363948904393
0.019655752117273096
0.017529895108378598
0.014244823972619246
0.015456031772905094
0.021180586640891647
0.01822397829838281
0.01698621092537757
0.018834067554986747
0.02194664396128692
0.026115820248440585
0.027076281762926306
0.026153499598724213
0.026699940917632937
0.02789292208957959
0.02619165545883361
0.021008625487550173
0.019820365809034367
0.012722340313932668
0.015170162302328375
0.016231594372455374
0.014464119703311634
0.016472081006068465
0.017654785321279207
0.01950163371104467
0.01885373608875885
0.011822285094068241
0.007866479655616255
9.40759145429032e-05
-0.0006677832770182132
-0.0004937295130325768
0.0026231281967464696
0.009043060811847076
0.013540248637537236
0.009399145541701596
0.006800704909285184
0.005431535795174007
0.0013864932075857183
-0.002731005066522302
-0.005805519655549166
-0.009602158328721721
-0.007846171095602572
-0.004247964932231061
-0.004907064276678514
-0.007229909916989468
-0.010693312495821335
-0.012910631209487239
-0.01017717435815657
-0.011883156902101625
-0.008200514699351647
-0.005217797332552153
-0.011429825847421094
-0.008618113176110356
-0.0033685622606303535
0.007278134753148529
0.011395835238655028
0.013957431854085713
0.013439218028192652
0.0069987957086041636
0.008024014918059513
0.007829460403434524
0.006623619222001757
0.00988644769695735
0.006570770253658162
-0.0038915457289004658
-0.005928264080498481
-0.009221358403319302
-0.007063501928541531
-0.00614437168837868
-0.010481704766665214
-0.015269103715073878
-0.01659441703528975
-0.012649080391639677
-0.010727807124720483
-0.011923093950536303
-0.013188446605748784
-0.015578578202536969
-0.02275953186446879
-0.023430955784682312
-0.02506338229999062
-0.023281300734725174
-0.023173155178958665
-0.023249414106882128
-0.02468453356795284
-0.024216846852493
-0.026544567286375987
-0.025431250402578785
-0.02705306144159816
-0.027164205893923925
-0.025312264035696107
-0.02930733556945229
-0.02706798389779846
-0.02485699754758513
-0.02184849382235413
-1.0
-0.02296705448504652
-0.021013513106888666
-0.015218972919153372
-0.008198714370691586
-0.0055094255672405385
-0.004045758653665904
-0.011906011090528506
-0.016639709101073315
-0.015227861198613975
-0.01581292167449074
-0.011628658468573663
-0.020674329077936468
-0.0247118713527027
-0.023778110066395776
-0.02675983374453661
-0.027217255288274896
-0.027228645163016665
-0.029760219479740255
-0.029646334144600852
-0.02871101840578456
-0.02817316010154074
-0.02670452838492198
-0.02712542670259073
-0.029532827208662824
-0.02716950170513922
-0.02750796409483384
-0.026700237837745215
-0.026194860848714856
-0.026190448944338602
-0.024721589764992998
-0.027749983295086017
-0.026291641339486936
-0.024921322908604448
-0.025554134176113047
-0.02660096013834841
-0.02381280165760691
-0.016914767968594313
-0.01795187841397542
-0.010705891828401605
-0.010859062212127223
-0.009592778116076294
-0.00990069132500827
-0.002233724187023812
0.0057929696374208325
0.0165459052419579
0.01996584944579527
0.019390685013330064
0.017429705237297647
0.016435585594623922
0.013709440889998706
0.014777711387761147
0.015055010346782355
0.011606190137482264
0.010555557328989494
0.007766848226117644
0.005412588401784832
0.007548353762663383
0.006645295232786366
0.008810616320689005
0.011365749647828284
0.007651089097366904
0.0007686996047150195
0.004166736973081844
0.008395945319028923
0.014824765087369258
0.003685875585680569
0.0030191024736011826
0.002060783645045269
0.0008230778106604628
0.006929706287575791
0.008222512140765451
0.0009178842154628274
0.0032987326980712405
0.0012908228847918583
-0.0013970136171209354
0.005043828215277689
0.0032109796329101723
0.002386330034669649
0.008986810386962509
0.006457643439029691
0.004704257657961818
0.005291676303919955
0.010797905106918766
0.011256207375066168
0.01251881192544154
0.015618257979520954
0.014603073303019744
0.013481073538598407
0.015503681322021498
0.008360892773514442
0.009015575051752716
0.009772206017363876
0.00929377149216314
0.015228084816946772
3.7205032390762985e-05
-0.013148105994465281
-0.016034533505166846
-0.016098945534910196
-0.019054122104980576
-0.02273041923688248
-0.02454197322479764
-0.0208356521840489
-0.02413215153910959
-0.024999921169151673
-0.02442946813064368
-0.023868346725387783
-0.023359144555436567
-0.0260983849095966
-0.023316409857833162
-0.020230826532776747
-0.021672822461208566
-0.020008312359929583
-1.0
-0.018221810912484208
-0.019399931767280193
-0.02034611434597038
-0.020759474221404287
-0.01157564602795455
0.0018675738922097594
0.0012115272923344826
-0.0016897040247975973
-0.006283024098211427
-0.01524675078160735
-0.01857042525499409
-0.00931445683532221
-0.0076993479788646756
-0.008601530057844003
-0.012491666879547138
-0.014557021064827404
-0.0184525387529578
-0.01967378475053534
-0.01873026613368805
-0.01970667466158151
-0.014814592825526381
-0.012965987201593488
-0.011093808878491273
-0.01511702614488622
-0.01209635041492335
-0.0077285483335935235
0.001102153677046709
0.012059971445633953
0.002315196996632886
0.0016240946543665774
0.01092084467642684
0.012205106890695844
0.013805244300580532
0.01014901072380795
0.008594016978941394
0.006621175900794575
0.007208840928566845
0.00758761678726329
0.006506833190624225
0.008919423559270124
0.011964424428165506
0.00981850184335201
0.008944933510355935
0.010337584745424754
0.011186927941179996
0.01474173393077074
0.018968433398995333
0.016046611114520912
0.01780191040560043
0.014662136030911564
0.015179818579601522
0.008067994124032958
0.0028964282885237417
-0.008520687476717708
-0.012377850138777922
-0.014644806523132131
-0.01613459832737248
-0.014586674615856337
-0.012812440003984571
-0.004599953198066371
0.01467947808772323
0.01873628542297363
0.01970806622777182
0.022775326491428334
0.023584158996200342
0.019892905778862675
0.018810009285574948
0.01677875846938791
0.01574851132867188
0.016376894087560007
0.01553578916747188
0.014228081863394849
0.00968697774429974
0.0032826637691706307
-0.0032411555049623444
-0.006593715839111532
-0.01263807736042646
-0.012436984748266232
-0.007500633262128256
-0.0009952215029302158
-0.0002580681261757791
-0.007426708367471597
-0.01069050596443481
-0.010435913052329401
-0.012944335456843458
-0.010902889900853899
-0.007981076685482567
-0.009714132886642572
-0.011527164983692087
-0.013908523827969121
-0.01706149403116943
-0.017711694287040357
-0.02009299454564612
-0.018499998272496997
-0.01626307928202239
-0.01839795079731082
-0.020304197464612463
-0.017350309246916756
-0.016239980079465578
-0.018633068053805633
-0.01996895106588438
-0.01869670788105248
-0.018302937273297057
-0.017546779156362404
-0.018352581860201646
-0.014794819743398507
-0.016007518916463643
-0.010991732609938668
-0.014702516939759689
-0.006106005188926881
-0.013827918703561969
-0.017747634359098086
-0.01521638469865534
-0.013904754770469888
-0.016140247976008926
-0.016585174912535833
-0.017385547566071424
-0.013147250437163369
-0.013097348787868897
-0.01131425232534256
-0.013219822548585499
-0.016831516991626876
-0.015642676442710748
-0.013532669607375026
-0.016847641210633646
-0.015058784846389773
-0.017479371938505118
-0.01414468684252313
-0.012975326398775404
-0.0066247529204582255
-0.007703985019989556
-0.009934279745600537
-0.01224093273551036
-0.010633262186300564
-0.014009923949960318
-0.010679883552720587
-0.005714009045396373
0.0011440482477934218
0.0030938896640710254
0.007171197838678756
0.011152931832280243
0.0085882035931924
0.007159171726561234
0.004268572873724598
-0.004860804326459179
0.0002488487279873057
0.002563575056993539
0.004345598036363091
0.0032391222566892615
0.001906985989822951
0.0031032098118909347
0.0009636342441928701
-0.0001563481742638216
-0.0011211987845394596
-0.001231429244506422
0.0032065007509475252
0.009256541438199279
0.008806552089289444
0.008390039675794126
0.0054674792897842
0.004911850920454105
0.006017281214608063
0.004651695486332999
0.006427361013063031
0.007315494759149052
0.011053776044228318
0.010673153221466811
0.009678104494741413
0.011033281638535359
0.014980931661714362
0.015911502266780297
0.012846176007522027
0.01182606804619709
0.0074557401346790455
0.007492225021359638
0.015316011003007163
0.01685802844833557
0.017933452414586756
0.01941836785960057
0.017264819998688393
0.018929912019683852
0.020329094131165727
0.023946613074560318
0.023000732518593425
0.020613347499091942
0.01974173704076303
0.024877440093174163
0.023145975304052952
0.017280548746868754
0.01835382324106555
0.0205744330165442
0.019287553049395917
0.01873226735756454
0.0166621687634184
0.011983786011326599
0.006789979003514109
0.008321406634800237
0.009035190635383654
0.016904085869848158
0.01344008856868354
0.012113539385068404
0.0140577923374103
0.008293886333567403
0.005559977033014608
0.0036750005091447198
-0.0003437430535191362
-0.011770417953046291
-0.014034753336998045
-0.009597948997284791
-0.0054787067767196425
0.0018484548019163062
0.003126362403995303
-0.0025808926365903126
-0.005830337279822984
-0.0036347967076492973
-0.0035500872740712387
-0.007242941929988336
-0.010369587442495096
-0.008535148737849965
-0.009683992128003385
-0.012598176041493022
-0.013172459047409298
-0.012443769163065598
-0.015009417830300574
-0.010727699630853849
-0.01186453503909753
-0.013745780852755829
-0.015301084735930413
-0.014754299560166533
-0.012614536561012381
-0.016663331168161426
-0.019137763101902936
-0.022309440893682645
-0.022674606586476374
-0.017920775830771125
-0.021808059287641592
-0.023438450512006596
-0.02260098764581741
-0.026074519258858085
-0.024894330156426486
-0.0252256834012096
-0.026443285358724915
-0.023867741091084495
-0.028454945663116217
-0.027695897675734285
-0.028061852529582796
-0.029972781092368856
-0.030060186115171555
-0.03335920269364235
-1.0
-0.030421561304807648
-0.03133486773943803
-0.03330726593360741
-0.029501779597875623
-0.028694682872723882
-0.026751395725003072
-0.026130759860311537
-0.025710780626896756
-0.028717824491951167
-0.02813515291921379
-0.02364711766566593
-0.018646378598691317
-0.020484812524976075
-0.021958083455501255
-0.02559468610974626
-0.024591556571686064
-0.022823269566117202
-0.022384117527522666
-0.025143281049955783
-0.02304352155471888
-0.02443094420000798
-0.01990270750722709
-0.020467168279671235
-0.022772369229483454
-0.022816661263840535
-0.022271746057791825
-0.024318826163264397
-0.024416965154874896
-0.02105998832930324
-0.01997905086183159
-0.01808400599596102
-0.01932932151810491
-0.019244916035392932
-0.022968381496860972
-0.01993148442953486
-0.019463646752687594
-0.018743963563835977
-0.012610393272962192
-0.004957773918458587
-0.007060102529785516
-0.005164890335925637
0.00702494694789599
0.006123067597837981
-0.00012080284028159615
0.0034163509072795777
0.010677761239851213
0.015387724104827284
0.01105653107092805
0.006535331469350501
0.0011907407784272936
-0.0015981684616521335
-0.0003885171266215104
0.0029507744495407403
0.0025078064331713694
0.004991695576747166
0.010390204732618428
0.012427948827172493
0.01153615050777034
0.016813431191051508
0.01609334628958585
0.012896656556909969
0.017365112507892775
0.02000601472238971
0.02326090163685514
0.025576414217610855
0.022612914973885557
0.01715670095827773
0.01908125998108856
0.020466752830069997
0.019024024411580704
0.02150514926049369
0.0241975263932962
0.02187360306367865
0.020526717083407944
0.018206062437855414
0.01997325674967967
0.02292308905322243
0.019599083298459663
0.022790220694573492
0.020925085698094023
0.024577979502888835
0.0208510924324674
0.019928650220908457
0.019979583967960342
0.02045971930276386
0.021207274203365347
0.02159707898799899
0.024779325942826013
0.020691264691109466
0.02043164550835992
0.021717728546940235
0.022788342696724702
0.019691939525885792
0.02523721040788723
0.023620939206138863
0.02429185911812227
0.025526179546626105
0.026569580325333943
0.025146243219962
0.02524751160507532
0.023233959223089632
0.024058262809669963
0.023453685310610133
0.022189341441304165
0.01800774502461522
0.021643066545573856
0.023371159058495287
0.027192869954586203
0.02580772677765271
0.028513453592105047
0.02650016507098071
0.025668970655595473
0.0245427360847262
0.027571817942105423
0.028059994371731112
0.022031617753122776
0.02289758137102136
0.02231098538160358
0.020768784315413145
0.017894309818300543
0.016906234359119646
0.017609681895833167
0.017433630151210543
0.015997813752610685
0.019562503688610355
0.017249184475644
0.019343768337667686
0.02081716455425234
0.01892535110768453
0.015978536232230178
0.016847780864623338
0.006645753496089269
0.008093677947453685
0.010311741372030666
0.010645722207446215
0.01426793597930258
0.02058519969151263
0.019151786463674592
0.017248614336083712
0.015765521514066082
0.01569086129015799
0.009457398260874224
0.012365771309424654
-0.004282035984967854
-0.010566337621051164
-0.01498181547181397
-0.009903835072554289
-0.0047977491421992684
-0.003997868878035681
-0.0067026221463612114
-0.004399793707205998
-0.0002424494985188015
-0.006870767634364309
-0.013679012707579891
-0.016448612763481415
-0.015494301703167413
-0.020543004431557845
-0.018164873737376405
-0.02002415966767295
-0.01605227471402453
-0.01776598355769514
-0.016685102889337864
-0.019024646378541007
-0.01829313979048333
-0.015235792074856307
-0.010861231227881298
-0.011237615494768944
-0.014104067535011729
-0.016573428971026448
-0.019555891803979885
-1.0
-1.0
-0.020157863236355107
-0.01677469987219517
-0.014681809827239236
-0.008819527188814626
-0.013712958394627167
-0.016533796776036495
-0.01727466090097576
-0.019069434535167056
-0.01549996572478974
-0.017101124427309645
-0.0182875952246187
-0.01598630243929712
-0.00828797314385247
-0.010036510059174216
-0.005698202781313334
0.0022835748206520953
0.0038559194531996885
-0.0010641354533891486
-0.0016952478425082045
0.002115042186423155
0.0021319291509027277
0.0035071412303705144
0.0020689208661388765
0.003039721166206598
0.005371739634883652
0.0017413540262986031
-0.00211999510968309
-0.0028066184755528405
-3.496519350004872e-05
-0.0013833001369725213
-0.0009850816024391691
-0.0011500011412700897
0.005710591870204722
0.011508121458518003
0.013470468435622393
0.011583534531554859
0.011405360744104132
0.010367660378865003
0.01184210546609708
0.009514265972956104
0.011579164718678758
0.008447274010046881
0.011881657719353783
0.010114101108217288
0.009482834306657707
0.013027330325303366
0.009472306384273196
0.01035042231856279
0.008738284036852433
0.0017382615921579406
-0.003391600301975615
-0.007968696467900018
-0.01223037033073557
-0.010230116989329753
-0.01459179798022682
-0.01831054936041424
-0.019430423727450442
-0.02369538819972391
-0.022232965076329228
-0.02193504221195176
-0.02459141646516163
-0.021825743298318313
-0.02209282597194891
-0.022756515747844437
-0.022798964000011832
-0.024790595898748297
-0.0216052314765409
-0.02371368349576195
-0.023527185624409603
-0.022403904832520506
-0.023379457463065367
-0.023346154246921227
-0.021595876081805618
-0.0245765972826342
-0.021901164796145293
-0.01896215466246749
-0.012318087722820751
-0.012896084301252097
-0.007610359812456626
-0.002756676747244978
0.00977786605680943
0.009162072418575603
0.01273041907946475
0.011785428213338481
0.017904292365654103
0.020584979347652355
0.016333188148624996
0.014934412825635823
0.01349127739235752
0.014917665083829128
0.013735855903955627
0.013103045921184667
0.012574848581459764
0.010698477467313545
0.010587942456684379
0.012101046785762803
0.013243796018151158
0.013775616908051177
0.013879271777853778
0.01375070479587273
0.02128352211288888
0.020150387463440684
0.02470209012000001
0.023679633044182278
0.024595256061717113
0.026191168762560137
0.022703065537972144
0.02241341287865426
0.02277939671437347
0.024758187051917676
0.02254962117988457
0.021002251949675223
0.021722495942961696
0.02011141734260435
0.023201866011758006
0.022753201107498348
0.0208985150047343
0.023196313284803368
0.02497090670519759
0.022827019050636183
0.0212862989528322
-1.0
0.020182838153376414
0.02127520429317329
0.021911580452949338
0.02160410337420311
0.02171890708791041
0.02177109361077643
0.02401229658678692
0.026291283829534363
0.025247735182406927
0.026231776160952753
0.022057958968743074
0.02287876703138221
0.02027803034080571
0.023771037286888782
0.02288520294488918
0.024837476845855307
0.022604618089562736
0.019140647671790387
0.023742838166772834
0.020224698783457094
0.02251243374798972
0.02096493897058389
0.016181280950230675
0.017064779303729714
0.0156793264656808
0.017469386596499166
0.016276636851839745
0.01634983773292091
0.01780888323274443
0.018016689783997404
0.01385774393642868
0.01331911958649527
0.014760748511613315
0.013070497706733065
0.013894304150620039
0.015189205516678466
0.019864793793999722
0.02024370732969554
0.023231430234054443
0.02426783779239728
0.026675408582136465
0.026126176790479332
0.026889150465228568
0.02323459978176482
0.024555959870239435
0.023559331820226986
0.019135976095775664
0.020137589261474808
0.0229798560308026
0.021763752534485727
0.023227746033320767
0.02537577731648422
0.02279592391873518
0.02475799905574736
0.02244603106371938
0.022520984166713255
0.023798602895513506
0.021887137511248256
0.022418022701882364
0.022347679332113533
0.024540289600604212
0.021913558013711133
0.02096590050703972
0.018760681439902855
0.020144561648220247
0.01977835836236936
0.021633988011272934
0.021753591980681334
0.02396709300171592
0.02052639014650542
0.014020344997215575
0.01239799652510417
0.011271820373964351
0.012799387965387028
0.018185025135777574
0.0229621291721045
0.019194318316327137
0.01352712387753887
0.014997914694343315
0.014252127638458028
0.014313623524019185
0.00922361024761525
0.009719376067799329
0.015467797190297755
0.014193970248927382
0.009577629817345843
0.01015889230869048
0.009267800971859811
0.006563974456855272
0.006460320947592559
0.01072363871186297
0.01122794928344159
0.014216961618208394
0.008214576225854739
0.007050561298179928
0.003199207447977603
0.007364537728197086
0.013944240301177033
0.0033204593188397797
-0.002255185912225488
-0.005028382675417467
-0.004712885143589115
-0.006643262889740543
-8.425026278717318e-05
0.004335156583440973
0.0036328424372346515
-0.003701001111586083
-0.009351708653464762
-0.011018301776548774
-0.010034523385694584
-0.008545920027672268
-0.007477181245986547
-0.00849931045679065
-0.01001442165096935
-0.013267875410000993
-0.014241547795243075
-0.01510042542479078
-0.013529524041843552
-0.01586583594571038
-0.013102638087909665
-0.015830504434140774
-0.013913546981441467
-0.015535093409617633
-0.014560716187715863
-0.015420613035521677
-0.01242401355362979
-0.009564545348207809
-0.006524767205083065
0.0002974790797578422
-0.0027746333974823395
-0.004366436521998126
-0.005663287803230305
0.002181592136421129
0.012422195039305585
0.021482208749159352
0.024534344421105508
0.018507258709539363
0.01652067510836592
0.017527999288180756
0.01897838204341448
0.008285369730141386
0.003948264805480319
-0.0004465257485602172
-0.0020160207858070612
-0.005103771524766456
-0.009735082543817757
-0.0078013307896245415
-0.008864396885261592
-0.00444445861792317
0.0036922587746205642
0.007186417272381868
0.0008283529977577492
0.001505627026852364
-0.0032064673652623206
-0.002248395492042392
0.003718657318682795
0.007479452709379438
0.006216343074713005
0.008936672622031879
0.012878155691862795
0.015493246851448672
0.01775730353821585
0.013143226498043344
0.005235521340600868
0.0036236022632748547
0.004649254625112156
0.007391591266278171
0.0024111025942103177
-0.007025009316498271
-0.010882305853707822
-0.018639037082105618
-0.019917678730170807
-0.02126106261515237
-0.02222394993612713
-0.025486684751993328
-0.025475819853304146
-0.025206799782992197
-0.027091132365117416
-0.027772262063462998
-0.02817596445010134
-0.02549143907005329
-0.02980796799587881
-0.028926950040087968
-0.02752904774878153
-0.028276345175216672
-0.029035886564230777
-0.02937103457907831
-0.02934680395977039
-0.02896579851890015
-0.028599814229794535
-0.031263979561721986
-0.026802928240766608
-0.029922237126790936
-0.029794666292419517
-0.029605429570408567
-0.028293121017810258
-0.028294122578694656
-0.029732503453594513
-0.03018826250263144
-0.02875314954934631
-0.027859416666816853
-0.029447162874624764
-0.029399136299539653
-0.02709366048739143
-0.03075293306980259
-0.02944625597340588
-0.030675481270159753
-0.028489593147896293
-0.02843369968349452
-0.029800848296041755
-0.026812743204383833
-0.021973450733193928
-0.02599319826512972
-0.024775547145441997
-0.016038638288495635
-0.010217837513980803
-0.007383772591455093
-0.006759590509018674
-0.008409811317216137
-0.008752632098200451
-0.011660690527187512
-0.012748760682223323
-0.011574872645208527
-0.01603806299501456
-0.016317589314003775
-0.013425697164958537
-0.01647655535804244
-0.014270035185783108
-0.008197495379161826
-0.007260965869578748
-0.00474521544808362
-0.0063118731683967505
-0.0013427329996167703
-0.00611102586133467
-0.008213175436655803
-0.008341195369336736
-0.007577685943213966
-0.009270146307470696
-0.008210440546814914
-0.007721665974072738
-0.0025619874604309654
-0.004500755353123926
-0.01247161234182473
-0.01300772881153811
-0.013512708175731587
-0.014273499615042517
-0.011120600650015815
-0.013997123314278324
-0.012063611533192136
-0.013256102043782863
-0.011881846609205177
-0.01160701441552795
-0.01528649349039256
-0.013731839732645397
-0.01881447824361517
-0.01359251424771194
-0.013204341264466556
-0.013994091479066002
-0.012429022374109509
-0.010173536566362532
-0.010944100664796579
-0.011222872224203356
-0.01521512418675679
-0.01398777952267349
-0.01067282439618964
-0.008875645260167339
-0.008033088171039019
-0.006011044030057303
-0.0034729106415474016
-0.004947246698029119
-0.002600737335668044
-0.006287162135379357
-0.005995935995358437
-0.0019058444657164442
-0.0012440639738068055
-0.000417855659352701
1.733455900296832e-05
-0.000122649612633889
-0.00434910215863457
-0.001236140693434312
0.001707739319724895
0.0030068682647624327
0.007286183498666669
0.001596764013073923
0.00019543843740195925
-0.0012883518273085642
-0.004329087659609696
-0.0029610946084347996
-0.0013125553553801517
-0.0014750323519970225
-0.0020211255381407957
-0.0018310918954856632
-0.005760544515940105
-0.0071445735382728364
-0.0037281640655051694
-0.00500594164361254
-0.0142895630546427
-0.016657329458054898
-0.022560406745888256
-0.02477615091237575
-0.022438478892538704
-0.023061106772489886
-0.021399943892387994
-0.01913459006004545
-0.011712741602527327
-0.0066248370873813744
-0.008372546861021927
-0.020976244976036063
-0.024328298929110787
-0.026311854902078016
-0.026011865557656683
-0.024718573080802813
-0.026036410936275376
-0.02389002328822796
-0.02320398155194258
-0.019156724471304544
-0.01315868144780601
-0.012964140705576938
-0.009068410044422314
-0.020391633541606054
-0.0275082774105598
-0.03078797203760962
-0.027782598321963916
-0.030130295028235395
-0.027728544565614955
-0.03282934367596094
-0.028797473665536633
-0.031191467754710097
-0.03019837948701676
-0.02947504903873525
-0.03075063562025412
-0.029951004002450293
-1.0
-0.02844375504033631
-0.030109900661901067
-0.027809577676491518
-0.030520457571381342
-0.027943677429326637
-0.02821627530117669
-0.029551384024957487
-0.028200898045580357
-0.029000115836181374
-0.030182705045119954
-0.029037137512933353
-0.026898792211002644
-0.027318514780062583
-0.028935779412408776
-0.027610832772194047
-0.029707429711898922
-0.02694748240370479
-0.02514893443068739
-1.0
-0.02618720236695788
-0.026869151545739534
-0.02916389660917977
-0.029026851825104776
-0.02712158985432698
-0.027153747814593964
-0.027040644988696242
-0.026390112097430512
-0.026913358680779844
-0.025180456793677593
-0.026325102161034116
-0.02566933398523249
-0.022394866655523014
-0.022629573575642877
-0.021868050733312754
-0.02382489310359973
-0.024786579561796244
-0.02185375808363748
-0.019077475987661355
-0.018965354203611777
-0.01914852229322463
-0.018949623208717646
-0.020243985739603402
-0.018036053808540793
-0.01753725859027462
-0.01676160857138601
-0.017826586507602035
-0.014663042605914754
-0.0140793941956484
-0.007585061264142291
-0.011244494119241178
-0.004484237758957473
-0.003700770296741223
-0.007466678021032851
-0.009352008359645657
-0.012142246272946345
-0.008638793790746467
-0.008274599226407551
-0.008901750756801833
-0.007705779247629062
-0.008700588458548961
-0.008870438274550425
-0.00837840941249103
-0.0066241554547566564
-0.005396198467962532
-0.006204025553728618
-0.006379243787394174
-0.002907749161646391
-0.006639398420992871
-0.011898489245587457
-0.009339037802855735
-0.009420774729180983
-0.009903997598655541
-0.008379642144231913
-0.009891742429340059
-0.0075783989857612305
-0.005473355521338715
-0.005337474988159795
-0.007448771260836038
-0.00838257467675349
-0.006592480989684972
-0.0064451148239490575
-0.010196465153809092
-0.010564282072902349
-0.0070231082659140825
-0.0033948863933870453
-0.008891425949417659
-0.009279904042546227
-0.008048464196962798
-0.010999152882062064
-0.010010530906972317
-0.012592516522680588
-0.012897198636243336
-0.014314046698723654
-0.012691838919402669
-0.012117320306784717
-0.011503723889375879
-0.013371196742165132
-0.013059120001434563
-0.01311888522533095
-0.010376822194199577
-0.010667166644250362
-0.01084086470119312
-0.01037119928071496
-0.012035521102389278
-0.012745373299648635
-0.013799261130744889
-0.014637934500426567
-0.015459012093801957
-0.014629650364302757
-0.015317625989576209
-0.01639494915504762
-0.017333895723096012
-0.016142672719745916
-0.017071097039136278
-0.014521416275118446
-0.014522449124500342
-0.016195575395354274
-0.014690893699283617
-0.015521191303927841
-0.01713598648031228
-0.016668831027267114
-0.016494424590206627
-0.0162870548954811
-0.017015325495797092
-0.015135384573867414
-0.01626230168175973
-0.014127347017956898
-0.015082081933489333
-0.01326496956924553
-0.015234618255980199
-0.014806001539456192
-0.013534576514121597
-0.01014686209834003
-0.0084625741717689
-0.009619479735111526
-0.01227650516824999
-0.01125140056514052
-0.009107770665208122
-0.01147331624107485
-0.011756521799470936
-0.008789416426279848
-0.0054075224308181135
-0.007560637820048651
-0.004938605619915
-0.0036993627671652075
0.0003644178845047592
0.002547476537383308
0.00665278814070709
0.0031918461187158487
-0.004578236925447007
-0.01274959843759516
-0.013172569227830612
-0.01537491064258343
-0.015978511272633188
-0.016035795081939898
-0.017181978424068076
-0.018148860821942194
-0.0159010020797725
-0.01391133029303169
-0.019987842507749046
-0.017106462267602648
-0.017938971461870897
-0.01650767245986608
-0.017149819727380403
-0.01189661562203781
-0.009408153538992119
-0.012577728679123507
-0.009014935327497378
-1.0
-0.01286881726468668
-0.014142466855051914
-0.013717679112607118
-0.012899414276127497
-0.011688052144204647
-0.012887735225598697
-0.0110495087763694
-0.007896522774270904
-0.006644252424556719
-0.009010023278857963
-0.011473877060607953
-0.008598540699092794
-0.008959051865504728
-0.010441650364872955
-0.008393552104322901
-0.009065236490702
-0.011124216213404755
-0.009318623223777057
-0.0036600422655364974
-0.0066810018520525125
-0.008508656155556255
-0.00544355291106696
-0.007301187239153202
-0.009800324622323248
-0.010596107684608409
-0.009485092498245414
-0.006286068039554746
0.00015720005854661336
-0.002604922432673937
-0.0032082628932821964
-0.0037459275198698234
-0.005015525684741874
-0.0076431574552993705
-0.009255217333180396
-0.013568089255450888
-0.013278759129372576
-0.01248764976439001
-0.015035384859040416
-0.012973411279929186
-0.013415649228144621
-0.01271319699771104
-0.012464782481255838
-0.018440901209673684
-0.020866585643162197
-0.019030456589535824
-0.021243974047164004
-0.022827108262054297
-0.024034365316164867
-0.02308517265289014
-0.02471551834495111
-0.022145826185471333
-0.024371869463716826
-1.0
-0.02198509643137842
-0.024272428030985237
-0.027360944948367
-0.025530397112195645
-0.02496150056600026
-0.02787276352186611
-0.025443409609438465
-0.02665107496992899
-0.025970230414167024
-0.0261643497071318
-0.028890497668175485
-0.028002830918622747
-0.027787664279424244
-0.02615011623034746
-0.02877537670595995
-0.028050933574331964
-0.027250880270353262
-0.027028530848699193
-0.026008496770347073
-0.023510419968750727
-0.01992988566784898
-0.01572258112937582
-0.013828030648513182
-0.02205931112107371
-0.02549425383359488
-0.024020319679164483
-0.026237715935514477
-0.023338307264105823
-0.02669502877642979
-0.02356756673786485
-0.023841901027553083
-0.025535416336346487
-0.025179396195573273
-0.025894219618888194
-0.02421782317987377
-0.022515118226938313
-0.02030945996215805
-0.01790523942250039
-0.007051095790482473
-0.00786822547772347
-0.004131655657698208
0.0011396979889685243
0.0033870811316709256
0.005614566554008077
0.011148388195460756
0.010315297974271944
0.010452868225844092
0.010402824321343306
0.00669958827464109
0.006674397003153587
0.004932652873124704
0.003978124485111058
0.005627587290136049
0.0042970972454971935
0.007419253352304306
0.011892480147717942
0.014933647308030092
0.00913757545990898
0.0038295860106629066
0.0034375762539645997
0.0010777297078495974
0.002780566980695763
0.012677240762608568
0.011527813768489537
0.010649824532478813
0.00667894420502777
0.005488501088955268
0.006807373268645894
0.010561643692659604
0.013781742043652942
0.015530540393228019
0.015362995834348064
0.01888230949876761
0.01951878989853063
0.019628473692215122
0.0209554573727669
0.02113950597204102
0.020516515006180205
0.021562624177159928
0.01918651901240964
0.017155956941554314
0.020912780982388506
0.02061442036660207
0.01881672234115262
0.01958944693886926
0.017598498789056158
0.014917720400544957
0.017632181240353022
0.017234343233175107
0.017679010943786166
0.019387738757900258
0.01830430445936111
0.016419665447786645
0.017956921786162594
0.018736116620323887
0.019436524289487334
0.019225466608941606
0.021065086930543334
0.018271439978392628
0.017490914062820623
0.01666160361231393
0.009795372998193825
0.005811788124430467
0.002986889412191336
-0.001086934679592952
-0.006024546082837025
-0.010253567580584055
-0.010714039798433427
-0.0129013149720096
-0.01095728303902257
-0.009491280942836326
-0.00980847652356163
-0.0014945571417806541
0.008850277075577078
0.007120408476339945
0.003906636478647048
-0.00026742124340647656
0.003104808613146776
0.009009501554895005
-0.0003417082044989144
-0.004161548795214158
-0.007263774788037167
-0.003571143275760604
-0.00215151831610784
0.0008929214387462492
0.00021813754076555647
0.001751544220173805
0.00197441129095807
0.005472841061476059
0.005201953417249436
0.004495073838504743
-0.0023283087385333272
0.00022667681794695077
0.0010786478198680303
0.002881599037161685
0.0017264787626894672
-0.0070945552218708114
-0.009997301075406227
-0.010222172762004551
-0.012928073724836986
-0.015542761633160799
-0.01507329033063199
-0.01477451213571355
-0.011210372455670255
-0.009309479050811696
-0.005037633313177848
-0.00748402805010317
-0.004230388657067215
0.0003839628951428388
-0.004307657650508701
-0.007234925847055887
-0.007961413814930485
-0.00679223561398109
-0.008352756331973413
-0.010352859440786743
-0.010265953796391373
-0.012693698328745808
-0.011284376521787619
-0.009130832057158304
-0.008985970854887374
-0.008478929351095083
-0.0007958432713112034
0.003194459896177919
-0.012516581886028163
-0.01782118665744474
-0.01755699140746436
-0.019211361058044156
-0.017376306974960936
-0.015844461642554316
-0.01574292448764349
-0.020605728281936478
-0.017152113483276096
-0.017389131116356017
-0.017109625119565066
-0.014937569131788314
-0.016252694156204076
-0.010455840465131008
-0.004666771818701903
-0.0015116263953322722
0.0012966265589209605
0.004000998043450606
0.00501693465528552
0.002393970997927292
0.002469095052979279
0.007861034258827877
0.002555291459677734
0.00416584974793591
0.005842241215845574
0.0012787630700481394
-0.005344381764716801
-0.008275868912619319
-0.009284455475425373
-0.011834294854394991
-0.009621327267379519
-0.009404046840153947
-0.010450843818955856
-0.01113039640756367
-0.007210300148062064
-0.00477407975113431
-0.0021641146889921684
-0.0006003416337270484
0.0037641923961809973
0.0072726812318376815
0.01240504761753531
0.013934388147184822
0.014684852214835564
0.015545936942276324
0.015545232331567864
0.014677173347521524
0.00975709574898589
0.0071894327054979335
0.006728847844203895
0.007692931040195244
0.0033792650606246782
0.006342184928351902
0.001798228749851539
-0.003424488662036395
-0.011743812810306968
-0.013838449791941543
-0.007683598564417414
-0.0059417977276919115
-0.007453668461297199
-0.004531202738675861
-0.0015920706202756283
0.0010825461801674341
-0.00034487918923373993
-0.000990261270569584
-0.003541492261507688
-0.006130609254479045
-0.0023931132865833787
0.00018418103626841444
-0.001122343653809596
-0.000874522588820946
0.0006122271871419443
5.1633737283655316e-05
-0.001079443368993765
-0.012544551519816734
-0.01862257000314869
-0.020063653754357622
-1.0
-0.022117432180011772
-0.022744976369934302
-0.02188090648848877
-0.021333315361346278
-0.021397248329721116
-0.021402326765081244
-0.022116135168207866
-0.023636449784073227
-0.021621964444871616
-0.024094174744018683
-0.02340219789903462
-0.021139569812500144
-0.016542163994881315
-0.021241205366519182
-0.021250407549629563
-0.022294156735252688
-0.021275451854612232
-0.020589470212533045
-0.015374152987346831
-0.01626652237360398
-0.0036508255290017846
0.003319770900166619
-0.001209347473955523
-0.004516808103944324
-0.003766011392890205
-0.00160594688344972
-0.0019127200376957778
-0.0051466125574498875
-0.010148250535605708
-0.010298870089459717
-0.015405274808925005
-0.01720438449632206
-0.018578793721970892
-0.018878067926299757
-0.01780563212855604
-0.017289795089900993
-0.011943798970685876
-0.011985518175109887
-0.01347810504231164
-0.017034787375042888
-0.019517893585001223
-0.017425435597094144
-0.01659782826736512
-0.018531897123405708
-0.016873643587518236
-0.017283202531054552
-0.010560550834424436
-0.013309680013439507
-0.012982398315184935
-0.011175813039576373
-0.014673582425966959
-0.01767536757501118
-0.01723003898151848
-0.014512340633510907
-0.021376440106756527
-0.019917765686519803
-0.020497919414513194
-0.018797755621992214
-0.016306776819044907
-0.01929599745770206
-0.01738614713099996
-0.01933885293809126
-0.01644389625397667
-0.017452186667170296
-0.010804470717179188
-0.011318897567657683
-0.0037918679483366254
-0.0020665037082141092
0.000983306627586325
-0.01010157343845925
-0.015168344209517112
-0.013124152181735212
-0.013204901818910961
-0.012786262795218765
-0.016134090179495655
-0.014213291577167173
-0.016449396801849592
-0.015305243294088253
-0.015035733814443645
-0.009618887162342488
-0.0020492322493945742
0.004324917608575133
0.010388857428569799
0.010212841178809665
-0.0009088233036285379
-0.011922897821598829
-0.016952800230103496
-0.017672581318209684
-0.019398857366616756
-0.01927415390508831
-0.019378369930402352
-0.019544735631044047
-0.01899239774714034
-0.0181141230211072
-0.019557984325660846
-0.019658614720927912
-0.02080306800562941
-0.019352932771776025
-0.018861373182857837
-0.019188870036960605
-0.017015387969090058
-0.01451137037840771
-0.01113812274907804
-0.009508059313380635
0.0007943789460596909
0.002041765317112982
0.006241408283809909
0.017212153645399887
0.01756693990687735
0.02139224259764824
0.018258720109957854
0.014544326638235471
0.015507117429152418
0.013955447463563486
0.002464092361146059
-0.002896623367133295
-0.00015434052607180002
0.000736217863701376
-0.003365880038870316
-0.007212208260533714
-0.011842614079344642
-0.014126613995047244
-0.0068288135810545695
-0.0014617343835132825
-0.0026387224111200994
-0.008323087288734946
-0.014701300415062561
-0.01977778835431454
-0.019656389231281036
-0.021656513683201897
-0.01920379499884546
-0.01844883223279482
-0.014302224844140418
-0.014916650032554726
-0.009504738956021892
-0.007165656789303382
-0.009175903596687565
-0.013687259194304694
-0.017467787309590792
-0.02213290300209818
-0.024506244314292613
-0.023198469923549656
-0.026037418170584494
-0.024563951594811943
-0.02698447887935679
-0.02534581177818298
-0.026567936068737946
-0.026755458717040676
-0.02540019094363801
-0.024423965794110138
-0.024272838752019948
-0.02342381677384808
-0.02494592511409952
-0.025229166079165227
-0.024948037900369948
-0.02836221254451014
-0.0253372975818685
-0.02465111178009663
-0.027148207991878403
-0.02328554460722086
-0.025679418319885843
-0.02574201623602914
-0.02508187504275464
-0.024840826286638716
-0.024157342588022847
-0.027750909103614885
-0.026802111537884244
-0.024268403181429324
-0.026047199244675426
-0.025531856490354762
-0.02674099255256248
-0.024391871234967846
-0.02336405557807825
-0.02556933734083608
-0.0237061461261103
-0.02510892568905487
-0.022983287699542457
-0.02659616183522583
-0.026993547125629493
-0.02446691823940671
-0.028656940487488604
-0.02631060400419657
-0.02687541540435116
-0.023122263571763203
-0.024727168608681575
-0.02651929133611389
-0.026103869119389764
-0.026497833977184627
-0.024522898154740763
-0.02481095793353247
-0.02632083349028461
-0.025036730654499934
-0.024457390050465613
-0.02371733458583497
-0.024268366442328534
-0.02537097512647665
-0.024985380366646524
-0.027201406041917287
-0.025945180154827985
-0.026657288012184352
-0.022767274456301303
-0.02672662753164934
-0.024921601294974192
-0.026928756447856618
-0.025051227484866857
-0.02669365665728699
-0.026464222125759485
-0.024831906813749857
-0.024659442878547266
-0.024114603297671986
-0.025427702361287833
-0.024325446792164553
-0.027220187896892862
-0.026194777215340113
-0.025652041848972223
-0.0239701000034669
-0.023842169022949763
-0.024824721044613352
-0.023824072855124653
-0.024365052471595025
-0.026615345104283154
-0.0239699675015627
-1.0
-0.024883891652184714
-0.02190527630209577
-0.0233404845491117
-0.023894326064152552
-0.02239209394282211
-0.025113856435040237
-0.02294047068061016
-0.02086165444972813
-0.021520980218454454
-0.019246302721244442
-0.014317899150088777
-0.01566790926370059
-0.012979629007269478
-0.01706776417869999
-0.010960952215783798
-0.00457688992932867
0.0006473855290298838
0.006199638965537408
0.012839695124162023
0.021906974307915484
0.022528110233879687
0.023981662120789577
0.02318317599376367
0.02440017530965789
0.022160922115180507
0.020804495252344297
0.020993193642935434
0.019628556229909666
0.02031995222069422
0.023964927367929344
0.022894675196019516
0.021180236096037496
0.023447986251653556
0.019251925854940403
0.02111385735926083
0.019869288741172223
0.022681931622500952
0.02227919545938433
0.022610747681434
0.022016384006606632
0.027304593061563
0.022354624747155778
0.020600750076928846
0.022119806601489746
0.018773237655620875
0.020201684604882076
0.018260046477904242
0.01939101261248523
0.023322538868526612
0.02493796893692002
0.023868615812130754
0.022469335912369062
0.01900213087415658
0.01968739379851701
0.0208136426044817
0.012766655666066013
0.009939166797830672
0.008613956144953435
0.007795006544319526
0.006108704857855963
0.006543760214857194
0.00705649563309475
0.007975312361065306
0.006140262304211743
0.003970188258491468
0.00789612255225882
0.010550708680040065
0.008523471205661501
0.007072646341568276
0.006437793654254305
0.0070750200800052555
0.005542604800496866
0.007108136805712992
0.008666076230349578
0.005300164454849708
0.00770365632938301
0.004659548924892329
0.00331112355318053
0.00514468410254388
0.004963574334111338
0.0026638102366076757
0.0035053889670632462
0.006239478785934957
0.0006335545783251512
-0.001185586042327981
-0.0033878911276344
-0.0025767377144848107
-0.002484588159079718
-0.0007416557963617656
-0.0022191452747013065
-0.003047782226090038
-0.005431617987810892
-0.006697097593979963
-0.0056724416897541595
-0.005237158431080352
-0.004611128323585919
-0.0033560389114222658
-0.003976697586212761
-0.004622403934058231
-0.004413624056272581
-0.002535021875778377
-0.003376624523571491
-0.0004994339463569399
-0.001831489105064501
-0.0013267211199134569
-2.2399821107553834e-05
-0.0008948604996562167
0.003707282218923504
0.006880478051869487
0.0058198249716079785
0.014113896190251713
0.012648259791468866
0.019107469011525737
0.01764295118779914
0.01382375897450974
0.015139051820812622
0.01585871596215583
0.017843394629055306
0.020072331631093086
0.018804572138783268
0.01909922341654984
0.017677375798982632
0.017680086627704667
0.01740965871464164
0.017063853010553826
0.019309816956405434
0.019856921548669873
0.018595511615499594
0.018425186625133486
0.019001109427769232
0.020245544007833384
0.020044695127008433
0.020577449210019496
0.02165161413879694
0.023524015934808153
0.018864032415486377
0.016861858078215632
0.01888399056898016
0.01959757038082638
0.01705210233905479
0.018472804443926117
0.020519188012132268
0.017625543275063493
0.020583877639087356
0.019507465544794038
0.01827871553043176
0.01599961714016961
0.01592376420036093
0.016544066048796317
0.016018913058864236
0.019041346505456015
0.02006450093751765
0.020064311576065995
0.018962435027337826
0.018047745423982305
0.01926975584452698
0.01683979929055447
0.01872455623173261
0.018533839778832314
0.017656225727504284
0.02259745117334896
0.020949904134069105
0.020043837937610217
0.018353392203461206
0.020202263897184717
0.022918097087260565
0.017068641221332236
0.018016719237667723
0.019293508019761388
0.019428710309667627
0.018848588394958416
0.019555893714375296
0.020702799582279403
0.022264222274846313
0.022889177767235817
0.023162640393361078
0.022487544150427412
0.024048865638723813
0.022079717168883406
0.025018954865364373
0.02068593059222537
0.020812922502948226
0.01827850433775435
0.019094949032742645
0.01919146166060454
0.021002425570787096
0.01971655639249396
0.018535329173732833
0.01582498783683909
0.008096290865168769
0.0038139449215855536
0.0018691997000424667
7.494059165898912e-05
0.0026945147356376943
0.00131718315078939
0.00126879948477543
0.002151122461066799
-0.005527240890481067
-0.006024138400689429
-0.00723077133455027
-0.01020916300286751
-0.008632948466175938
-0.008672117996820205
-1.0
-0.009713673764026529
-1.0
-1.0
-1.0
-0.014487115752531803
-1.0
-0.014865211795735885
-1.0
-1.0
-0.018154438746862973
-0.01702674509740089
-0.01557529278573594
-1.0
-0.016488127278006498
-0.014726734587995468
-0.015783771427341005
-0.013504846117049215
-0.010702400452478557
-0.0062177002831509615
-0.006557386308632126
-0.0071577577319933755
0.0004593239561029223
0.007248077243935584
0.014482689974291507
0.012217324565491837
0.018634259210868864
0.01830146346822168
0.018187353740096373
0.018812432838638274
0.01136232116691216
0.013614972505074109
0.012845611128261486
0.015079799242427902
0.0140023543324286
0.018833236561450983
0.020107203511918057
0.023743384513316413
0.016122074324856794
0.013040857243598457
0.012688302294051457
0.010620800768553281
-1.0
0.011550052797887228
0.01464935107866478
0.01232844831184386
0.014722619011590436
0.014914984070150131
0.01833836295889617
0.016448214287660613
0.015344435495346321
0.013042088787510963
0.014247996335179116
0.016961923964880308
0.015458600283580823
0.014697816227433042
0.00737481408843187
0.0014440250028279462
-1.0
-1.0
-1.0
-1.0
-1.0
-1.0
-1.0
-1.0
-1.0
-1.0
-0.024544198246714718
-0.02302033806159707
-1.0
-1.0
-1.0
-1.0
-1.0
-1.0
-1.0
-1.0
-0.02460574095401338
-1.0
-1.0
-1.0
-1.0
-1.0
-0.025760091758775777
-1.0
-0.02810341861074772
-0.02850340942373889
-0.02590065312584314
-1.0
-1.0
-0.0257884813757833
-1.0
-0.025739226524963205
-0.025401587082246605
-1.0
-0.025976197201244805
-0.024519424158164004
-0.025642142601267844
-0.025412971723265974
-0.026421594685324793
-0.024888924861336408
-1.0
-0.02579866241939104
-0.032079424556133544
-0.026484411773471765
-0.023902918834296284
-1.0
-1.0
-1.0
-1.0
-1.0
-1.0
-1.0
