-1.0
-1.0
-1.0
-1.0
-1.0
-1.0
-1.0
-1.0
-1.0
-1.0
-1.0
-1.0
-1.0
-1.0
-1.0
-1.0
-1.0
-1.0
-1.0
-1.0
-1.0
-1.0
-1.0
-1.0
-1.0
-1.0
-1.0
-1.0
-1.0
-1.0
-1.0
-1.0
-1.0
-1.0
-1.0
-1.0
-1.0
-1.0
-1.0
-1.0
-1.0
-1.0
-1.0
-1.0
-1.0
-1.0
-1.0
-1.0
-1.0
-1.0
-1.0
-1.0
-1.0
-1.0
-1.0
-1.0
-1.0
-1.0
-1.0
-1.0
-1.0
-1.0
-1.0
-1.0
-1.0
-1.0
-1.0
-1.0
-1.0
-1.0
-1.0
-1.0
-1.0
-1.0
-1.0
-1.0
-1.0
-1.0
-1.0
-1.0
-1.0
-1.0
-1.0
-1.0
-1.0
-1.0
-1.0
-1.0
-1.0
-1.0
-1.0
-1.0
-1.0
-1.0
-1.0
-1.0
-1.0
-1.0
-1.0
-1.0
-1.0
-1.0
-1.0
-1.0
-1.0
-1.0
-1.0
-1.0
-1.0
-1.0
-1.0
-1.0
-1.0
-1.0
-1.0
-1.0
-1.0
-1.0
-1.0
-1.0
-1.0
-1.0
-1.0
-1.0
-1.0
-1.0
-1.0
-1.0
-1.0
-1.0
-1.0
-1.0
-1.0
-1.0
-1.0
-1.0
-1.0
-1.0
-1.0
-1.0
-1.0
-1.0
-1.0
-1.0
-1.0
-1.0
-1.0
-1.0
-1.0
-1.0
-1.0
-1.0
-1.0
-1.0
-1.0
-1.0
-1.0
-1.0
-1.0
-1.0
-1.0
-1.0
-1.0
-1.0
-1.0
-1.0
-1.0
-1.0
-1.0
-1.0
-1.0
-1.0
-1.0
-1.0
-1.0
-1.0
-1.0
-1.0
-1.0
-1.0
-1.0
-1.0
-1.0
-1.0
-1.0
-1.0
-1.0
-1.0
-1.0
-1.0
-1.0
-1.0
-1.0
-1.0
-1.0
-1.0
-1.0
-1.0
-1.0
-1.0
-1.0
-1.0
-1.0
-1.0
-1.0
-1.0
-1.0
-1.0
-1.0
-1.0
-1.0
-1.0
-1.0
-1.0
-1.0
-1.0
-1.0
-1.0
-1.0
-1.0
-1.0
-1.0
-1.0
-1.0
-1.0
-1.0
-1.0
-1.0
-1.0
-1.0
-1.0
-1.0
-1.0
-1.0
-1.0
-1.0
-1.0
-1.0
-1.0
-1.0
-1.0
-1.0
-1.0
-1.0
-1.0
-1.0
-1.0
-1.0
-1.0
-1.0
-1.0
-1.0
-1.0
-1.0
-1.0
-1.0
-1.0
-1.0
-1.0
-1.0
-1.0
-1.0
-1.0
-1.0
-1.0
-1.0
-1.0
-1.0
-1.0
-1.0
-1.0
-1.0
-1.0
-1.0
-1.0
-1.0
-1.0
-1.0
-1.0
-1.0
-1.0
-1.0
-1.0
-1.0
-1.0
-1.0
-1.0
-1.0
-1.0
-1.0
-1.0
-1.0
-1.0
-1.0
-1.0
-1.0
-1.0
-1.0
-1.0
-1.0
-1.0
-1.0
-1.0
-1.0
-1.0
-1.0
-1.0
-1.0
-1.0
-1.0
-1.0
-1.0
-1.0
-1.0
-1.0
-1.0
-1.0
-1.0
-1.0
-1.0
-1.0
-1.0
-1.0
-1.0
-1.0
-1.0
-1.0
-1.0
-1.0
-1.0
-1.0
-1.0
-1.0
-1.0
-1.0
-1.0
-1.0
-1.0
-1.0
-1.0
-1.0
-1.0
-1.0
-1.0
-1.0
-1.0
-1.0
-1.0
-1.0
-1.0
-1.0
-1.0
-1.0
-1.0
-1.0
-1.0
-1.0
-1.0
-1.0
-1.0
-1.0
-1.0
-1.0
-1.0
-1.0
-1.0
-1.0
-1.0
-1.0
-1.0
-1.0
-1.0
-1.0
-1.0
-1.0
0.07790360307793387
0.08188295511617305
-1.0
0.0018046257258026337
-1.0
-1.0
-0.09502569633685254
0.023502063864103053
-1.0
-0.10749685382243328
0.1189507186072517
-0.08786393785064915
0.11131303132754516
-1.0
-1.0
-1.0
-1.0
-0.07244365666119586
0.11851369704732935
-0.05624084971881062
-1.0
-1.0
-1.0
-1.0
-1.0
-1.0
-1.0
0.1886186087998527
-1.0
-1.0
-1.0
-1.0
-1.0
-1.0
-1.0
-1.0
-1.0
-1.0
-1.0
-1.0
0.22373604202672356
0.2902896683454463
0.14541344552305527
0.26244467087472273
0.2429617219472336
0.27392941134109294
0.2279018805817751
0.2667468203846915
0.19605473326895623
0.24996757270473843
-1.0
0.027296868186244633
0.22366491046771572
0.24028074318959516
0.2741326655943789
0.26084017029089496
0.07715702157888274
0.06732778793509868
0.09120500743743418
0.07774705872960372
0.12173694226078473
-1.0
-1.0
-1.0
-1.0
-1.0
-1.0
-1.0
-1.0
-1.0
-1.0
-1.0
-1.0
-1.0
-1.0
-1.0
-1.0
-1.0
-1.0
-1.0
-1.0
-1.0
-1.0
-1.0
-1.0
-1.0
-1.0
-1.0
-1.0
-1.0
-1.0
-1.0
-1.0
-1.0
-1.0
-1.0
-1.0
-1.0
-1.0
-1.0
-1.0
-1.0
-1.0
-1.0
-1.0
-1.0
-1.0
-1.0
-1.0
-1.0
-1.0
-1.0
-1.0
-1.0
-1.0
-1.0
-1.0
-1.0
-1.0
-1.0
-1.0
-1.0
-1.0
-1.0
-1.0
-1.0
-1.0
-1.0
-1.0
-1.0
-1.0
-1.0
-1.0
-1.0
-1.0
-1.0
-1.0
-1.0
-1.0
-1.0
-1.0
-1.0
-1.0
-1.0
-1.0
-1.0
-1.0
-1.0
-1.0
-1.0
-1.0
-1.0
-1.0
-1.0
-1.0
-1.0
-1.0
-1.0
-1.0
-1.0
-1.0
-1.0
-1.0
-1.0
-1.0
-1.0
-1.0
-1.0
-1.0
-1.0
-1.0
-1.0
-1.0
-1.0
-1.0
-1.0
-1.0
-1.0
-1.0
-1.0
-1.0
-1.0
-1.0
-1.0
-1.0
-1.0
-1.0
-1.0
-1.0
-1.0
-1.0
-1.0
-1.0
-1.0
-1.0
-1.0
-1.0
-1.0
-1.0
-1.0
-1.0
-1.0
-1.0
-1.0
-1.0
-1.0
-1.0
-1.0
-1.0
-1.0
-1.0
-1.0
-1.0
-1.0
-1.0
-1.0
-1.0
-1.0
-1.0
-1.0
-1.0
-1.0
-1.0
-1.0
-1.0
-1.0
-1.0
-1.0
-1.0
-1.0
-1.0
-1.0
-1.0
-1.0
-1.0
-1.0
-1.0
-1.0
-1.0
-1.0
0.00896784967549668
-1.0
0.02900914989225557
0.031035869626497403
0.034980411057854294
-1.0
-1.0
0.0319058273909273
0.03533397063109173
0.029963848689822367
0.029861573844718835
0.0293128917252503
0.027205802215677102
0.018241420955772383
0.01029810380013495
0.019887373528036597
0.023071166121551467
0.032873632327738
0.03122815294751771
0.031717399536064554
0.024142685385982857
0.026756832041420323
0.028122060553902154
0.03330872170433175
0.024640734257308092
0.02707334578062152
0.03001300087819482
0.024314520042052774
0.02311448361451206
0.025120687290623608
0.022625955867754923
0.017408229279285266
0.007086382410834165
0.0032421355007096475
-0.0010658046920527374
0.0010103065958492914
-0.0024706816852953463
-0.009561417604789254
-0.016651860083957876
-0.015704770669104036
-0.011842578436321667
-0.005138666238037676
0.011432591623766456
0.01747586399237661
0.019765106906361903
0.025230402591731246
0.025827164859135766
0.022328979227010326
0.01995464995425172
0.026272564578141668
0.019184923215596592
0.024674600043518007
0.0289202660280442
0.02872624489259269
0.029025305189492895
0.025505118247862554
0.025700247211691497
0.02307313793736028
0.02246685009258877
0.024170321561417636
0.02613908514196592
0.02477581128874462
0.026460525383302878
0.02094282558279045
0.016792093208650372
0.015714117244804704
0.005158035438249608
0.005444968787543595
-0.0045386096852436265
-0.0016872689012614834
0.0009616929577712094
0.002792117672538508
0.00278276926304867
0.0043077982817388465
0.009672165275698044
0.01773526519512686
0.021409470498986016
0.02266396488198002
0.01347985604485497
0.014448163700794436
0.01032454609300085
0.004473764304485391
0.004455797043893797
0.004348991219115873
0.00802930137233009
0.006481545494698859
0.010142746416468796
0.010956597743380215
0.012637291801623044
0.015605483389939848
0.019535586331928877
0.009004907270414975
0.01418905592331404
0.01921875489823162
0.026287392546115992
0.02180490648965708
0.019750325996987124
0.022880634640404036
0.01872627875945931
0.011741253429239339
0.010168657279867769
0.00877935282617112
0.010116012787491377
0.01721313907806875
0.022889397440135874
0.016540129325855715
0.020719124608065957
0.022261739183490184
0.018411884184956352
0.015420508072742868
0.015648795837138074
0.018562195836117252
0.01837276062929186
0.020633152957074977
0.020366552580458264
0.020587002511405512
0.02015551100580105
0.013963868884192878
0.014625662125417698
0.01945935536304934
0.02113306775632586
0.0286626225021959
-1.0
0.03155823953578009
0.03392937172761854
-1.0
0.0322768087640877
0.03459630272859495
0.03606059922662906
0.028854351915902972
0.030312039709512642
0.036897856167009316
0.029674929821910608
0.02701455929227862
0.018881739288629094
0.02050116377715899
0.01471878322510312
0.005885080046007755
0.007931268831391494
0.019715540340027544
0.02442145294060516
0.02176170734940394
0.01350168423284523
0.014047449044203613
0.03198323346330538
0.031091679772425936
0.030608205597162107
0.033117082853793445
0.03053359701123197
0.0267225496477805
0.016429091359886145
0.007024907295181176
0.01510010344599088
0.028365133029579118
0.02815281605236051
0.03098583310226469
0.03412594263641811
0.03703145557372085
0.04073101206550694
0.045058477723916336
0.044824654803279525
0.04314261792416266
0.044596730591350504
0.04759735873367014
0.042942156005798406
0.04463307809657382
0.04369207658698943
0.04592777606733115
0.043482890505829694
0.0447795378793823
0.04223099679667528
0.044243042665401286
0.045729139931946425
0.04212296380328806
0.043958178338196395
0.04414404317853881
0.041453874627807114
0.043016481893242926
0.04485574738341934
0.04518553376957277
0.045964179794758454
0.040935363250568985
0.04542189193701031
0.04394022076640058
0.045207657672949146
0.044101229628458194
0.04377316452222999
0.04352994842734139
0.042172401548293985
0.04261913354802044
0.04079489989321512
0.041364391043054616
0.04465978178045252
0.04136650721119593
0.04302086531435905
0.04340482509920738
0.0424184797576068
0.041248087390669874
0.0419036040792673
0.04207599848048708
0.04349016724819018
0.04276896113525257
0.04377578381696379
0.039964501616037484
0.0417375864569622
0.043460041895234565
0.04302839366317132
0.044722267097552906
0.04234105027123692
0.04596843521184654
0.041866212880474235
-1.0
0.04321930575668555
0.042631925445466914
0.04141658490078621
0.04344213215288779
0.041889554899413206
0.0431504402019506
0.04258640491770852
0.045551862602444745
0.043806971516828545
0.04493733729508286
0.043754518071371686
0.04435765196623336
0.04239739306127864
0.04246004036782048
0.043902877580680164
0.044879209021430236
0.04160355573438614
0.04214669966438493
0.044115468041559906
0.04291008943985844
0.04570691105859226
0.04175440081852105
0.04434780812321246
0.045241618115302196
0.04203012390150717
0.04213682131646704
0.04527972183330855
0.044079026143408605
0.04499233260189141
0.04239613234500917
0.04397740289432011
0.042517128834212756
0.04296224544023303
0.04438040453005672
0.04390690739122664
0.044594641984951264
0.04341881045788111
0.04256549430737203
0.04093841223693818
0.045170142652971125
0.04501788052677496
0.045882938336519366
0.042356474567483454
0.04944330919175825
0.043449473453010236
0.04543489436156684
0.04555500017427466
0.04553601914244875
0.04750076425591451
0.044627226920229024
0.04264950157598237
0.046950022132575674
0.04624314524246964
0.046296819085450754
0.047457047959947124
0.044494456334964294
0.0455714807563216
0.04620398452045036
0.046518617365023586
0.04496627765503241
0.046234196697358614
0.04591594789180122
0.044286409078856545
0.04196863498661266
0.04411714160137645
0.03966465197552163
0.03403408936480296
0.02977246322009343
0.028542930122813337
0.02813838640547519
0.023673986838811334
0.02581202557142304
0.025188148452419696
0.010217185286642751
0.00734156625181759
0.016203212681630448
0.021822665000542366
0.02626601991480661
0.03167354362181976
0.0319158306680992
0.03088688786937224
0.031160803400239783
0.0321559187135877
0.031808189146024055
0.03315017130104003
0.03150388181249978
0.02828329980829802
0.03312351934191803
0.03272043228445175
0.03844815145200583
0.034427600488992266
0.029858193816493888
0.031689937478973244
0.030716869892527036
0.0272698644856985
0.021495514143237148
0.02999995977499066
0.032655597986726785
0.03756073075557789
0.039479197683024145
0.0388244187497606
0.03968552543516113
0.038813068384536416
0.04010124002745196
0.04111351399433673
0.043041529336554744
0.04663943787069928
0.04550327786749917
0.04639670909651585
0.03848584881369729
0.043971579486879256
0.045601094984685966
0.04590492195081627
0.047693520898025754
0.0443638412812288
0.04373528572145989
0.0457505878401233
0.043806631643032876
0.04392199876200363
0.04767886955451033
0.04596895500737418
0.04285490261050811
0.04364663481776654
0.04439644340433775
0.04642517309603019
0.04405518715944097
0.04625851426448676
0.04581393280814644
0.04577818076974551
-1.0
0.04463079560128787
0.04726913979533423
0.04434232402082573
0.047039920844802144
0.04707060887793752
0.04683921989074287
0.04696891960992473
0.04508521283989661
0.0413342857374026
0.044307501861749296
0.04699356329347789
0.044496000461045536
0.04435176935755953
0.04417662584298765
0.04666913948973375
0.043933147308389715
0.046952144727311663
0.04589758882239436
0.04612637017374341
0.045525798495619996
0.044338224084959445
0.04496242646890615
0.04595235262794354
0.04610318258888141
0.044741175429253786
0.043617460809630915
0.04512689694299983
0.04760151578893127
0.04365140401295696
0.046427818848373034
0.04732494258854064
0.04556031620071533
0.04557601505190651
0.04733772114973617
0.04487612622587155
0.04383728805494833
0.04443781995485306
0.045054632200943946
0.045105101104132676
0.04568160162103501
0.04546129331923575
0.047676294884843276
0.045231511911882315
0.04568882408375127
0.04703528990902093
0.04717565035718246
0.04776915385145094
0.04759804948637724
0.044317708025544626
0.045768290052092604
0.04742338998199835
0.044153723340512215
0.0439829269952941
0.044523818304125495
0.0414029250400493
0.041559214383720414
0.041191132999136994
0.037681170639661664
0.03205109304835418
0.037928113912040956
0.033582323934575734
0.023311644845151157
0.02842490910959008
0.03337814544161042
0.03156158562955764
0.026268300256907226
0.026220992150955684
0.02712498685934725
0.028173907780625274
0.03814968236222225
0.03428537277664703
0.03633968149053346
0.036468456301476014
0.038257309473194355
0.03843848460088674
0.042566896811477975
0.03897232192927269
0.04074740550618273
0.045335548101214984
0.04793186013935672
0.048611373642350277
0.04542595066224014
0.04618197988570387
0.0417978448497957
0.0428519087568082
0.04253439684185512
0.04367854503263607
0.04235483742711349
0.04165463556470178
0.04533847643124187
0.044870084190194046
0.04433548075814501
0.040533383651523536
0.040364547916078734
0.045777933612040314
0.0433151910472395
0.043081765143130966
0.04345087975438568
0.04244730779573189
0.041919358869174375
0.0342548930469025
0.03408473134769694
0.03728759572007214
0.03974152027645954
0.04192205389408076
0.04199932359549223
0.04064427557035305
0.0397036563616877
0.03430532767600965
0.02870454201807709
0.02416394442953006
0.01732523267335813
0.031247733316759705
0.037106513087468956
0.03528879983004056
0.03385777168196745
0.03213226832798158
0.02986969921072115
0.03182709669012066
0.010992340542505977
0.010725920116658617
0.01462685518621219
0.025706661953333276
0.027420301805492917
0.023239943900888755
0.016600827932297807
0.009090514124250984
0.015969808594413708
0.023833845898710956
0.022605636405924855
0.023711605155426484
0.016212610244024966
0.00981575095664738
0.00813517666819846
0.005493593455777805
0.007221176120997463
0.006581446494635097
0.0035490078433750116
0.003998531588749602
5.903859012677124e-06
-0.00016816078213346194
-0.005561548667106693
-0.005210743775128655
0.00526452690453229
0.02401774462613878
0.030213344961632124
0.03500052230374199
0.034659495190852645
0.03628066092941864
0.037932712945881755
0.040110441324779894
0.03800226895061102
0.03496556044697413
0.037556104785824274
0.03716687026499433
0.03623813836433445
0.04028222543633454
0.040386793859269556
0.04184094980287025
0.03994517685408302
0.041056964785108424
0.03939966361459932
0.036402745787811566
0.041371902593023285
0.033691363742823145
0.023713775490472065
0.011793878976427188
0.003090798172837642
-0.005439233660143366
-0.008112882130196562
-0.01275113832483064
-0.011214057855064517
-0.012586396337904253
-0.01454476160718266
-0.016068343910612678
-0.013502573030779341
-0.008270676372636409
-0.006453660839549476
-0.006196239610798363
-0.005701025936235357
-0.003055511102199524
-0.004250164360376486
-0.004034430011750473
-0.007466455452958839
-0.0050388885770014675
-0.009538730920407827
-0.008665731490275505
-0.010332317326290232
-0.009876226908528296
-0.010062116940783981
-0.011529924367543557
-0.008341898336758172
-0.012701587107149323
-0.011950167260339291
-0.010272726760362267
-0.005979285040290035
-0.007931361440941202
-0.009466508104866633
-0.012399779379438204
-0.01243060719350924
-0.00501914207242489
-0.00640122528109903
-0.011825950432879677
-0.008909502354983919
-0.010205152699062706
-0.0052014279648585765
-0.0009687242959976183
0.0030944020356188863
0.0014266239069728795
-0.006334093653892747
-0.0031844692464423896
-1.0
-1.0
-1.0
-1.0
-0.002562405200865154
-1.0
-0.00033537576415141517
-0.005387493117721133
-0.008228985489050853
-0.004190579740766246
-0.014017161601374955
-0.013004693668010771
-0.007818622210198824
-0.005033768734656223
-0.014433516981763818
-0.015018080179765544
-0.011135295080430438
-0.010008720954128834
-0.007623427842766073
-0.008046770218126718
-0.006403521125546379
-0.004530060145540436
-0.006272552306699793
-0.011398174148289374
-0.0045233336743379145
-0.0022936500055811496
-0.005493542809122495
-0.009563634730818763
-0.0010363481123065036
0.0025558883907749667
0.001406258683214775
-0.002672450959940066
0.002612018399167276
-0.0006237705824443383
-0.004147749750608591
-0.0098881884734611
-0.013495249053459862
-0.013560774345144197
-0.009316773088308448
-0.008042991590915925
-0.008264281216432455
-0.009578742621648205
-0.008343297970491409
-0.01029044334342162
-0.016367371134789893
-0.016967890022677873
-0.018275469581992183
-0.01421229697308608
-0.007935847406501252
0.006359385208229328
0.010866011321869238
-0.002264907695687704
-0.0036839708651742794
-0.009107441009105658
-0.00460316043262607
-0.0014803674319089522
0.002190187254721861
0.001265244725035308
-0.010741910765974532
-0.012472331916303979
0.001857001994567004
0.017496724970602368
0.018204550245187145
0.02408249086674908
0.027660642736732535
0.020196556739333172
0.02784752548650668
0.028116144483190376
0.0292076741992493
0.0273460413245336
0.03173721575454158
0.02856344021122269
0.02838044546623608
0.030900700107491873
0.031625543245745985
0.03282597223610655
0.03549157793041782
0.03586317109963858
0.035126961170274515
0.0322808072790652
0.034572527191954965
0.04004028947437137
0.03720660617221341
0.038663256843862896
0.04221753853924957
0.03922647729238852
0.04588405225385484
0.04385737791860099
0.04416597870171392
0.04154804865736365
0.044220335866341734
0.04665715318396163
0.04533016545694672
0.04303797265692453
0.04324698788704982
0.044529046516316964
0.04370284053438733
0.04550292682888058
0.04382059144591643
0.04395188650359374
0.04319462280591493
0.04299335720192027
0.04503286773660856
0.045914330805970016
0.04413461403359666
0.04421559478781867
0.04310812653838119
0.043096448025511935
0.04086124496224872
0.044949307650695235
0.04273737861445264
0.04150499364856043
0.045641315738018794
0.04276266001938816
0.04234720463913493
0.04439592401428793
0.04377057132150891
0.042273473477377393
0.043120760996603044
0.0407229005466572
0.045615237437141916
0.04521404673608853
0.045900695744456335
0.0456362109945942
0.04605843029497527
0.042611402004792645
0.0446514554445665
0.046526920958478865
0.04314062482871092
0.033515485716824944
0.031128697740905778
0.03331962861447553
0.032462461667017314
0.031166027831255133
0.02906513659028319
0.030223350884260047
0.028030673626900465
0.018321600819501568
0.0224977030907724
0.023496958272834448
0.02600708737077215
0.03245419223060281
0.03581923433236555
0.037457089321772094
0.03941806349179172
0.03673754313768976
0.037264671394757795
0.03314055950390109
0.030562575499534773
0.03200357796508437
0.03012109256712423
0.025749033478347463
0.0053082109773380255
0.0012391863726738468
-0.004492878793883903
0.007592224907613566
0.018302545199461444
0.01819678565173753
0.016277686066889965
0.020164648771470714
0.012391299955265944
-0.0019768230736506133
0.0021413529621454428
0.00816000151674994
0.014525136482785127
0.018354435906477007
0.01858732800210229
0.022095530451817082
0.02271523547782909
0.02418611348623475
0.024097256478065623
0.023951155918255532
0.023468558096654917
0.025935978471802908
0.023779005176468606
0.01569307488852904
0.004091653138124769
-0.0027520509082304178
-0.0067308725839608985
-0.007547130933400335
-0.010994473836421902
-0.009818709974564462
-0.0064591841287720015
-0.0050019927637367
-0.005933859246393702
-0.0027376501477721854
-0.003223257722330615
-0.00015510512121516402
-0.0075071303175247095
-0.006522326835141637
-0.010305802271031962
-0.005950638574914236
-0.005830747932330729
-0.0008857632827704108
-0.008483423943327637
-0.011770438495114456
-0.013164531792017774
-0.003909404746128733
-0.002150287009124613
0.004845443877542162
0.009358370085841736
0.00993298609397546
0.00709630930818663
0.007422583018947545
0.006068010087219865
0.0030390243172516767
0.0012131029591722984
-0.0005402492522227743
0.00026855390468332043
0.005946804537453458
0.0041268164644676225
0.005322604244589674
0.0034724963550684896
-0.00036082859126571396
-0.007337602468110082
-0.008874613034694097
-0.011683712835428862
-0.010205901377339007
-0.0071802310233047666
-0.007943244846621214
-0.014240810242793004
-0.016795764987379436
-0.018772534120781142
-0.014160988218019616
-0.011381885106985663
-0.024647964506930114
-0.02717127349419513
-0.029431567097890705
-0.029481618133211766
-0.029279000002708395
-0.026414235273360922
-0.026082819596922564
-0.029342808489559818
-0.027608477022019812
-0.022193417308748933
-0.022071942129361432
-0.024691844150775688
-0.022422451327436806
-0.021404115532549586
-0.023275987786583734
-0.02196102928214076
-0.029183646779350463
-0.024063658334623386
-0.02435498351537949
-0.022978260741642997
-0.017962013552061066
-0.01248917930037272
-0.016480614713297686
-0.015846287814069545
-0.018315638825806935
-0.02024484719473577
-0.016070304810867457
-0.009807745501031515
-0.014026903541070683
-0.011295313196827266
-0.009648352441952982
-0.009933272898776983
-0.00753097064556871
-0.012827757105290685
-0.019715481608283892
-0.02258719725412293
-0.024227413148808278
-0.021546985990031648
-0.02211471223773586
-0.021277364740614556
-0.020936408067094046
-0.028440089924015973
-0.03167438686454339
-0.026284032199375702
-0.024496076101929783
-0.024596612014915923
-0.023904187716483342
-0.019996926784624603
-0.019195210877544243
-0.021681458338616524
-0.020274649335685752
-0.025616592145497927
-0.02938932848548137
-0.03304539549234161
-0.028356388726365367
-0.03040607213711971
-0.026156545793422907
-0.024812101644485236
-0.02530398943117038
-0.028690143445010325
-0.028133857471404813
-0.026092596490394842
-0.026953882660146082
-0.02356121943192141
-0.024925653004131687
-0.02449634498805378
-0.021940684392563334
-0.024112538408462395
-0.024544256603385533
-0.027987837588258537
-0.02732520939983047
-0.02521996395217597
-0.01906207826307106
-0.021279136252897846
-0.019810035171416173
-0.02157527746476146
-0.021497121685867624
-0.022358471650897885
-0.020207601290288625
-0.019283673460799244
-0.018829283712376296
-0.021842913579033115
-0.022357918552788677
-0.025856108635239787
-0.02437604938546323
-0.02193991877759851
-0.021695695892509873
-0.01872424270901494
-0.01643299639446995
-0.016255587631973774
-0.017030163292974392
-0.019322211501323114
-0.019279279735872845
-0.02120099175114931
-0.019067330689355993
-0.020847956564977874
-0.017278654091162426
-0.020372967015735766
-0.021820458570935355
-0.018451570498557807
-0.01906666473595477
-0.021627963637505136
-0.025962040472406852
-0.033259035018175
-0.031096705107308838
-0.031023716823238148
-0.032795474181202225
-0.034181305061097525
-0.029803915498245626
-0.031986210842341885
-0.02924876155725558
-0.029809049376376885
-0.027282093688794914
-0.02951639172847124
-0.031509119753696406
-0.0302490043013353
-0.030498389723576342
-0.026213195720306396
-0.02487710072051014
-0.023855550144829173
-0.02195098806049891
-0.01874762588922061
-0.014507610669869714
-0.011759162254593098
-0.013966244728073961
-0.015432488067096647
-0.016371465459608336
-0.020488586470941796
-0.01846063774564383
-0.018748111565253984
-0.0209566041527364
-0.02199766086286382
-0.02229250507230154
-0.02330695360228176
-0.023787838726256727
-0.023481096110789877
-0.024911303073127656
-0.026145327526581198
-0.025735543482972943
-0.026072477373965754
-0.027515753414322386
-0.020620428030902516
-0.0168643854597219
-0.025022615942122482
-0.021832228542673457
-0.018428249095948677
-0.025409058331599156
-0.01792158952977981
-0.018766841346100238
-0.01385890412648573
-0.011034997213967175
-0.009336914210242778
0.006770827492723758
0.005294897552721051
0.0011960323112372223
-0.006294903896819608
-0.01436928801352034
-0.012931383393691155
-0.014898058392066867
-0.011590267753855979
-0.006128326380847489
-0.00482900854157183
0.0009052430383584684
-0.0022778093046498904
0.005590544758935412
0.010157987337778616
0.01336516316203467
0.01158149028166804
0.011037693735126138
0.01141383713023039
0.012769303863952523
0.011182484125744158
0.008800052347896496
0.006788460563049884
0.00401867806229135
0.0014360971182050643
0.008701937700347976
0.010830732037495685
0.018219465671285122
0.01617173315614126
0.02006976274722544
0.017609093194753227
0.01997755859268603
0.020879016066925563
0.01779938692100857
0.014411233970735723
0.015060459384775628
0.012472524421420569
0.010093976389257532
0.011730584399024897
0.006099386956008282
-0.005037942592888008
-0.005824785632842845
0.0008973791901377905
0.007605940140199156
0.013178010011596583
0.017571324117778
0.0180190007719365
0.01619014655545126
0.017498157858156123
0.01706911272530164
0.015176644021262878
0.018480389539226642
0.020287952076845816
0.019739175808165175
0.017608336836338265
0.01553678978627753
0.011099992794373955
0.0138502542166344
0.010400272091453808
-0.0017442682370508113
-0.013791589145796241
-0.011137503602632833
-0.013588632021631075
-0.00835028971893227
-0.0013038657780061699
-0.0020324500627893613
-0.0067554539388963745
-0.010391992513041582
-0.014770705806612498
-0.017969476895786787
-0.015195486961913715
-0.007771562312628413
-0.00892794313493484
-0.011020871529141536
-0.01024250081157394
-0.00012345494572713249
-5.942933733490539e-05
-0.004931182877776664
-0.002741689788290189
0.0007177134606495858
0.0011372110309187098
0.000668055672804441
0.002231575123498366
0.004286098516955496
0.0017313137241958929
0.0035864125002452968
0.012622851110811708
0.013559212814634207
0.02369240644078869
0.027820029050547673
0.02943514486883721
0.029012895078913786
0.028130061938404574
0.027466128471821255
0.027845685337244686
0.024882534360824618
0.025231163675918385
0.028531610625559343
0.030724327594122924
0.03026438851043329
0.0357970912543221
0.035773313329880076
0.036071960950555364
0.03876303921142305
0.03724390723434843
0.038311764961277264
0.03949237727518035
0.038897296335504865
0.03691138189874531
0.03762411651426338
0.03486061809610832
0.03519713789273534
0.0375447633711143
0.03583289634397855
0.034474260920282274
0.03754283749001874
0.03632818210009799
0.03653887278715681
0.03698598353369066
0.037893234175266514
0.03920741262206618
0.03829372171193696
0.03600790170399526
0.03783355749078004
0.03727785211182025
0.038692533334710316
0.0368747317666749
0.03884327896441058
0.03902965521755542
0.03646710203787981
0.03605335966578669
0.03865857116566867
0.03870714630973021
0.03754164458145099
0.03642079010083085
0.03573191322909526
0.03775443291154081
0.03856615362283399
0.03667138911692911
0.0388829298717909
0.03971840772613894
0.03493875462114987
0.037619557000538276
0.037976483499545945
0.03896723800672808
0.03791574923655046
0.03638834284426347
0.037064814024552833
0.03608447732065295
0.03877615585927994
0.03832451495189308
0.035952783849619814
0.035094684959873286
0.032873750451963835
0.02881372017291019
0.02469667298783749
0.017361764193505685
0.01885725807962342
0.011275429958577955
0.013166811766825586
0.01239638084374249
0.0103789417683473
0.019256209676146715
0.015352198852565429
0.014483656380755596
0.014452542071202218
0.0106751479743258
0.014566567789062823
0.0117034595662593
0.011068261257751955
0.014187715816780093
0.01594947258049664
0.012676122150595074
-1.0
-1.0
0.005126712867490716
-0.0013310712838299958
-0.002439426797034125
0.0020316827265261365
0.006430928194210349
0.00642023535395266
0.0042926491427706754
0.004236261361614172
0.002019314430750757
-0.0024348739557347853
-0.004457023952900654
-0.007399557919552858
-0.012029247589118854
-0.01032846716422576
-0.012773586493432599
-0.014782450830043585
-0.016245696483464654
-0.018590519212732946
-0.015856951323156798
-0.01642251034502175
-0.013259867822122084
-0.0080922298815058
-0.003161023030836164
0.0008460793830887758
-0.004129515051003975
-0.0031550344908383736
-0.0012885578263550094
-0.0003423284877198208
-0.0006771495166947983
0.0033942488494567596
0.005167751453181808
0.006567948105920374
0.0057730798580643
0.005365457561376325
0.006058273843911926
0.0016985160091345316
0.0011545722915475443
0.0028394950058233843
-0.002302953845037639
0.0027757047868518037
0.004134032446675705
0.003418994058868823
0.00354154624063514
0.0012550865405755235
0.004435000764211997
0.006125793302922987
0.00387096742766243
0.0025836798326241243
0.0021567656956001566
0.0019180237886324107
-0.008699486171085286
-0.012417263262628975
-0.016206881326431537
-0.02236935404151442
-0.018684112828381488
-0.01602527560914487
-0.023104796358666826
-0.02177022760476759
-0.02088616242521003
-0.019072661765737915
-0.021555303787828863
-0.020772518496987948
-0.01952701149020168
-0.01811558134590114
-0.018865053738866978
-1.0
-1.0
-1.0
-1.0
-0.02075499832166686
-0.018839686457618778
-0.021540710726248538
-0.015802515879923883
-0.016198316012578824
-0.019232815291097074
-0.018333697155499283
-0.020810873379941794
-0.018863457009757445
-0.015288041625924557
-0.015585337030199447
-0.018154002749473108
-0.015443280017776981
-0.01835775226813592
-0.021551424863975058
-0.0179638015765172
-0.022596513433691963
-0.0231638760938204
-0.0216601049139749
-0.018588663436647897
-0.020278205650266008
-0.01607089475654562
-0.018140350742157245
-0.015035412008568156
-0.016527720599367985
-0.015798660429284395
-0.01807599706586614
-0.015226212636244425
-0.018611453996999962
-0.01645558605871405
-0.02121679408927808
-0.019036356863117214
-0.021441872888009278
-0.01621317430392679
-0.012078885001180139
-0.014819910096279811
-0.012485696400212205
-0.014447814576589765
-0.011010754306434327
-0.012040399916748091
-0.012143397078690752
-0.011160924348010215
-0.0005755490552713456
0.004639922975289265
-1.0
0.0016596910688707997
-0.0005391441734144674
0.000949715296580166
0.0023367251125678327
0.0028388999922695298
0.0031453607934749115
0.0072592128792552295
0.0076959265693549335
0.006316415072999667
0.0065248190052406545
0.0024999599591496668
-0.004723604796246917
-0.0017405267809661622
-0.005876519297321114
-0.008366806453199736
-0.010459440068804447
-0.012694665483462248
-0.017671850042557613
-0.014112668145852896
-0.017521467753799657
-0.015018730628601186
-0.018196632161004585
-0.01611383015261009
-0.019326663148466247
-0.02006703636401214
-0.018172173080196793
-0.016677228759287874
-0.018397321007015972
-0.01790179511461063
-0.017407693664379605
-0.01665958902198468
-0.016033472780736267
-0.01446043021186326
-0.019180692285735778
-0.020222969691064997
-0.01202371073935285
-0.01585959091807783
-0.010677582693712268
-0.017177100131606778
-0.016270076890773127
-0.014217497870644816
-0.01845741441810331
-0.015019966282715643
-0.015818703672146574
-0.015206028087354448
-0.01025067037884332
-0.015199790243456492
-0.012847742368205215
-0.013205803967806332
-0.00604963731757575
-0.00463520851427921
-0.009094058828017696
-0.01063371547207488
-0.004954925557245793
-0.007749242938384954
-0.014955938810830892
-0.015523209163473804
-0.020024486451918608
-0.009564866938946303
-0.01709083648713608
-0.013993278392739214
-0.014795037319273197
-0.018386040493971263
-0.014355873814597218
-0.018334645637196532
-0.017347240326482882
-0.013801432266657716
-0.013800406297121572
-0.011280940026913714
-0.013920974355981445
-0.01612838582398545
-0.015552071651510672
-0.019161635131354767
-0.011977195887803231
-0.019392533875206525
-0.01809021247533803
-0.017680800752374003
-0.012250581916035234
-0.011629989381107856
-0.012490383403863494
-0.012726726805120662
-0.00915661329590493
-0.010531933265085867
-0.005745768664636467
-0.0053502829561696795
-0.0030486751936663306
-0.0015292134493130444
-0.0055308047194861775
-0.0037023807647686598
0.0016483746661302668
-1.0
-1.0
-1.0
-1.0
