-1.0
-1.0
0.035179805818516166
-1.0
0.034803641644992264
-1.0
0.024353099613438425
0.030843430891737737
0.017856275430885426
-0.005927808721518458
-0.037475479546515124
-0.020507656838341364
-0.027329897165205515
-0.03765728892129312
-0.0378800411698195
-0.030982753513750176
-0.030626528834685522
-0.03081818275139627
-0.02595644719886241
-0.02162196204780763
0.0110355161761378
0.02582948623874597
0.025137195587707044
0.01936874788666994
-0.006478368191911729
0.021481785909302845
0.029532491749422084
0.025080402971728945
0.031960385712891615
-1.0
0.03090879236307423
0.0008772147305591497
0.020552444957984334
0.0332495150219599
0.0335211988366824
0.03715121669434307
0.027951465175212208
0.038112601954236075
0.03899819288032104
0.04131106727249986
0.04149583102592135
0.03767180451865742
0.020461498991823302
0.00685041999701884
0.01758442247961048
0.016230333283703727
0.01825968358219904
-0.0022019980459053027
-0.0058647681205277495
-0.0023474982151271712
-0.013116039673520742
-0.035699733980222935
-0.025766140398696263
-0.03256540978365152
-0.020464875939299798
-0.014090011250563732
-0.009539273506870368
0.02047339546969218
0.02747822655412494
0.04075268912871151
0.040074063303274086
-1.0
-1.0
0.042130517959498084
0.04628529058023403
0.04468932008534805
0.04299106727704255
0.04379450984768615
0.032378150355692616
0.016194858655484146
-0.013566817954012019
-0.029968541462773782
-0.019874704050206055
-0.015413612451434895
-0.007007534716080585
0.007761945835764089
0.023109995212637468
0.0385001133611157
0.03528332947464374
0.03877188852532193
0.03953985695972657
0.03257354537389681
-0.006828559823334168
-0.01127278247011062
0.017140406925785577
0.031178950979996126
0.03250279508805877
0.031166225425015966
0.03886655951492632
0.04003534025307915
0.040448323589347426
0.03824470168813631
0.035599710203607575
0.04084289097037547
0.03768794688785818
0.03806906475589633
0.0032989967647078684
-0.015571283879305916
-0.019824761293677745
0.0004137310689106193
0.01858879429561178
0.027196627990186694
0.025300540424364172
0.014709257682430872
-0.023846166447928783
-0.019570673771246997
-0.009494516255216258
-0.008381421427744123
-0.01716593354881837
-0.009558904981348412
-0.02542460940108373
-0.031870388336282036
-0.026093649833170227
-0.03300425362552968
-0.024925974129988007
-0.022268520620484514
-0.025152124908505446
-0.025957679863240872
-0.02530673650984445
-0.03458174327121229
-0.030607511294124114
-0.033141373897231034
-0.035127761601336766
-0.03599740159855772
-0.03905810863556256
-0.041549687114047676
-0.03878519275448752
-0.036911857161430535
-0.03633482048716395
-0.03485984064303906
-0.03288812159198893
-0.031735594681953805
-0.029778357437267054
-0.030213486246787845
-0.03442995423648757
-0.023600141918583454
-0.024653532253660203
-0.03016552980064643
-1.0
-0.02599098937401893
-0.02989219071080438
-0.029553623411978272
-0.0388596455713495
-0.036328599389271334
-0.036044393840143955
-0.03450498537206313
-0.03908648926647476
-0.03295619245840431
-0.03954598791418577
-0.041350237253062465
-0.045651921799800974
-0.040346003456068556
-0.04386741664579609
-0.04433660172601799
-0.04161031998032411
-0.044769474717473556
-0.04022804743041382
-0.04354932586991994
-0.04362345030486984
-0.04318343193281281
-0.04745931629288509
-0.0460844351174472
-0.045470436276925576
-0.04511748787781171
-0.05202218889758473
-0.04122371798612496
-0.03630513530907464
-0.03657634146854263
-0.022825748252003217
-0.013901290514162043
-0.010038187936862158
-0.017164235492354036
-0.010840220047577422
-0.015812145355040944
-0.015246267067789176
-0.019011273370954075
-0.026428692301668017
-0.029621847289691278
-0.03169504579440793
-0.03037715508861231
-0.04005615572383473
-0.02982754611396133
-0.03278236249361946
-0.03195414620025039
-0.023767406608489767
-0.03667305527703781
-0.03674163228967636
-0.03102013211789755
-0.026479729377592003
-0.025525404478591265
-0.029782050135053938
-0.03324320258001223
-0.031777117373140804
-0.030806324918185284
-0.03431272378276094
-0.04107668356843286
-0.0394066433374739
-0.035565458638912334
-0.030148721953470254
-0.023276396954389742
-0.02928779616321518
-0.039894060871674374
-0.041547682136210795
-0.03391396853570681
-0.023298699140258856
-0.020420401599191344
-0.002275788634999291
0.020172600506088288
0.03643783408607788
0.036897037889128376
0.041755831693814374
0.03798945584636233
0.039765293961036105
-1.0
0.042782069489430447
0.041920471832679954
0.03601664018598595
0.033327517004646964
0.012729977292165665
-0.003217451170494134
-0.017322326249572077
-0.022597187139393862
-0.02743820741900536
-0.026003947683869818
-0.030957439481791915
-0.0223373579386374
-0.02092644361404217
-0.02867126846170177
-0.023185568917086712
-0.014638170828493167
-0.0005897191227192028
0.00024441487210418567
0.009228553371985656
0.019691467960092485
0.017303174720963512
0.01083238125073229
-0.0071376648097502575
-0.006614775354052138
-0.01666360890440571
-0.005997131870838356
0.009793621080080146
0.018523388320092163
0.025406967453046537
0.03205482077275268
0.04124610501342365
0.03943799541138425
0.046687674846253975
0.042027384445645646
0.04111803586163107
0.04209054399030028
0.04353531981523048
0.037621552349582775
0.04231425173163658
0.03851187228720295
0.03523076836727787
0.024192689603555563
0.03274515168946362
0.024253255650055282
0.01297238131049284
-0.005025426033798026
0.001721774238270554
0.005936763093773117
0.026761803798858952
0.034762173515916185
0.04044823153443552
0.03474668878027306
0.026031508269481963
0.038766668236558215
0.03224162341342139
0.03249839804999124
0.03623643021197397
0.041125401535058205
0.046415960853140016
0.045597153253803126
0.04457330460543825
0.04546875187029418
0.04384610695906112
0.04523196261055477
0.04227016845676248
0.04619296438724541
0.044122369122348334
0.04343251854900388
0.0419063994342884
-1.0
0.04426118179466791
0.04665019767442414
0.045138567919862115
0.043844638294549064
0.04341353332988836
0.042431043629824805
0.040337082553444974
0.04278782497647245
0.0420095536966425
0.04369117438020637
0.04255632215478701
0.044105264646654596
0.04692331033442483
0.04404392685137268
0.04548664309680712
0.04618732455456433
0.04112393844143407
0.04533135422794618
0.0452633027239582
0.03980778642681164
0.04465897901991335
0.044369787433508855
0.04445648737105565
0.044422024227010894
0.04105491208870127
0.04489716919475926
0.04406736653610632
0.0417490057057465
0.039029749873370455
0.04073157425140893
0.040886949321597275
0.025115481887298043
0.02636398336518802
0.013688453902921047
0.0016985312466595039
-0.011969507016963395
-0.009473400607688967
-0.016672214182404433
-0.0061352079006471915
-0.015443167580626251
-0.02315285821598068
-0.020297952807750638
-0.023731378352929572
-0.026561192127419104
-0.018971377444087834
-0.006404597999217297
-0.004538579520213673
-0.0007207748619002072
8.600861372611148e-05
-0.010723060077632298
-0.02046305563346857
-0.016442759824875877
-0.008881700935567652
-0.003222097201291733
-0.0013301178161527958
-0.008732251036905496
0.0022294572545236936
0.007400232413161418
-0.0016609457940821644
-0.005663505845590972
-0.0034008406544916293
-0.010016251023375142
-0.0009143106596200588
0.00013227121948705575
-0.013942227396668729
-0.016219789923675117
-0.016926458293571527
-0.01738945133374346
-0.02949255833464217
-0.015722018681869364
-0.011089880846466131
-0.009695927783886601
-0.01831591602341961
-0.021780026691331354
-0.02542071049784706
-0.0388296264699094
-0.041519954706035096
-0.038430862923766636
-0.035130391420366856
-0.03377428799052904
-0.03461751435453476
-0.03950020624565371
-0.0402046371351261
-0.03754022391733557
-0.037055710594128266
-0.03959502702139576
-0.04071644230815413
-0.03623330212415694
-0.02630660000730889
-0.022960356867722128
-0.0007995962418712272
0.017013336590442022
0.016639221943747694
0.024469308863729167
0.03517338402933207
0.040592547480144174
0.0441398100916516
0.041542616512698846
0.027283596219061367
0.03886526100786141
0.04759736709867036
0.046979147267518034
0.04853411665393405
0.049635160207266875
0.047305162729884866
0.04824234114886018
0.04952516417340813
0.048029565526134084
0.04247727187210308
0.04592722108844314
0.04360981970665025
0.045479644212170794
0.03533365153414228
0.021959948697686058
0.03260677068733484
0.02523092792200067
0.02933569544350753
0.025497228154916847
0.03205218524605271
0.03482035946011798
0.03182491671786681
0.026067004041279318
0.020282595778441218
0.02742331510712873
0.03504348402490631
0.023779466552258627
0.0070428753748846456
0.019183251516541395
0.020292483568879274
0.01539605097875776
0.014104620482233684
-0.00628454519605609
-0.01659004419248179
-0.017101129889650884
-0.029513855272280017
-0.029895031727953453
-0.02576695780870478
-0.03543347143963151
-0.04280710324050351
-0.04205792653486948
-0.03363735507182095
-0.01794507946815507
-0.020013531797677765
-0.017702475639165535
-0.010664198265561323
-0.002631978530803504
-0.004144445392181724
-0.00860885310480648
-0.01720807979318746
-0.0060486323433397255
-0.012454675944105336
-0.01926775646061927
-0.006470972304649666
-0.01540774933917462
-0.008708320080181995
-0.009608580596549085
-0.004535209372740412
0.004272902606104692
-0.0020421911994550667
-0.00935775894924191
-0.014425545909699038
-0.02156913985729489
-0.019624928625913717
-0.02340835085751687
-0.01807806913670953
-0.012683121454348962
-0.0025061735140586468
0.006650143364542737
-0.009873849736378651
-0.01671658966640556
-0.0020506829328102633
0.007340204958305376
0.007870684951100644
0.01582398216904431
0.014124373187299998
0.006938515643158226
0.013992799387294164
0.03519664993988402
0.03880982278214192
0.04410445181186062
0.043908918917910204
0.035014385746653116
0.02698106799799297
0.027952998110019424
0.020459718752330144
0.01390456904581421
-0.008337157985081126
0.003090814140707938
-0.0007463739727744128
-0.0010370888630703498
-0.009681077463791979
0.018673276113987208
0.032145398354105355
0.03251291245519718
0.034446453254120435
0.035515802058460985
0.031094056539370293
0.03619640667543685
0.037940748146558456
-1.0
0.022278028156329066
0.020061602063276333
0.03163501205466229
0.04076175166572121
0.036612832202607914
0.04305621346056681
0.04145508985086604
-1.0
-1.0
-1.0
0.042183159472607125
-1.0
-1.0
0.039777475088727816
0.04033248222212363
-1.0
-1.0
-1.0
-1.0
0.041662528044449955
-1.0
0.042256741414783326
0.04106649843580284
0.041313687063003056
-1.0
0.042277423134516615
-1.0
0.04179295663852622
0.04392590851698541
0.04898386180726685
0.04488574513287847
0.025008225580948316
0.01986343812601168
0.034090920252799056
0.013746710930512999
0.02376434634895677
0.0362042597044699
0.038541821997196204
0.03236858594290515
0.03531423631267335
0.044146525692361174
0.04100796617590558
0.03696988992151907
0.03464373241699105
0.03839953025458608
0.04136113857897193
0.03710234492854583
0.02563030854819444
0.019533142701433203
0.019447944425225256
0.01802978390093336
0.013680857752189834
0.005135207832389793
3.376878937048919e-05
-0.009133938031784465
-0.003302450426533278
0.0092342851385997
0.013954533624959756
0.014598544906603405
0.0007189326976988378
0.02316441205653033
0.03389258191304659
0.02386301564945462
0.011093745946523384
0.00413429381891625
-0.00460725906549888
0.009320445655928595
0.037699969266877485
0.044070011290219986
0.05020205923226109
0.045920913855691047
-1.0
-1.0
0.044562967871782225
0.04271433451138805
-1.0
0.045260902483106984
0.04633018869493072
0.048022869730108414
0.046411162176375094
-1.0
0.0374254544394932
0.031942820058487066
0.023597065160327394
0.02857831237682686
-1.0
0.028628907090744796
0.021317263815108584
0.026692705824414076
0.023557157221777765
0.018209198292312614
0.010754288297788536
-0.0007741948526236802
0.0005643023736182452
0.014155352959239902
0.02087071550146512
0.02111699922816412
0.032835277225947236
0.030519463591635675
0.03813667631179359
0.04153624730848212
0.040602726516318
0.03556895115911747
0.03681680034665513
0.04262885924356489
0.04123258675540443
0.04121157074405241
-1.0
0.03378475913196633
0.040666881684132676
0.04176950245250561
0.04061439640157282
0.04327459844860558
0.04021969450371794
0.04554317665303829
0.04209972632985927
0.04144252349057019
0.04134299608524873
0.04223797879806183
-1.0
-1.0
0.041829843752865165
0.04378750061308831
0.04162848455658699
0.04241396185343532
0.045051793359946316
0.042840686817484354
0.040445312182242975
0.038786173084740784
0.039574542423278736
0.042879982320442635
0.042056022120961004
0.0425582646524117
0.043310644304862804
0.04089950692568548
0.041956695721047564
0.04404432323109214
0.038080094008481155
0.038157938831626756
0.028460595448918075
0.02389752648796741
0.02025887331467503
0.029416990978329286
0.0324486638218783
0.03448447483135754
0.03960623118656826
0.04172605355473453
0.04592879732363186
0.04436632367514954
0.04438391642389196
0.04537665679574097
0.041543251119934475
0.04602917759928763
0.037409059638688964
0.042837694266811735
0.04294330898929366
0.0432603387576225
0.04143480208222693
0.048208190002179324
0.04766330762163605
0.04474261620470187
0.04381277305425012
0.04656351934955838
0.0459840456461325
0.04009156114892453
0.0379246208670612
0.03201187934989815
0.034258045116083526
0.027726941637525974
0.03229834519376289
0.029307860771661483
0.03204651596082367
0.024243777208661128
0.01620409433662374
0.020023833077668547
0.012841258522503552
0.01345087926392194
0.01683878320730966
0.028946240396987205
0.02948255198385741
0.040892523484821815
0.037832507961892387
0.038616287084519745
0.021030575703398557
0.03462238816600752
0.03698965312839562
0.027863778201604975
0.030911231763206693
0.03411410126117408
0.03583768938204165
0.01951922842741068
0.006537903627717265
0.0248709808041259
0.0350841864040215
0.033525249406720664
0.023073464013673772
0.03904896350035204
0.044473200969396054
0.042205980759274044
0.044002971033065046
0.04180100829516136
0.0467390528225844
0.043384511252723995
0.0393832633520471
0.04536441133132856
0.04325392681473847
0.04189404461100729
0.04372325773464095
0.046320050844489646
0.04851617652670285
0.03963379004955007
0.04025930967741299
0.034096641447956585
0.022809490850356287
-0.008307775291016178
-0.03482430411096916
-0.04674160719426618
-0.04390926156913615
-0.04037900732280842
-0.04251069751409573
-0.047023380686227856
-0.0426365852391573
-0.04273830892006707
-0.035030709179565335
-0.03566209913990966
-0.03872011531671678
-0.04267946916690002
-0.04791389536026436
-0.04847892757515634
-0.04625466024109918
-0.04414416585528247
-0.038551813253979085
-0.044941380933421725
-0.027465721248316376
0.0010817599052079505
0.028165610251659156
0.029006308369605154
0.0405657279205502
0.037695976747421533
0.025448199765890536
0.02543156370503957
0.03186239985895641
0.031969746099590586
0.0328173925099667
0.02978377744401726
0.007352066776533562
0.01656407719091355
-1.0
0.040498332502704924
0.034832968380223525
0.03132636400565443
0.023921289825166156
0.010516014057435713
-0.004657896235267658
-0.014916020045020545
-0.003008539115197147
-0.001500950987457603
0.002354217727285732
0.010832256963058052
0.029479740037005805
0.019387533120528815
0.026711720992005937
0.014096926319943788
0.02222942369592014
0.020706285243394264
0.026000732806590956
0.0329587424764118
0.040168869596083664
0.03622073611424784
0.04392616855748407
0.04353469214632002
0.0413596888829012
-1.0
-1.0
0.04434092054728569
-1.0
0.04121712595211731
-1.0
-1.0
0.04327492619319006
-1.0
0.04049889523470861
0.04392470974505767
0.04374687114150701
0.04620741558333361
0.04547503688231579
0.04601624234633776
0.04688187943442935
0.04412379490315778
0.051198847572647484
0.045015818318269375
0.04589866558183375
0.04327372665477185
0.047938781273814
0.04745174150743961
0.043213832792157
0.04729958881729055
0.04648935804728893
0.04411077359079301
0.041235258510287365
0.03512183911034545
0.014273285888134373
0.008137899807682071
0.0010188799455353769
-0.0169736381486966
-0.027773293310836028
-0.03569450219685522
-0.03557783825032737
-0.026986113094522004
-0.03504032090352653
-0.03294388152126321
-0.030833627314348567
-0.04170528115324972
-0.0407322901336647
-0.03409117482451805
-0.018520303565536925
0.004132922998614185
0.03062953816456074
0.043281384536984456
0.040874182023749234
0.043357937475131156
0.04487670868099133
0.04618726709533846
0.04222079906702035
0.043735236997576206
0.0470686757850647
0.03886895252449239
0.03972543795007651
0.02577730037722105
0.019048606094687042
0.023752407971345868
0.02784103531249545
0.007620531359556828
0.0010591494019770466
0.013187972935263482
0.0204276890472231
0.0208220529564693
0.020308757340397478
0.031092857248434816
0.03299657010756103
0.03763178492333851
0.03803493855116247
0.019379199052100258
0.03664600609074182
0.04156174860235483
0.042683615843664445
0.04324220262085161
0.04035146157258458
0.037397677329219114
0.0453759876264838
0.040310034377118845
0.045040659608014975
0.04320157120535024
0.04505727667778981
0.040439950084732355
0.038229472627605336
0.03428344311565536
0.03521021056571827
0.019521265685838396
0.008183184939899476
0.010054112979549246
0.004982750699212032
0.01964760205960406
0.01407213689541434
0.023773950455334484
0.019352690015189147
-0.016761196591362108
-0.029620011258735975
-0.026129592150076788
-0.010819190240067516
0.01733097526900105
0.03236979702415154
0.033069745836898604
0.025183543493558273
0.022461195445586866
0.031136509604868672
0.03997900414574249
0.041925258925945334
0.04201135489043478
0.04306455381471386
0.04188673639745462
0.044795402427100756
0.04342567730824881
0.04008690375081663
-1.0
-1.0
-1.0
0.03928443568427673
-1.0
-1.0
-1.0
-1.0
-1.0
0.038695931108562814
-1.0
-1.0
0.038387531563344776
-1.0
-1.0
-1.0
0.03914824390163222
-1.0
-1.0
0.041940597509799143
0.041195036919614174
0.042308129436084446
0.03938721402904959
0.03559602698000473
0.038856977069554245
0.040676661696829534
0.041369656395916096
0.040070802210581555
0.039157226490302004
-1.0
-1.0
0.0385634933729114
0.03509682325161659
0.029967092306124175
0.03667559930651619
0.040461874893871264
0.03572725590810044
0.019958920393575313
0.028071179062633133
0.02636607690071836
0.023908436316820273
0.020006546788553365
0.019345669251728904
0.03182438668457748
0.026491479732514804
0.03255664840012691
0.03546174718958695
0.03415864535106591
0.03559629543535222
0.029465486569162556
0.033261136712987985
0.0319019738761746
0.02323468693253044
0.027100519211332632
0.021198346072008614
0.003626647446478534
-0.004582504679284668
0.025905486328644013
0.022131510379590123
0.01798930556527708
0.018184748635451733
0.027132613389351905
0.027634342822665154
0.017268191748991517
-0.023430079128912373
-0.022346274713459485
-0.01915502740699682
0.004328379151874994
0.032188673360984986
0.03888377189239862
-1.0
0.03616963429833654
0.039507252931182395
0.03270397302910645
0.022279700093202306
-0.0030117916596283066
0.019936980067920062
0.027336174741319486
0.028135509200077572
-1.0
0.03188340437003835
0.02809361916700432
-1.0
0.03621566259224713
-1.0
0.03718670052127239
0.037697282322495015
0.03524893955283521
0.03276188426316757
-1.0
0.03564552314401544
0.03228404661438902
0.03390439918836479
0.03637607641167823
0.03363409983373296
0.03486944290545443
0.028444165999401177
0.03155384398849046
0.0366747654520639
0.03682788811566024
0.03523956985333164
0.03214589538497492
0.037402446478178426
0.038476826936181215
0.03319903636210978
0.032045162631417205
0.03440944483962882
0.03199217626249566
0.030667405635912633
0.03192903997015889
0.032059884472489315
0.034753603404432794
0.02368462927724722
0.0261209350581508
0.026357272958117062
0.005300721661437827
-0.008298682494814148
0.011394577926258411
0.024622164751002974
0.029930631795975784
0.026881750327733742
0.02681481789983232
0.029983834380837307
0.03276228687700037
0.028686854077830688
0.030635940403884482
0.026763649475694647
0.024365619124498618
0.020300923670090714
0.006622912528905802
0.0021668583451450894
0.008445221048352904
0.010887157156178258
0.012075742488844821
-1.0
0.01733091214108173
0.016275921265826273
0.0021645598667504144
-0.02511491414962696
-0.029549898654326345
-0.026657435225428003
-0.02346964815651665
-0.033077055674322266
-0.03165458160167213
-0.036519616715836284
-0.03397285068944737
-0.02659160238403465
-0.017939426696654055
-0.017094694629096383
-0.00917880999349999
-0.015356406821234323
-0.021251581920317734
-0.01988837579232141
-0.020522063081632663
-0.011239152779736136
-0.004692609485074546
-1.0
-1.0
-1.0
-1.0
-1.0
-1.0
-1.0
-1.0
-1.0
-1.0
-1.0
-1.0
-1.0
-1.0
-1.0
-1.0
-1.0
-1.0
-1.0
-1.0
-1.0
-1.0
-1.0
-1.0
-1.0
-1.0
-1.0
-1.0
-1.0
-1.0
-1.0
-1.0
-1.0
-1.0
-1.0
-1.0
-1.0
-1.0
-1.0
-1.0
-1.0
-1.0
-1.0
-1.0
-1.0
-1.0
-1.0
-1.0
-1.0
-1.0
-1.0
-1.0
-1.0
-1.0
-1.0
-1.0
-1.0
-1.0
-1.0
-1.0
-1.0
-1.0
-1.0
-1.0
-1.0
-1.0
-1.0
-1.0
-1.0
-1.0
-1.0
-1.0
-1.0
-1.0
-1.0
-1.0
-1.0
-1.0
-1.0
-1.0
-1.0
-1.0
-1.0
-1.0
-1.0
-1.0
-1.0
-1.0
-1.0
-1.0
-1.0
-1.0
-1.0
-1.0
-1.0
-1.0
-1.0
-1.0
-1.0
-1.0
-1.0
-1.0
-1.0
-1.0
-1.0
-1.0
-1.0
-1.0
-1.0
-1.0
-1.0
-1.0
-1.0
-1.0
-1.0
-1.0
-1.0
-1.0
-1.0
-1.0
-1.0
-1.0
-1.0
-1.0
-1.0
-1.0
-1.0
-1.0
-1.0
-1.0
-1.0
-1.0
-1.0
-1.0
-1.0
-1.0
-1.0
-1.0
-1.0
-1.0
-1.0
-1.0
-1.0
-1.0
-1.0
-1.0
-1.0
-1.0
-1.0
-1.0
-1.0
-1.0
-1.0
-1.0
-1.0
-1.0
-1.0
-1.0
-1.0
-1.0
-1.0
-1.0
-1.0
-1.0
-1.0
-1.0
-1.0
-1.0
-1.0
-1.0
-1.0
-1.0
-1.0
-0.041756939933112344
-0.04218112007923973
-0.0419590898778137
-0.0389716338361163
-1.0
-0.0277129367262406
-0.004850311293502541
0.009721030473364962
0.01572125081005696
0.01765713294474534
0.013224353577568867
0.010281222323347886
0.01645094158639153
0.018518051239548312
0.020556283331359334
0.023021302471760995
0.021161160322183247
0.019108029443831526
0.020612666085237374
0.013148434667370281
0.006470819042819365
-0.0038262019144002534
-9.813323463348414e-05
0.005426930038753187
-0.0011720482777806784
-0.0013222766197242628
0.002493106772056041
0.006698981327733184
0.008343576429276064
0.012942990417465909
0.022675412301179584
0.02242130367171515
0.02091818851697314
0.021867361457731268
0.02237615530214807
0.019642136046850757
0.023318238038381497
0.022643095753390404
0.026589434181866673
0.026983912979193343
0.02706178472185521
0.025162172161536375
0.02699526980023172
0.026358684206854412
0.027369273863170628
0.01977826637329997
0.013271818828223642
0.012589915761957888
0.014558208685110353
0.01564990887254893
0.012430619139809682
0.012663291568690482
0.014849255642898948
0.01490773983933726
0.017457814952141125
0.018465251822733533
0.011252911386555072
0.00898800335760173
0.012729733460855455
0.005012852591821438
-0.007723623233105868
-0.015516527722050234
-0.017867946967196326
-0.017105088301466044
-0.02298487770503809
-0.021940371117363095
-0.023931830144928137
-0.026135240906653277
-0.022227883626105754
-0.024610827488308028
-0.025542494281220463
-0.030393373936550793
-0.0256181807885744
-0.026391960619282964
-0.023104440577400808
-0.024047873040263755
-0.024048289086337753
-0.017606553125763126
-0.014323676138357064
-0.007306955326794855
0.010390191800503205
0.015860979068361588
0.01701715030344247
0.018053786039213506
0.018523838199540617
0.019853325715296
0.022306134819204036
0.023668256007052108
0.016179282904332442
0.01922628795439366
0.017259901087187505
0.02011222772678805
0.029487892378000743
0.023504454486710912
0.023468245537937395
0.024974654310114218
0.02179561898220891
0.02442781847320886
0.025790242451592185
0.023088764964899682
0.025145317674018057
0.023968401654403424
0.018037703468647297
0.017870199704817066
0.01694368822882377
0.02498902812000713
0.025982227996178175
0.026106123261274403
0.023403892603494084
0.027314909711249735
0.022870800418179342
0.01910601521672233
0.020297987637950092
0.02148905753990861
0.024239024826833003
0.025654915944761113
0.028496838833956376
0.02862077158857945
0.028121398394314146
0.027264668591409517
0.029606308255787302
0.028723101515492705
0.027393350604276195
0.02905727759438242
0.02396513863395804
0.027638747310682884
0.032203187695618175
0.026600217261614996
0.023763107617172857
0.024044818682581296
0.02865595148244542
0.025881961524540923
0.025755069098894058
0.026581962922270674
0.0304594760850481
0.029231364852536308
0.027714851976760393
0.02789157498896916
0.028389773085945365
0.026385398023946217
0.026700225234713788
0.027767639724454656
0.029226079028333397
0.028811815756352294
0.029145677417131203
0.023746785314997618
0.02656814541347473
0.027690272161058946
0.024099842597260265
0.0260090186668992
0.030516624088482554
0.024456380906023714
0.027471310849221817
0.02536410588681312
0.024239114364580375
0.02454730292844041
0.02776716330425328
0.029705256671789405
0.028882281763689822
0.0310944903472691
0.025519669103243346
0.02244552184054899
0.024162613225037242
0.02479934911999687
0.026550348269110895
0.031214806181216772
0.02986831783200292
0.028822355208082295
0.026164914515871593
0.026777313041896584
0.028566284092647526
0.030808622328237344
0.026629267807399278
0.027487944437105366
0.024761336428759825
0.02616661863407512
0.02514080246198151
0.022485877268873296
0.02434348305418094
0.023744679068941753
0.025922947992671325
0.026106617410478716
0.026085540301621104
0.028872950256871047
0.024422880562772305
0.02420031841605078
0.02240824003967686
0.020769817212164816
0.02381395908287446
0.02007793140427395
0.026688542316618196
0.024658367628735904
0.026020875032189347
0.02195029524843162
0.016807845992538203
0.01800528327138512
0.012782996740412231
0.008057801456573734
-1.0
-1.0
0.008365342120804534
0.006878835088728331
0.006104345232395416
0.008922053389426626
0.011710526609402507
0.022550485046212914
0.02941358182653583
0.026196671164019473
0.02628180531250458
0.02596358960797278
0.026791253307521745
0.02254991743415448
0.01789104534943949
0.02129460548277268
0.01892747358567783
0.019277762037113223
0.022914068737658017
0.025621868652414205
0.02826351964643453
0.030909699113802046
0.03038762597352423
0.027905757333953018
0.02467175320283955
0.025069977222614167
0.02550418907157559
0.023879326258359496
0.01904950198232096
0.022260750258788008
0.020897273891919716
0.02286677658326539
0.02654997653738825
0.01784142145283497
0.017640601488423824
0.021469482267354158
0.029887588828458624
0.02874877819247466
0.027383747877267186
0.020362981680819806
0.02820024535693135
0.031151915755650874
0.03140280931398237
0.02791301841417633
0.024560278666976267
0.01810998739621518
0.012847637560661233
0.015451453396703334
0.01727080038131317
0.021955793667951837
0.02250147379200347
0.014957550862352342
0.010329587350733907
0.009277321073216835
0.00990412842519424
0.007079564957238131
0.012236057709144993
0.020009677451906495
0.014388821927047435
0.015897690469678583
0.014509203239995171
0.01894899580923798
0.01955820563579367
0.015591580426293387
0.01719736321522949
0.012018718823142375
0.012468216853407186
0.012294719733989734
0.01993147826183122
0.0296599003561737
0.028260291903916344
0.026222154475778928
0.030663117866872026
0.030288750110415468
0.03199466943495978
0.033456993392130936
0.032377570985439655
0.030855923400762264
0.02401805346571144
0.031224951782209406
0.028131716499098465
0.021648358448794182
0.021018937188542936
0.01887740668884868
0.017149140397355468
0.026393586678806393
0.024200503250988235
0.022851050409749316
0.016203850342200347
0.009968824844921195
0.006383714783564345
0.0006545865466839061
-0.004310930213007299
-0.015395669498029521
-0.01861369259265353
-0.01952172841643997
-0.019180586364326305
-0.0208667126904744
-0.016042480208082993
-0.015274003560950773
-0.02223463523239833
-0.023641744411009413
-0.028218088939472776
-0.023678814007487427
-0.024208032766906154
-0.02197198289621197
-0.004119915375469661
-0.0007072385802198158
-0.003788113499586533
-0.010952854813840474
-0.013787852959617031
-0.025077600683074647
-0.03348525101545449
-0.038545628065279676
-0.04077289733198312
-0.043016758253723454
-0.04314627101246235
-0.04366297536925006
-0.03983906486747397
-0.03785957497486878
-0.03896722001401636
-0.04141915782798334
-0.04206849373195655
-0.04010859914312815
-0.03834704064552997
-0.04282972021432395
-0.04169088963700472
-0.04277613593614545
-1.0
-0.03992758553729106
-0.042448027466725026
-0.03630478069695159
-0.03904420885198337
-0.039770428011672514
-0.04195533212955212
-0.0370006184274742
-0.03798090148540353
-0.04086920569431913
-1.0
-0.03691004003200647
-0.03418159551433732
-0.03529713437326156
-0.031141632407555964
-0.02684969029018654
-0.03225517907157817
-0.032250714582899125
-0.036056889271872894
-0.03428138071379286
-0.0379280003424473
-0.03778443697729858
-0.038224556523784245
-0.03981737136738369
-0.0401114545113206
-0.039872157822790744
-0.03881077607603222
-0.03997402246954371
-0.0358186162912812
-0.03705340741763978
-0.04076970935648198
-0.03409505115015699
-0.03416291973737964
-0.03994812870248223
-0.041137914832881234
-0.040669716080863755
-0.04109951344327545
-0.04064509908963682
-0.040299733553596465
-0.03929373217747673
-0.039306201288053906
-0.03790799634454847
-0.041153365425807734
-0.03876851795725349
-0.042634091472563376
-0.039237052401508855
-0.03994226273646008
-0.03779186959960972
-0.036395113564860686
-0.04079004034080934
-0.038224471575195554
-0.04106443759679237
-0.04228837333536682
-0.04239682576920661
-0.038196883952497436
-0.04038167737880352
-0.04162661692144182
-0.03947036738406837
-0.03943716675370578
-0.027942184479003793
0.001546890398952447
0.013129053594461664
0.013490003866853631
0.011625378824777634
0.010198763996162975
0.007145005809589967
0.008903946102389043
0.00427083525517229
0.006388752354315135
0.005105966760009845
0.010336139056361096
0.011314510076616399
0.01452207072506274
0.014901565718767695
0.00957356040219212
-0.008199302261975008
-0.01000931204860385
-0.007182567142514667
-0.009749877571607897
-0.007910596943085069
-0.006938404576608363
-0.012623793105905553
-0.02096534483720346
-0.019481517030260853
-0.02236513759389891
-0.021866543164174544
-0.03186815573250861
-0.03856818860096756
-0.03460351182997079
-0.03908139260743
-0.03598572346549951
-1.0
-0.04469129903248474
-0.04375538394539514
-0.0449140656365349
-0.046328791669689805
-0.04647460065632306
-0.045396403643966715
-0.044794306728500544
-0.0452895889782511
-0.044164744434682164
-0.04159823698115464
-0.0453647158594333
-0.04038279733748051
-0.044426210294129125
-0.04196729525422848
-0.0414004515973667
-0.04319379262084723
-0.04496464586246257
-0.04069022556977138
-0.04153607273758652
-0.04274990587295809
-0.04278484183707788
-0.03911676618166845
-1.0
-0.04128825895022915
-0.039641184246686036
-1.0
-0.04137783574535828
-1.0
-0.040602240369272506
-1.0
-0.03901510565703927
-0.03946605825346211
-0.043969418825358396
-0.040130963599996725
-0.041673846286734824
-0.03855638997855632
-0.04092659097019253
-0.04311514353248866
-0.04156661820641611
-0.042033764410637095
-0.04220083269348622
-0.0412530868291697
-0.04291495986547598
-0.04079674233374559
-0.04306745425947458
-0.043141568216589155
-0.04210973516807069
-0.04160085541829115
-0.03968365355580341
-0.043316522554812185
-0.04235931675108671
-0.04279716076737901
-0.04398532184239527
-0.04499798018091439
-0.044636917204739134
-0.04396300771930463
-0.041229063304361005
-0.04500349004585459
-0.045461922294134614
-0.04634705233723686
-0.045033947453522065
-0.04504056365272865
-0.04428629916367317
-0.043812931382462526
-0.03866877899605854
-0.03551266270050678
-0.03496112019718002
-0.009992392803246607
-0.011095977263437362
-0.013001581307059775
-0.009315754772808639
-0.008033472732075131
-0.0038133168569467507
-0.00392478939742836
-0.004677095823915594
0.0012618911344726483
-0.001734749251376617
-0.0011953087446514533
0.0014942265903889398
0.00043292258356068965
-0.008209958452501522
-0.010294330076941891
-0.004368350260026117
0.0034954921266018486
-0.00041243411155584886
0.008922080363265746
0.014682307235252096
0.01360888595879283
0.006852948074590616
0.0042482667940355
-0.005090506041773885
-0.003961930701813887
-0.0001660555526280584
-0.0011907039660587527
0.0030301984877403256
-0.0008634029792518609
0.005069200484256836
0.010501861645790589
-0.018406654681777934
-0.019327985081670093
-0.021285581024691625
-0.012624205006129931
-0.01971185599334928
-0.020717889475287493
-0.018457471548198327
-0.019711055431080347
-0.017604185578547732
-0.012907302174022191
0.01473019876727239
0.016846009061726182
0.02204616649867136
0.02048639332750189
0.020047710377248406
0.010584599503998536
0.0026842061450699835
-0.0029416133620861814
0.0002903903774965412
0.013208987339795213
0.0006574240045462405
-0.020832826152810954
-0.025926562613367465
-0.028278428822825552
-0.02780090448564572
-0.01873103781898073
-0.005372422424536591
0.005340091202796874
0.003941879440079737
0.004680387139553317
-0.003243090906561663
-0.010325816604175184
-0.008375987526087642
-0.0070441881037431224
-0.009096419744775075
-0.027340683746345778
-0.03693103591556796
-0.03820198135749512
-0.036078188980478085
-0.038260535236154206
-0.039753851789306786
-0.036716176080633586
-0.03077137666091293
-0.022506697454414512
0.0017636884836414266
0.0020462741693982314
-0.016486239330540827
-0.010801184884416904
-0.01912049045096878
-0.034969146304301625
-0.04054326063073262
-0.042982434778826004
-0.0411498592415777
-0.03985517942251184
-0.03813054963197252
-0.039822887811898494
-0.0402015846624864
-1.0
-1.0
-0.03986755776227979
-0.03672969714784484
-0.03131162408869791
-4.3485459791467176e-05
0.012436125083421649
0.018715134798577164
0.020285082467338386
0.020607004802980815
0.02098321455528044
0.02126658407165292
0.014729012508606611
-0.008758422454433309
-0.018481603783255644
-0.01976471919359452
-0.018572287898551015
-0.007354624538104482
-0.02578418128242382
-0.029283972747586463
-0.031066992672277926
-0.030396673645086383
-0.031822326214708097
-0.033476909996595396
-0.03559365995650007
-0.02992756330157355
-0.02558134960653471
-0.01976180611332751
-0.0025434173502679987
-0.005561823062711998
-0.012736701229811923
-0.027738728508176554
-0.02982784358413277
-0.031355407617041184
-0.0286900337786734
-0.03042413869297187
-0.022354893145212256
-0.023846155819306804
-0.03066136156954734
-0.029883190972730254
-0.02200118200580916
-0.004664658478307918
0.008593381714266197
0.0074246778395635725
0.005341294164396089
0.00039750666739762805
0.0017964627484968487
0.004656210881334253
-0.002720803632730019
0.003935045278527569
0.005113095259470773
0.010449981157624863
0.013761592978154099
0.00444305855669072
0.00262956786464587
0.00116125847960121
-0.0012645433636429093
0.0009049385951130685
0.006959958516571021
0.010114735624896433
0.005977216473076321
0.007109195512704594
0.010328547853009979
0.016373577021193922
0.01839829107819147
0.01772521956213446
0.02216708438039133
0.024763477782937145
0.022032042802232147
0.012703967643747944
0.0010010301298961116
0.0031882540770718153
0.006435067247452357
0.005508467377915493
0.010633188615811357
0.01382966118484121
0.014036549830748996
0.014071409411114476
0.01100938018129602
-0.0010322414811193765
-0.011224128192178676
-0.02098599685443161
-0.02985683310045971
-0.031153785777689964
-0.03131402462553233
-0.028565361163387325
-0.03302471232240105
-1.0
-0.03658220914609989
-0.038863588015720256
-1.0
-0.037934895617365065
-0.035890784209202796
-0.03569912194080687
-0.03798764351728634
-0.039297169836097656
-0.03690150343416987
-0.03917726709357157
-0.041354137494369676
-0.04115993345965813
-0.037186318642446536
-0.03637893303320284
-0.0379403410542497
-0.03554532709120508
-0.03753188591227669
-0.030111486304743605
-0.029924641198763743
-0.030968499358389842
-0.03259757670068919
-0.03539957392301889
-0.038497872205649174
-0.04026419729393089
-0.040023091596729114
-0.037613770099773465
-0.03914845572399057
-0.03707982051715863
-0.03660797401112471
-0.03119588130177904
-0.019950933605394024
-0.023618675729713965
-0.021171358053262992
-0.026123733751831645
-0.030570043716776234
-0.030558289148966883
-0.029844292600361824
-0.029425121906748022
-0.028562210332600788
-0.02795030213128575
-0.027910639399462797
-0.02260390384406627
-0.004245422435059271
0.006347374296290442
0.005853638858243177
0.012426020649196533
0.014150628480143642
0.021405241997177863
0.01722772351265163
0.021763467368053683
0.02306481510051607
0.020195146516318277
0.020704163452131826
0.019537623332642706
0.02541296196724548
0.024202553065267335
0.029536134816577745
0.026955421893778808
0.019872073961718913
0.017812103909053422
0.009126763502481492
0.011461066302239907
0.006746150571485968
0.009161046885926507
0.00946576210866012
0.011107587115111466
0.01485814781834203
0.021625958071739903
0.028576308436909437
0.027459203360148912
0.019693961934319364
0.027461595586138244
0.028651667322470504
0.027005516330624108
0.02318605029834648
0.020224088740920316
0.02418341813368687
0.020831173589086486
0.022598509058873364
0.024957973800588493
0.027619244162158687
0.023729337205957234
0.030209575713273682
0.03405531578889555
0.029093453148752772
0.0340645001849684
0.03080867697913617
0.034585076871420976
0.027187435695422254
0.03438818101208164
0.033047926938461265
0.034521775627920366
0.030831252304773578
0.02392527842940023
0.030048417950069056
0.029663708781361008
0.029238246070688773
0.03346065130587726
0.030000657765147955
0.03211726342812667
0.03027105219016772
0.029122861291858773
0.03302670794374872
0.028561483053653546
0.028077158876191
0.03118831545604571
0.0321810918253495
0.030380711660235225
0.028759326987241384
0.02627601827560637
0.024985213121211564
0.028948195480748416
0.02883307296944587
0.02718286636559298
0.028663650857849624
0.02734929147146153
0.02483504931048562
0.02627491265664503
0.03159455977339638
0.027087322289427868
0.027993335907522007
0.02909809903941403
0.028714900101714073
0.029899580093187505
0.02359774344517285
0.012912432916374766
0.012223839368989223
0.003959475320155857
0.0005804911209266126
-0.000481052279064573
0.005369245838249179
-0.0009878075395230493
-0.0030356922277954028
0.0030477567381646258
0.0011539502511566334
-0.0023484788504055765
0.00429599972493725
0.005378256831661618
0.018873037919094626
0.02463891912848928
0.020443589896349267
0.01697942466244451
0.017658241300241066
0.01886719763850483
0.021483605002139715
0.017748858967310942
0.01786038434421773
0.022810717766569198
0.0194810800121674
0.016682999950554306
0.012646691589248246
0.00776691487920226
0.004323686701482786
0.004425758652094342
0.00482378811723641
0.008693417632330691
0.0028722651874028902
-0.004904706769323988
-0.010106447158256702
-0.013475991569959715
-0.01015070123272056
-0.012515963405751876
-0.01194882288250608
-0.005418216041366977
0.0019178664274426933
0.004204514830347176
0.00311717015793396
0.007332253063306372
0.005934958545028781
0.0006145049103495496
-0.01367760776891883
-0.008429386653300388
-0.017771836194344342
-0.021746242115159322
-0.03531700562007766
-0.035876822316704984
-0.03897140102420087
-0.03565444068047682
-0.03686612541411407
-0.041686122632679304
-0.040032772980093084
-0.040026345224378625
-0.03678441711490974
-0.030997608044943874
-0.029782011674655662
-0.023450955499841705
-0.028491768758801116
-0.03407466553680527
-0.03872510676971716
-0.04100039445732437
-0.037828755779662375
-0.04052142617235029
-0.04186164683803208
-0.039626469657252854
-0.03945828188089032
-0.04157842608866546
-0.04114830789254332
-0.04056462821826951
-0.038382461740995945
-0.041772560754930334
-0.03832529921917685
-0.04158744892058436
-0.04062173452243272
-0.038146056921185424
-0.038665641970804104
-0.03905364082859238
-0.03920624993629383
-0.04227803538957428
-0.04192476822149699
-0.03981941307829728
-0.039863038565466365
-0.03975576300789872
-0.03698344302799737
-0.03969967726026228
-0.03731191271887642
-0.038984185493013586
-0.04112531246292768
-0.03873758839519103
-0.03924132390489605
-0.038068537418023074
-0.0390541550233517
-0.03988418520483422
-0.03912932365704452
-0.03724608849329698
-1.0
-1.0
-0.034880259356583156
-0.030545937509832338
-0.010711159153029245
0.013728130187728659
0.012172574152856051
0.011973032555162667
0.01189172836988266
0.010726017815999002
0.0061504244010280335
0.014375923805701964
0.01404672011298276
0.013495764416155055
0.012766875933174502
0.010339059738427919
0.010699514256250962
0.012363521506493738
-0.0006809588879105601
-0.01608452907542246
-0.03051306651084905
-0.03610388779625412
-0.03614094550560087
-0.037294145994253076
-0.03387994411363149
-0.031764242529208696
-0.01567202891339109
-0.025939867247836732
-0.03310884991878297
-0.02727592928085361
-0.02561268248913183
-0.02716874229735313
-0.028886814345871755
-0.03425575335659998
-0.0309089980651656
-0.019855307739879372
-0.03146129896475808
-0.035116904408361564
-0.03797841376868051
-0.03442681459830024
-0.03300757340263154
-0.033113575315791136
-0.03219482634934564
-0.03001945233105966
-0.03462389945499715
-0.03627214925136451
-0.034222156502300545
-0.034306170529081595
-0.04085918372331484
-0.039378034001680044
-0.039858787604066775
-1.0
-0.040074909475468865
-1.0
-1.0
-1.0
-0.03965162918333979
-1.0
-0.03579217298298872
-0.03522298925722772
-0.03537250446779578
-0.03980501624767215
-0.0390083431829044
-0.03482910233480619
-1.0
-0.038288707914065336
-0.03894118549462833
-1.0
-1.0
-0.03530542927368236
-1.0
-1.0
-1.0
-0.03520720195922709
-1.0
-1.0
-1.0
-0.03930267218485564
-1.0
-1.0
-0.036550104676781
-1.0
-1.0
-0.0380193270196903
-1.0
-0.03567222681881433
-0.03483110694941108
-0.03766463953873102
-1.0
-0.03613487594285459
-0.039648679178495454
-1.0
-1.0
-1.0
-1.0
-0.03907357569044666
-1.0
-0.04029791659593769
-0.03916184081280284
-0.03824686984481518
-0.03784236836509484
-0.03826579760372882
-0.038051919996419215
-0.0370095309496193
-0.039092567143385784
-0.04028118930036466
-0.041772595809123236
-0.042050131140286606
-0.04232037605559725
-0.040955608124377575
-0.03974201448062163
-0.04172444331400285
-0.04060020161199722
-0.03815691724230795
-0.017429320018063188
0.0012800755165324423
0.014046042998672157
0.015371678207046375
0.0061456595199766515
-0.009193998911394786
-0.021061974126394663
-0.03340235489939844
-0.03612325026023985
-0.03781429812232152
-0.038952390762715824
-0.036836668271438
-0.03855726396967184
-0.0406849912445743
-0.04042815437595926
-0.04114682899799614
-0.033381005419165444
-0.03080204419272675
-0.035776145817670954
-0.041399491719247554
-0.04055032466555058
-0.04031592069903108
-0.038554777153160406
-0.03936402827789971
-0.041125861985432
-0.039903192956424936
-0.03984039357841235
-0.0393217989669012
-0.040057120212370866
-0.03766686551779165
-0.04042063120052072
-0.04076652513652704
-0.04305740965209185
-0.03830428850746394
-0.03758788107840449
-0.038028404960655814
-0.04016436868978932
-0.04075884191775812
-0.03882926857129295
-0.034145488058202056
-0.01298030095657351
-0.009326301069441554
-0.01566185552054136
-0.017709516806141735
-0.026689490456859432
-0.029733226064105674
-0.02748854883190574
-0.03175172585864173
-0.0316331020689437
-0.028136870491825196
-0.026383740816983022
-0.024782027619092425
-0.023429410194598158
-0.010391240674374538
-0.003878128288875579
-0.026724141968292578
-0.033804464774664734
-0.03716181641860565
-0.03209048347467569
-0.031034759908643
-0.03457313121318728
-0.0370337337026491
-0.03556348934284841
-0.03708108805843577
-0.03746301248642845
-0.033856493587859034
-0.037493052509981147
-0.03562573521517966
-0.03892044556784906
-0.036033770347334286
-0.03433263284387085
-0.038752605850730544
-0.03251263327342144
-0.028006043926547777
-0.01917361321757498
-0.0014948421562340716
0.006406196776728221
0.006650164491186342
0.008735103842911991
0.0107905473869133
0.00983326580289231
0.012291511512892865
0.012243001991891968
0.008169223758312997
0.004371210677525962
0.003899721771024721
0.011928302438907029
0.013608174045648926
0.01951243267384318
0.013423868588072459
0.016175154331196435
0.016873552253395874
0.00837703262730007
-0.003083520307322459
-0.02067319015669573
-0.027815026202499756
-0.03527871096512383
-0.028736018149895577
-0.03177701668637789
-0.021782978771932457
-0.02328379740174841
-0.010388360970200973
-0.014454714161876134
-0.027729510165278675
-0.02220303204860007
-0.012715723762821535
-0.0029958726349551064
-0.007476021147798107
-0.020497264113585927
-0.030098210589657975
-0.03678320500760853
-0.037445099020670405
-0.03990978865311144
-0.03804444624688271
-0.033066213559720344
-0.033197679232669794
-0.03820679188498494
-0.040906219639695304
-0.04087142127227869
-0.04150347857458547
-0.042140765353262555
-0.03974940407977972
-0.03776405999914361
-0.03600537866028524
-0.041894341308415455
-0.03975801159187955
-0.04072291587524241
-0.03841257146539488
-0.03734863297620962
-0.04321225785114709
-0.043669551895537
-0.04213484174653771
-1.0
-0.043622048059055424
-0.042949683220912055
-0.041196015059154
-0.04215896379564691
-0.040855239613357665
-0.04283315972237202
-0.03791655083253542
-0.03587423735250159
-0.0342220477943305
-0.03442748524093224
-0.02307113385278875
-0.029325276772622668
-0.03511226465421214
-0.033722455637985475
-0.029642909352348323
-0.025951699546095608
-0.03219551251184441
-0.03584168731163554
-0.03275668216532737
-0.03221300745557369
-0.031521992054788193
-0.029099721123658915
-0.027600852443442098
-0.02642102456002355
-0.03616860284450844
-0.03390554116037457
-0.03631309576281518
-0.0383115304688466
-0.03682507225125424
-0.03575247379003496
-0.03685518483466781
-0.036767648751835864
-0.03829831595820058
-0.03410390142806468
-0.03561047260950768
-0.03893849122863203
-0.039450150986500454
-1.0
-0.04098215951387353
-0.034791029502348386
-0.03854245230889743
-0.03948369313131198
-0.03632993901995855
-0.0369214468129152
-0.039960732460640434
-0.0392063079893119
-0.036960305919644956
-0.03655857931277261
-0.04044226011808153
-0.04091284594486748
-0.0374039931573208
-0.03716875747497523
-0.034927490695269625
-0.037106808974401856
-0.036366899239854665
-0.03879427154666555
-0.040962925573618886
-0.030730167531542285
-0.028777346620544722
-0.03034395462760509
-0.02304856729698695
-0.028969239077376148
-0.025439921921304984
-0.020426242144824747
-0.02548169050710018
-0.03167341860085478
-0.02890683896757569
-0.026233707057268373
-0.030282465306096563
-0.030003637894682248
-0.025977892919578922
-0.02945827328461588
-0.03110241468942512
-0.028581856226164496
-0.027285769828588657
-0.024188737462110917
-0.024619307254699355
-0.02458981852791896
-0.033611950008356484
-0.03434597818327213
-0.03336994599177765
-0.03201620180404049
-0.02869713942900992
-0.028812627190102785
-0.028032008870125146
-0.03156685763688001
-0.03377604460349783
-0.026399683854818085
-0.025846520740770387
-0.02448974317632165
-1.0
-0.009397184741032374
-0.00467520739636325
0.004586428980012164
0.006138410452757203
0.0077527688081980425
0.005177794100970353
0.0065297443438144765
0.017219608835276345
0.014590250685668256
0.019726209667324874
0.018505455270637194
0.023052290748959783
0.02347215294171321
0.024509008048103898
-1.0
-1.0
-1.0
0.02734042076013078
0.02107727802163859
0.01801886964539952
-1.0
-1.0
-1.0
-1.0
-1.0
0.014223403964319694
0.01373794561454048
-1.0
-1.0
-1.0
0.02261779283288976
0.01916662874846695
0.024666154871829115
0.022980016687038095
0.023265770868545373
0.025983382153166475
0.02491025465719215
0.02666254723803829
0.028658923837071106
0.027280070219224108
0.031089523051289442
0.02907359607255842
0.020605161100749662
0.016344850234345405
0.018457710882851783
0.011970875496529114
0.008566311864002515
0.011526719366045633
0.009497363072591553
0.010424535548389964
0.012922575408375315
0.014634534639513112
0.018691606970714616
0.021581900520427667
0.019210644752658296
0.021259854346252525
-1.0
0.012914327823480166
-1.0
-1.0
-1.0
-1.0
-1.0
-1.0
0.01994407032770663
0.022985827466014522
0.02053592545343977
0.024344651782606953
0.023491543082435094
0.02485693072377472
0.02510484098475509
0.025011253211002962
0.023009098765306248
-1.0
0.02311326105436581
0.024082057436377736
0.02354121640842632
0.023209732218819164
0.02715127265126671
0.026111699595834134
0.024330111251686506
0.025656560813646777
0.024489199516534714
0.024385311677964334
0.022156268200322734
0.025019326035581213
0.02377427017464073
0.019091671748767608
0.012753565560261769
-1.0
0.007466139220385158
-1.0
0.007230827371008286
0.01234847803135643
0.009542815571636649
-1.0
-1.0
-1.0
-1.0
-1.0
-1.0
-1.0
-1.0
