-1.0
-1.0
-1.0
-1.0
-1.0
-1.0
-1.0
-1.0
-1.0
-1.0
-1.0
-1.0
-1.0
-1.0
-1.0
-1.0
-1.0
-1.0
-1.0
-1.0
-1.0
-1.0
-1.0
-1.0
-1.0
-1.0
-1.0
-1.0
-1.0
-1.0
-1.0
-1.0
-1.0
-1.0
-1.0
-1.0
-1.0
-1.0
-1.0
-1.0
-1.0
-1.0
-1.0
-1.0
-1.0
-1.0
-1.0
-1.0
-1.0
-1.0
-1.0
-1.0
-1.0
-1.0
-1.0
-1.0
-1.0
-1.0
-1.0
-1.0
-1.0
-1.0
-1.0
-1.0
-1.0
-1.0
-1.0
-1.0
-1.0
-1.0
-1.0
-1.0
-1.0
-1.0
-1.0
-1.0
-1.0
-1.0
-1.0
-1.0
-1.0
-1.0
-1.0
-1.0
-1.0
-1.0
-1.0
-1.0
-1.0
-1.0
-1.0
-1.0
-1.0
-1.0
-1.0
-1.0
-1.0
-1.0
-1.0
-1.0
-1.0
-1.0
-1.0
-1.0
-1.0
-1.0
-1.0
-1.0
-1.0
-1.0
-1.0
-1.0
-1.0
-1.0
-1.0
-1.0
-1.0
-1.0
-1.0
-1.0
-1.0
-1.0
-1.0
-1.0
-1.0
-1.0
-1.0
-1.0
-1.0
-1.0
-1.0
-1.0
-1.0
-1.0
-1.0
-1.0
-1.0
-1.0
-1.0
-1.0
-1.0
-1.0
-1.0
-1.0
-1.0
-1.0
-1.0
-1.0
-1.0
-1.0
-1.0
-1.0
-1.0
-1.0
-1.0
-1.0
-1.0
-1.0
-1.0
-1.0
-1.0
-1.0
-1.0
-1.0
-1.0
-1.0
-1.0
-1.0
-1.0
-1.0
-1.0
-1.0
-1.0
-1.0
-1.0
-1.0
-1.0
-1.0
-1.0
-1.0
-1.0
-1.0
-1.0
-1.0
-1.0
-1.0
-1.0
-1.0
-1.0
-1.0
-1.0
-1.0
-1.0
-1.0
-1.0
-1.0
-1.0
-1.0
-1.0
-1.0
-1.0
-1.0
-1.0
-1.0
-1.0
-1.0
-1.0
-1.0
-1.0
-1.0
-1.0
-1.0
-1.0
-1.0
-1.0
-1.0
-1.0
-1.0
-1.0
-1.0
-1.0
-1.0
-1.0
-1.0
-1.0
-1.0
-1.0
-1.0
-1.0
-1.0
-1.0
-1.0
-1.0
-1.0
-1.0
-1.0
-1.0
-1.0
-1.0
-1.0
-1.0
-1.0
-1.0
-1.0
-1.0
-1.0
-1.0
-1.0
-1.0
-1.0
-1.0
-1.0
-1.0
-1.0
-1.0
-1.0
-1.0
-1.0
-1.0
-1.0
-1.0
-1.0
-1.0
-1.0
-1.0
-1.0
-1.0
-1.0
-1.0
-1.0
-1.0
-1.0
-1.0
-1.0
-1.0
-1.0
-1.0
-1.0
-1.0
-1.0
-1.0
-1.0
-1.0
-1.0
-1.0
-1.0
-1.0
-1.0
-1.0
-1.0
-1.0
-1.0
-1.0
-1.0
-1.0
-1.0
-1.0
-1.0
-1.0
-1.0
-1.0
-1.0
-1.0
-1.0
-1.0
-1.0
-1.0
-1.0
-1.0
-1.0
-1.0
-1.0
-1.0
-1.0
-1.0
-1.0
-1.0
-1.0
-1.0
-1.0
-1.0
-1.0
-1.0
-1.0
-1.0
-1.0
-1.0
-1.0
-1.0
-1.0
-1.0
-1.0
-1.0
-1.0
-1.0
-1.0
-1.0
-1.0
-1.0
-1.0
-1.0
-1.0
-1.0
-1.0
-1.0
-1.0
-1.0
-1.0
-1.0
-1.0
-1.0
-1.0
-1.0
-1.0
-1.0
-1.0
-1.0
-1.0
-1.0
-1.0
-1.0
-1.0
-1.0
-1.0
-1.0
-1.0
-1.0
-1.0
-1.0
-1.0
-1.0
-1.0
-1.0
-1.0
-1.0
-1.0
-1.0
-1.0
-1.0
-1.0
-1.0
-1.0
-1.0
-1.0
-1.0
-1.0
-1.0
-1.0
-1.0
-1.0
-1.0
-1.0
-1.0
-1.0
-1.0
-1.0
-1.0
-1.0
-1.0
-1.0
-1.0
-1.0
-1.0
-1.0
-1.0
-1.0
-1.0
-1.0
-1.0
-1.0
-1.0
-1.0
-1.0
-1.0
-1.0
-1.0
-1.0
-1.0
-1.0
-1.0
-1.0
-1.0
-1.0
-1.0
-1.0
-1.0
-1.0
-1.0
-1.0
-1.0
-1.0
-1.0
-1.0
-1.0
-1.0
-1.0
-1.0
-1.0
-1.0
-1.0
-1.0
-1.0
-1.0
-1.0
-1.0
-1.0
-1.0
-1.0
-1.0
-1.0
-1.0
-1.0
-1.0
-1.0
-1.0
-1.0
-1.0
-1.0
-1.0
-1.0
-1.0
-1.0
-1.0
-1.0
-1.0
-1.0
-1.0
-1.0
-1.0
-1.0
-1.0
-1.0
-1.0
-1.0
-1.0
-1.0
-1.0
-1.0
-1.0
-1.0
-1.0
-1.0
-1.0
-1.0
-1.0
-1.0
-1.0
-1.0
-1.0
-1.0
-1.0
-1.0
-1.0
-1.0
-1.0
-1.0
-1.0
-1.0
-1.0
-1.0
-1.0
-1.0
-1.0
-1.0
-1.0
-1.0
-1.0
-1.0
-1.0
-1.0
-1.0
-1.0
-1.0
-1.0
-1.0
-1.0
-1.0
-1.0
-1.0
-1.0
-1.0
-1.0
-1.0
-1.0
-1.0
-1.0
-1.0
-1.0
-1.0
-1.0
-1.0
-1.0
-1.0
-1.0
-1.0
-1.0
-1.0
-1.0
-1.0
-1.0
-1.0
-1.0
-1.0
-1.0
-1.0
-1.0
-1.0
-1.0
-1.0
-1.0
-1.0
-1.0
-1.0
-1.0
-1.0
-1.0
-1.0
-1.0
-1.0
-1.0
-1.0
-1.0
-1.0
-1.0
-1.0
-1.0
-1.0
-1.0
-1.0
-1.0
-1.0
-1.0
-1.0
-1.0
-1.0
-1.0
-1.0
-1.0
-1.0
-1.0
-1.0
-1.0
-1.0
-1.0
-1.0
-1.0
-1.0
-1.0
-1.0
-1.0
-1.0
-1.0
-1.0
-1.0
-1.0
-1.0
-1.0
-1.0
-1.0
-1.0
-1.0
-1.0
-1.0
-1.0
-1.0
-1.0
-1.0
-1.0
-1.0
-1.0
-1.0
-1.0
-1.0
-1.0
-1.0
-1.0
-1.0
-1.0
-1.0
-1.0
-1.0
-1.0
-1.0
-1.0
-1.0
-1.0
-1.0
-1.0
-1.0
-1.0
-1.0
-1.0
-1.0
-1.0
-1.0
-1.0
-1.0
-1.0
-1.0
-1.0
-1.0
-1.0
-1.0
-1.0
-1.0
-1.0
-1.0
-1.0
-1.0
-1.0
-1.0
-1.0
-1.0
-1.0
-1.0
-1.0
-1.0
-1.0
-1.0
-1.0
-1.0
-1.0
-1.0
-1.0
-1.0
-1.0
-1.0
-1.0
-1.0
-1.0
-1.0
-1.0
-1.0
-1.0
-1.0
-1.0
-1.0
-1.0
-1.0
-1.0
-1.0
-1.0
-1.0
-1.0
-1.0
-1.0
-1.0
-1.0
-1.0
-1.0
-1.0
-1.0
-1.0
-1.0
-1.0
-1.0
-1.0
-1.0
-1.0
-1.0
-1.0
-1.0
-1.0
-1.0
-1.0
-1.0
-1.0
-1.0
-1.0
-1.0
-1.0
-1.0
-1.0
-1.0
-1.0
-1.0
-1.0
-0.043349872640812914
-1.0
-0.04093292966228996
-0.03388652155898969
-0.025436329110475966
-0.017428049039614733
-0.005273479277440335
0.0005063393822333167
-0.0018219292462713873
0.001827731620360765
0.0045101229112970865
-0.002067887056749977
0.0014464870235843693
-0.004008257933727411
-0.0015449880660728032
-0.00094866987767521
0.0023793458256530188
0.006932029894313441
0.0053590964629421055
0.0074104488920424825
0.009891419810630384
0.0045715785835271135
0.0031396034533518595
0.0027777948612271747
-2.4562108799095184e-05
-0.009620574243241573
-0.008480539290019282
-1.0
-1.0
-1.0
-1.0
-1.0
-1.0
-1.0
-1.0
-1.0
-1.0
-1.0
-0.005075294751299253
-1.0
-0.007666892997417333
-0.01192759961665509
-0.005023358624829121
0.002388591247285596
0.004481502831323343
0.012479560025365277
0.016373618137359304
0.011895633476014732
0.01500487743093783
0.011339384540739855
0.014273742353084307
0.007996314752045566
0.013190838697527248
0.013506455759130535
0.0075044384895018084
0.011479023757815423
0.010094416908947369
0.01550314178471072
0.019791337718297313
0.020261345146987856
0.018632877594360175
0.015316633137267964
0.007272829988558527
0.002040099013238113
0.005293027399826388
0.002942806280372784
0.004959225505372767
0.008037027850388576
0.012915694625044938
0.01334637282341752
0.01705226481528989
0.019342446840272406
0.021468003673324063
0.024432626345088155
0.02311212984491775
0.026304816914406854
0.027643889725612866
0.024925693174144014
0.024049141676511097
0.028448818687551416
0.028271178035225514
0.028364871569565842
0.028855725404614816
0.02746227839896662
0.028070391741361757
0.0274099301637786
0.02980535349599128
0.02265806884310544
0.019777530438119518
0.020093086298280084
0.021266079604423054
0.022423261968817127
-1.0
0.022674407022902625
-1.0
-1.0
-1.0
-1.0
-1.0
-1.0
-1.0
-1.0
-1.0
-1.0
-1.0
-1.0
-1.0
-1.0
-1.0
-1.0
-1.0
0.022894725533460603
0.02795552535618789
0.029556784650386362
0.028425142912081834
0.02744159466331566
0.030822321448564255
0.03193999399825112
0.029382312338595364
0.023419433584689894
0.023200002378883377
0.01892544954599773
0.016207930848030083
-1.0
-1.0
0.019731094314741775
0.023897022546340324
0.026716304830362664
0.02482020017113373
0.024426451197059097
0.02535624592300582
0.017557277987658177
0.026013820157882887
0.027452659075970876
0.028192957486189846
0.025413616658926153
0.025991559587333214
0.02305163236040214
0.01691243313309906
0.014815769186441377
-1.0
-1.0
-1.0
-1.0
-1.0
-1.0
-1.0
-1.0
-1.0
-1.0
-1.0
-1.0
-1.0
-1.0
-1.0
-1.0
-1.0
-1.0
-1.0
0.027803302380300605
0.02461479575844064
0.025981147489135294
0.025142010169406297
0.023100173791145096
0.02031861283489983
0.022908589675765995
0.021173373893436424
0.02333090361885065
0.022417565644292148
0.025969080314538515
0.021091897401862018
0.014845216759875669
0.017488926888353438
0.017853079602897517
0.014753134592428895
-0.002459795352422499
-0.009860257127442363
-0.018266052658976788
-0.016087087164963303
-0.013033534222206293
-0.014242595805203866
-0.01897236021042122
-0.02454258919269019
-0.023826559197987394
-0.03265447127700317
-0.020466540657751837
-1.0
-1.0
-1.0
-0.029082775225335377
-0.032612282521848265
-0.03660596886936852
-0.03775755876929553
-0.03991182154986705
-0.03703606915321504
-0.034775707443581404
-0.03055957796446595
-0.03841419445534617
-0.035755602011355365
-0.03464749531720426
-0.03080484185043058
-1.0
-0.029936032088133252
-0.03180513021556102
-0.034727810029538994
-0.03478379220149589
-0.032303842724670906
-0.04153046575934702
-0.03939333443289422
-0.038750176345465855
-0.036317404788052926
-0.04111077722335668
-0.03525592836457254
-0.032223729571969846
-0.03423475596298288
-0.03854038156088257
-0.03720389101108954
-0.037393699970282045
-0.027856800393943948
-0.029053366000413677
-0.02174672434847739
-0.012427366675722086
-0.0058207129653579034
0.000150935720528694
0.00014393162752552257
-0.004361434776199059
-0.008270159266342995
-0.00878601908858295
-1.0
-0.024673330627697405
-0.021723468892217455
-0.020639655204137373
-0.02303562300224013
-1.0
-0.02607445176957529
-0.024887093741147424
-0.009036291990273445
-0.017309357102424178
-0.02163348521471861
-0.01920752452911626
-0.019194624803460993
-0.017299863842953157
-0.009536178010174182
-0.004923199070802355
-0.0018085494150585585
0.0057383229665719585
0.014165464982848397
0.01669933592636117
0.016058762558072835
0.016225706464440274
0.010109773992784022
0.013334315216064572
0.01637275654158569
-1.0
-1.0
-1.0
-1.0
-1.0
0.017186790600708525
0.01727976434277968
0.02176129838514072
0.01809936814649472
0.021150750654478537
0.023768153904698445
0.01878787761769166
0.016273722367790507
0.019627171394579496
-1.0
-1.0
0.017598477452686678
0.01544339100603743
0.016029351466689153
0.016155592777020177
0.017227163309193636
0.013723862202771163
0.014156094569833468
0.013486586448098433
0.012029712295194232
0.014361527895670924
0.013256784693593296
0.01169372639999586
-0.0023198324032287195
-1.0
-1.0
-1.0
-0.01305635846016508
-0.02005677537493356
-0.025132907286624966
-0.03143092942557067
-0.03540996271875211
-0.03752784110687765
-0.038374970272441786
-0.043537115595540014
-0.04278740086065813
-0.042475870782006465
-0.040987391116259486
-0.04186868194724429
-0.03853008601148516
-1.0
-1.0
-0.04136536872603845
-0.044583957936431134
-0.04282677396812845
-0.043240483003552425
-0.04508174853221834
-0.0458150480601424
-0.044304022775937014
-0.04142777313795253
-1.0
-0.041859133561756225
-0.03942675187150653
-0.03814624394680397
-0.03376583907068098
-0.030434658653786268
-0.024889751012603913
-0.030964063998101327
-0.030129225359713917
-0.03646817463728594
-0.03645895436911207
-0.03919369200792219
-0.03635224132727427
-0.03318699097345409
-0.036255912654848
-0.03887928324661166
-0.038631528124850247
-0.0388544048304044
-0.040064331777421754
-0.04095269932209412
-0.04041615650142795
-0.04906724272199753
-0.047556325105330935
-0.04882925058745885
-0.052588962161733324
-0.05210022378713058
-0.051324061452443726
-0.05155559540762789
-0.05082395167067032
-0.05252596767191676
-0.05167883574965942
-0.050336944784202114
-0.05157490053355518
-0.05323493136931135
-0.05328208205275764
-0.04799611881058121
-0.05254324032147491
-0.04972709550245453
-0.04976621134559584
-0.0505847205363551
-0.04968918180294696
-0.046712979578332
-0.04418109776680204
-0.04312468141084494
-0.030716977098551167
-0.03234525097826159
-0.023049893576809918
-0.020206282500455815
-0.010495946086084833
0.002148665770974211
0.009611863289509906
0.0069160671536146094
0.007790723171814832
0.009352158376460508
0.004662323446765358
0.002700976677664132
0.011812993346902159
0.01133735114335345
0.014250845974908208
0.005664313779837686
0.0036709812637861997
0.003494604745550527
-0.001163675207693482
-0.008553281389580607
-0.006714568857833358
0.00016649255859445296
-0.010132386477151685
-0.007788165461859821
-0.013107154184328748
-0.015337294988076691
-0.015295523122279633
-0.015082501464702996
-0.010701806226272132
-0.004932677474877263
0.0022221398483998067
-0.0055264548097678865
-0.006127086771687168
-0.0014685452075074248
0.003058408898477165
-0.0005996582413751047
-0.014405603207298709
-0.013163450428336543
-0.010084520066185165
-0.013591629641614337
-0.009463354110951406
-0.004672524550603421
0.0014686570938007265
0.006442209567356769
0.010031939365899115
0.004977353838106315
-0.001078568609636162
-0.001551523987500813
-0.007960708862589165
-0.008445807592037086
-0.005821301916029811
-0.008120430081971301
-0.004290841939357349
-0.004821809005464918
-0.002851476916023928
-0.00229744216550623
-0.0007119132497397909
0.0053530511617399905
0.006812440526863643
-1.0
0.015946068482209797
0.022782947150848602
0.022634185077059457
0.019220651666744182
0.01844867109120621
0.018801671320464636
0.014467637840309047
0.01243762813732546
0.011986003262133109
0.013151919980381309
0.017717044214002713
0.018894285229823737
0.010812770849365199
0.01386788028222737
0.016525946118163787
0.015451753250095967
0.011801517296191943
0.015651602723783662
0.013079362926978902
0.01171225044816363
0.015944896243010764
0.015895247362432034
0.01628696709132271
0.017154328342064252
0.009239370933823054
0.016161987931680753
0.011892580618132247
0.011485876319321815
0.014424490688590214
0.013200206583274558
0.01094634936646367
0.014001358486118609
0.016421243458823
0.018420095971490465
0.022564453289445115
0.021819735399699596
0.02012786786823019
0.022827821722256454
0.014695842780741217
0.013245613340768096
0.017340894527291536
0.020218880017899708
0.020456086875883232
0.017767999408955158
0.013839062675828706
0.015057728653068595
0.01618537239825089
0.019323049566712366
0.01871697787066981
0.018160092315523298
0.022288884914773256
0.014593654827479447
0.013721924786647159
0.018180526231528972
0.01879455093990424
0.019648636546358372
0.028448349800576415
0.030009861830441336
0.02728787991170471
0.02985540603604688
0.024148380961386474
0.0295416983329223
0.015530514756305578
0.015214580600585791
0.021561084438540084
0.02307742172582393
0.024535151602288127
0.023259892533681825
0.0276758712685673
0.026866881951858292
0.03214872999904079
0.02437624553593133
0.025176701203417085
0.025685069741239453
0.02222743549163895
0.024076372973295686
0.022987945603769586
0.02831220591256753
0.022809133011516575
0.02494086572525637
0.022986327974773266
0.02461028283694241
0.027414284068498412
0.025221848931295896
0.022451684542162394
0.026383219015665038
0.024587685146665834
0.023071118856528218
0.019449586366437115
0.017858189071506853
0.02342754005833676
0.026109985528417978
0.02783534197192613
0.02981833639965322
0.031155531301004468
0.029884317797547005
0.02538626496092414
0.02771970421288467
0.033178444130883514
0.029497235395118324
0.028387490775448908
0.02911839154109613
0.02946731032334827
0.02323865400848437
0.01486776047566941
0.014754190407695659
0.011236733927769249
0.014454809192264172
0.01810254306817608
0.022734085936068578
0.0198773463362418
0.01978383461814989
0.02167081990704644
0.018966493653044647
0.01723135186762852
0.013892764800272836
0.014873396442482423
0.013115519783986045
0.010646856895422739
0.012963654549369336
0.01308165328886256
0.008408075413240743
0.013922950688134513
0.02179475990010902
0.02149098718926369
0.014504787901431318
0.013944495019496872
0.021299803092629285
0.021132004276992012
0.031505068245824615
0.026919854846566758
0.02622228580861603
0.0287566169315355
0.0253044240954091
0.028122265113772242
0.02961504291418068
0.025627862680456345
0.025412544786069864
0.02308314128432982
0.023212521944174457
0.013106479466456369
0.01805529156670658
0.0214117692331782
0.01994990676484386
0.01769307245311985
0.0171464481524962
0.011055918097140056
0.01305713927833637
0.00873989143876165
0.012014641228725483
0.015436189317601967
0.011765166757382374
0.003770921563273512
0.0040498573073631285
-0.00039973729848349725
0.0050681471050363774
-0.004452080967544686
-0.0058116862152910115
-0.010441040644316717
-0.00931933951718007
-0.009248671435180617
-0.011001809361750629
-0.013479346902679684
-0.00949571574113103
-0.022408536213122637
-0.03816157696853163
-0.04382851764867105
-0.04244235335111146
-0.04146214860848226
-0.043052801397891464
-0.04325787694044972
-0.03875105918734647
-0.0403991518163285
-0.043479346518946
-0.04228983283846794
-0.04527565359653452
-0.042868141025194935
-0.039754258999204824
-0.04190572365913698
-0.0401108501975039
-0.03748116762270973
-0.03262984179432218
-0.033748192033790946
-0.038153558936425115
-0.034112071485738624
-0.020074901123550995
-0.028713168454462576
-0.018844112177118403
-0.01641443766485508
-0.008426297262699863
-0.006227879188777144
-0.003124401025273516
-1.0
-1.0
-0.006032414690937153
-0.01054284573723772
-0.00523422890899796
-0.00917971664946138
-0.0125887105089557
-0.020614947889646785
-0.03083991638531196
-0.04149758108266224
-0.04137222316571759
-0.040511887412385005
-0.043494603323546835
-0.03874486398350091
-0.04555619301244351
-0.04560297712987625
-0.049655214749360244
-0.0503760558643275
-0.05175368405532266
-0.051837798253570176
-0.05384229978379116
-0.05177189278731133
-0.05078269847059391
-0.050943007775479936
-0.05114646323059732
-0.04782443317811013
-0.04759578333933078
-0.046466008949279304
-0.04341493269223125
-0.04543975985650578
-0.04728953559237369
-0.04619158247556685
-0.04789743763089899
-0.04926457399709
-0.046928390754238894
-0.04871181219972306
-0.04851110643637361
-0.047067939220666814
-0.04557178640951548
-0.048857448941503796
-0.04952282233536483
-0.045505341378826024
-0.04661829045007124
-0.046380384985243564
-0.04847088065869743
-0.03652572564819198
-0.03497125316188429
-0.033948705414787624
-0.03354933525608035
-0.03786336729025091
-0.03737186926672321
-0.04970420600925051
-0.05260689526814379
-0.05192807923403895
-0.04701876581851343
-0.04966917577215541
-0.05078400392400952
-0.04801179717275452
-0.050877648264840904
-0.05011058545422821
-0.04955641793207715
-0.04888730253348842
-0.05005867165658849
-0.047625310660115716
-0.04944326623884451
-0.04827878883025331
-0.045746111039349946
-0.04674189159695853
-0.04833702356950329
-0.04840943495046557
-0.04951927110630401
-0.0468068143910594
-0.04690507803101757
-0.049419441786904404
-0.0494505896073234
-0.04448752689608366
-0.04523182541079792
-0.04599966299390705
-0.04574191692927726
-0.049938949726777745
-0.049252049412931785
-0.04757792869353434
-0.05017423009895635
-0.048092906791830585
-0.04983983239228999
-0.04838315590437887
-0.047275487331417135
-0.050107286359477816
-0.05060002791525699
-0.051060425754638164
-0.04948377664064103
-0.05083960524063092
-0.050402948011844265
-0.05161429429995592
-0.051672661042151756
-0.05145579697600694
-0.05134698992150437
-0.05254479253862023
-0.049415549188138085
-0.046546325020733796
-0.045306468277248074
-0.04823939434773728
-0.04587257154310035
-0.03736461767697341
-0.011355999406074907
0.005172230635012519
0.01757855819734057
0.02184520162996604
0.025929077660555355
0.027729923019400825
0.02563359688382827
0.024242042121206057
0.019765449716568132
0.02153792953723596
0.0203197469312018
0.024046592127266127
0.02164153342190094
0.019999723411293528
0.019345938806277982
0.026451051670751295
0.022971344024200712
0.018120987837536837
0.02183752684505305
0.024452445591567413
0.020792884205806904
0.0265208628660079
0.020678190698511
0.026289929070179647
0.02144595472655678
0.024714210456256176
0.025640002864164495
0.0224678087281787
0.026732693868972923
0.027147766381543315
0.023783679190997283
0.0227235099874371
0.02586169633998275
0.021373514407003115
0.021054494629431937
0.02580997808857347
0.028184359343937666
0.02657029098774148
0.025951673497474084
0.031068749250262814
0.027569939951365433
0.025294875990305266
0.030316931425635775
0.028845945657031163
0.02894772668744258
0.029749668988489807
0.025588144383735658
0.028114018637487016
0.029606700011870855
0.0275515214242614
0.029517541557288154
0.01643797015147554
0.004382491166589214
-0.002831675397913324
-0.006668692125277491
-0.004058436782262239
-0.0027034780791888795
-0.004254656510677127
-0.0071478747052061515
-0.008300019642546128
0.002441809507561719
-0.005344036502795433
-0.004406236715441826
-0.0033361767188314117
-0.008673444323394243
-0.011203752276719598
-0.007707067573772154
-0.01203470518167893
-0.0009930319622792271
-0.0026077850414242725
0.007642556874029165
0.015453255631875322
0.010237449523781566
0.006308864672955529
0.0025789757108559542
0.007353993420776692
0.01579677244895751
0.020170358953555536
0.021742336306446036
0.022151773656695243
0.027922664664416
0.02680967411595019
0.02725052209897525
0.02644525715620365
0.023350535702141094
0.024249028227121997
0.023084115294375224
0.025545283822180073
0.024585493115818785
0.02930483572674506
0.02832929628007786
0.03061044883602183
0.029797816154737228
0.028685753162875353
0.03170438936230358
0.029870541543970085
0.02890777927683138
0.02917416676374697
0.02814308221145673
0.031438843185641004
0.02851253574010326
0.028071753064638973
0.03143839053967555
0.031888250531373334
0.031153417963873224
0.03061755884763601
0.026893262281157012
0.0295391698106855
0.02899535320032311
0.02706936202571733
0.027802750887290974
0.02602463150910593
0.01937699062517675
0.019353327105490058
0.020508652798245514
0.023366452624579113
0.025162421910776958
0.025735480351349628
0.023287798595658604
0.024349863006500945
0.02609416045125962
0.02480013688167287
0.027886343126930908
0.01986162994800393
-1.0
-1.0
0.020419576039226263
0.021688220165411436
0.025235353723891345
0.027750555878632368
0.025577000104811846
0.020990650540089105
0.02296598319414969
0.02050235998636
0.022854412695260923
0.023116913623435948
0.0267664402143737
0.030981992278114358
0.03230707926065174
0.03062247924660806
0.025962658247303195
0.02553639663690681
0.021957943426151226
0.024628762474623252
0.02137316493541424
0.018598489512385394
0.016611698211813523
0.014213531019700283
0.016092693749202993
0.017136499697661213
0.02184668341054143
0.018283007479861405
0.017362075425647033
0.020111476545942992
0.018010690985311738
0.021748477767112286
0.021168959029708567
0.0244189193991518
0.023454007500429804
0.021165842357298893
0.023734881345560274
0.026287673197050315
0.026578789311033867
0.02439163792559932
0.023554621985219303
0.028272572536049475
0.02634095222346557
0.019709561914401968
0.02329454416664459
0.02936798321421375
0.02744156144160589
0.01521662471686799
0.01119280238577477
0.013631969464418612
0.010203401196139987
0.014222246067319613
0.013652528794070347
0.009472793181549692
0.01159478877577408
0.014033145135396127
0.010793373878562938
0.0044682997275669245
0.0059400809179798305
0.004146577841356291
0.00969218691393059
0.008504796035161927
0.005204084194364174
0.009399969765485289
0.013106441491919535
0.008954180706868839
0.012762557371972745
0.018405585085181527
0.013446649313892374
0.016485252607262448
0.01516885453928887
0.014881825434387248
0.02002944357907315
0.022483344881557666
0.021602809357309412
0.02225112494095137
0.021372465315129208
0.02352737929364007
0.025981083448272713
0.02417616982272443
0.02839377322714834
0.028685035148479993
0.0251512286875665
0.02539273183264874
0.02320527902392348
0.024756361089911836
0.025860839581872918
0.023049591613011736
0.024790555209347823
0.026682564577834314
0.024594720654854404
0.025574883945838768
0.02585323243211267
0.025967351308558085
0.028904276533913795
0.01921914040614236
0.022225608141631086
0.023579160589578336
0.022613417559573436
0.026369522382751878
0.02472073581896433
0.025766493940801834
0.025340698460747338
0.025606285020582334
0.019432613128423804
0.02201252227953014
0.027156537905292027
0.02542222432366062
0.02328533576089237
0.024412270251888094
0.02433673929015273
0.026325822604873265
0.026022585157536797
0.0273681899759534
0.02814108675573095
0.028134351706946358
0.02916858639770702
0.029258874940040338
0.02764209928716728
0.028475982314877444
0.02876445440004101
0.029272623374848
0.026485627111681245
0.02995955932725049
0.029923804459098122
0.029538477635798994
0.03198553184288711
0.03164572417637875
0.03295083480174281
0.031171278804055624
0.030896920164442045
0.03134495792952343
0.032109007133194575
0.030913952373147244
0.018007891972382034
0.02002981171342999
0.02053880397273679
0.02332532016907973
0.02669740537825534
0.0294962863587696
0.021857234831129606
0.024992759320412235
0.020705424527674484
0.02436584622233277
0.021207383741063107
0.01567028095011307
0.01640562017916761
0.01803399165628309
0.02740700330037627
0.022246439566114294
0.014498012240866782
0.014621138041017718
0.018599289752691976
0.021690881988739676
0.016641795043784376
0.016376850750816595
0.023738871509372875
0.018125926793864575
0.013137273626995806
0.014521272673144155
0.020370316616376345
0.015277104391124565
0.01447323037930739
0.0157301755116722
0.017030895406415007
0.01845585724973087
-1.0
0.02728666506142436
-1.0
0.02919022739427599
0.03164012016345002
0.027940693525625483
0.026641349060426613
0.029810279939909853
0.026380031478179817
0.02844075199302405
0.026289026693189513
0.023379551138067164
0.026057659624387202
0.025267471316902587
0.02800137356393082
0.021535267618776083
0.026720512988216816
0.02810618368263632
0.02727361779949458
0.026472933671892667
0.02578832088509793
0.020743215754834378
0.018912881623350346
0.022909697621907345
0.019775486662022536
0.02328344441764488
0.01715948629074288
0.005220642438377848
-0.011974400866537102
-0.014130879150806736
-0.021556858224865045
-0.017981854998732748
-0.023790701968821108
-0.02218354982480344
-0.022733321068707766
-0.022970965897215624
-0.029920940399620143
-0.036389300732842834
-0.03799213362152376
-0.03581502727680043
-0.039063449509099436
-0.03840594088384453
-0.04172129902646252
-0.03828332141286789
-0.037778528964711705
-0.03588509932741777
-0.033741735610297204
-0.033997060775089516
-0.03162519666557504
-0.03391398728053489
-0.03251227389905056
-0.024156993074856557
-0.015812607911644117
-0.017188184553080244
-0.017220939197376748
-0.006506950935907947
0.004188487799103451
0.00030973624761163065
0.006665583056949822
0.006133337899803695
0.012781663738004547
0.011352157612429607
0.008603016725253149
0.00871322524814207
0.0013489412374392234
0.007808295632278406
0.005403698506781122
0.005212629430253691
-0.000988885200360783
-0.0002696229567189492
0.0017772281421348228
0.008027981025064213
0.014301221309645175
0.0159728689943169
0.018318607294918444
0.007282538078547902
0.007387695178746867
0.01158814981733925
0.011011626179456974
0.014788518178651774
0.012037180303697732
0.013678666717867318
0.01103630755096732
0.009596334666022102
0.006056490461926143
0.006258287682443228
0.010444504554563565
0.017787264192065805
0.015699820251643296
0.010396310740755647
0.0011228669912724401
-0.00266329842814432
-0.005431762372881409
-0.013134279904557617
-0.010750061204418137
-0.015497868055048285
-0.01539965666865935
-0.012220652306841804
-0.010352958184940687
-0.010101316767640657
-0.008713605554015048
-0.008125766040248741
-0.0031824199931790044
-0.001284507404239065
0.004711965559541988
0.008879438187825398
0.017636198614335196
0.026212477661565772
0.023058052834091996
0.019481577358065577
0.01830668270035975
0.018918583232745468
0.024033479658349705
0.01690704296751306
0.008032243206195088
0.007459739624536954
0.00983388188579424
0.01845593463359015
0.023809101006237777
0.023705518643977484
0.029507846765516817
0.027178481214354667
0.021988200633677842
0.01892948656288893
0.01488490273049051
0.019152569742015936
0.021809523054539325
0.027375613595834902
0.024996202412749243
0.025377800250378432
0.021521253917633657
0.024758670805853863
0.02192717349586545
0.01867044003661035
0.01809461924105241
0.0173846017464637
0.017948821244567727
0.01710528783546863
0.017291542826879086
0.02042631014191221
0.02478201501563677
0.02876482447127901
0.02693554191167341
0.028415643985438898
0.020547666776002747
0.01530661254791193
0.013373892690081162
0.00962279518420213
0.00861675986595166
0.018171158259093743
0.01973056063983651
0.020638525569879666
0.01678093677346742
0.01075590667809949
-0.0044060172559029515
-0.008520253725185507
-0.008373673586661716
-0.009579503585702469
-0.01171828592660044
-0.005570268734973059
-0.005405333091108322
-0.0008148240276208155
-0.005867763329980588
-0.0007147712726661293
-0.003522380068037517
-0.0035779201570995556
0.0033751919372756573
0.004439909398741563
-0.00038511110603945575
-0.001590666821138548
-0.009953138516828542
-0.025781618159782152
-0.028585703382318663
-0.03549365910103387
-0.033357161177306076
-0.035253697577900346
-0.03310589792861476
-0.03058959457285029
-0.032383289538307714
-0.0327588157526841
-0.034780923633010837
-0.028703105205766098
-0.03456695531486683
-0.029755849065225912
-0.028128991205014428
-0.029545441726725585
-0.033739895247804304
-0.043024348416082055
-0.04723093117588404
-0.050338950738397614
-0.048363242368229475
-0.046473943642859575
-0.042830021565279486
-0.042637876538171825
-0.04979003638833993
-0.04829280725917644
-0.04711015241174904
-0.04811115040196618
-0.04699293103871226
-0.04850044584240719
-0.04757403024287379
-0.04709231642464428
-0.04922869148993735
-0.04504416749201332
-0.04932034528096487
-0.04798284709553177
-0.047014937500308135
-0.05001513552716111
-1.0
-0.048416358200588545
-0.04802442505590483
-0.05047524898870748
-0.04742884884826951
-0.05095157309151313
-0.04761547140642666
-0.04827478563019407
-0.047050679892407805
-0.04991641730606077
-0.047880771879264296
-0.0490823899387255
-0.049274258436334054
-0.04729745227531761
-0.049471857456369714
-0.04762511433924672
-0.05070630962795739
-0.05232918882681599
-0.04650566122340561
-0.04951945800134489
-0.050875226264284805
-0.04641888177074063
-0.04933347009384526
-0.04957910341401821
-0.045425798209111384
-0.04750826641767083
-0.04715139419245803
-0.047943596219066575
-0.046940483353361595
-0.04423884129674681
-0.04262987626703984
-0.03198180650054775
-0.0357655345607782
-0.04435413024710988
-0.041190564476945156
-0.039848776075023226
-0.04336616555246542
-1.0
-0.04520617678714056
-0.046373042039614606
-0.043493813530340694
-0.04691357367805267
-0.046163370993802626
-0.04774427659138121
-0.04589206737663774
-0.045383094057259626
-0.044572384112125746
-1.0
-1.0
-0.04759508509195718
-0.047327479832908304
-1.0
-0.0463919037151715
-0.04598870459560327
-0.04610243256935737
-0.042837558109280686
-0.046336427268613326
-0.043402104230152797
-0.04631949149033656
-0.0477283182753436
-0.047310521170377935
-0.04531398813030718
-0.04881187233535619
-0.04664540581170989
-0.04730470804581856
-0.04805184125420137
-0.04799146290732419
-0.04531015908405466
-0.046103429564357604
-0.047643632520153203
-1.0
-0.04984376285600591
-0.047372219083588255
-0.04244741610451601
-0.048036006984822834
-0.04938808272256365
-1.0
-0.04212506986658922
-0.04287494904492355
-0.043798381158292404
-0.03606507110419739
-0.03157716277334669
-0.017727538396553767
-0.004484989468586792
0.0009648349261645714
0.0024376272939463568
0.0019254440545369924
0.0014300226759243046
0.008921458076274182
0.013414633480886087
0.016710963724230466
-1.0
-1.0
0.0057622981484578015
0.005584576529927512
0.005217292857773976
0.003268970844042333
0.011733417464992343
0.01729161427998645
0.019756473822961505
0.017934376462696047
0.023388719689939698
0.021476457928939943
0.028093107327076546
0.026859195705256567
0.028798118310580437
0.028326602720340516
0.02535067019638311
0.026441107721784988
0.027585187105540462
0.026247600638711576
0.026006998028477408
0.025160381537002275
0.02703955013205712
0.02945389787529501
0.024376263200839906
0.024954721734703884
0.017736739996223366
0.020233891777994263
0.009719314062702366
0.010835704273584204
0.016871057414676344
0.014555141896048701
-1.0
-1.0
-1.0
-1.0
-1.0
-1.0
-1.0
-1.0
