-1.0
-1.0
-0.010661094883318192
-1.0
-0.000880433743043907
-0.00651398060118189
-0.008743838511853461
-0.007965433871454515
-0.00548599912891586
-0.0086990875277221
-0.017309570612711645
-0.015148147732766858
-0.022746906740514567
-0.02731525375658359
-0.018670138964479617
-0.0164234330652683
-0.015639113200704585
-0.014375090829527095
-0.02514686699234924
-0.02738257122824666
-0.012558834241346168
-0.008437810778267364
-0.00818771498243614
-0.011452389461654139
-0.015476363896551633
-0.011898408171923176
-0.009166440956958729
-1.0
-0.008900793459264535
-0.00862675783800809
-0.010932872945518967
-0.015263470987614765
-1.0
-0.01659471701064378
-0.01241815684910819
-0.003904460784719942
-0.0049253496165867485
-0.006002804132504024
-0.0024656596863999528
-0.009209501637721555
-0.008304326324335547
-0.004207724622362597
-0.014064155209038596
-0.01140230738660671
-0.006590989433685042
-0.010089574614202276
-0.011542835812911068
-0.013129997050575385
-0.014842496271828957
-0.019560987790406315
-0.019389266297585313
-1.0
-0.02207212856311522
-0.024024212513567608
-0.020249083884064517
-1.0
-0.01850688682683996
-1.0
-0.020421719934344575
-0.013221083069258573
-0.010344584930389235
-1.0
-1.0
-0.010829324438959183
-0.012730447792582074
-0.01843893680404273
-1.0
-0.016639901550259448
-0.018772143286140002
-1.0
-1.0
-1.0
-1.0
-0.022048145694298804
-1.0
-1.0
-0.017636098849920186
-1.0
-0.009121443161358335
-0.017152599015048682
-0.01030745865426662
-0.017793879966443167
-1.0
-0.01975483146482463
-0.021797433744851824
-0.016725683193984563
-0.012847427467972756
-0.020429233338310916
-0.016746260834556086
-0.014770253751459048
-0.024550143535656856
-0.0214828153002736
-0.013246009980421108
-1.0
-0.014837463017051274
-0.01469499579651513
-0.020177401954466236
-0.02358035357925406
-0.01889425596386334
-0.013603673498511768
-0.00865922352924827
-0.01799714044530558
-0.00713961713982458
-0.02271575322588839
-1.0
-0.015586113102239141
-0.014556700364490685
-0.017250295200891018
-0.014898787484823716
-0.01837426811495492
-0.019185171893215395
-0.026995546182933577
-0.019405683329723675
-0.02983722909239273
-0.019059755806173667
-0.02005782078406924
-0.022612761844011196
-0.02768568659643573
-0.024350718003640543
-0.022322210632189966
-0.025513348497849007
-0.018173346551817935
-0.028495963303244668
-0.029593781890989043
-0.02945716770366361
-0.021117977096210137
-0.02909689865790652
-0.02876796773055986
-0.021522609919574803
-0.026687132158710852
-0.02245120659652535
-0.026715384237922888
-0.01835458971620615
-0.019883108458981887
-0.02771482024917437
-0.02217553862931128
-0.02915486334300713
-0.022453925540800963
-0.01828444597301094
-0.025106391974998463
-0.022021378123120366
-0.024112149982143668
-0.027334193976870327
-0.014050080669531059
-0.02400135264826336
-0.019907891916400102
-0.024422617295346533
-0.017543515339852482
-0.027539247839197936
-0.02211409241063902
-0.025893098277027373
-0.02143806400241
-0.019561228816541622
-0.017259018186223694
-0.02018789610826627
-0.03118478206554151
-0.028718349123259677
-0.019589836056469304
-0.02828474292791743
-0.0227815462560271
-1.0
-0.020902690794652286
-0.018209880101095928
-0.026152931886448648
-0.02434769963841684
-0.02264859693230991
-0.02315375271339631
-0.01906139079498745
-0.017355028410483222
-0.016202660309150668
-0.01616743299020154
-0.016582531901607023
-0.014448094520163436
-0.01461755614090545
-0.014840082409659356
-0.016921846834225006
-0.011856237012032266
-0.016863492435199297
-0.022177423137277004
-0.02054709867694745
-0.02088929417061955
-1.0
-0.020299787817512557
-0.019150633032311088
-0.024018200710506258
-0.022696058917351932
-1.0
-0.013204498933084226
-0.011063678669613209
-0.013260248075462793
-0.009474009865461252
-0.010329161346611921
-0.017484473543558
-0.014514139355740844
-0.015988352704770628
-0.01237499768944365
-0.013327765482063061
-0.020517839550484387
-0.012890180260870684
-0.011759368590726942
-0.018150350756426726
-0.011387549327216091
-0.01580992325562862
-0.013509105441514499
-0.01439323561374669
-0.012449496830616018
-0.013220691876079696
-0.006125365214906609
-0.003942324454477918
-1.0
-0.006078717172038797
0.00025700091265468345
-0.0005142195156850513
-0.009922643425884921
-0.0027819194200033735
-0.0039191939831912225
-0.007579614278174846
-0.006148317912944482
-0.005753264988984118
-0.012629006873878891
-0.017118527062500277
-0.013003471386367501
-0.022669298892812995
-0.012860297118984176
-1.0
-0.01830840296056603
-0.023612727646486597
-0.023753776943813747
-0.01583500658677495
-0.021301778648409993
-0.013183509792041736
-0.004163934761086766
-0.010892619217866694
-0.012615646141725282
-0.0066351812372936044
-0.011868839894891898
-0.01704920340302634
-0.010605417436382339
-0.008166198315187237
-0.01159872946557924
-0.01244721143995504
-0.014028802542037243
-0.011525928314659466
0.003959549129438215
0.007629788196837958
0.010150935248047976
0.017510482343180794
0.012690628840911341
0.005425825431628773
0.0053178429727380495
0.00782258894563863
0.0015842552893791714
0.005506079894780303
0.0016143532921774058
0.007710366403933333
0.0008419377924063021
0.003412900350783103
0.0032745437746202147
0.005126326064369824
-0.00014287648739685056
-0.00033906130048389204
0.0019023377941055034
0.0020451874355094453
0.005219143680497784
0.0018032103825539134
-0.0035470770194454384
-1.0
-0.005691878968739779
0.007337077248418578
0.011882239314012675
0.0036906536914912353
0.004449864552893274
0.0020414524843341644
0.003745944938378383
0.0034541217066179023
-0.0013603428131683255
0.001747054857724185
0.0006389494271447362
0.006199091846744317
0.0040624540195435726
0.0037174952323591943
0.002668905371070444
0.006340132703570577
0.00554315629792059
0.0036063398030456886
0.006262300200385442
0.00294414612276649
0.005282181280504923
0.002803492504521853
0.0024699717624683585
0.0039413759673015145
-0.0005495371410282426
-0.0021822478017345078
0.001984678127660995
0.001193485043594046
0.001056683399026599
0.0032662257510948675
0.003392235014768249
-0.0015056690702174899
0.006457485772783673
0.004505543048173922
0.006487419356824531
0.0017863457674229747
0.00028933276412621353
-0.003615733095712533
0.0013112095776721348
-0.0009292326496872324
-0.0026218923815982697
0.0027006421144455746
-0.0030389949510980126
0.001953941615741991
0.005697409700682351
-0.00171348821506203
0.0062818990903863205
0.005793160137918407
0.013868097268771662
0.011880205167346027
0.016769360208917387
0.017913875825154624
0.021733398791077222
0.025907678775642894
0.02637587603990809
0.02810332561223601
0.02432668188609863
0.02791159211502603
0.022045018804815363
0.03285708788228246
0.022192791860468596
0.02856217941941797
0.02607170263928915
0.028123347057456328
0.03194233050503513
0.02442623949867535
0.03017603899574594
0.028185368811233336
0.022457689215658355
-1.0
0.03470677124222111
0.027248444484725184
0.023880048285851056
-1.0
0.02934202704941018
-1.0
0.02131337938592539
0.02814178635664596
0.025889331174794264
0.020848609914925237
0.03144430689749376
0.026182292222461025
0.026089294764234744
0.02562841060699354
0.02926093122810737
0.030500689686100847
0.03871796086151914
0.029416505436515035
0.02656964443407987
0.03335892152197092
0.03158783364822606
0.018745213582261708
0.009742117404959855
0.008227350779093357
0.01561855028926455
0.01390586445606467
0.021300302608009497
0.018623800106708235
0.021559200013680748
0.021025305986072464
0.026182199210309277
0.023428408944721067
0.024815720014975978
0.02142167032113506
0.025752971809810947
0.026198721306097145
0.020411913996970763
0.024789832697234906
0.025587748542302356
0.019267864019625217
0.0278167289456017
0.03719149504369671
0.022442661145087837
-1.0
0.01687838131703261
0.028592803129505878
0.03635742392897867
0.026892564863556196
0.02880116674273515
0.027073750707571922
0.021872235511488664
0.02828087065179405
0.027495992194055657
0.03203376192756526
0.026260388111184578
0.025426605983291384
0.025617315839649206
0.024707006731253357
0.022551922576569343
0.017020231346949046
0.015325205780677089
0.016618559490999038
0.0074045589953652055
0.018834144514036828
0.01897021254392661
0.01567010747182349
0.014439817059168998
0.018176108737389823
0.016764400961146553
0.016441593073497195
0.01600631629824086
0.016055058071286755
0.013687701583308563
0.019971438044546257
0.008574895989130728
0.01635138211109152
0.012551821621817177
0.001978677040064689
-1.0
0.0016682011069060368
-0.001715933929287801
-0.0041753933279734074
-1.0
-0.00159963909589155
-1.0
-0.010275481325781615
-1.0
-1.0
-0.0018224791429341722
-0.0077589930489237345
-1.0
-0.0021897331259599444
-0.012812886786224841
-0.007786589327260425
-0.0053209895717269435
-0.0010486479912311195
-0.006014769805868937
-0.004501111349976251
-0.0054888577257132904
-0.013185031847059814
-0.00048636936031112263
-0.00027375598976356666
-0.004123420891365311
-0.0038975610432289975
3.5941495678461784e-05
-0.0021665141538295394
-0.011457964530607307
-0.004028598523532228
-0.008135633273329024
-0.00606406379636321
-0.006462969976601109
0.003322286721250542
0.0009374577844791868
0.004718439580028465
0.002367300871445548
0.005138589861476752
-0.0009008926070871125
0.008358255545846844
0.007781863234310207
-1.0
-6.768034686330685e-05
0.007604226992896026
0.0026710405101987374
0.017526246731070904
0.031208025280499787
0.02831139295783433
0.026129450234132733
0.028638690250184628
0.027166953960767317
0.023989230555270833
0.015333727726716245
0.0186560270190019
0.020151545115777377
0.013085631412416953
0.013866160519234895
0.016689763656804305
0.022177238433340154
-1.0
0.02232593659740811
0.024003300538959285
0.02363350610256711
0.03389323934338062
0.027538322981587718
0.03200174910236525
0.022346766313205077
0.027004701731631685
0.020452324056244964
0.0218406301076314
0.028554016874406906
0.026636592937632115
0.03429870893818617
0.026905502332751664
0.03225010287172174
0.03377110865836006
-1.0
-1.0
0.0280935567071679
0.034645685915422615
0.032881372874302775
0.023814526055658584
0.02640873000122835
0.034991769673214
0.03348162383395186
0.028004524159331304
0.017396601859467273
0.026013686683669053
0.03609592358356691
-1.0
0.0339935787887358
0.03441916956318741
0.027875844162843486
0.02732391501480098
0.036302098937517874
0.024250718490619296
0.029084720946111517
0.02940694761248987
0.029444082616098193
0.030065067004610178
0.021972733352594087
0.021871631727555935
0.02019938341950413
0.01620106048278937
-1.0
0.028965228198695275
0.022337034109365644
0.027675101311584162
0.02465131032076527
0.028202584595197894
0.022102717650559895
0.017838345263430748
0.01749150675076667
0.017739260273675013
0.02165704082902102
0.023035119093697647
0.020045799773785566
0.015189491110714454
0.02141614358224409
0.01805078766789079
0.009603097238778082
0.014520707143699579
0.011947250914111505
0.017769099614554005
0.011663949136913593
0.01580433048639418
0.016391066905453253
0.0074644075934398885
0.009483847759902094
0.00849306310418706
0.02235429202418231
0.01250258513935619
0.020264076642148333
0.01617666053652637
0.019782090879979168
0.016127530576089903
0.021187318082846077
0.03602998628361707
0.0322174180359789
0.026638789315112224
0.025733874561016484
0.024104397817642433
0.025777928271009123
0.02332009494233869
0.024412478224690615
0.028487604452437296
0.033320103471429253
0.040066924246814246
0.037308202190696436
0.031072759105552697
0.0336254184242573
0.022878449391154562
0.022109904869732848
0.01616867545496204
0.017728794277603557
0.019854051781405268
-1.0
0.01342974144481981
0.011455213629033779
0.011142816418112312
0.005681346259301201
0.005539374034356653
0.004049069849644692
0.004977405022775194
0.00903331368372568
0.01018030571169706
0.012174852256637335
0.01053540480451227
0.016385591201105318
0.010217708335761268
0.007329934050299001
0.016464380770617737
0.015633505678010716
0.01015640727885257
0.011476485664776848
0.008699960966786218
0.008411526861388496
0.005708633555308726
0.00815489165830774
0.006108932521858591
0.005443626143391525
0.008263857535214648
0.011380453405259
0.014221720462434688
0.006062507529904622
0.010917514757318477
0.010993500032194382
0.016498930799053967
-1.0
0.015997654480093097
0.015862126954234543
0.010426918656132862
0.020923153020506787
0.01852401769532637
0.016257676291973236
0.022163661663086864
0.017481766301602388
0.017239954859622535
0.021160547800913056
0.02312960721619385
0.027232736194385026
0.03182611429015091
0.0280004872095988
0.03024791080409435
0.032451225960393036
0.03360738178948664
0.026632639549664456
0.02543353165825237
0.023555465334665078
0.027969215282694342
0.020921711928419153
0.023615506516742713
0.02062855712861681
0.025057807146867055
0.03245950444225805
0.01787596166071204
0.027461812855114485
0.0299505813344166
0.023633478594330765
0.032733663278199314
0.03061771010980185
0.0344743619772277
0.032172943865007984
0.03694929686078388
0.036289419762408175
0.031877999800257725
0.033919086385295553
0.032784834919756034
0.030297199340065757
0.02980266898872153
0.03476869611747931
0.03878248693507565
0.03184758212976856
0.03022609097631642
0.03658936207572888
0.038368809611811924
0.026010100442510776
0.034634644574722165
0.03746544426636007
0.030325450786677217
0.03923414812362643
0.03111285355688655
0.03825687093996921
0.03700472912720552
0.03483072470498782
0.03327884664207645
0.03177743204430334
0.04411233944688382
0.03403363854149471
0.041698468118605794
0.03718370606914071
0.04194025499387263
0.04565411173809662
0.04269470201756854
0.039441166371096674
0.04493489029432564
0.04241086976047561
0.04027024492435159
0.04304730788381017
0.040671758186477114
0.03808880361561307
0.04308654153966538
0.03910051777045956
0.03717205881030541
0.03820234143636236
0.039227255932478486
0.041503646472962286
0.040236945871654654
-1.0
-1.0
0.04252360685715895
0.043284151311572525
0.038489863826891256
0.04282154872497104
0.03699755269153747
0.03773016700061608
0.03860502850178101
0.037055491705720305
0.040036629950754514
0.03918234638724096
0.047789552889830944
0.03527781616403256
0.031175980537712842
0.025226462638571902
0.004998106377370978
-1.0
-0.0031894421956755333
-0.00568731683415911
0.001796140781138971
-0.00322456674661704
0.003756329251655414
0.005979265142704229
0.0032817037223000787
0.007161565238781821
0.004954184174035988
0.008855539744547279
-0.0012854595643356226
-1.0
-1.0
0.003910895504489622
-0.0008268097584627385
-1.0
1.9146233197971824e-05
0.002639996650566592
0.0032287657408668845
0.008131681576249933
0.007302148161482546
0.00969893560282016
-0.003913169374370169
0.0036142963752207537
5.262402921762658e-05
0.0018096871466830769
0.009506081922765712
0.00507522659054091
0.0036111852464694124
0.01265562228225562
0.008873107837624506
0.018990410332165378
0.014262361540129284
0.02023687725634282
0.007956316153616094
0.00875471137874875
0.01423571826459959
0.0033630030698830306
-0.006748174626103987
0.006198903142989446
-0.00042572773960389835
0.017515208464421443
0.022890079257902842
0.0196151329487524
0.02647138241376324
0.025104046602357405
0.0241893391815291
0.029037159220355088
0.031546328889258256
0.03112749443163374
0.02933285574124935
0.03125284192896434
0.028047048919121777
0.03025290482926819
0.03502353075500354
0.023526101059055334
0.022214505905194182
0.032825981366696746
0.025930531634807658
0.028085129747795364
0.028829415979107736
0.02716724006317672
0.0316426857610941
-1.0
0.026770250761343886
0.03448522839761199
0.029866707775300805
0.03746925587355339
0.036397117572348224
0.033033926999387196
0.03798286027179428
0.024204010834539547
0.034549268058225314
0.03878302295927888
0.02919947619903371
0.027861696201234448
0.029828185902800466
0.03299615068903327
0.03495836401836869
0.034603920330583605
0.037354988639489016
0.03532693728870688
0.036399084229256126
0.03578858574667159
0.02680825109259268
0.013355920828116869
0.002592638849484221
0.0034154673293829724
-1.0
0.005942842989013712
-1.0
-0.0016277275222001204
-1.0
0.0012503556521185702
-1.0
0.0013766121253225693
-1.0
0.009128363667286053
0.01588100367743978
0.02762715690915073
0.02649241673780527
0.02283721607297875
0.025180204359397763
0.024705463318290377
0.027324111142948523
0.03586022554009305
0.03298446251965389
0.02641107410075296
0.03363793941372862
0.026549105657825083
0.024663210632988847
0.0303721364166872
0.022177446768066333
0.02851806041215669
0.022128980540909882
0.022209258476739
0.025375010593415202
0.01015851372083071
0.013212313513634477
0.0170252519044921
0.02202169002698618
0.02782672931518657
0.018328823951060075
0.022692485351947705
0.027266562410714807
0.032175279471599476
0.028784795534851637
0.028568003349626652
0.02770062427123942
0.027645767611392716
0.032736525937577435
0.02635959948876003
0.02466451951779569
-1.0
0.02898096578468519
0.030354037822906643
0.03353557637096183
0.03570618124490432
0.02945230622715597
0.02548914830765237
0.022748717753172883
0.029495055535606107
0.020842317452247676
0.024847306970222815
0.01768228290183901
0.0145207107903304
0.02246136926015412
0.025699897365106358
0.019010332335258916
0.010590258815816631
0.007729663785765105
0.010668432148442679
0.014498134024224958
0.021621177901649094
0.01947826550248163
0.020197948614835523
0.023238243969393654
0.03277413538021721
0.0351327926040952
0.03371847551957485
0.038910922029585744
0.0401657950850609
0.035484548646130466
0.033499944076300796
0.031452661157274964
0.033461055929922774
0.035883113675560345
-1.0
-1.0
-1.0
0.03081925275578985
-1.0
-1.0
-1.0
-1.0
-1.0
0.03845306673656358
-1.0
-1.0
0.04327897343417204
-1.0
-1.0
-1.0
0.03478870629560725
0.03279501592030457
-1.0
0.028652083962408887
0.045100237682944896
0.024271035070606888
0.02761740183553359
0.027903031923060533
0.016054807258843173
-1.0
0.014002109538749193
0.015547628302017827
0.01391348911169896
0.017629470389230562
0.02016671246439622
0.018663545918042167
0.026260166601592163
0.026731715899052703
0.022945723814876008
0.01864319840564532
0.01898233443680248
0.02071562085006043
0.018819483772492526
0.011790272146905378
0.0038085333175926885
0.0030846690442734703
0.0013351875635875478
-0.00154596556848526
0.001364303921729148
0.011246011904076435
0.011766982852200385
0.009030684322754917
0.013224510648913975
0.012143464814607855
0.005706391433576845
0.010797133101862916
0.0093817655773213
8.69341445044884e-05
0.006803962317915656
0.001505976037569251
-1.0
0.01030981260300041
0.017505343295172355
0.01989250687905676
0.01839970277326529
0.019327101303064413
0.014927082347428488
0.014146864174415281
0.0035962063814948537
0.002804862851257252
-0.000831691353322589
0.01059306614308971
0.012630691261059005
0.007203923418778823
0.01061903166852071
0.01121905917205594
0.010129402851722669
0.010743654729735097
0.0004974334602568865
0.008199093273841801
0.01125872555979598
0.012827807839831486
0.015707331722655087
-1.0
0.012654267942945616
0.018429015901774197
-1.0
0.008377194408868319
-1.0
0.021743491914351556
0.010360938657096221
0.017849662407713313
0.013933797484594649
-1.0
0.005229082922903716
0.016684222144449534
0.005810262491272065
0.009724887070019565
0.01147038046635784
0.002789358005347728
0.004990381266865888
0.010143703332778429
0.010017472049868243
0.011132421543058544
0.008413248139701396
0.013545160101328231
0.017058573168398566
0.00517293363402596
0.010141419153236528
0.005228912345237154
0.007105196578273647
0.012117794058173335
0.005118989856410937
0.003145841003174611
-0.004498645142630681
0.005874302303268056
0.007115130821415581
0.005275156095863823
0.008648863849526001
0.007061076179151916
0.0014456490010176634
0.003997899531412827
0.0015141236992661392
0.009253928297946258
0.002915368256735538
0.008054554487504775
0.016448899694881423
0.004514317092214932
0.007479872709923744
0.010822459349876285
0.009607538270799628
0.0157636105110128
0.0056566642770480915
0.004825350198938553
-1.0
-1.0
0.006522506587083622
0.005631902436278945
0.00810613130960128
0.011743198919297385
0.009828323578175388
0.004193295144951065
-1.0
-0.004832676564018866
0.002314637467341664
0.002552116055826444
-0.002220621067236869
0.005414502661410263
0.011174216557076308
0.006869371870358578
0.01743885788499341
0.013716641282313254
0.017226251274772737
0.008961803318361421
0.018912979422771294
0.01677146127249567
0.015026776464468468
0.019442065001986617
0.025427515636015762
0.009257999579701153
0.024796086127626512
0.02336723598206334
0.020082924065684203
0.03120117357389062
-1.0
-1.0
-1.0
-1.0
0.028905022344915713
-1.0
-1.0
-1.0
-1.0
-1.0
-1.0
-1.0
-1.0
-1.0
-1.0
-1.0
-1.0
-1.0
-1.0
-1.0
-1.0
-1.0
-1.0
-1.0
-1.0
-1.0
-1.0
-1.0
-1.0
-1.0
-1.0
-1.0
-1.0
-1.0
-1.0
-1.0
-1.0
-1.0
-1.0
-1.0
-1.0
-1.0
-1.0
-1.0
-1.0
-1.0
-1.0
-1.0
-1.0
-1.0
-1.0
-1.0
-1.0
-1.0
-1.0
-1.0
-1.0
-1.0
-1.0
-1.0
-1.0
-1.0
-1.0
-1.0
-1.0
-1.0
-1.0
-1.0
-1.0
-1.0
-1.0
-1.0
-1.0
-1.0
-1.0
-1.0
-1.0
-1.0
-1.0
-1.0
-1.0
-1.0
-1.0
-1.0
-1.0
-1.0
-1.0
-1.0
-1.0
-1.0
-1.0
-1.0
-1.0
-1.0
-1.0
-1.0
-1.0
-1.0
-1.0
-1.0
-1.0
-1.0
-1.0
-1.0
-1.0
-1.0
-1.0
-1.0
-1.0
-1.0
-1.0
-1.0
-1.0
-1.0
-1.0
-1.0
-1.0
-1.0
-1.0
-1.0
-1.0
-1.0
-1.0
-1.0
-1.0
-1.0
-1.0
-1.0
-1.0
-1.0
-1.0
-1.0
-1.0
-1.0
-1.0
-1.0
-1.0
-1.0
-1.0
-1.0
-1.0
-1.0
-1.0
-1.0
-1.0
-1.0
-1.0
-1.0
-1.0
-1.0
-1.0
-1.0
-1.0
-1.0
-1.0
-1.0
-1.0
-1.0
-1.0
-1.0
-1.0
-1.0
-1.0
-1.0
-1.0
-1.0
-1.0
-1.0
-1.0
-1.0
-1.0
0.028902842654591917
0.02756231692863504
0.030155578675685326
0.01989941390598137
0.014651149621871118
-0.004375471257239196
-0.012479482398342808
-0.01044788593682462
-0.0063553149406642825
-0.009046066321733392
-0.011141263446710811
-1.0
-1.0
-0.01547618113915052
-0.02031922767910533
-0.019466821114838422
-0.020904487271580563
-0.020842133460510212
-0.029146943736673776
-0.023114799761370153
-0.01844340107495617
-0.02239064531441757
-0.018668025284323694
-0.022798690291911713
-0.024460700119011636
-0.025164822252470333
-0.02424774252695395
-0.026870336623228203
-0.024537450729721497
-0.03130959663223797
-0.027764255631061344
-1.0
-0.02730253399827891
-0.029541941967036793
-0.02983387414477661
-0.02871594247730868
-0.03196355793973777
-0.03687337796793402
-0.02749621722404623
-0.035574073207972255
-0.027938763939526906
-0.03650611027984712
-0.028326314643280018
-0.029243276158834028
-0.02858488542739081
-0.02311877007886251
-0.02714038476617851
-0.03332063374774065
-0.02839184869235964
-1.0
-0.026281097384602242
-0.02380991355033073
-0.03066519463307464
-0.02670424404185645
-0.021866448518364168
-0.03416330274725463
-0.022685428562349414
-0.0246968348767509
-0.02684135565754465
-0.01922122654284492
-0.01384258108086142
-0.012124007740303405
-0.010698793130176402
-0.01063108396295954
-0.0047535607558741875
-0.00667540145146781
-0.008637174043316929
-0.013231889097175787
-0.0006531703696943852
0.0016314451827450182
-0.010134622983670617
-0.006996204474031678
-0.004862144020757559
-0.008001255093844422
-0.014559944549281409
-0.018924286288422746
-0.01563975625428839
-0.0185685499056925
-0.02987909237798614
-0.028966178957727087
-0.027827034147149047
-0.03636598046370834
-0.024748260487508854
-0.030693999227782834
-0.028015804978579452
-0.029845384957433906
-0.03092148944386127
-0.022537313207896
-0.02897774766369226
-0.026236914563690712
-0.03275854284612769
-0.030615459477142715
-0.030888386272741517
-0.02398268681680087
-0.02786897927984874
-0.03630361911303115
-0.04129660759471066
-1.0
-0.02936020392580966
-0.030290415327366132
-0.03451985727814064
-0.024181896089174013
-0.02795954224631668
-0.03318522431597052
-1.0
-0.03899356569079654
-1.0
-0.038520703446505405
-0.03141378451718261
-0.030710393553764783
-0.026574330930029408
-0.033552279668664364
-0.026055154083846305
-0.03229656551037946
-0.04169519262452137
-0.03910599944726588
-0.035597777242133484
-0.03473047235570733
-0.038036023894836624
-0.029681086457549313
-0.033004209299678434
-0.036471122423918916
-0.03285030388365241
-0.0327306619370721
-1.0
-0.03290804643386064
-0.03420286041256008
-0.03013641217023993
-0.03268059582130309
-0.03275261859255402
-0.0275568946205447
-0.03320252669389467
-0.037091738671189464
-0.03555175946835367
-0.030470068473478606
-0.033835966782653326
-0.03343165759975665
-0.029863790660513343
-0.029125544273048948
-0.03427315321171004
-1.0
-0.040319626108136435
-0.030396015723376593
-0.03265203288848325
-0.03227699077108344
-0.030179058571989364
-0.026567856606387732
-0.037273684297943935
-0.03320622700463628
-0.03650166473580452
-0.03222229180638459
-0.02871499621808878
-0.026562912711169114
-0.02846063529693749
-0.03437752037472302
-1.0
-1.0
-0.04177735920699599
-0.028380068009668295
-0.02702352043563182
-0.030742446196802133
-0.04019564297229768
-0.038214172627833796
-0.032607873525015506
-0.03817538124121352
-0.031042512898977696
-0.03636189481006234
-0.029097197948657953
-0.03466389692787029
-0.03337462229912348
-0.02927143736166903
-0.03433939974391991
-0.026913617232390552
-0.032298017664402094
-0.03131487959414913
-0.028317467201746913
-0.03307699061982592
-0.033493753667727964
-0.03425435390101893
-0.033144738015675614
-0.031138805595418647
-0.037441013131883916
-1.0
-0.03220003362868003
-0.0319740591753238
-0.025793511586873825
-0.037037116565727675
-0.033986591789539625
-0.03347554675936408
-1.0
-0.03636086449294727
-1.0
-0.027441091365161856
-0.03324833875601493
-0.026938419624802833
-0.017589865187423347
-1.0
-1.0
-0.02544571454078831
-0.024664273526408684
-0.026323571903507276
-0.02994783010656076
-1.0
-0.03184556682718169
-1.0
-0.02979260492720917
-0.035252647885547585
-0.023481542871172875
-0.03252941181643448
-0.031058615969562466
-0.03025012994696718
-0.034385182349456846
-0.030996102519625847
-0.03235229784248521
-0.03140749220004257
-0.025815210219074253
-0.035381040994515285
-0.036368605629491
-0.03901920914900972
-0.039100006490956435
-0.03087959903833815
-0.034877267539025106
-0.027980623077667556
-0.028437891950922133
-0.02507770428615091
-0.02587111684716758
-0.027198975812227702
-0.03630290675990292
-0.03816971388908661
-0.030060742109832558
-0.024880945246055622
-0.03742319621316224
-0.03793223137982305
-0.03524611802383475
-1.0
-1.0
-1.0
-1.0
-1.0
-1.0
-0.03129205448638841
-0.032363537655398164
-0.031667882553745225
-0.028345164501958276
-0.030631278715012707
-1.0
-1.0
-0.027251568726751094
-0.022846933304415146
-0.023520377436648417
-0.020553969584086895
-0.02463418010147048
-0.027300907083300893
-0.02630243339390454
-0.029578081297961203
-0.023767849526510225
-0.032096706638331786
-0.023923745852400334
-0.02282663122512265
-0.02477372060130102
-0.02210084946404961
-0.03038631689272519
-0.02253010303655888
-0.02180432647777806
-0.03443283102817877
-0.03601439126674536
-0.03376236414703295
-0.03435384018425169
-0.02789523571209805
-0.034762653508431725
-1.0
-1.0
-0.035491492671690404
-1.0
-1.0
-0.021140217016641195
-0.027148852469618494
-0.03405350553565966
-0.024106817395709877
-0.028420906076388208
-0.0331441985571661
-0.03438716821278803
-1.0
-0.03404658288894964
-0.03767291349496719
-0.03123429169224317
-0.03332832686867339
-0.0301657159848405
-0.025558220308281185
-0.022615888894794347
-0.01650594277242643
-1.0
-0.007665595791088136
-0.005847502071667767
-1.0
-0.014660623438939532
-0.008743487037714699
-0.006749299275256003
-0.004193702664188658
0.0037162100297286416
-0.007034882480404439
-0.006473697035393654
-1.0
-0.012150252262884782
0.00019390435461785505
-0.009977968490502517
-1.0
0.011682587001193536
0.01514755767480592
0.01927400589924511
0.022110717183526335
0.029325584084239395
0.02754516185712956
0.02900363662086737
0.020821283004758943
0.024111900280154492
0.02383459329258029
0.03054307057609113
0.0352819152150675
0.030364591977354232
0.02292418846338286
0.03236226393414893
0.029820163170263796
0.02623454402419088
-1.0
0.029174891922360006
0.027306420509998205
-1.0
0.025364099999769404
0.022846104980831793
0.029382498531498595
0.026940996895585302
0.027032544491956467
0.025720852649487914
-1.0
0.017822997217022934
0.02381248484967534
0.013992064691999184
0.019580965499973454
0.022145810190578395
0.027336017940933984
0.02096124716732408
0.02582293604389832
0.02098840244467418
0.023369093340723457
0.016050060554608378
0.020261185659652813
0.02826283294077387
0.013530542991713137
0.021914069532816032
0.02146335558690239
0.022305068080963456
0.01750205367537878
0.01983423560850644
0.016111732341664003
0.01477836747271335
0.011763261626733605
0.023422412669448604
0.017312508698113162
0.030138824066869317
0.023919977545278383
0.015562093635290498
-1.0
0.01482387048468484
0.013280474183382135
0.013038378330817084
0.009216889050970234
-1.0
0.017524195710744667
0.014819544150210522
0.012742194023156192
0.018286361142673044
-1.0
0.012596307208053454
0.013437827559776327
0.016728486829792655
0.01159645952986838
0.01912263843805918
0.019784238180421354
0.028368961474713374
0.02480282889083696
0.010800485524861451
0.018528247994452508
0.004541421017202752
-0.006126685102024536
-0.006879684796087499
-0.007599070623435441
0.002065443802378157
-0.002327520197330772
-0.0057496356931750385
-0.0065265332484135555
-1.0
-1.0
0.002182036370318268
-0.005502254594241631
-0.006689633678301886
-0.004657687135599689
-0.007772225033872876
-1.0
0.0020376899908814156
0.003828834412738382
0.014238625258591483
0.009664664696705764
0.015213938842833397
0.015869600402844877
0.018581418857869115
0.020561505273215118
0.013454484675537207
0.014259754758566948
0.020580114180999375
0.01559659582967032
0.021534589974725068
0.021705336408525757
0.029727978433206428
0.03171581807582221
-1.0
0.027278457339830562
-1.0
0.028638206478656076
0.030941983001852996
0.033467053284806224
-1.0
0.027657359918557077
0.025868589848357288
0.03169480900643845
-1.0
0.0325141319128075
-1.0
0.02802922970602375
-1.0
0.015963000799685108
0.02197621107235355
0.03550812876253412
-1.0
0.0292568787630753
0.023770485508150096
0.03736603219502876
-1.0
-1.0
-1.0
-1.0
-1.0
0.027801330523072747
-1.0
0.03031017019610358
-1.0
0.029101880001494627
-1.0
0.022434984247697857
-1.0
-1.0
-1.0
-1.0
0.025842850579558808
0.02917361019121374
0.02963043200761096
-1.0
0.025844236007836117
-1.0
0.02939244389741724
0.027293567500305135
-1.0
-1.0
0.03014763428551276
-1.0
0.03544964500692111
-1.0
0.026990558764349925
0.03210146313979878
0.026470821611816766
-1.0
0.02942589810412478
0.030822420111533678
0.02528050906121612
0.02411783467818416
0.027909647731352395
-1.0
-1.0
0.02787205116887847
0.027800334893837635
-1.0
0.028351088415108805
0.01900587239898129
-0.0016379921413424078
-0.002921885050349147
-0.011250365454046113
-1.0
-0.0050731848315223056
-0.0043026734958223345
-0.00844766546598152
-0.00708660152656602
-0.0017384391446809535
-0.0036014491634739965
-0.0001504088849589506
-0.004332414492610515
-0.003985504742397374
0.0019128340898023689
0.006397869562138973
0.00963315386147393
0.0015022412505915938
0.0031726243619209786
-0.000978347787135456
-1.0
-1.0
-0.008186808541045412
-0.003925408981811207
0.0007931270933232547
0.00255757486118838
-0.008676896066408552
-0.007201203671941022
-0.016747092755593312
-1.0
-0.020932050104069046
-1.0
-0.01679943642148564
-0.010632580194510698
-0.016103059943185172
-0.017090285441984227
-0.018100322284363247
-0.014189546600831184
-0.01418019231858583
-1.0
-1.0
-0.019229589747204387
-1.0
-0.02335670358902471
-0.03443040876648389
-0.02447764473184072
-0.029893653449297748
-0.025183779805264983
-0.033606603501882194
-0.034129710513777035
-0.0291514207198418
-0.03406959095877001
-0.0315653075262485
-0.023017861496174467
-0.019910750615154474
-0.02853457329661888
-0.015577887170011726
-0.02536026977245539
-0.03426780369959809
-0.03434643286867384
-0.040705272669833356
-1.0
-0.0324771308644704
-0.03692559580706052
-0.03262815393692995
-0.038806404339343764
-1.0
-0.027814760494121123
-0.030279606867702154
-0.03674913339824635
-0.022901315213958977
-0.028539859514158154
-1.0
-0.0311555787778472
-1.0
-0.02666633369271646
-1.0
-0.03964445478240098
-0.029561621119480574
-0.04061642053604099
-0.030740447338365187
-1.0
-0.02437041153748917
-1.0
-1.0
-0.023972510772066833
-0.01924004506215751
-0.017639130645750567
-0.022676302357691153
-1.0
-0.017196250963398486
-0.018102661521733905
-0.013070137295710011
-0.017254533564630477
-0.031622933387272366
-0.03514962989848566
-1.0
-0.03224362404271186
-1.0
-1.0
-0.03464550789872503
-0.03812227606745298
-0.03585545479118952
-0.03042275014769161
-0.02718208346326552
-1.0
-0.029342309899219925
-0.029404226925826612
-1.0
-0.020737651786509607
-0.016260242396073748
-0.016486097891060644
-0.016466025738346685
-0.0247651091692498
-0.016836685321651147
-0.01946856200142574
-0.02713348050669373
-1.0
-0.025585562341748934
-0.03069985310977629
-0.017497592241430014
-0.00943794836220387
-0.012186470254730783
-0.0072861117732230096
-0.00892934221047162
-0.011026256254674528
-0.013353281885413274
-0.01048703445294901
-0.01423670052585269
-0.015580971159100253
-1.0
-1.0
-0.018486735936056767
-0.01622192559016608
-0.012055823248113861
-0.015250079505153748
-0.010358244211715285
-0.00878108138834654
-0.014506655066823245
-0.005268337282535111
-0.017114232767201618
-0.021072217493777013
-0.014427601432256661
-0.011987429038199172
-0.014375546590859913
-0.012711560949515392
-0.014814893383466924
-0.018105937460027442
-0.016669721750645752
-0.01478274167793629
-0.020166034192858128
-0.0262903177992598
-0.028745362351363338
-0.022557978499928678
-0.02456323638580196
-0.0253206861782323
-1.0
-1.0
-0.025335502388720628
-0.02739857627516823
-0.027063278627151816
-0.03097196820914127
-0.02453159111569809
-0.026849224278664617
-0.02107203461885151
-0.022960688212727558
-0.021343576754747018
-0.025253065327875548
-0.02882482907941525
-0.018527487515219328
-0.02340758719439894
-0.018945175024660622
-0.01573897562799147
-0.016867530924450085
-1.0
-0.021928141636012814
-1.0
-0.024865885672166622
-0.01783943500977859
-0.015088869295727938
-0.02297728758107493
-0.008289829505056266
-0.011167267732557355
-0.015502601995424964
-0.010742966161771617
-0.014151913542580666
-0.013895359004161396
-0.014992776104919425
-0.015849822496828588
-0.011445438593289664
-0.010823375243964149
-0.011466822211063306
-0.010970291314833801
-0.007371092947094406
-1.0
-0.018596866013009763
-0.013242371938539402
-0.008693950309788145
-0.01002112981747384
-0.011952947130674147
-0.004581775869332492
-0.004839266894004567
-0.011970325407465263
-0.02204122235078872
-0.006740662618286851
-0.012679874293802062
-0.004576973946222825
-1.0
-0.017509774552190095
-0.01344071149321278
-0.016144418072569618
-0.010031345692623532
-0.009602905101547116
-0.012781562412497182
-0.004950850468799366
-0.01528501521142128
-0.014420249727658742
-0.014284327567318317
-0.019098160860105375
-0.027375613374281446
-0.0247546369520125
-0.028548342672874018
-0.03483900197131565
-0.02707892776261511
-0.038147191449054
-0.03212804407069674
-0.0247647806083139
-0.032878653395318425
-0.029997742896467595
-0.03140963380362667
-0.03914760287155586
-0.031432678162140196
-0.031518113853121275
-0.040907178899271195
-0.03672533338567664
-0.02845187494199834
-1.0
-0.028227194650341434
-1.0
-1.0
-0.028106897281770633
-1.0
-0.022523800732378692
-0.030238929444640263
-0.03138430947440533
-0.030689152582236028
-0.033014341773391014
-1.0
-0.03343326281705861
-0.029801053390921456
-0.03376948820313105
-0.027060383777922987
-0.03059158891391481
-0.03476241410681363
-0.031750301420732076
-0.030156016242467745
-0.02910400144828336
-1.0
-0.02473167993053302
-0.03367529329186014
-0.03729340164189092
-0.028861740441722707
-0.025939513512530543
-0.029986982029386308
-0.024493614323443012
-0.02823865770555344
-0.03339414124419735
-1.0
-1.0
-0.032598642527204104
-0.022046666830577183
-0.020330821894749083
-1.0
-0.02393501952197148
-1.0
-1.0
-1.0
-0.029488368240882752
-0.02222809193602506
-1.0
-1.0
-1.0
-1.0
-1.0
-0.030387453386045607
-0.020342689094696574
-0.013741851503013311
-0.02278383729188727
-0.026374703542686704
-0.019821355153942115
-0.01755300748182064
-0.02769557369083499
-0.024089670857419136
-0.016536350849035902
-0.0205047973083722
-1.0
-1.0
-0.01778126759211054
-0.02398740966373943
-0.022467311148778563
-0.019254213813681427
-0.016411257057616133
-0.011120460728303406
-1.0
-0.008639104903582134
-0.005325167326800734
-0.004392214943355819
-0.008462299840611493
-0.004189075805272098
-0.00187316499150795
-0.003882631234060984
-0.00545635379981487
-0.0047200821175401005
-0.007175067869197544
-0.0018201694108765593
-1.0
-0.010263092753222377
-1.0
-0.004208591766488892
-0.00457321458162934
-1.0
-0.007389889019889017
-0.008019144906091472
-0.013847507457574947
-0.011926433082840315
-0.00585328190370048
-0.003136966027140487
-0.0019539711571352025
-0.0031992051429743334
-0.0007494571375050202
0.009667001845096015
0.0024007841668301773
-8.476476899801e-05
0.007313577324324303
0.008148590700227255
0.00753344335412822
0.015438137419398671
0.009952324542935926
0.02148362125199649
0.014967675587945766
0.010060715263111085
0.011490669604244701
0.013504548149636027
0.015372283747455234
0.007091305205021112
0.013964189121736432
0.007984694736279664
0.013149922266276644
0.012440832090889923
0.01745057032446519
0.022039021150403626
0.025922773535737992
0.024495662215196407
0.026967493139021265
0.031686670648369476
0.025186833480965325
0.02537960984522925
0.03071564281720988
0.04062126509502139
0.023506873059438375
0.03545877872444219
0.02838469916826473
-1.0
0.030439200617196318
0.03317173972094904
0.02431010072154247
0.028596364194550902
0.028492513588004066
0.027019255925823132
0.027390264692758064
0.023588962319317033
0.026725673070882718
0.025429340681703928
0.020152268230633555
0.025064601807426666
0.015940412333172616
0.01712764527730614
0.01658521715448639
0.010010558859827955
0.0037771320547458722
0.008736620544766665
-1.0
0.012836369668440855
0.013492721553355253
-1.0
0.016034622313912533
0.01793884712174747
0.012868010579178033
0.015121675607978306
0.017886013157542572
0.019937602642237935
0.01791270648298365
0.020408740009240534
0.029695421572076844
0.023508451617851922
0.02358349630495959
0.024879580289390156
0.02828943437805523
0.02840200607820785
0.019645612800674495
0.025369482888827892
-1.0
-1.0
0.01416926173775112
0.019545024950719258
0.014277729381545166
-0.0024470078925097278
-0.0034607256980460637
-0.006474109535100678
-0.0030967759693349478
0.0007395668481025563
-0.0024254785785904195
-0.007070582786325153
-0.007819855491426886
-0.010745501523165796
-0.003954462062751311
-0.004796298588490185
-0.0025599005693110145
-0.0011356050630795945
0.0030697762953262103
-1.0
0.02083933586527784
0.015471545157983562
0.012931604976290064
0.015654173053242865
0.01541033972289737
0.016014469655458382
-1.0
-1.0
-0.0012567199791960685
-1.0
0.0202339785280862
0.020513750126403624
0.023367892787841404
0.02189515954804966
0.017649142349119015
0.027131556746347815
0.03033463430230992
0.03269778257247475
0.030275265251072422
0.025916679876751218
0.025422617883943354
-1.0
-1.0
-1.0
-1.0
0.03375245938885739
0.026585430861733466
0.02828094306929222
0.026182908324286176
0.02769354437988577
0.022160149433359172
-1.0
0.031871099477706215
-1.0
-1.0
-1.0
0.03469991448259042
-1.0
0.029419459966806533
0.028526512996611963
0.022932419032735428
0.0258471175322977
0.02518457982270773
0.018960538909685347
0.016035151449155877
0.018321456720916403
0.021821578768161615
0.017942658753333077
0.02123191735868285
0.015324393100094522
0.017432141655295327
0.0158220849654253
0.022732390055276108
0.025482720415598976
0.016313746892209414
0.022232460860677705
-1.0
0.027463372731031048
0.01653118891133654
0.025062540195146418
0.015708812072017134
0.020024323421934123
-1.0
0.02635710734432652
0.018664347483116482
0.022181463962307982
0.027761437441478055
0.03162470894499102
-1.0
0.02057630679140157
0.028980705949973182
-1.0
-1.0
0.028040525269456613
-1.0
0.025941446168360662
0.023825458315869335
0.026034872139973006
0.023034948226724583
0.022629905758151447
0.02692779051277088
0.0296507465365148
0.030253745086558877
0.030771077843935127
0.02365282156507398
0.026923116473297724
0.030658402353419018
0.02406873047887838
0.0129097924304536
0.0097800653813604
0.018753820512202073
0.010902591870827075
0.01656228688414541
0.011876186553981632
0.009382291614349609
-0.0012582267569923309
0.003947983379533376
0.0007744754073854601
-0.002247871743736983
-0.010370809971239401
-0.000955890336684978
-0.005920177459689808
-0.01415969929081644
-0.01675465860792927
-0.015397677940183301
-0.017330276635640886
-0.016551415136623074
-0.010962292238789534
-0.017632701496447186
-0.014808516416327118
-0.019366372294385273
-0.015660774110015655
-0.016954478512551427
-1.0
-0.014318971866011977
-0.008692658905603777
-0.007640784653752604
-0.009877613173073597
-0.004021656617923811
-0.012751611329413055
-0.010126397544466552
-0.007736953138213977
-0.014254625844910685
-0.011449321255622157
-0.015590614907090575
-0.013028318121540684
-0.007297785328054773
-0.02131998408482471
-0.012756739038729554
-0.012812618420077805
-0.013824581769128857
-0.012397333071545164
-0.010008154057803852
-0.013369749169593813
-0.030265851633159736
-0.02281019788864376
-0.017863985850547246
-0.023833654763746537
-0.012945791184278141
-0.01751034498259801
-0.016993362962425675
-0.011059355708753587
-0.017325907783246306
-0.013834074785628654
-0.01785811118806534
-0.017076156005036727
-0.02080990718753091
-1.0
-0.024619451133526545
-0.024039506431163732
-0.016251458066917
-0.01949186120917627
-0.015037525560797174
-0.016242358115682986
-0.01955330545814905
-0.011985082632436892
-0.01155007162632747
-0.010396528600852382
-1.0
-0.016663014172421817
-0.029078649481427608
-0.012465060921901467
-0.014950280319997214
-0.01261303744631728
-0.02159478904850271
-1.0
-0.018309974497593754
-0.013829956657169573
-0.016570484264638953
-0.01462309277748909
-0.01553393665503777
-0.019330318280283865
-0.019954097169185316
-0.02159785731149513
-0.018970099774299896
-0.017041326026015872
-0.02010701438917525
-0.016945029325395825
-0.018528285842516177
-0.005000574419583007
-0.007838438185470753
-0.0062864608523824795
-0.003541560079655258
-0.005400553554425106
-0.008755226945477567
-0.013742444905545376
-0.012891124352647956
-0.010762895940357791
-0.0025868097214101823
0.0037463877457810063
-0.00611796628900917
-0.0010676412020364189
-0.0037403586002393457
-0.0045148636318989455
-0.00033980821945891104
-0.00787121067028233
-0.00022822796561420847
-0.005157490024846273
-0.0014963371831736444
-0.011102287211514466
-0.019429746338612313
-0.011286656968498848
-0.0051417396295298885
-0.006072759900330581
0.0005509440626702894
0.007271328824819102
0.004030751370915136
0.014362800156233311
0.0005604692705847505
0.011994852497990661
0.008438608212131821
0.010802165193730538
0.009697015734151961
0.009612321337365257
0.004899752300995087
0.0023383491654585605
0.0048814928095961534
0.002908320631196439
-0.0016828848593762082
0.009980698825865934
0.002521875199032561
0.006604202874730319
0.012935428711865066
0.011900068672235392
0.005963965470419497
0.010829279333340176
-1.0
0.011253946517933891
0.009613743799892188
0.011424749608552887
0.009351864033505972
0.007780452641623443
-0.000298024241352283
-0.001009342618171692
0.0033013595534161382
-0.0027154264424364746
0.0017345924066985172
0.003428053183856042
-0.0047037614432577125
-0.008115448409715944
-0.0017254848444063868
-0.013407373796514804
-0.010589520916996052
-0.007225400922406221
-0.0034389011719466057
-0.002799167334504398
-8.75155610930406e-05
0.002118904380357292
-1.0
-0.003000097407501765
-0.006999871348083976
0.0037525009488669284
0.002883663526138824
0.005398376322541315
0.00491466377169044
-0.0012350010464273202
0.008067282790405294
0.010366090806784653
0.004961161265374659
0.009404618837882548
0.0047843184813743745
0.004097418834730331
0.0001260711583619672
0.00335926628595293
0.01260212775580952
0.006792541903532886
-0.00020410256735111827
0.013063518026655199
0.007316160920397569
0.011389246851638548
0.011552372760784371
0.006059795558383484
0.007181874520118501
0.005783677434775322
0.0022111137505888617
0.00636670903040312
0.00765341015792682
0.00077311990341737
0.005602912661953954
0.009536290310294472
-0.0014947468648222081
-0.0015910368447167016
0.00782967452750801
0.005840700953692268
-0.0025349321534557014
0.0010576973579560895
-0.008229962961482247
-0.0014604719994612755
0.0007174467475136762
-0.004995045995555994
-0.01340080821568662
-0.003937945420625329
-0.008749014220046824
-0.007057688273864283
-0.003960994974964907
-0.0037221014497758357
-0.008254831766801817
-0.006869135977521571
-0.00289159752287458
-0.004058197602550181
-0.00709403320030096
0.00454735454183151
-0.003897773232018083
-0.0025080089792370707
-0.006479672618029038
0.002692928360889666
-0.0012403141794427306
0.00048151678748653017
-0.004569439638246704
-0.012714242425315542
-0.001005362675492127
-0.012804460799898769
-0.009251607126424376
-0.00519221249115466
-0.006410023741288069
-0.008118281588810802
-0.0078005939514837475
-1.0
-0.011186719117018093
-0.009478066254626293
-0.025682766507788578
-0.0190414030038563
-0.02525127990278704
-0.019417954697942236
-0.022989842117377483
-0.030048747741294103
-0.02802084268518354
-0.020208096050684927
-0.02619590359567623
-0.025360022622007396
-0.025962976865597672
-0.02081335809061608
-0.02008463703183383
-1.0
-0.025312169099344806
-0.030914312637171943
-0.027791106827970737
-0.023580366551756837
-0.021053197805702393
-0.01708406907300933
-1.0
-1.0
-1.0
-0.020409021788567582
-0.035249121129462296
-1.0
-1.0
-1.0
-0.020944119439531807
-0.017639660722211244
-0.033303513428424296
-0.026069802162720954
-0.02099009978628817
-0.024472250433946362
-0.028035691494348158
-0.014482179671647407
-0.02398332111935728
-0.0349601081898277
-0.02647061150871732
-0.03376286424140683
-0.020794194311149396
-0.014194990772480471
-0.0278223894745955
-0.0249950606269277
-0.022599286841166768
-0.0198350615377987
-0.020871923557626525
-0.01917644690166894
-0.02186092779344916
-0.03024258553789487
-0.03314350782320293
-0.020186040840469124
-0.02549448120765017
-0.02887856852911512
-1.0
-0.018269382192370443
-1.0
-1.0
-1.0
-1.0
-0.017884593296766515
-0.01930176166041211
-0.021351728445561213
-0.02858115565797424
-0.025413348444773776
-0.025058429331870993
-0.02518256384468903
-0.030835660354961422
-0.02261422053772431
-0.021967950249678826
-0.020538866565320852
-0.019394031017476793
-0.021366477800094548
-0.014346177990570506
-1.0
-0.017577408005357963
-0.022617480057611397
-0.019456505012486455
-0.02741931520451412
-0.02417808162819241
-0.022107251683469404
-0.023769161942666626
-0.02254489638067789
-0.02059975168803177
-0.022329409140527272
-0.020588593705589357
-0.01246750700840669
-1.0
-0.018223034052403057
-0.0068222537099760375
-0.021549653151208513
-0.018200734913996607
-0.01944990820409456
-1.0
-1.0
-1.0
