-1.0
-1.0
-1.0
-1.0
-1.0
-1.0
-1.0
-1.0
-1.0
-1.0
-1.0
-1.0
-1.0
-1.0
-1.0
-1.0
-1.0
-1.0
-1.0
-1.0
-1.0
-1.0
-1.0
-1.0
-1.0
-1.0
-1.0
-1.0
-1.0
-1.0
-1.0
-1.0
-1.0
-1.0
-1.0
-1.0
-1.0
-1.0
-1.0
-1.0
-1.0
-1.0
-1.0
-1.0
-1.0
-1.0
-1.0
-1.0
-1.0
-1.0
-1.0
-1.0
-1.0
-1.0
-1.0
-1.0
-1.0
-1.0
-1.0
-1.0
-1.0
-1.0
-1.0
-1.0
-1.0
-1.0
-1.0
-1.0
-1.0
-1.0
-1.0
-1.0
-1.0
-1.0
-1.0
-1.0
-1.0
-1.0
-1.0
-1.0
-1.0
-1.0
-1.0
-1.0
-1.0
-1.0
-1.0
-1.0
-1.0
-1.0
-1.0
-1.0
-1.0
-1.0
-1.0
-1.0
-1.0
-1.0
-1.0
-1.0
-1.0
-1.0
-1.0
-1.0
-1.0
-1.0
-1.0
-1.0
-1.0
-1.0
-1.0
-1.0
-1.0
-1.0
-1.0
-1.0
-1.0
-1.0
-1.0
-1.0
-1.0
-1.0
-1.0
-1.0
-1.0
-1.0
-1.0
-1.0
-1.0
-1.0
-1.0
-1.0
-1.0
-1.0
-1.0
-1.0
-1.0
-1.0
-1.0
-1.0
-1.0
-1.0
-1.0
-1.0
-1.0
-1.0
-1.0
-1.0
-1.0
-1.0
-1.0
-1.0
-1.0
-0.04153995593690802
-0.06772273750457802
-0.05954087227784173
-0.0298504768589409
-0.06349785349197798
-0.06620707637504894
-0.05622203211565275
-0.05431848109322092
0.006273645897201787
0.04468818165290824
0.010071899544921423
-0.051210500142472894
-0.04773660624548893
-0.05765674478644744
-0.04178384441162411
-0.045176588693318545
-0.013631588639092466
0.0186508510004016
-0.008896499268702463
-0.038522243743746104
-0.0024281810987823783
-0.0155997980827916
-0.03467757665768563
-0.04435441699068366
-0.03907125703314934
-0.01752167211706302
-0.04951046330787537
-0.037294109382117635
-0.04392185346289858
-0.03514031112878036
-0.05409506136801011
-0.06316953003359675
-0.06156807760142502
-0.04666127956488505
-0.012781384242884442
-0.02938838766900399
-0.060267918944062734
-0.03438550865237479
-0.04488090001932091
-0.07584673913673674
-0.07928234588420026
-0.07992034520753366
-0.08001935615087018
-0.0796206255964794
-0.07996258784107631
-0.08009589064733816
-0.07969130869181863
-0.07832985265662898
-0.07938608017390801
-0.07848633081917493
-0.07789611921802528
-0.07867142907005831
-0.0786375301608229
-0.07778657775859307
-0.07878071903165229
-0.07971789025052183
-0.0787413869196471
-0.07981895208751177
-0.07988140992977873
-0.07972341325553409
-0.08020934060264455
-0.08048377556725393
-0.08056934546784321
-0.08138831833381353
-0.07993919556012526
-0.08113928193535924
-0.08039925032899393
-0.08163537329311926
-0.08188908913867167
-0.07108553140546983
-0.0538364050109227
-0.021997079934921584
-0.05528965364195264
-0.06418357438599895
-0.0633873504364408
-0.06819544696371226
-0.055164365029780844
-0.06888850906916746
-0.07829310912226581
-0.08400252706704213
-0.08503513397580348
-0.08414032692042711
-0.08449915892742324
-0.08242631032708536
-0.08169837538078946
-0.08121731128746411
-0.07950074894156017
-0.07535727001891113
-0.07964039327091067
-0.08087400803059243
-0.08123999288995115
-0.08073186657289896
-0.08130394858423055
-0.08260805341324841
-0.08273941508797426
-0.08224612110202993
-0.08420540157891364
-0.08454760623326252
-0.08450076462323353
-0.07872315808893729
-0.05956899279916899
-0.06202428190209034
-0.05795429879588744
-0.07321806486866801
-0.07950786558747773
-0.08627954800241677
-0.08495311711678928
-0.08322851415126016
-0.08454558316912998
-0.08365047801660005
-0.07651722587755448
-0.0798601323504207
-0.06750183541940323
-0.049655424330657796
-0.06094789116383187
-0.026428518576663267
-0.03972179164481702
-0.028265770915890342
-0.023226131737658414
0.003621222094809096
0.020067010621962058
-0.015115180182013204
-0.0722874533937909
-0.07334296106729994
-0.07266656159980038
-0.07454885883892887
-0.05992186943819092
0.014398646178438633
0.02813501948705035
0.03319879037517076
0.025486396857423873
0.03203023435052614
0.03852772742969486
0.0429474826264105
0.03527724053131357
0.03383232763484971
0.028161762292986038
0.015964245242206434
0.019269085901403964
0.012285699123255372
0.028725423027451347
0.03571857284838764
0.031378582103979355
0.02097980567709056
0.02399340384741728
0.014537895310825423
0.012950600546874117
-1.0
0.027268195707283355
0.04348625591389378
0.017973532006613144
0.02538940209323952
0.019831204052283103
0.0022233041862699584
-0.04442918703244624
-0.051814747255981355
-0.051161572115936985
-0.06279451773289697
-0.06525728233793164
-0.0756900947108583
-0.07759059575353745
-0.07593166307408254
-0.07576595739269941
-0.07446473221686953
-0.07480366930624706
-0.07246501537260164
-0.07445936904366837
-0.07457093423540109
-0.0753423440293347
-0.07784239249722703
-0.06733543712341948
-0.050607330277353084
-0.038718563494317675
-0.05105279855999558
-0.0664065341597749
-0.05278722716883576
0.0007043976062315614
-0.021309015629951734
-0.00459480423585859
-0.021334261901120612
-0.0400578110856104
-0.04493886542049234
0.010802050026190373
0.03766061380552099
0.02807602763468811
0.032283261713854414
0.028832959267082608
0.035501519814026564
-0.014297843178489814
-0.005326167007960578
0.00017054405757666995
0.013579590194442964
0.044936651135182124
0.05578285550830787
0.06216921957297735
0.07702481206795496
0.07153570199606742
0.07044070151300386
0.06482808799601736
0.04870391592079096
0.05076116006949443
0.03673095002356054
0.021048298188303227
-1.0
0.05458496662493014
0.0648765245740188
-1.0
-1.0
-1.0
-1.0
-1.0
0.05467462822685854
-1.0
-1.0
0.04195315424327357
-1.0
0.036249448320446756
0.03569868682061648
-1.0
0.03768561355424183
0.07457856543479173
0.07641024635813576
0.07485648482719758
0.0718959675074117
0.053093264367830205
0.04470305953935334
0.05154895139791014
0.06568018212061941
0.0659180852812307
0.06097815516107426
0.06690331993342703
0.061363085536166914
0.019872986611977523
0.03815456387366748
0.042700862174297166
0.001958519049085086
-0.019877748942717006
-0.015955941034729602
-0.002660776985854551
-0.04350819771384271
-0.04302661213748026
-0.023973774288641756
0.019389013772264773
-0.027433313308220325
-0.037588847046102124
-0.041666028219588674
-0.020388922519942815
-1.0
-1.0
0.04946790159375996
0.03834881260816155
0.01910956623412356
0.011916798738925979
0.002506183216946107
-0.03868412899078488
-0.05024099369529307
-0.04680114931094674
-0.07066328465280597
-0.07221828564764231
-0.07277852861124864
-0.07089701333450152
-0.07323900295515968
-0.07377341075317545
-0.07160548254461746
-0.07303940290110447
-0.07233127387738332
-0.07263994892371178
-0.07062838259620002
-0.07190651266757998
-0.07154691656806575
-0.06352150706355118
-0.030190128392186728
-0.024190944798251304
-0.0232061115263697
-0.018941418934853634
-0.02193733156896022
0.013064860690023754
0.00017962282863146574
0.02317430745351785
0.04723512229829137
0.05560202148964489
0.0352470207581922
0.019299957850669475
0.0002710786430218721
-0.0003337893944080181
0.009397382697740483
0.004631932349655287
0.0012970029656891933
0.025510797641074844
0.06362239061582604
0.07200831265628137
0.05924237578737864
0.04878638794695099
0.06384249185689075
0.05979451977606665
0.059422989413023763
0.05417116090229948
0.06873696672808209
0.06663513324945076
0.06407601259938021
0.06975612080243684
0.06155919213988079
0.05828230298584953
0.04445828362516796
0.006813141712520743
0.0030490848011203017
-0.009088348023835706
0.02165062779994545
0.05666288589844681
0.05952283080992449
0.06450437518757342
0.0595056620396413
0.05844810224331577
0.059643535829806985
0.056469447581614846
0.043978794680010064
0.043344826762198814
0.0385717060585727
0.04962421466022928
0.05426606038777668
0.058657593782455844
0.048660246989404174
0.06249695832449262
0.06690352931614589
0.04835483760227687
0.028303918371932045
0.018299570061555172
-1.0
