-0.0038004552664698188
-0.006664433331833395
-0.005114625929798112
-0.004395123887107847
-0.007121127774572716
-0.004717966544883383
-0.003550206243020023
-0.008077633324162758
-0.0029266011570929056
-0.010856605897615071
-0.005227981902411413
-1.0
-1.0
-1.0
-1.0
-0.004974887149213623
-0.009250403291785761
-0.01129273653312888
-0.009551328095730565
-0.005846525415537551
-0.004320530537827656
-0.008140962986280966
-0.00996573669226292
-0.014610949238069475
-1.0
-0.010969634687258156
-0.014208015909353876
-0.01261057317449348
-0.0029128232885265028
-1.0
-0.009155600722535101
-0.010274830848780399
-0.015677465518525835
-0.021424806571073925
-0.011812081597882529
-0.011686160978711866
-0.01077747986068153
-0.008983916173797624
-0.019624737447390826
-0.01555001182067831
-0.01685384699581944
-0.01910188781588315
-0.014116975503091655
-0.019340551137908123
-0.015092262413972553
-0.008278391473529925
-0.01450847604647834
-0.010435415268210162
-0.009010216427567849
-0.015175718776685575
-0.015255204278120719
-0.018765413371820378
-0.021130681058060603
-0.01893509884924748
-0.02041290357150894
-1.0
-0.02270239923785925
-0.01870505635509913
-0.014225636880714205
-0.01751482820886692
-0.01715127616777544
-0.015565701809633846
-0.021790005823350594
-0.01660310549629421
-0.017850845129697528
-0.01908751296102158
-0.017286225124047764
-0.01931289619882666
-0.01623323131248233
-0.0201517106768152
-0.007744162059163914
-0.017649977379557258
-0.0168362617584791
-0.01432302594044957
-0.013264245538962015
-0.02282571868691359
-0.015355086688716445
-0.022483233975408617
-0.012624596904910827
-0.01884113518208435
-0.020606385833412122
-0.016708305340782745
-1.0
-0.015845541324710367
-0.02046437702248241
-0.021450435483083632
-0.012993726938118842
-0.017368557962497172
-0.018576269993748992
-0.02317140154429605
-0.019083697168195992
-0.014396334566147364
-0.022123285729532566
-0.016593586451797523
-0.010345562867560932
-0.015172944740128348
-0.015678558053861126
-0.011876347291838778
-0.009178599584706197
-0.011544613775986656
-0.010959412078606196
-0.010252388963648737
-0.011243032081855552
-0.012475513572235518
-0.011878981328976636
-0.00743998096965287
-0.008219386920467883
-0.006490827154173501
-0.0034897352692088647
-0.00926334752526427
-0.0050096445165861364
-0.009897810748619805
-0.005955233981066938
-0.0126909079018298
-0.0053059685998095235
-0.001140692347137211
-0.0031366556829575377
-1.0
-0.003423074375730399
0.008129310051613913
0.0037356170526963908
0.01479138470680283
0.009646425336450938
0.009926381196390022
-1.0
-1.0
-1.0
0.012688987901234303
-1.0
0.010598378248319735
0.003933750026527739
0.011950151059998753
0.005426723120131227
0.010107564773521963
0.009589633038662735
0.0068423815727079815
0.0020097268874791187
0.0012534004497671478
-0.0047667019668812234
-0.004724773489128493
-0.004196172044754566
-0.004957658816798813
-0.007952042668246458
-0.004154100284741016
-0.010278080311642087
-0.005946081626010691
-0.007005676069577739
-0.006043032763926772
-0.010201231560945604
-0.012030338203798579
-0.01060546028387861
-0.008764789751978547
-0.00834450480732447
-0.00950033842463977
-0.010902387686502545
-0.014452005076850988
-0.010529066352058495
-0.009604536212088424
-0.012308926288100515
-0.013021948102446536
-0.014512120370968475
-0.014192555641379405
-0.021323007311924432
-0.01706022246470545
-0.01116710941489526
-0.02186291569196678
-0.019860858812416064
-0.017316278560402663
-0.016251692890901136
-0.016536475509125313
-0.015412166232729793
-0.017999681790622404
-0.018748699361901367
-0.018511400357254147
-0.011842957158764085
-0.02113430757482744
-0.015360787750364265
-0.012810388882104595
-0.020228164235053497
-0.018498801961976567
-0.01046933084217156
-0.013247791098823323
-0.013109980160670638
-0.013760866530728545
-0.013460638881880701
-0.01923870628327009
-0.015004047469168107
-0.015018295159266093
-0.014189264294620488
-0.011832141896187589
-0.019827249504796363
-0.011171737857449345
-0.021646905763478164
-1.0
-0.016564427548626654
-0.015518211113002613
-0.014793170273845874
-0.01271466904828118
-0.012150154346006387
-0.014379665921206241
-0.01332476873324991
-0.009383651466221806
-0.009977909154168095
-0.008145593716993823
-0.0029334553666509546
-0.012689456384728423
-0.009516250350691341
-0.01281100930970018
-0.011684598931608644
-0.013653811934431362
-0.019494391253756165
-0.01887560440773361
-0.018088600039145787
-0.02194867892582
-0.012250692091701295
-0.007960957452427902
-0.008877960282698188
-0.00849030173205715
-0.01123915735856425
-0.007781273052808261
0.0035757960592649684
0.002783879171882523
0.0034932331737801857
0.006823587404220956
0.003248554875384907
0.007801886730883919
0.0033945271972672312
0.0033454860463223717
-0.0036956180873600913
-0.005809182271013763
0.0008488974545984431
-0.0016896000225825169
0.00016408713710243546
0.010015330421413886
0.005015211127522592
0.0007749482288129369
0.0012137982199188655
0.0019264426392826108
0.0015956185742117435
0.0014407763086634589
0.0012830088516864362
0.005267160381161903
-0.0013543981806828198
0.00321055863098042
-0.0007415058850581167
-0.00510810827115301
0.0013284612319958468
0.0003853643261466473
0.0026876367598951496
0.0031071882205216243
-0.004767328865058847
-0.0031634952802483125
-0.0016616696879774876
-0.0021843016268193395
-0.008188287467589858
-0.015955615829481823
-0.00936904600971731
-0.018880704212918462
-0.015997540677524142
-0.020368876279700184
-0.013776421892596825
-0.018139711299239834
-0.016423945057489064
-0.014203804516382604
-0.015243761614482532
-0.009237198317110167
-0.011786187699326505
-0.01649345376072387
-0.012948916852222745
-0.014128301830683981
-0.011225085779659558
-0.014827975356966484
-0.015412304656245827
-0.01174592667259012
-0.005781487227919394
-0.01272188602227208
-0.0154938296344344
-0.015640761513655406
-0.019548738439984132
-0.01322312661785817
-0.018332895437396843
-0.011403324989086017
-0.01542065968091842
-0.01427555460330452
-1.0
-0.01902305593217115
-0.022057579765280978
-0.017408980509019366
-0.023322791120770826
-0.023868063313798243
-0.02421165137581944
-0.022522775615264654
-1.0
-0.02283459656814127
-0.01829237765012575
-0.026071846656945584
-0.021704582831617615
-0.019617211470917488
-1.0
-0.024813592940182663
-0.020536586619423956
-0.022909212395714775
-0.02201617792257216
-1.0
-0.021224649823405956
-0.013845287293366931
-0.018821788726926504
-1.0
-1.0
-1.0
-0.019197947735820613
-1.0
-0.02349554650309603
-0.015485055116577821
-0.014405505940168931
-1.0
-0.017540535346219483
-1.0
-1.0
-1.0
-1.0
-1.0
-1.0
-0.0178741208479007
-1.0
-0.020721830070724357
-1.0
-0.01083774353394307
-0.012741628033324893
-0.010051817255556764
-0.013552430423276701
-0.016871845862501476
-0.012395889324474602
-0.012884580694806167
-0.01195802990511251
-0.006821070627444963
-0.0044117013587302535
-0.006046050757097725
-0.005872487577412806
-0.005835938755123705
-0.0027626070858511906
-0.002763397130520644
0.0009375685862823374
-0.002375446425813503
0.0019430963026592252
-0.002154601935878847
-0.004303314651371979
-0.002850838294179803
7.234946963199437e-05
0.0005009591935525436
0.00020666412268270223
0.0005181972462163934
-0.0025216730057797316
0.0029994922179504033
0.003317826759556788
0.004801207897674507
0.006929313114572482
0.009356687449631192
0.004731389737859224
0.01430938530390965
0.012909898045161652
0.008356471857534947
0.011746312619244718
0.009276954032967787
0.014661553593628422
0.007828246335324593
0.005305673557109136
0.008487760693404869
0.008456663042051766
0.008281317921775297
0.007853099959764262
0.007425567815675778
0.008734328806015518
0.010299094945854754
0.00813442791025179
0.009125551987792618
0.007059335118972672
0.008982497204131431
0.011406162592490611
0.007888336428608537
0.009505273865009427
0.012230073908634108
0.00946327029613306
0.010937678290011488
0.012462492050051675
0.014091917870572833
0.014638189378482694
0.01816038356120446
0.020648408589564043
0.02393733755857752
0.02039998266660251
0.024406386791534108
0.021948068874502298
0.017590026824724655
0.023005728057077807
0.025864519106632622
0.014761417550786256
0.026851738399026756
0.02120311012353061
0.02342589771153951
0.01982701816941637
0.017416902001553138
0.019130730413842584
0.017964363622557662
0.022012615864745264
0.02179603171962638
0.02168703836369187
0.024336736356891014
0.026696976329166545
0.014270733440202545
0.020751840583454136
0.02289133930716386
0.019400223732111737
0.02565150190055891
-1.0
0.02310277658715392
0.02762388681304643
0.018660319430136633
0.020928634363202782
0.024293880991760552
0.023886750740967386
0.0188904181403449
0.01585137573558219
0.018046287476239747
0.02371664791274723
0.02003010701631349
0.014964966776612512
0.02255575549422372
0.021864735927734386
0.019120831678701426
0.0201144731032614
0.012983060305340242
0.010577779118180135
0.021431261462029227
0.02365669947821204
0.023926516890805126
-1.0
0.01762911112206573
0.0266925327064199
0.021659658315803045
0.02018283043265574
0.025481074821494393
0.019050053922017616
0.020000338192952168
0.022140125347507422
0.01558297161757376
0.014171328016410913
0.024015196512201437
0.018542224551163368
-1.0
0.021814058510688804
0.025077858645379557
0.01737273009550895
0.020024540443344313
-1.0
0.019366704535832627
0.018790964654653526
0.01664723989376531
0.019782892619672768
0.019453254399493834
0.015970185118502685
-1.0
0.02081352113125727
0.01835521372368637
0.022133231466356543
0.025072190609032464
0.018668890481786674
0.02645959103170606
0.022019506668009284
0.023740042595142574
0.015483480926500098
0.019445475540194358
0.01706607224343392
0.02110315489276038
0.02071016910152551
0.019644915672438003
0.013261300690030071
0.01643846488155022
0.019738255459214846
0.020456864218183966
0.01851162363000922
0.03215513718999231
0.024084619633827
0.022574006932510157
0.01563810506677732
0.02223210211377105
0.02078368249177994
0.027802987805720995
0.021788020657690033
0.02876459622054483
0.01815481691189835
0.025202453052824893
0.025840342308416624
-1.0
0.017344626049468077
0.025398426443156583
0.02122492385094361
0.0207625585457878
0.022016279306526818
0.027222301773292844
0.018244156499514195
0.015322806014881675
0.027249578564011553
0.02160529024930053
0.02174713929077241
0.020786946481282046
0.019736022988077438
0.024240396197082945
0.023456621920244693
0.019259200998571206
0.022691300679435065
-1.0
0.025391458620183657
0.027312258808838797
0.029576011232048817
0.018846227156431396
0.022568311002532714
0.031357666433879355
0.019088331519650517
0.02239738292545224
0.022811657217767012
0.02763883493845108
0.026849141970957283
0.027509866231412723
0.025660797843323636
0.022224427318944973
0.02025459353205874
0.022319091949521985
0.023214847220534175
0.014368349570400486
0.01907928843199529
0.013700746898139366
0.014347847439015576
0.009675616725848438
0.02262137826842934
0.02246427008052358
0.024279678071076394
0.026893749270199947
0.01820663256273357
0.023479924328960754
0.014625526832739003
0.02062747310775664
0.021237608851814704
0.017578310078266286
0.02587337701861668
0.018929055948794894
0.027503793839183558
0.02365007852399521
0.018998537265949862
0.017120296174375944
0.027015998812134893
0.022481283435871514
0.01577172620295491
0.02320468914667157
0.025280498298258312
0.02323950397367936
0.02212096819985102
0.012996054490701778
0.023538477782273477
0.015870221634534915
0.021011221157036793
0.01818058707738174
-1.0
0.02340028643398621
0.02040196322603709
0.015385788580598294
0.021166535968429906
0.016453317157513744
0.01473289486771778
0.01562680326234247
0.022320253498408046
0.019885535831256452
0.02501461891094012
0.022049577537625632
0.020238967029947656
0.01590431302857078
0.025489959909957602
0.022565734551264326
0.01669203905065477
0.023593826529488375
0.022729688793825874
0.02722512912952973
0.02450027501267013
0.026783490958958336
0.02038364290021482
0.02177881836258784
0.019078426506462052
0.024438042706484305
0.018117296234859775
0.0177007492351516
0.021995968356523534
0.021387287148838068
0.0252834733876619
0.023739400454967582
0.020981713705086728
0.025958631949151354
0.023017810480480835
0.022755574274338584
0.026730162863526356
0.02650886625673569
0.03032019210158554
0.02214519451876255
0.0282206606979432
0.022897889455019905
0.017725528468246092
0.01568485955848996
0.01342668010092077
0.010366470561359153
0.018795537686098776
0.011078112678022622
0.011364313867251917
0.011744376409791374
0.020023676255923543
0.015100168052512457
0.01481573308673809
0.017776289377697724
-1.0
-1.0
-1.0
-1.0
-1.0
0.01294034283479076
-1.0
-1.0
-1.0
-1.0
-1.0
-1.0
-1.0
-1.0
-0.00297010246549269
-0.002109453603383301
-0.0030847073150376838
-0.005929926761977999
-0.013603061949171606
-0.007545047959657326
-0.009307788321710486
-0.01065255929181244
-0.011668822463327427
-0.014016903974036396
-0.013372657336343418
-0.015635412601163114
-0.01249337781495056
-0.011321094075913146
-0.009469652558619335
-0.011496910922737445
-0.012412924947533351
-0.008486381143739308
-0.013010055276151813
-0.01247579368299359
-0.016694498463370643
-0.008911532229795053
-0.012291470841457297
-0.017555856985415532
-0.01172413917414957
-0.010402568732674219
-0.011215573993371997
-0.010376623548327845
-0.008341389974537731
-0.00923010661578208
-0.0030661010164421535
-0.004296112040496431
-1.0
-1.0
-1.0
-1.0
-1.0
-1.0
-1.0
-1.0
-0.008461197777624217
-0.004417771077143122
-0.009378425735108642
-0.005812146293278851
-0.0043931206834371935
-0.006030615776076305
-0.014436533943383593
-0.020893713194535722
-0.020511553865790278
-0.012398153904472495
-0.012484932126091882
-0.010366895630090958
-0.010185966882041597
-0.0159203832394875
-0.02012302770094902
-0.016305123506632237
-0.00977324948043147
-0.014854946668341829
-0.009322512279153048
-0.012739746254762437
-0.013144732015432948
-1.0
-0.014814338153538425
-0.015342515467946296
-0.01437694467296867
-0.019387454911937198
-0.009934840580178569
-0.010449722465224019
-0.011823485313682405
-0.014749094457261332
-0.015898333756474637
-0.015794612074015318
-1.0
-0.013911280967451756
-0.02139715651639769
-0.019524120465169176
-0.016146022300562324
-0.015934522631376524
-0.01330439060561522
-0.022733724365142146
-1.0
-0.01965451200462559
-0.01939258709108797
-0.021823447273274812
-0.022095027116606897
-0.020943930927715588
-1.0
-0.015649921459850526
-0.0222162934981392
-0.023015774835092418
-0.022728881848533663
-1.0
-1.0
-0.01962393833094437
-0.01844382557573478
-0.019602589026454138
-0.022618333130939253
-0.018339242813277156
-0.017016663906553202
-0.017289461660559377
-1.0
-1.0
-1.0
-1.0
-1.0
-1.0
-1.0
-1.0
-1.0
-1.0
-1.0
-1.0
-1.0
-1.0
-1.0
-1.0
-1.0
-1.0
-1.0
-0.016399113241598685
-0.01836171809243651
-0.014832938169214981
-0.02007667570834492
-0.013582973427802188
-0.021419389806321742
-0.016298472190674016
-1.0
-1.0
-1.0
-1.0
-1.0
-1.0
-1.0
-1.0
-1.0
-0.020702010789414464
-0.012828541128511178
-0.011232391619236575
-0.01466495871521053
-1.0
-0.009314512030273668
-0.01270136088714689
-0.013901102767723378
-0.011086745419364965
-0.005802866691642695
-0.006371848631524755
-0.011072674833106777
-0.006352219962590911
-0.0035795245915164037
-0.0022852473716059385
-0.006668841124759475
-0.006338923454611089
-0.010513479517486947
-0.010842046804060796
-1.0
-0.011666139176644453
-0.01025939001990302
-0.006889993121100238
-0.009666379530217617
-0.003339001377758756
-0.006151606973189209
-0.0036903533375199755
-0.003854686856255768
-0.009100658942779519
-0.002938656878899989
-0.002607953215567076
0.0006461327477761414
-0.0003729969354235028
0.004483056841248416
0.0007615074903452631
0.002570305569685715
0.000953108553857647
0.00014893757250580264
0.0023184178258178543
0.0008190587440045752
-0.0011444545468656609
0.00023589917882294053
0.0028338334880318064
-1.0
-1.0
-1.0
-1.0
-1.0
-1.0
-1.0
-1.0
-1.0
-1.0
-1.0
-1.0
-1.0
-1.0
-1.0
-1.0
-1.0
0.0001659213531173067
0.014679220003215927
0.010965131975828688
-1.0
-1.0
-1.0
0.006880750694515318
0.002566177899276245
0.012460304352624216
0.006003973713037399
0.005955045715277484
-5.026272725726043e-05
0.0016637393773601568
0.010987491810120027
0.008961276314410339
0.014900814746281682
0.010488063208676303
0.010377842754092667
0.017281262058799266
0.010906464203017278
0.013264354744746588
0.00828064014781848
0.00971284665121349
0.026919894790746864
0.03407250909661804
0.020430987763289356
0.01756802385020468
0.029684291714133976
0.026652816086045198
0.025858008606860224
0.022991265313785224
0.021530365524196373
0.03217844268310995
-1.0
-1.0
-1.0
-1.0
-1.0
-1.0
-1.0
-1.0
-1.0
-1.0
-1.0
-1.0
-1.0
-1.0
-1.0
-1.0
-1.0
-1.0
-1.0
-1.0
-1.0
-1.0
-1.0
-1.0
-1.0
-1.0
-1.0
-1.0
-1.0
-1.0
-1.0
-1.0
-1.0
-1.0
-1.0
-1.0
-1.0
-1.0
-1.0
-1.0
-1.0
-1.0
-1.0
-1.0
-1.0
-1.0
-1.0
-1.0
-1.0
-1.0
-1.0
-1.0
-1.0
-1.0
-1.0
-1.0
-1.0
-1.0
-1.0
-1.0
-1.0
-1.0
-1.0
-1.0
-1.0
-1.0
-1.0
-1.0
-1.0
-1.0
-1.0
-1.0
-1.0
-1.0
-1.0
-1.0
-1.0
-1.0
-1.0
-1.0
-1.0
-1.0
-1.0
-1.0
-1.0
-1.0
-1.0
-1.0
-1.0
-1.0
-1.0
-1.0
-1.0
-1.0
-1.0
-1.0
-1.0
-1.0
-1.0
-1.0
-1.0
-1.0
-1.0
-1.0
-1.0
-1.0
-1.0
-1.0
-1.0
-1.0
-1.0
-1.0
-1.0
-1.0
-1.0
-1.0
-1.0
-1.0
-1.0
-1.0
-1.0
-1.0
-1.0
-1.0
-1.0
-1.0
-1.0
-1.0
-1.0
-1.0
-1.0
-1.0
-1.0
-1.0
-1.0
-1.0
-1.0
-1.0
-1.0
-1.0
-1.0
-1.0
-1.0
-1.0
-1.0
-1.0
-1.0
-1.0
-1.0
-1.0
-1.0
-1.0
-1.0
-1.0
-1.0
-1.0
-1.0
-1.0
-1.0
-1.0
-1.0
-1.0
0.032147634682518626
0.02355175371341124
0.02787494643778151
0.02016290778320212
0.02179751176831777
0.011051829366239732
0.01101808404544561
0.019297157345872017
0.011763758843968271
0.027417374741033056
0.02223736287004086
0.018116014693123562
0.01399082479935551
0.019108641206427985
0.022066414925320233
0.02363756583929586
0.021262201806835777
0.01453849235545985
0.017536916804578164
0.0231796658991514
0.024200288752029748
0.019612282217260038
0.0240951482753552
0.009454977769435033
0.017332524799630957
0.013990591095741512
0.009804108111954214
0.009138861341978863
0.014024289990306483
0.012542431196065325
0.013718607662891976
0.013026596854030403
0.009431690681923583
0.013050693153675071
0.0040121048975633716
0.001974474083428311
0.001469932985349407
0.0027219019866924965
0.0013548985385643238
-0.0019910714449819923
0.002333707198626132
0.001196184504631056
-0.0038195972963209683
-0.0061637873974255
-0.004027612259548631
-1.0
-0.005861410857634903
-0.008959672730760461
-0.010890458851516618
-0.0113140172729666
-0.0048219148032444615
-1.0
-0.00838319959176424
-0.012942377104592695
-0.01726031313754827
-0.0162381345117909
-0.021290982753461103
-0.019210107381214064
-0.030253183987916262
-0.02654879522713596
-0.024864993492034942
-0.029396977548520907
-0.02983048474232018
-0.025697231349279984
-0.026547875286306307
-0.027287147119698353
-0.01907821826965633
-0.023352989964609164
-0.022591459201047367
-0.026410332336368175
-1.0
-0.02653702774313159
-0.018862719961427424
-0.024618100710887197
-0.023399297848707708
-0.023944642921645973
-0.018504820044525815
-0.02014053824329842
-1.0
-0.02276134124333187
-0.024186746394678042
-0.017849202729071662
-0.023608141481833576
-0.022388802567799144
-0.02537082037172707
-0.016628231758229427
-0.02196864985132079
-0.01931912522745752
-0.02276338876315985
-0.02280560752186847
-0.024431914212097543
-0.021486218389658352
-0.022147440437348894
-0.025003673020248748
-0.019143155574059496
-1.0
-0.021404954509809383
-0.02008153195997155
-0.018622124434589087
-0.019796926005560097
-0.016146704696479337
-0.023083528464091008
-0.017596886466820963
-0.018320971905225185
-0.01897870103422396
-0.017520566300493756
-0.016738219770909318
-0.017683201969438796
-0.017621572159085556
-0.020185094606894455
-0.011769406090537466
-0.015085931902903856
-0.016572931740388867
-0.014425426112977726
-0.01466607241212481
-0.011822089013525279
-0.01105691421706613
-0.017150442753519735
-0.01613092400607372
-0.018781529200850744
-0.022672462591046254
-0.017419469668394433
-0.020055306369859967
-0.011904535461747447
-0.010628596559613184
-1.0
-0.017867865577823043
-0.02143365850295533
-0.018604144869010474
-0.014209352381879639
-0.019205480210390032
-0.017325534142019598
-0.021755125720402932
-0.017152986956548762
-0.01790423020920397
-0.01672948431067299
-1.0
-1.0
-1.0
-1.0
-0.020696366956001327
-1.0
-1.0
-0.015125903497225677
-0.022818381620116714
-0.0230552864938295
-0.023429468501062947
-0.01824614320910564
-0.02340414732512118
-0.021226627059342067
-0.014437149009961618
-0.0157615127374093
-0.0177020320877529
-1.0
-0.019349298395864856
-0.02382854755630086
-0.024589442794522992
-0.020825463410975218
-0.016228322358706502
-0.016473360205243905
-0.01959242838748816
-0.01684091057916856
-0.021747068133126525
-0.019365343502834958
-0.021872505797355696
-0.024051912355936657
-0.018502527730661945
-0.01778536368855178
-0.017108973694748283
-0.008921446449068195
-0.019753857180643663
-0.014832317859302526
-0.021761596836312243
-0.017169178765667443
-0.015212571906924047
-1.0
-0.019936826192266274
-0.011634722653280728
-0.011573157670153978
-0.011631784316200705
-0.013455940418272106
-0.016454638616238627
-0.013715637251534737
-0.010591380517583711
-0.01346463063089967
-0.01519891002837141
-0.013500286150694233
-0.015868331956947115
-0.017957092707267492
-0.01990196956121069
-1.0
-0.017580140563294988
-0.010233709389782906
-1.0
-1.0
-1.0
-0.015282745380969071
-0.015258226465012804
-0.0103831831625258
-0.012822496495953807
-0.00517708006063762
-0.00604901166294056
-0.006599546783372363
-0.008788856650897686
-0.003941050033248722
-0.010619266221441718
-0.010916582722737494
-0.01615872151180919
-0.010569479761341177
-0.0027373280468184586
-0.00011221666539544168
0.006591317887567268
0.010906548899255575
0.007143571011408522
0.014785325614911974
0.010857376527243777
0.015191409196543168
0.010442308480555178
0.011788637306829997
0.019878516579406962
0.010991009253026958
0.017980988340825666
0.01094155683019595
0.013224490785465785
0.01697426690318538
0.015020689115234345
0.012056381693692884
0.010204227724917997
0.013041103327603125
0.02131978472873591
0.022720944163036254
0.021141259199086992
0.0209688420628809
0.021977280973517515
0.02700021358721244
0.019078731925060176
-1.0
0.021714711867600708
0.01604656117338854
-1.0
0.022601761036150074
0.030776167122641106
0.027354941267714955
0.02654562913105458
0.023654478541404855
0.022658341006847656
0.032119032379396874
0.03542533458327386
0.02969921345143642
0.027535789807152152
0.032443692476964235
0.02860220163834241
0.026232157871307792
0.026747746427951007
0.026563311260488966
0.02785811130345379
0.03194007811856221
0.02866131500982406
0.027378562294010148
0.03360782721121318
0.03094774274090312
0.03290303920136536
0.029105760957409445
0.02904330931798006
0.03200215895101444
0.027864137124389093
0.02972535940195023
-1.0
0.03291121899571472
0.028204424878948593
0.03169881648586237
0.0321693302845201
0.03300943636355956
-1.0
0.028242848505632714
0.0252159443356469
0.027255137288281866
0.03128856842234359
0.03019212826935609
0.033694140401105986
0.028295983979096138
0.022520065428701438
0.025737984116314047
0.025696038357046078
0.026155680221850035
0.034366999101026176
0.03070405877751381
0.031884227786511524
0.026426967852005427
0.035166534905764386
0.025899013474489536
0.026557363807643133
0.025687723412117516
0.026963007697804398
0.02775933385996977
0.02686491154604387
0.02920396587122746
0.030160595025462124
0.026506299244518482
0.021830444613842127
0.022995701180885262
0.024321115942338094
0.03098669012892647
0.02852349465034669
0.023017846980867538
0.0205291290643642
0.025927613750622216
0.02178781067963072
0.028018675865292338
0.026082353369793806
0.02711527784886118
0.021988148648178312
-1.0
0.021573447804904496
0.008012534802084022
0.010363176104764718
0.0042820982710160774
0.01286184389259272
0.017879409840308055
0.018845864937156585
0.00979603852575729
0.01159507374278937
0.009929472290637915
0.00468505149973285
0.013175174644171724
0.014081804148177047
0.0173050210960996
0.018167938572095012
0.017349788824667724
0.011349685631450628
0.011802188239032665
0.009935543378256308
0.02033899848714064
0.01150017656042536
0.012206114264446092
0.008299220283094157
-0.0025203433847529873
-0.007542129764921975
-0.008292229984012932
-0.005311656303151994
-0.0077153821614425015
-0.0024920117725536033
-0.004728579225130375
-0.009094453754481212
-0.010816810900832656
-0.014000061468083552
-0.0020406824935309984
-0.0012859698226254592
0.0030662000470220298
-0.0017817223185766474
0.006063567598483398
0.006170274427386036
0.009901170735076814
0.0081930320103596
0.015269321426967384
0.006544790026067748
0.005287848296416785
0.008066839838564538
-1.0
-1.0
-1.0
-1.0
-1.0
-1.0
-1.0
-1.0
-1.0
-1.0
-1.0
-1.0
-1.0
-1.0
0.009549394684728216
-0.0011285222214011147
-0.009097012074391763
-0.0177228463469017
-0.01575325348234421
-0.015810764038280384
-0.016751279681470492
-0.012056926150118212
-0.009379608607709682
-0.008846426009327498
-0.004030504542746553
-0.006722512323063689
-0.003782046858853011
-0.005830530654768223
-0.007159586677197071
-0.008382240047055753
-0.012511276678187175
-0.010770576998894783
-0.005843190560594618
-0.014103183649354076
-0.013734858225963044
-0.009154317490335868
-0.015389548740924552
-0.011031692460613866
-0.012320789752735008
-0.010503401904129055
-0.012658012254549166
-0.01114561925993874
-0.017140317940914154
-0.014766989980880633
-0.01750159462936942
-0.012843149725801212
-0.016045624397236384
-0.01808549163666222
-0.02307562789835519
-0.01632715618220936
-0.021583156040792407
-0.022003548435326287
-0.02217072204907903
-0.022242512238860486
-0.031595609391062165
-0.02733964163328902
-0.026345761352423933
-0.018240930302156802
-0.02215913624043968
-0.017970705370399218
-0.017402066105596848
-0.017037207030305503
-0.014711736709691227
-1.0
-0.00908962051266824
-0.005080883079711847
-0.0062307699159814215
-0.01112690830827543
-1.0
-0.011373725693311226
-1.0
-1.0
-1.0
-1.0
-1.0
-1.0
-1.0
-1.0
-1.0
-1.0
-0.005195046351408354
-0.022359921433801982
-0.017617566373128203
-0.017173120914338244
-0.022381382973910496
-0.020955932159281054
-1.0
-0.024072824104887085
-0.021191271495385116
-0.01714207311836025
-0.02221142689141067
-0.02273598265241326
-0.0181297761002657
-0.019114404984106468
-0.02386533728077521
-0.022179315848089656
-0.02546755176998867
-1.0
-0.025845695058813647
-0.02123269101267559
-0.018515572821961045
-0.02797312924350733
-0.029655125698461522
-0.02663091588611506
-0.023402914920609655
-0.01978474939773652
-0.01564213487391129
-0.019275275226273453
-0.023684911509580894
-0.017426098199829307
-0.02164130959279196
-0.021038718908186673
-0.018853678111720094
-0.017942653515260993
-0.02686974862567467
-1.0
-0.020344212609835006
-0.022138585170870216
-0.022026055916591448
-0.020627011361512824
-0.019112530856848536
-0.014726125124673417
-0.01910175977511456
-0.01994136908241909
-0.02379512572439618
-0.02488184582058481
-0.02556906011770271
-0.022777703911315544
-0.020395988543287294
-0.026723568280661348
-0.022900569049470167
-0.023859278557593677
-1.0
-0.02377121734648006
-0.023919205489108166
-0.025212389908356832
-0.02541184120305528
-1.0
-0.026409955380415878
-0.023594326489493212
-0.024975959238369462
-0.023611584404436784
-0.020810748388701138
-0.022024055531938418
-0.01994437927593316
-1.0
-0.020963148777564958
-0.02462757461523215
-1.0
-0.02374589586210719
-0.02000900113019349
-1.0
-0.03141459916617893
-0.018994542232147475
-0.02221342772048019
-0.021601108557058022
-0.02082965234960958
-0.02282321976499903
-0.022220105958724944
-1.0
-0.028275905342825407
-0.022968962634495
-0.02104359610162331
-0.020261658213845478
-1.0
-1.0
-1.0
-1.0
-1.0
-0.019611260844613447
-0.01651170546864187
-0.017050272943302535
-0.0153884480074858
-0.020577449435744556
-0.017685722997317112
-0.015842368288004616
-0.010104264697388494
-0.014759811985294219
-0.017461525505899647
-0.017313107602276008
-0.023421713081583757
-0.015172983504605721
-0.015541467839256699
-1.0
-0.013537834540161432
-1.0
-0.019739756907220803
-0.018968682420579044
-0.019153172714381595
-0.012907443474222308
-0.016091078956806615
-0.012814583777896803
-0.014680191783904936
-0.015543699909351134
-0.012560469647517978
-0.019630370856599837
-0.014272806789777178
-0.007915378199182832
-0.016004736012980452
-1.0
-1.0
-1.0
-0.013725410103098867
-1.0
-1.0
-1.0
-1.0
-1.0
-1.0
-1.0
-1.0
-0.012226722119501423
-0.01761596010949554
-1.0
-1.0
-0.020296742769241684
-0.023367315632452427
-0.022837351097883304
-0.022249069542279464
-0.026309938357608524
-0.02422620341477386
-0.025929710432338708
-0.02037271081578465
-0.026901415312774554
-0.02363398585009415
-0.02475548049990752
-0.02092352600029418
-0.02877497103232209
-0.02759421665553783
-0.02172196017716813
-0.021527407495567863
-1.0
-0.020688668010334716
-0.02420858000867396
-0.019588766597354958
-0.01457820395670934
-0.01658519010476443
-0.01760848789497837
-0.014928935798136877
-0.024819947436483837
-0.02373451350969091
-0.02705802261365402
-0.02738975185511316
-1.0
-0.02969422531108952
-0.02237252769903661
-0.020727028376215425
-0.02738828919284325
-0.019578834683964076
-1.0
-0.022197408146188622
-0.026272703948119595
-0.026921195637516514
-0.020669158545308045
-0.02434015740036932
-0.026772747281014357
-0.02228022901112737
-0.022114027188274894
-0.02059839973305041
-0.02383381050524161
-1.0
-0.020219353357761646
-0.017894901188449167
-0.010980080899809445
-0.02066976970200901
-0.017242410806066078
-0.02244431755427095
-1.0
-0.02349028138572696
-0.020350143000691306
-0.022621254466603295
-0.02177129055597433
-0.022605820562355418
-0.016062351279311247
-0.02424018258404613
-0.02131737503755642
-0.022195732418509955
-1.0
-0.027159688897190087
-0.021694031014773348
-0.024049190764360955
-0.017537171355239425
-0.021880077507201442
-0.019593902277032695
-0.0219492096009354
-0.018910096404267055
-0.01833665998993927
-1.0
-0.01982986848231957
-0.02363345691421077
-0.02237733386498399
-0.02128315749630915
-1.0
-0.020223290158311112
-0.022909833005553444
-0.01760742025732597
-0.025265926808737252
-0.02319595645403212
-1.0
-0.018667733454565724
-0.01763173129761107
-0.022275847622078487
-0.01987679563749412
-0.01236199101374919
-0.018981559520593053
-0.022767495471438987
-0.02505762533157432
-0.02266067508242847
-0.0233979894965183
-0.023457072480132818
-0.023518711158073274
-0.02997100118280224
-0.027067453195404986
-0.026695728257093213
-0.018776513825106443
-0.021409983329346776
-0.018257271823160462
-1.0
-0.014097436505260493
-0.026196796956671015
-0.01862768046115676
-0.01979580246082042
-0.02150352204476786
-0.01677512229419273
-0.01802307671897243
-0.02309805207210923
-0.019417635134780436
-0.021571076803821348
-0.019167670928819224
-0.01362760938458053
-0.015998392982917293
-0.01616318466673888
-0.02369389492224476
-0.022686598663312123
-0.01769689960197236
-0.01799092102645101
-0.021241321661789166
-0.019846749557442152
-0.02336076590209908
-0.02317316202501342
-1.0
-0.01914706799434923
-0.02130938743120691
-0.021454148505053706
-0.018771368149748384
-0.021915457066351885
-0.024823085452272003
-0.023488318990235228
-0.024335654150630787
-0.02455852609656916
-1.0
-0.019095964263898695
-0.02252605783007327
-0.0187811480386585
-0.017599280356360172
-1.0
-1.0
-0.02803456586790961
-0.01566203261931402
-0.021063460741912322
-0.013587673178516458
-0.019211773038506002
-1.0
-1.0
-1.0
-1.0
-1.0
-0.019870564246153584
-1.0
-0.020520064072273435
-0.01003544842378376
-0.012508986536766017
-0.010295330105730938
-0.010510397375263767
-0.0072090842631274835
-0.008722704453909437
-0.013659851836300963
-0.0085540809517674
-0.007167397251562456
-0.012628378585774043
-0.015225775791067129
-0.010223205064420504
-0.011511394943410564
-0.011217194155669855
-0.013542214545785917
-0.01467976688254329
-0.021005700410304615
-0.022099865154176286
-0.020770275848380964
-0.015345372557224648
-0.023383299052443705
-0.021003441753828102
-0.019189211003134095
-1.0
-0.012747558426171588
-1.0
-1.0
-1.0
-1.0
-1.0
-1.0
-1.0
-1.0
-1.0
-1.0
-1.0
-1.0
-1.0
-1.0
-1.0
-1.0
-1.0
-1.0
-0.01651795816763388
-0.015067176141560045
-0.014184662514030952
-0.012762090272511717
-0.013441319961857951
-0.009954156770650134
-0.00915762480271865
-0.010116418797664183
-0.01087611509089832
-0.014732064743515707
-0.01220047436371676
-0.014636542422298573
-1.0
-1.0
-0.013132564142006468
-0.015874001845292526
-0.019864683042465702
-0.01574068550646685
-0.023300863808695914
-0.016255541787072603
-0.0157112102152291
-0.018038716661619766
-1.0
-0.01745879498284265
-0.019072436027482154
-0.008804852934740707
-0.015613716186625723
-0.009683148073606722
-0.008804085654360756
-1.0
-1.0
-1.0
-1.0
-1.0
-1.0
-0.0155731146805849
-0.019618204708510945
-0.019427875490457693
-0.026572546040405324
-0.02266126293024213
-0.016386486392069945
-0.01658313155274748
-0.01878893339267117
-1.0
-1.0
-1.0
-1.0
-1.0
-0.02167576881006798
-1.0
-0.026438348941172755
-0.018454697319149532
-0.021472655364189765
-0.020063783295522004
-0.02057314102697928
-0.025623623102232495
-0.0199971865096985
-0.02075169307557012
-0.014536868059234476
-0.01600055582693424
-0.012352361588632385
-0.02608177501563997
-0.013292951274721165
-0.012833370000831464
-0.015189049336235825
-0.013523870980269935
-0.011866350727288503
-0.009318375216490817
-0.01662829541109224
-0.0163578270471299
-0.011272189678740658
-0.02183417369797454
-0.016845233822944512
-0.020740621701027338
-0.017851512546104877
-0.016376861366575422
-0.01732659437311352
-0.018734615430335413
-0.01042176063555279
-0.016176787251567435
-0.016630256003865636
-0.013508130211130523
-0.014459892300795042
-0.015494906073514248
-0.022231399327378373
-0.017368940923494988
-0.016537191214908056
-0.021106734839521
-0.022018591528194152
-0.02436691013978561
-0.02026640968231216
-0.020682918117744854
-0.017624473031118495
-0.015604566087947356
-0.01648476575000233
-1.0
-0.021531991852139592
-0.024645404904854392
-0.015613997239587559
-0.019355487093566815
-0.01690665528034138
-0.015552329466461538
-0.023301511812344078
-0.022111317811573845
-0.021433005092961567
-0.023772310525609762
-0.022942234458097507
-0.018826386601586028
-0.02716865940309127
-0.01774364904354615
-1.0
-1.0
-0.020380593345693802
-1.0
-1.0
-0.023396258635701533
-0.025576160231602574
-0.02363372940279823
-0.018542719091105032
-1.0
-0.028533502413538636
-0.02409718237033111
-0.028382142461002326
-0.027226988813280065
-0.02579768076987851
-0.024255838200630767
-0.022835835340270755
-0.02044873693244784
-0.02090728126588814
-1.0
-1.0
-0.023398714373085557
-1.0
-1.0
-0.02679126169721122
-0.0243576321488483
-0.024351456597107437
-1.0
-0.022735665989184466
-1.0
-0.025953099828248876
-0.02187226841069367
-1.0
-0.018726369011653213
-0.022118365885504896
-0.025955065364371626
-1.0
-0.024108803056565476
-1.0
-0.021282135629245576
-1.0
-1.0
-1.0
-0.023164848373972258
-0.016649512756099494
-0.014785785466776726
-0.01888943770096225
-1.0
-0.020803208863618274
-0.021050626179363416
-0.017917416930007868
-0.019299816347263864
-0.02161864628715591
-0.014527258205386348
-0.016835276639252827
-0.016108100828164842
-1.0
-0.018582890697865607
-0.018412701639645673
-1.0
-0.01845702891832637
-0.00944084472216171
-0.011055852932887423
-0.013009413370885006
-0.010758437230696765
-0.008988769670611175
-0.010541480952315593
-1.0
-0.006304247185964825
-0.0004767170806929021
0.010477389174531334
0.009501323812966445
0.015369967326605645
0.024914329957721942
0.03211815128704963
0.0339509951878589
0.03783042603655072
0.033778119926215995
0.03857920827401029
0.03810190204668065
0.03701790522174337
0.039567628018487164
0.034615192661657475
0.04148907134527714
0.044130080789141914
0.03828460343140401
0.04210816117920858
0.03906225664147162
0.04034010206733802
0.037499668245867604
0.03532135190173553
0.04143786807958397
0.04112105272137343
0.03951638377567633
0.045397339765218966
0.041160762617882464
0.04225370369675016
0.035452465475158845
0.04012360720815095
0.03984494207180166
0.03927008597655347
0.039521862134629174
0.041819360300371006
0.044758532480292705
0.03414864973898369
0.0364747089390863
0.04128424891214333
0.038855301253502
0.0407747037639078
0.0378418352941938
0.038190347300301804
0.043984458208304614
0.036923817112736824
0.04264962732123911
0.03555433915917529
0.04023325514013403
0.037033132629347466
-1.0
0.03306115187143987
0.04134265649508096
0.034102686927846286
0.032219885667079784
0.03996950546026683
0.03879818846600732
0.037308366480786004
0.03790897401196164
0.038409529893302076
-1.0
0.03615332778536791
0.030865584794546378
0.03886083877884465
0.03386271414308443
-1.0
0.03960435238393775
-1.0
0.04161864097956525
0.037132196293189666
0.034225234933873236
0.03563769514719722
0.040524241830030804
0.034359048327346764
0.03923730031872292
0.03734109784309123
0.04041390734107828
0.03583418261684667
0.03784847349104133
0.03647394849410765
0.037715892388654394
0.03696193039526805
0.03735073691746237
0.038330107223476656
0.034790331305938
0.03292850310642938
0.03368158203855472
0.033550303105751446
0.03209790330804285
0.03135629420742308
0.03349706919659923
0.03045101701366902
0.0387948153985849
0.03224104899386647
0.03222807453193212
0.03627023902717386
0.028347144444258055
0.030312597218669968
0.029688388246856882
0.02909349626661935
0.029693895139561527
0.026890954390748754
0.02959956730079782
0.03399600314486836
0.02948433119030649
-1.0
0.023011550573374333
0.033935219179106045
0.03164118397241664
0.03600052291092188
0.029494940754639154
0.03182817582941933
0.028879390995051494
0.03393843499809019
0.03462995747495844
0.026256362988669926
0.03321886557474479
0.03672369002771773
0.03788154479895456
0.034309409729084375
0.0301593050335245
0.03219225947137298
0.04322217516082941
0.033599478612415516
0.03036579975670702
0.02853013543574857
0.030332603231089442
0.02815230175101002
0.02922398783867474
0.033276271140396746
0.031097786819988198
0.03084720078737732
0.03972127354704345
0.04528004764195842
0.04040228340660815
0.0366357418891624
0.04107479310097557
0.03541208035832986
0.03828720290654775
0.038394327203865916
0.03656722585846083
0.0424643312573749
0.038259859295951805
0.04048876673757063
0.0467253879652035
0.04377407040803732
0.042780154223720265
0.050126499066968984
0.04687343299493394
0.04709747766895546
0.04665449749055233
0.03311713093543576
0.026386311133722036
0.03171215211478565
0.02864585756179746
-1.0
0.030070989703655043
0.02721810763394184
0.026976104447606918
0.02568257210005132
0.03546551024142566
0.032003120249320366
0.03132116808079982
0.027895569223778737
0.03191567733698186
-1.0
0.02735525881885847
0.03472857887005967
0.03086125032598063
0.030183709087329612
0.03490202883761855
0.021795716090054637
0.019313257688422077
0.022542384769690966
0.027837948354588287
0.019337099093417753
0.03158506080181859
0.03206197541070515
0.030784458433509163
0.03386925225641394
0.0350736425530374
0.03286641743910614
0.029236056143105496
0.030446462906747265
0.024815999179126656
0.03823783204069414
0.03256316289822742
0.037902783456974724
0.03947442527284563
0.03291911960092032
0.03847192242988314
0.03273678197026575
0.03525694719947121
0.0346843308887393
0.03759587555060121
0.03234554705363386
0.03154319742631361
0.029097973256101094
0.03428695105346512
0.03925916383703894
0.03615436941604261
0.03584973279756354
0.02810885187591796
0.03898994573880396
0.03892087321438968
0.03337397007808607
0.03567757289235766
0.03217974113322625
0.03278258464019126
-1.0
0.03514327381259438
0.036149729644886275
0.04103965393978592
0.03504921566258834
0.037525588059300966
0.038149978318043336
0.029315501402903434
0.03162885234917263
0.02991926024766379
0.029382256366366873
0.02617633315260691
-1.0
0.026168611400636324
0.027896011485595007
0.02599655528296851
0.02543406111071218
0.015230494048204098
0.018306741407867342
0.00896280863103402
0.007712999091369866
-1.0
0.0024342490194390596
0.005471226363731313
0.0030718435403085135
0.003377920356237472
0.006463185442735758
0.0044988531446587855
-1.0
-1.0
-0.0007249566268752931
-0.004584089335009727
-0.001108609231185046
-0.00239834437901719
-0.0022395317758255873
-0.0029101593874213062
-0.003158983292857479
-0.00016820897946186858
-0.005166222089613323
0.0004537669756580052
-0.00581099740587567
-0.004110932025488512
-0.0033849129160031183
-4.394052581951889e-05
0.0005436400393297828
0.001872036925788439
0.0026957012677614584
0.002079631495170933
0.005194304182445428
0.004222437137983496
0.006379414429369334
0.010531766144957709
0.0012407493210071412
0.006059682594565557
-1.0
0.005752154431098705
0.005172088699274368
0.005448432629825087
0.00046247926583500935
-1.0
-1.0
-1.0
-0.0027497545221220805
-0.01311239046420806
-0.012358572829128773
-1.0
-0.00931813214616317
-0.006299560563666776
-0.001220372609023926
-0.002762155077243042
-0.00544378954135151
-0.0010376283957071423
0.0010658577549749787
-0.001250264973534924
7.32086163436067e-05
-0.0014387424815292755
-0.0013908566741638593
-0.00835184061698167
-0.001876530473279925
-0.005162811825821656
-0.008871426002654717
-1.0
-0.011939134386516257
-0.008472033526978584
-0.004295612677377268
-0.006791397514212501
-0.009732663224172083
-0.0048455300691353
-0.00875732435713493
-0.007488146866850402
-0.004665690076454057
-0.012009312291102723
-0.014127023708442358
-0.011353401336610064
-0.010962692939391155
-0.002213660701486892
0.0015654309422179023
0.0014911565768878578
0.006528051059906829
0.0010292740596183458
0.002502142064129511
0.004282319586737598
-0.0009020873230104127
0.0020274473711047606
-0.0028509175796417956
-0.00010857482025844653
-0.006148305387369277
-0.014196676973242743
-0.008193279294820173
-0.015094910212392735
-0.01059732858568905
-0.007214636270404049
-0.00914645147507126
-0.009747295919328793
-0.007532924225033984
-0.010725012900183954
-0.002848982374119295
-0.00607318863134825
-0.003369666430784597
-0.004457608385672908
-0.005802016836221144
-0.0030464590331146253
-0.0020004231182637697
-0.0020589995565567687
-0.0019483950851340041
-0.003067540192689129
-0.0026467888120931906
-0.00786649909993186
-1.0
-0.013426612055136736
-0.011702469216345364
-0.018054475785730485
-0.020883336000433145
-0.016199906448820002
-0.0199332917263319
-0.01972573850192375
-0.01678847509103531
-0.022365075345024393
-1.0
-0.016370604762136122
-0.01702540555886989
-0.018255967896757826
-0.012275151545904953
-0.007074287646270525
-1.0
-1.0
-0.01160358148034899
-0.007435258555909379
-0.008760706867451023
-1.0
-0.0019267887545125896
-0.0015197163070299752
-0.0023954063736263613
-1.0
-6.785174837098696e-05
8.555504143684509e-05
0.0039014077111748516
0.0022053106536973157
0.0021513421516914
0.00045554198525748395
0.0015783517377451703
-0.0002856267944007916
0.000498091934100128
-3.0088470241817935e-05
0.005799122825153899
0.006126862542948857
0.005844401465558145
0.010578421685372763
0.006745316769075118
0.010337037623458967
0.003770455172611875
0.010109596905972578
0.015568224663789432
0.018495335288475308
0.022245467141440677
0.0248368740458092
0.02987720651461967
0.027316690968264237
0.029596923025351465
0.03452570990027322
0.021914756417654658
0.02407214958358927
0.029997304540292938
0.022941257103813353
0.02779363293120028
0.030710484838727462
0.029017759140394457
0.030837415867886755
0.031278581976831726
0.02693535238505782
0.02890496013581103
0.03387892016820551
0.028144145097929816
0.022483846603079116
0.03422122252649941
0.035464330246960274
0.024176790970395247
0.028199813492086005
0.029846812619349933
0.02633597808156554
0.02569275298449153
0.028290354037537387
0.02710880293417286
0.029747164039413677
0.020396026270762126
0.02251072033196444
0.02592112957856999
0.02079900795665699
0.022481090197685634
0.03225020338187986
0.029554414506684473
0.025274362675657712
0.023124547043863814
0.02418248487483314
0.01975391156509006
0.029201112219358366
0.023371542965791896
0.019032235148797656
0.023262025535125505
0.015903812122602487
0.012672449681082405
0.009853125308201609
0.008226686602387033
0.008573537542776628
0.0008118846802100003
0.006796446599275736
0.005179814873047234
0.005681080511046664
0.004952880429067834
0.007779844763524979
0.012606623607758284
0.0063582882375677096
0.01614691198266383
0.009031013049812579
-1.0
-1.0
-1.0
0.016249951085345788
0.022120555841988424
0.008867030765235347
0.01828674378583886
0.016449891372319923
-1.0
-1.0
-1.0
-1.0
-1.0
0.009438781450860686
-0.00975016414538699
-0.005651683361227804
-0.007694991197872623
-1.0
-0.01361849348564592
-1.0
-0.006615033972763917
-0.0040883264874580485
-0.012309074844121302
-0.013459112665477379
-0.008222449522422784
-0.009350880904116982
-0.011800019131636981
-0.00910508349825802
-0.00577780801249506
-0.006997627950936482
-0.00689320952330894
-0.008682128383484984
-0.012467186370509451
-0.01091741671252047
-0.009319432573997574
-0.00978643920803193
-0.008414449297934433
-0.009678745696557418
-0.006237509317595958
-0.009491755868365327
-0.004261038522595681
-0.003713754553719271
-0.0027320096993013595
-0.002982126470155697
-0.004219523152486933
-0.009341863516067807
-0.008941852941723002
-0.009197345862806334
-0.005448115271910297
-0.010276651257616528
-0.012298534608426271
-0.01010339860203352
-1.0
-0.008812889552384214
-0.017627207246720837
-0.012798229678113789
-0.01595984179180853
-0.019789140406721212
-0.01536485088511815
-0.016290791921429616
-0.016561709996673092
-0.022713049154043145
-0.015547381954021349
-0.027987587398773068
-1.0
-0.020637177186511233
-0.01690828585050869
-0.015444794935293323
-0.008707275277925563
-0.014772039686600673
-0.016578769952396905
-0.01639924264295673
-0.019243844787140446
-0.015726242623178812
-0.019268681356853827
-0.02201099274371754
-0.023049296659783964
-0.015633415245729546
-0.0124972744208309
-0.017176479328933285
-0.016803786386486257
-1.0
-0.020479628965808908
-0.01704727318411482
-0.014589230314141333
-1.0
-1.0
-0.012175958565192841
-0.02277564315995437
-0.024082371716215183
-0.01292651726219142
-0.011846620083078853
-0.019300997958805702
-0.021057471802060114
-0.012022369576095288
-0.009693675098461647
-0.01749253743709823
-0.018311564333148848
-0.015230095200885098
-1.0
-1.0
-1.0
-1.0
-1.0
-1.0
-0.010612709241882547
0.008553319679366499
-0.0022888514123586864
-0.0019965682325286454
-0.0008594196662119987
-0.0006201871936303248
0.001204761692615297
0.0009112065933898003
0.005950904586081649
0.004090769912032297
0.016626779160497183
0.014927952174063818
0.015972892210634727
0.025347342854648142
0.032577601175399526
0.030358060056720856
0.029848652237245654
0.029827091252185366
0.034980614314018096
0.02966603548667093
0.024625680908907138
0.029917185620781776
0.030207350527508083
0.02323751497152221
0.024582577957451196
0.024637240049787405
0.025481725911931558
0.024766476108857932
0.019722226891459433
0.025396518176891075
0.027976560982788595
0.031045546135297555
0.027863701768194193
0.027577732451256123
0.027832279093571905
0.026544448520956374
0.024222422838183676
0.021444583867212597
0.02808045029948276
0.023577653361593353
0.02607786886486978
0.022719812363293342
0.019099287440121734
0.02144096333141888
0.025800241543504156
0.02554151263712401
0.03275321835472629
0.026999067176260532
0.025344154911643053
0.0241189766704833
0.02242031231003207
0.015906424471299984
0.017468874155219492
0.011662387004952427
0.011292188499017763
0.014760339858381717
0.015626629172981986
0.012248962412803873
0.018664291834005024
0.010751793084299943
0.01563013263015566
0.009911362229035629
0.0073464003002509035
0.010285975219645898
0.00436081230298115
0.009408731746245434
0.014736066936020517
0.013039284761083307
0.016235718812292247
-1.0
0.01663487354839555
0.014833594955965309
0.01457993772732064
0.01522324232789734
0.01735941400097892
0.018577261815147326
0.013016627842932735
0.012228769289179833
0.017648858962478677
-1.0
0.013945715377832145
0.01061357287074877
0.00894074323748001
0.010585571787761592
0.00846283294325665
0.0031792702515807906
0.00012316337940309897
0.004155980954626652
0.0018767617398146492
0.0006583912686696918
-0.005525297548726616
-0.004848880201602577
-0.00032449415321742056
-0.008355249849106985
-0.002980575035246608
-0.011636091700370587
-0.005493087189797646
-1.0
-0.011047448022745052
-0.004955774790619223
0.0005361058206020938
-0.0018328071425789524
-0.008536508121406917
-0.004554359601889433
-0.0060548169302878235
0.000177575468985716
0.0036481111161723637
-0.004902549342266618
-0.0017398007017517846
-0.0016090345315362166
-0.005631523366487497
-0.004538652958056761
-0.01021341073141203
-0.00725684612315968
-0.008553043477798776
-0.0006432471616727664
-0.002613495215158748
-0.0020604684573986734
-0.0045283389577995955
-0.006412506295713672
0.0019606842461040966
-0.00021932606898421853
-0.008195005621797676
-0.0033266054624433426
-0.009343337940139022
-0.001762407182511492
-0.0007042732393421536
-0.0002596820199607767
0.003490060522877548
0.00791649565517785
0.000755040523339122
0.0016244998341572803
0.00674040749117923
0.0015187421651157434
0.005672217495810933
0.011982457870511156
0.00906542058710286
0.01428395548210177
0.01637092225180562
0.01123343405612344
0.004335768962877027
0.0012527304062085942
0.007036914069413539
0.006025164627402402
0.0042844571433380135
0.013084864927709428
0.013779982981924932
0.011569355746112007
0.015089803443564776
0.01755551563476211
0.019175888457288258
0.017919363451895428
0.020521923272745102
0.014905019774540512
0.01348180788702486
0.018613461706814126
0.024210821290130816
0.018440576111735406
0.017608324456839113
0.02284253400798162
0.019815992751847276
0.015055900832380365
0.021012383922251795
0.018605727279919358
0.019496371438807194
0.021802187240807753
0.019916689568654278
0.02202444967411689
0.02428995762356163
0.010924679523973494
0.019906380556725646
0.016686201982246424
0.021559490052407336
0.017725116206439576
0.01183030064637709
0.011037078330433315
0.012433269738381093
0.010793952311172764
0.019624146844076974
0.010805668498126066
0.01625951703613269
0.00590705438986051
0.01239914324070873
0.01707802081349874
0.014518707066842742
0.017314041424601977
0.020383329762845813
0.02226105408547013
0.015646010252344526
0.017326282520259105
0.018231449661256584
0.012989317769076561
0.017027414518111073
0.015958690896525688
0.011407375928770721
0.013762430725507696
0.0061839075002473555
0.01708424071918047
0.014395289502270843
0.018661819416723326
0.012388587190639441
0.02053947464240919
0.015554518823423723
0.019595448981845807
0.01753681065550166
0.01768163710127892
0.018665013818323847
0.018756079013301126
0.01872860728713956
0.013089603091710204
0.018100845310904484
0.019020369038925417
0.016974684221024085
0.02101824611720992
0.020087258145089777
0.022172745984486163
0.022272549354830678
0.01887516002695806
0.022689616398290542
0.019196204328538743
0.02890783787487635
0.01503534816085995
0.018036712369831433
0.027362216399922878
0.028084887132564854
0.014979881532221032
0.017386277975841784
0.022274229712042244
0.02272604972279496
0.01748406021385872
0.02328520217759613
0.02456332174679766
0.020749071076251357
0.01903440992821768
0.01437102124278216
0.018022643305308766
0.017802929979516734
0.022322400385529958
0.02294103341415717
0.021084461157921685
0.01693865087458357
0.024281045481180975
0.017510008999265952
0.019536535349205273
0.024537846926836197
0.022354973518284617
0.015450903102041995
0.016212663240225217
0.010522706141165366
0.003079208428321044
0.006884254524390312
0.0010532718285438966
0.008305820099694638
0.007049568853833881
0.004013054010253605
0.0030286368688386116
0.004126087447334067
0.0048481017023223345
0.001915267981017517
0.007082529651452459
-6.853080907519404e-05
0.0003287018982236185
0.0024429289683384516
0.01082171165610227
0.003287598433315191
0.006354079185676944
0.00810752531473377
0.0066883610863894835
0.003375827628994543
0.004911758015872804
0.008920678666141964
0.009736042802075814
0.00952061920523589
0.005344238677353738
0.005957151616942318
0.008099007373961159
0.011473085188608194
0.012675309906647078
0.008291705853628381
0.006960121894436753
0.0031733547443959557
0.011283321307680463
0.007896053748738426
0.005122352050078114
0.011568597829296466
0.006015355222526196
0.007862904362576199
-1.0
-1.0
0.009170554613192628
0.00985529734722262
0.004855602418230341
0.007748262138127809
-1.0
-1.0
0.008765443787523489
-1.0
0.015371362215479313
-1.0
-1.0
0.005297726155906737
-1.0
0.0071192468576897865
0.006829013985148153
0.007760439500202819
-1.0
-1.0
-1.0
-1.0
-1.0
-1.0
-1.0
0.00840367467834286
0.018133804925820417
0.015156783974072639
0.021027668156675793
0.016718411263238322
0.013686656185846852
0.01880359422130325
0.017461767169213407
0.01576509736703069
0.01810270406829019
0.01874524472337593
0.013960430915105956
0.016778264069874423
0.014088928548258576
0.015195616668431182
0.013697467553467617
0.00890655524355811
0.01243239294959885
0.014274100652619465
0.010782079863598833
-1.0
0.004664396493712453
-1.0
-1.0
0.0010265855229072303
-0.004875013375509124
0.005481710586660253
0.0063541598200727795
0.011672252459540393
0.011832286597585165
0.010216262372450281
0.011362354224879304
0.010554651280386325
0.0042395576547599335
0.01507813556054267
0.005607614924586949
0.010915284126952668
0.005188026508829672
0.010965851417478996
0.015743951456250824
0.013131206196117216
0.015082958625793225
0.018634056731214363
0.019776426576071947
0.015462385442517849
0.01239793429111742
0.014782810859278945
0.01840544106645852
0.0221224481317257
0.013130193222638748
0.018366622901912977
0.0129415608030029
0.013165526995723705
0.013963812809421942
0.018299486622703042
0.016233015641050983
0.010800030073218126
0.018250790413776436
0.013104465818028458
0.007633717246490876
0.010939964606504565
0.008367877912359989
0.005580560857111586
0.004785235234303283
0.004029593735754845
0.008884134870924354
0.006295295780245811
0.002379004814712056
0.0018389074490325857
0.005079363816617823
0.007473600079228572
0.009489291617804162
0.014354153495604718
0.0033866941284777215
0.003156634323951491
0.007818441960600055
0.005131444426709128
0.00823954526504216
0.00979875529946561
0.008509670731363208
0.00965344377094147
0.0002147830762351708
-0.005410827996743572
-0.0039616212072854365
-0.005456420507179552
-0.00931290994238055
-0.013190020074088052
-0.01079952756451696
-0.010217162116303469
-0.017011465072653303
-0.01323464998608201
-0.019329667558779243
-0.013888091237114007
-0.022352367802290513
-0.012784585992885303
-0.016886437191475524
-0.01897939823848683
-0.02251352916501701
-0.020916769903485538
-0.016731638407604513
-0.021684149394183866
-0.017927399073207565
-0.01798506283165918
-0.019185548666091897
-0.018628053379336804
-0.020788421491098382
-0.023001478464748808
-0.022877986621079642
-0.022144931372477267
-0.016707004749628062
-0.018953761912988608
-0.01815370407547288
-0.02436982055831201
-0.02320800163355278
-0.022014934330234357
-0.01940838872660099
-0.023099748940198016
-0.02351214742892725
-1.0
-0.022326065760894968
-0.02303215135888675
-0.01849581120259338
-0.021346656649325564
-0.022664502216018192
-0.024304163239707258
-0.019518994192009153
-0.026540574998765453
-0.023394758585040542
-0.017546577179215508
-0.026792779976071397
-0.020594559711077695
-0.02477854524190041
-0.02025754234094466
-0.023174775052291614
-0.02220218993159945
-0.02022747623207635
-0.01488922395618054
-0.020531386207291457
-0.01989178342541845
-0.017229371461813258
-0.016783408260824546
-0.024819786353336946
-1.0
-0.02029946119397766
-0.015501094038752857
-0.015815813694589693
-1.0
-0.023237330863820814
-0.023479837877686
-0.025889685421761385
-0.01593429062166984
-1.0
-0.023847768721404008
-0.02540732202799804
-1.0
-0.02155726232271091
-0.015992936094965368
-0.014672187825183494
-0.02085385359223701
-0.022984624076479537
-0.02400303738144725
-0.022077975259168076
-0.021254082005131993
-0.01622380835614658
-0.01386846465745474
-0.013445442324299771
-0.01740726630438375
-0.009411726356324727
-0.009506462727144437
-0.015955662985573483
-0.011888033373861072
-0.012926894198412043
-0.012653654481116997
-0.019332843881326705
-0.014181700521794686
-0.015710470894100128
-0.020537137283286995
-0.019202707081940232
-0.015131507371142964
-0.01236145015279559
-0.020187569234354535
-0.01656908400091681
-1.0
-1.0
-0.01973207503331808
-0.014373666671043258
-0.01625698482247771
-1.0
-0.01776097691196183
-0.015359936463602617
-0.01369947259556909
-0.009165581618751268
-0.014277552728671813
-0.006510085733419155
-0.009310156371754554
-0.010315700325458558
-0.005867538966429263
-0.010412630306330686
-0.003238107660029182
-0.011001569307582348
-0.0074296557595183105
-0.006998247013835038
-0.008654596374026378
-0.0098993428100947
-0.010882578738924781
-0.005732298448175222
-0.010728756526385533
-0.0035046193898905518
-0.009146473401463023
-0.006085233466272723
-0.011207286746362064
-0.011387188306922607
-0.010095808385729647
-0.014817618793993605
-0.014235538430959049
-0.013725897912816589
-0.009875526693052953
-0.01765199762466912
-0.01928165235798027
-0.015202738509940628
-0.016450204236152153
-0.011410686555125938
-0.01729484110190756
-0.012908316913518625
-0.015551573333117196
-0.02194771083237283
-0.014679913410583502
-0.01861705810942416
-0.019268869850059656
-0.015568554581613053
-0.015006849302934512
-0.01607025700874418
-0.013529314479857514
-0.015092731925697878
-0.015099849415808737
-0.007505380311392088
-0.011129588720425054
-0.015242024140905175
-0.014734665620964562
-0.013432886249158772
-0.016170911184409945
-0.021029915418397986
-0.01914621399747095
-0.015943118939080476
-0.017943772626101195
-0.01830117190306231
-1.0
-0.010799798052037322
-0.014561969652137182
-0.010908185978019139
-0.010727500646068816
-0.0110087436026211
-0.016720808213266915
-0.013406812890546
-0.008821676195571728
-0.0035687340179061462
-0.0015237867655961419
0.0017711385699954196
-0.0011423316286486584
-0.0034208913010427204
-0.006542913422087711
-0.005022160240811906
-0.004371257845071625
0.0024160998235257
-0.0023849850089527626
-0.004762766913203599
-9.80208750041422e-06
0.0014800409876278707
0.0038709593826374436
-1.0
-1.0
-1.0
-1.0
-1.0
-1.0
-1.0
0.003434949023454815
-0.0018730138551501603
-0.003586450857220782
-0.006797740419486644
-0.009044357520834876
-0.006796596282147104
-0.008397294728396107
-0.015477527428324216
-0.016563356487079847
-0.012562803475430985
-0.010998738312751794
-0.013236468360030262
-0.011042608735205876
-0.008733357045858472
-0.006495907578444442
-0.014370312534415309
-0.01562090818828761
-0.011891522526195547
-0.011330142846102913
-0.015078446207386478
-0.021245424528499368
-0.013259826736250412
-0.01119348858868994
-0.016338305255355772
-0.009468759128365475
-0.013506913162633962
-0.015321461041508574
-0.014745705974976432
-0.014426684159271754
-0.01948151208449583
-0.017872318737416352
-0.012934938601834731
-0.01428141525340419
-0.016601977529659827
-0.015401650141613639
-0.012870014275777684
-0.016109946512237336
-0.017703691587710655
-0.011901389427911975
-0.018585738772342906
-0.016927146433686775
-0.01340403871276658
-0.01201022753363953
-0.015366569104652535
-0.011967380138124624
-0.00995634187081763
-0.01441851390508637
-0.01476297031978027
-0.019457117496967616
-0.016027744933390983
-0.012813558611805156
-0.019938828391148997
-0.014272209148663687
-0.011172483705860664
-0.012498919107415954
-0.01840324727493017
-0.022177152839146792
-0.023421269600635113
-0.02208102394437284
-0.014844029233337813
-0.012071250601606966
-0.01666427458886204
-0.015733526580089446
-0.01210225484379034
-0.015120269973345752
-0.017088973308417778
-0.020829086522135058
-0.016383814801085833
-0.01780302092017261
-0.019904336020637858
-0.01868796846157301
-0.017773352647765004
-0.015125473719298371
-0.016921859191147772
-0.014148611441722468
-0.020380705482477876
-0.02221293498210422
-0.01904175812628375
-0.021539787085382144
-0.020330888457644847
-0.019378197628664755
-0.022103486501566114
-0.016015876151759
-1.0
-1.0
-1.0
-0.02142956730008067
-1.0
-0.020594340321334732
-0.022494060144043124
-0.019910423442481433
-0.023789751121110158
-0.015585655797104228
-0.021366585504323396
-0.01215891602635561
-0.025133638195623156
-0.014283709910279961
-0.01572027928603213
-0.012379203126817045
-0.015994619230404815
-0.017062628669182595
-0.016552728169575825
-0.024680513324634355
-0.0182121216187347
-0.018735879610992587
-0.02164425465100829
-0.02535174533398457
-0.010244106566586501
-0.01577609481060166
-0.014045424901784238
-0.017967838197675404
-0.017279194144998247
-0.015581463142738266
-0.014784744685283235
-0.022575103949092196
-0.02115213452573874
-0.01565323965114323
-0.011630866425130185
-0.018188243769144328
-0.016844320871045204
-0.019232783574066607
-0.010471905435915425
-0.01430110842274353
-0.011433771792186789
-0.018169102053184116
-0.014683186680203858
-0.01664462699272223
-0.016475602474659446
-0.02152833696229004
-0.021431297675638263
-0.013425031447604673
-0.011366206834196707
-0.01060001817212634
-0.013698973772244669
-0.008266320486363063
-0.011929118014194363
-0.014132684332273934
-0.009846244821335835
-0.014060539864665291
-1.0
-1.0
-1.0
-0.01333558269741455
