-1.0
-1.0
-1.0
-1.0
-1.0
-1.0
-1.0
-0.005264486246091332
-0.006484470367998868
-0.008796840848286185
-0.007627828149462632
-0.00510674482365076
-0.005444853001286849
-0.005839400130331496
-0.005785360000751468
-0.004958169202216533
-0.006711313545690377
-0.0037120326644020742
-0.005005527391429106
-0.001141767081159206
-0.005771702827947643
-0.007343528508378935
-0.001587125224706442
0.001890883839970787
0.00802705042965261
0.00469875037382817
0.015927359384919404
0.013594786803372772
0.010561676525320952
0.008914206396083714
0.0006944088154595151
0.0005700292508799106
-0.003838111046083468
-0.0004186957889450537
-0.007050710994191497
-0.009112967553227137
-0.009014123738042957
-0.006799939701229332
-0.0027253117783137978
-0.006038377563447762
-0.010522834870463117
-0.014982546022694597
-0.018881754587424707
-0.019637781771098425
-0.017353393741585607
-0.017806022031472267
-0.015510158215650714
-0.020476082314064288
-0.0152948207284959
-0.023884181613248717
-0.020331477940596185
-0.021949677919355287
-0.01871880807559312
-0.022263689136702156
-0.020780115480449515
-0.016901362529349262
-0.024094840824154397
-0.019966903941280513
-0.014305999104128006
-0.018167340876161064
-0.018477919104632038
-0.015085306398690027
-0.015555214448517426
-0.019400872043208728
-0.020468931957375723
-0.0146768293231695
-0.019800281800374676
-0.019727477143963872
-0.016891572043284227
-0.014893370500678163
-0.014766214631713154
-0.011912236672557672
-0.01389866449487538
-0.018350870364773064
-0.017218779332652537
-0.010569376632701818
-0.015073584388299064
-0.010639705137131666
-0.01063414950954262
-0.0006890699796409553
0.005222951342131476
0.00107457446146764
-9.364119808078582e-06
0.0034387384944739217
-7.142607660350993e-05
-0.0006400068031789406
0.0009360669624677631
-0.0003318073267842181
-0.002009705385106327
-0.005120718145658774
-0.00957009056015947
-0.006728220430134482
-0.008586900481136465
-0.00722516159960022
-0.006523418556018769
-0.007627069268643657
-0.007878572991598571
-0.005349724242334986
-0.007335324622208748
-0.007317286600141036
-0.010072886153097255
-0.009121024390628089
-0.0026307417897414543
0.0027943824781936884
-0.001123513299560721
-0.00037368095622993073
-0.003231831340661458
-0.0018026133375421958
0.0021951075537971743
0.0016421814748027025
0.0006803023910805608
0.00499946671059364
0.006245943815761389
-0.001635023825160768
-0.0070756667990440735
-0.012136677952832199
-0.01250844498882753
-0.010571263882226815
-0.014041227639756765
-0.014493513736109378
-0.01441367939659926
-0.01119545578311049
-0.012508475390402708
-0.011067593007750428
-0.010200819493967521
-0.0077014543406892086
-0.010837082145565096
-0.006008872149601447
-0.0002811440747460836
-0.0027908424100228624
-0.002104920817216064
0.004546620619142576
0.0027667092203580946
0.0003301829346837384
-0.0024994292594669996
0.001676222466146096
-0.0015685820841725897
0.0040715439639746115
0.008208328530570776
0.002051134509826478
0.0005426371761280011
-0.0009370165427502855
-0.006757579791616399
-0.004801337266561039
-0.007127502410343916
-0.005459091121417639
-0.005929196188831477
-0.003850158339509946
-0.0024630576473314092
-0.0037261541650567605
-0.003729042965164393
-0.002366047452291818
-0.006711097444216363
0.0009841036585495262
0.005755357261176197
0.0018880948408450603
0.0030320681878735017
0.0007556063338325387
-0.002583167746736492
-0.003319385851410088
-0.0030310986896164723
-0.0017800336293159289
0.00018570452473472526
0.002435553595252783
0.004676647970835963
-0.00012259685706834657
-0.0031985243918660785
-0.0012993114482793987
0.0020873039896165506
0.00540455682166382
0.010496346301377255
0.008871487162853449
-1.0
0.008672830767129512
0.007883944709361436
0.008763178639393718
0.015154730033444721
0.009539543481196072
0.014669653100356325
0.01390137794030972
0.01719384426396261
0.013955450377874837
0.01270177985416068
0.012071096332668183
0.010824797873406263
0.012657940694286765
0.014825497872976639
0.014572596065719439
0.014026331569948841
0.011528018787618301
0.016184018065631522
0.01915326887699576
0.02141492168530329
0.016373916176625054
0.013670265032455697
0.011961755798672449
0.01203242759896218
0.01308596718891043
0.015728697658818444
0.015396489786901038
0.010580062223493726
0.010563786378941684
0.010648679446931595
0.011575253712984665
0.010714527122696401
0.009596620124723067
0.010045569360636095
0.00831577811042664
0.01416308282978349
0.009214273583882935
0.010904434627915734
0.008067472504078271
0.011387125334436688
0.01591586349620727
0.014887349587909297
0.014630130679861453
0.018823863941930224
0.015253878150953233
0.0207480543854075
0.022644987857527214
0.021550874676489768
0.02208800138601594
0.017939690667677012
0.0169615382025683
0.016181843548787198
0.014246297073594231
0.013181772824763939
0.01612021378832627
0.01594253287927316
0.012696887832532614
0.018065832835394608
0.018028873327054083
0.020464074686005328
0.01813855170516701
-1.0
0.014941643188242636
0.01508373864074593
0.01534462483460031
0.017978183639502356
0.017586046583637282
0.013262461049026085
0.01611967044234529
0.015161915061419793
0.014541116487056088
0.013733066802464038
0.012523433000162773
0.011839423784255537
0.009170218872882765
0.016126162444036855
0.010462885663128989
0.010883067400718937
0.008585200627974474
0.01148395873789386
0.011527876024891453
0.011486174938020316
0.014353686295592699
0.019059763845370784
0.024013222518128964
0.02004877810959649
0.020015577577919857
0.022503196640857773
0.02436480504489011
0.017218304287076987
0.011847114266561964
0.010106515861448168
0.01335219391313203
0.01459081737304632
0.01353102957572544
0.01183537149721192
0.01572855693295248
0.012570019984217274
0.009013342579391992
0.008209976726013602
0.004420548382683139
0.0031013789697084907
0.0006691526521829651
0.004726244084353141
0.002578863919955002
0.004753937046441364
0.0016904741974693843
0.0030955802691408694
-0.002291555972663203
0.0009192322870271712
-0.0022329187596132768
-0.003833798437037768
-0.002626177067514422
-0.0019027265625778287
-0.008350966087295176
-0.004881287165746477
-0.009074333601285928
-0.009280115930168495
-0.011409546766101817
-0.012746945554592092
-0.015010209851608508
-0.015409866078864643
-0.012390506772861975
-0.01692639811325391
-0.011931988501644437
-0.015261664807819052
-0.014990914596119774
-0.011411346171880853
-0.0113834206442966
-0.01042132583180215
-0.013026445974833782
-0.011033257790116328
-0.01138283917554896
-0.014595500443738538
-0.01170287885900386
-0.014401662714552177
-0.013082742242435004
-0.007209441081176797
-0.0046424030708553925
-0.012646489088091024
-0.008562286076814819
-0.014707529672685004
-0.014833367812019075
-0.012216577424477073
-0.014335540333358958
-0.0158961378232135
-0.015956790259888075
-0.013914748081126376
-0.011330775978179043
-0.013051572774377986
-0.015572194844845259
-0.014800413077958846
-0.016444017733311632
-0.011208252072733498
-0.006632758735754368
-0.008652795419283656
-0.00916560204548951
-0.0067557417516085115
-0.003144331807215475
-0.0034956321937482963
0.003777414222181435
-0.003225697478538224
-0.0019519347202342874
-0.006729160522506591
-0.006764140889563282
-0.002503057539545244
-0.006459369478066618
-0.005607831857819934
-0.006639944375906724
-0.005013893844557162
-0.007422761814128599
-0.005666377183474231
-0.006330027649261441
-0.004966714677267634
-0.003776336212434511
-0.00467099002718122
-0.00927232125268682
-0.007074312383216049
-0.006721228717619733
-0.0031441733314735727
-0.006047938958076943
-0.006772262704824618
-0.0071928738313882384
-0.00698244006234451
-0.00932336767677684
-0.01582765146788913
-0.013842461786963887
-0.015860459696155196
-0.01946719877395397
-0.012264906941566539
-0.017806035416360704
-0.016122916094623078
-0.016675465832062343
-0.012377499325126095
-0.02239653997094038
-0.017756654683055227
-0.012432247010300206
-0.01799474603716515
-0.015236442227254956
-0.016966296419406796
-0.011342066571059056
-0.01376141726046493
-0.01568859297103599
-0.01696205080401188
-0.014658280666684334
-0.015464090843295902
-0.012512843891198507
-0.014266145049511887
-0.010716506718767985
-0.008225527681258085
-0.004993128766833381
-0.005415844865388804
-0.005366567247730027
-0.008523841558928314
-0.012124507783143137
-0.005949512922814122
-0.003365443919720887
0.001042708206858809
-0.007557786210325025
-0.011855202750343357
-0.0074547464221838096
-0.011915754346234373
-0.00981927262544541
-0.008611335530472173
-0.008006326403362568
-0.0016338318809420234
-0.0028502802222878177
-0.005957160538904485
-0.008451978717004718
-0.008571070463649109
-0.010500245927303371
-0.013399984297778078
-0.013367662221098512
-0.009171715501064862
-0.006533967515242812
-0.008702975571864361
-0.00085030060839291
-0.004824584976270729
-0.010850795970480739
-0.013506223318156435
-0.013484961340043079
-0.017387277891425454
-0.013771501289671672
-0.018987403043049682
-0.020027344281642503
-0.01789685147907715
-0.0167302886447063
-0.018860024830310095
-0.0183300096262408
-0.017092414781656927
-0.013990756102189712
-0.01870995657470124
-0.016928792389849488
-0.01946249141838346
-0.014988348883238195
-0.018020928696809373
-0.016584811432302077
-0.017548249984886684
-0.017342090781754638
-0.012921602861261585
-0.007815916530610686
-0.005916548694333888
-0.009086569336493851
-0.009329862094807056
-0.014458069859551902
-0.014421219430939974
-0.018426229676497183
-0.015562792072737832
-0.017536337423047693
-0.018947856147088517
-0.01702498923981646
-0.019856967286571495
-0.018841595709251983
-0.020237588952768334
-0.01884670470948368
-0.018158287469228235
-0.019349499161631315
-0.017496152596550962
-0.012420293810010686
-0.017620930885365513
-0.01899223542295953
-0.017681083142847553
-0.018234338429816227
-0.02205783587000235
-0.017250361160700948
-0.02325713998250919
-0.025229972136866084
-0.02371600500962368
-0.020203482626212424
-0.018477135709562182
-0.0256942180814981
-0.019485845346536503
-0.017780658664306156
-0.021097539214264445
-0.020733083102207776
-0.021742759210848298
-0.0237215477278306
-0.021078396572628184
-0.01898227478486169
-0.02144408209166504
-0.022922948398702073
-0.02185520608029748
-0.019886076642786604
-0.01768399725502441
-0.021557261943390114
-0.019206594793612194
-0.01895786013607546
-0.021569331368722456
-0.022346809723675896
-0.01797662697996386
-0.023724242246538213
-0.019552362685288777
-0.021445910141079924
-0.021100706526018014
-0.01613878583002871
-0.016846538874180948
-0.01881208737614748
-0.019503260562035763
-0.014253627825265047
-0.013676517164773118
-0.014251066176614391
-0.010638782117646649
-0.009827409178085366
-0.010071690493089822
-0.012477844311953076
-0.013139875919350655
-0.013771192698142046
-0.013766365485321485
-0.008406768490952968
-0.012865133313842413
-0.007914018347982756
-0.0022258840116762837
-0.001141259860471031
0.004231860318291111
0.010129315276242548
0.008571326364461517
0.013075071281335244
0.009832929390213534
0.009423728748568512
0.004554784923250235
0.0050123962759765425
0.004557999535301473
0.0026077182966001713
0.003839094897217443
0.004853176381012786
0.00470211352841251
0.008485335832192279
0.010622394985635884
0.00782141625404695
0.010966654350272846
0.013051623954716544
0.019174724568668037
0.015117133106521222
0.011747114134861902
0.016455716522260216
0.01803600848915623
0.020866051174654784
0.018572477973453457
0.015398688704003613
0.008946901867905243
0.016988880147045433
0.013624977332504472
0.014783099762940044
0.020380256827313273
0.01856499758263013
0.016387011432318153
0.015383333524728135
0.015789806360380344
0.017223349999963163
0.016027387447687235
0.015689783492781238
0.012514141420493312
0.013671881479857562
0.018867418073709216
0.017884993559652826
0.019306527662162273
0.01851739337288682
0.015531452722551036
0.01347240987651277
0.014319813994976517
0.014969711558058913
0.01913968676243685
0.012773621969306344
0.02082304695791043
0.015430317058148913
0.01720865904893976
0.01949808561785054
0.0213078582447547
0.022294122608495243
0.021928697362738305
0.020725728599158
0.02231096834733687
0.020644002631528865
0.025659673662053663
0.029773889286015393
0.02461162527673542
0.025824945428496084
0.02289391340481436
0.02486348052987909
0.021420614534892087
0.01945913801383553
0.01933696449183768
0.018880530937162552
-1.0
0.016735567772116544
0.016832495759844548
0.012234209822257152
0.009049561081868083
0.012216874108681062
0.014248557434709446
0.01791861136709688
0.01483853572619484
0.014142357152337477
0.014352319346647066
0.014971459239956825
0.013471439187233019
0.012576953586533358
0.010377140953783361
0.011074736092519738
0.006613863873768501
0.006059868106975341
0.004412911093885438
0.006976677033517082
0.009086563410317765
0.006604227426271558
0.010805540353604213
0.005847309304677822
0.005701185539824843
0.008731789148804616
0.008055570151346359
0.0108787024196846
0.011453149159338278
0.01143865366335114
0.007023391592202261
0.007274661259899995
0.011678086805744519
0.00673932305676278
0.00990897719804334
0.012340869072882623
0.0030786950096180887
0.005992205050836986
0.004459300153190338
0.008895522565485014
0.013555321869614487
0.011830920674678698
0.010539700935572362
0.010905023948457219
0.010022286483293497
0.007833585315135663
0.00782903728626812
0.006033684750672358
-1.0
0.005318146754876428
0.003162463229222138
0.0037189991955036976
0.002812686975474643
0.001903947992847039
-0.004207198426443677
-0.004713066718267569
0.0002668573960280259
0.0024951078501434017
-0.002717785041548827
-0.0021949389437903224
-0.00220244153294605
-0.004797812706711112
-0.0009656605796991066
-0.005828225100861919
0.0024956036225574634
-0.004653233691616288
-0.002973209639228489
-0.0007506218851962935
0.003812371347310511
0.0015068027143522998
0.0051592841100851815
0.009700812274865436
0.006305994021833853
-1.0
0.00940468471702809
0.009814044755620725
-1.0
-1.0
0.010682691288128762
0.011676550491558326
0.011324056505053184
0.011989979667262368
0.012257484781121054
0.01789728786796749
0.018739136774217215
0.011244433729604054
0.0071215277340607825
0.01393726625811967
0.01598664883530119
0.013948058698799712
0.01397066745501977
0.019548405641999195
0.011296749770199916
0.005550342737461951
0.00671218875718352
0.007435040431384641
0.005968492889694077
0.0065051639571268105
0.004002087573846169
0.0058043403335595834
0.003474610001538498
-0.001254147516865941
0.0005846685800903979
-0.00010656547680301758
-0.0035302451083163346
0.0030170510273605433
0.002203892646478801
-0.0012081296110269505
0.0029810832887383117
0.0003522635585985483
0.0022839902784602116
0.0049843261775947625
0.0052158800878092165
-0.001569925627311774
0.001540803002073355
0.00503740693999914
0.002789985736893976
0.00423192274265658
0.005036724714948448
0.0016499756446390831
0.0009903084919184269
0.0020418600771625736
-0.0016871044113109979
-0.004076413830911493
-0.003774334577808171
-0.006189996214983939
-0.0022894746960316773
-0.007886039742727696
-0.009989233951386975
-0.008255130498365317
-0.013552858117552373
-0.009761682099942402
-0.009532653434756703
-0.0058120879235594195
-0.004574922921513407
-0.0032455207827946295
-0.01012409294837178
-0.006508986933448513
-0.006601461608151405
-0.005218533002598547
-0.008149265357957666
-0.006978315243808672
-0.01019487584439221
-0.012173509324733248
-0.004742723967070318
-0.006503239308910069
-0.006419563833307013
-0.006909098315340813
-0.005851441167777156
-0.008443245071652812
-0.0014918730527881904
0.004213677400648283
0.005245781893165249
0.009305654424664871
0.0052293897039008205
0.009624314559097404
0.013266951311375166
0.01105548210276219
0.014285004798300971
0.007613329066233524
0.010641042573990189
0.011523367109611563
0.013804206536818341
0.008483419309010812
0.009671902235903375
0.007508548480250503
0.006638647887056266
0.007036676591386989
0.010042515565365038
0.007784288823289499
0.006701296128688721
0.0014998148825296025
0.003627368165960997
0.0053163691375566
0.005020969684565368
0.003948647776945466
0.0013187336312743573
0.0008142951243924241
0.003195066321237823
0.00204393959937517
0.0021129291038036414
0.0017014089207433184
-0.003045656067639454
0.00364798617089835
0.007081407978932731
0.014091232268986714
0.017627332923334377
0.019906531673536173
0.013648194659588954
0.016324913835868534
0.014946776970259685
0.01012874424842048
0.012322407410655574
0.006816327610940797
0.012184854424345687
0.013170352922221922
0.014171658209688581
0.011770333562040833
0.016397610584333623
0.008177021297559654
0.009537344380605842
0.00573083629702372
-0.00014691482706070586
-0.003733210687477289
-0.006947020705880618
-0.006995622757359382
-0.009837702544873227
-0.009809212410130505
-0.01038491405416675
-0.012550225533980563
-0.010823100880009448
-0.009927123234868876
-0.006872539449305555
-0.010123209796492314
-0.006995655419516792
-0.010086005251884182
-0.011766267733118525
-0.013629368178854085
-0.008695418798015003
-0.006376006645411552
0.002933951542886024
0.001091207777393917
0.009679664861297744
0.006788453335857951
0.0026686994001260175
-0.00242773228363696
-0.002938444562704582
-0.004795800917535529
-0.004057499632487993
-0.005227574800327351
-0.00794509691835754
-0.005561804606268314
-0.009812992563415668
-0.007837725459380324
-0.006902771796093797
-0.0031010495532004874
-0.002048783964482626
0.0028773516251187083
0.0016150445787704879
-0.001675105012253285
0.00042543142331457847
-0.00244793585350904
-0.0009721331436498893
-0.0033334913868437025
-0.001103453862169843
0.0022881318942109432
0.006889853445571974
0.0075544756849261095
0.008844807769802824
0.009525590152549729
0.01595940919106436
0.014504679148846638
0.013247402849157501
0.015230759957216788
0.01058043462905851
0.008048787886632193
0.008113548229655963
0.010288910994919393
0.01157253269290914
0.00732303233511153
0.007816056763375583
0.00912422481423964
0.007787269013171449
0.006751111965119491
0.006308794963758236
0.0024832506261646178
0.002823856644799266
0.00039106692199923187
-0.004976228625157004
-0.0011671072793236507
-0.004635344392195534
-0.0018265354782824748
-0.0032312755640393916
-0.005002613402074215
-0.00737827639254085
-0.005906551110595515
0.0036928016408025966
-0.0066044447133630675
-0.0023640648673239266
-0.003893928600140713
-0.0030391414929064674
0.000914267797699488
0.008197760254043913
0.014132883712010184
0.012075585242353266
0.015920558795269112
0.01564277888852665
0.007379318442943052
0.007317691055269794
0.01023943316976086
0.008331613208670346
0.005982746387566198
0.002823602132359911
0.009453425374254
0.0036851176581534075
0.007800018047057873
0.011750980631079998
0.014004465480713744
0.011122345871793773
0.013226249844023655
0.008498562346010284
0.013064108227344846
0.013434421536704638
0.015976942564160327
0.01116989684406897
0.0068031596175067875
0.014483468035328444
0.01482433841185003
0.017148350564459167
0.009693697929913495
0.007107267347347773
0.008935711733893448
0.00490843807745668
-0.003619746450985394
-0.006220614945384347
-0.00926452643650168
-0.00965882400826378
-0.00872822035343171
-0.008634337868545106
-0.004431832967107239
-0.0033387627418263294
-0.008807591667582392
-0.017941075005269973
-0.013902248294313293
-0.01630310077537381
-0.018379303868589422
-0.022036727939990994
-0.01679527605601339
-0.018638916802343447
-0.01803053234247393
-0.023702300189688746
-0.016828765750045438
-0.01546007409375913
-0.015127975798647575
-0.018248154309055516
-0.013991653924528514
-0.01104204759383698
-0.01259978355497209
-0.008577644481977228
-0.016666136493225236
-0.011429234118285551
-0.00887982606602602
-0.00699767121063267
-0.00786049563420541
-0.0026173267690732514
-0.00418765226432208
-0.008514449373498418
-0.010550654488398044
-0.016775087812712832
-0.012367819035096277
-0.01881958100644579
-0.018095519437975834
-0.015341324558193776
-0.01738548302188365
-0.015361279727831549
-0.011176237430493615
-0.0096938271786477
-0.012941704599846898
-0.010915240008124594
-0.013205711795764474
-0.017124863711568756
-0.015136692849011544
-0.015451238937152854
-0.011512911900802166
-0.008568435877341633
-0.00962357270224195
-0.01037107756171212
-0.004511017330012638
-0.009564836833276405
-0.010946216663500007
-0.008393943124914734
-0.013794994634075592
-0.012189781837724107
-0.016779154778183827
-0.01696232934126416
-0.009575048482998418
-0.010343371489579013
-0.018424257838801906
-0.017649423705405252
-0.016432542915176485
-0.017775745190582455
-0.021899226717678275
-0.01986415336313414
-0.0215184449134447
-0.019278033546106417
-0.021028551791031917
-0.022977810505323163
-0.021489588122572893
-0.025917205276999776
-0.02444790518259867
-0.019968125029719255
-0.021986782728103477
-0.021184266915917307
-0.020022530682524357
-0.0206304506553002
-0.028312709165166608
-0.023114990434991763
-0.021143801972858724
-0.021441055701447255
-0.011988258645301708
-0.01621634428729965
-0.012817711357349323
-0.013190888699741596
-0.016788774721934047
-0.02030176545854528
-0.020305427415040787
-0.01849630552931138
-0.01626821056043569
-0.020279853915850955
-0.01591414852936495
-0.019346326874249264
-0.01710188594961603
-0.020613970007695326
-0.020395330312461026
-0.014418191532689056
-0.020674390613472038
-0.018738804621856613
-0.02101741159256086
-0.02028512564859559
-0.02019742098806986
-0.018291658923033787
-0.015628219228875456
-0.015878670589647717
-0.02104666676567707
-0.023101362041933606
-0.01431910658004826
-0.019832495484505146
-0.017810606972844277
-0.019650519617939673
-0.01586783784296156
-0.02149015653268435
-0.016487599079150886
-0.01794655674406781
-0.019586322500075342
-0.018784126461442844
-0.019096565282842166
-0.016483825843181928
-0.01587075902229319
-0.01220528471451376
-0.01610472685795683
-0.020970668690758476
-0.020676220695514863
-0.01987187901197909
-0.019698570753560192
-0.020336439688053213
-0.01740217744036398
-0.021293914724460346
-0.011072553769538722
-0.0032480200919973836
-0.0034932665289551237
-0.005926071204517699
-0.012732417757432113
-0.010544143984176814
-0.011061092018847737
-0.013438241805368723
-0.008662750445986387
-0.009563025528984989
-0.0038244582566907847
-0.007788947732679973
-0.0066738034137292825
-0.010397579085726754
-0.010928130182220315
-0.01109712047261149
-0.01135236737989747
-0.007811287487398933
-0.01267937874426145
-0.011369828625088129
-0.010153126009443496
-0.008658218913796544
-0.00849661989654149
-0.010321298694268797
-0.00812124060236408
-0.002147750731756366
0.0024863292162586536
-0.002424987547258433
-0.001954066362198454
-0.01276233276584164
-0.014624146470375556
-0.015743007793351325
-0.017557507486216713
-0.021280772834430077
-0.020585958844469527
-0.018837382061866685
-0.024653925102928183
-0.019301491218959327
-0.020765650898291788
-0.01889467267091538
-0.021201551917935133
-0.015601467775484134
-0.019121101427665693
-0.01251883915866342
-0.01746210469908576
-0.009166849759066497
-0.01245932747192339
-0.008971413204726062
-0.0064833638667681675
-0.0011340169476352828
0.0012936192811821706
0.004085801355729656
0.008278349578867139
0.008968403515622591
0.005752815456462251
0.0011957311370561546
-0.0012676509013326762
0.006845829467303023
0.010361585630407028
0.011910918485471069
0.01696514902575906
0.014138217448090417
0.015012574627192271
0.00852079395373347
0.0061341882001078075
-0.0022658675868816778
-0.0009947163534222848
-0.006197082325421002
-0.012674170665370047
-0.010026765773800196
-0.007573654187696917
-0.012622770723655226
-0.011097806458448227
-0.01008337551140449
-0.013561559436926036
-0.005652951255344633
-0.008537389183652997
-0.007371463609022345
-0.001826874620906403
-0.012096297318562245
-0.01624512136200757
-0.022393533852663124
-0.016765569017307656
-0.02048601724940761
-0.02494154584026566
-0.022277316114221804
-0.02176246959833917
-0.022449961211178742
-0.02334029710243378
-0.01561717587556956
-0.017978162312997266
-0.018444375102270403
-0.01981822167549102
-0.022757479062435998
-0.018271815445501355
-0.020145030910092745
-0.019801110405286718
-0.01863306278364145
-0.016524940644162125
-0.011571889927903912
-0.01211185753761168
-0.0077574936673393685
-0.012879223029523535
-0.00784618881398227
-0.01192930617277025
-0.013010994812701003
-0.01287818174179937
-0.017085116660628848
-0.0124939078138578
-0.016901579901092798
-0.016532717241233993
-0.013291394978992723
-0.019669865088932464
-0.02225521282133964
-0.02419330601539436
-0.019758744612225303
-0.021212042578628597
-0.017322230683039213
-0.016212005472128043
-0.019305961452192117
-0.02212740789143378
-0.02355101787838336
-0.02150209232530039
-0.017777443103404192
-0.02057180502963137
-0.018427466112549327
-0.01555176203605988
-0.015520654447022303
-0.01785204481970438
-0.02457889443387418
-0.020683431275767317
-0.018589642525284535
-0.021842818403453368
-0.024381335494519252
-0.022286689898562334
-0.023847502418901267
-0.02691220217938256
-0.02193366737332741
-0.02380795570522294
-0.01874282083528283
-0.023111799875685794
-0.024933473504446604
-0.02223417513150948
-0.01851488106379961
-0.01778558668907456
-0.024040608755266396
-0.021623054553629086
-0.021378492719197163
-0.024672914425953464
-0.022900049429047924
-0.02159608298504773
-0.022082799599995442
-0.025818951410777998
-0.02764290701286915
-0.023247098458112386
-0.02712980963476906
-0.024971933543565656
-0.019184329437504068
-0.019993420318888115
-0.023318482161237095
-0.023319201632915808
-0.0233609125536048
-0.027524667024509415
-0.020899568171516107
-0.021413425245256804
-0.02657755982812661
-0.024619264480660256
-0.022221889533424716
-0.025683646412935895
-0.020957165321342067
-0.02244526845599311
-0.016401972513417
-0.027247581247483867
-0.022187663967737168
-0.025344880931426655
-0.02292479881788285
-0.02157940157758998
-0.02457831358504932
-0.01563314924097389
-0.022557204568355856
-0.021108098930998385
-0.028158361959471054
-0.022712836006164437
-0.02629199440465082
-0.02124231727726893
-0.023256176294565584
-0.023046696351777602
-0.023077999903610796
-0.02562481863296926
-0.020534798060168582
-0.02370239657107085
-0.02487260132231553
-0.020946551397101568
-0.019411933723665887
-0.023721541766319864
-0.02682841433974112
-0.021932066690642182
-0.01631205134336779
-0.01831003159925779
-0.018992261614036787
-0.023002162462366808
-0.023672282316382826
-0.018324300569851605
-0.019423163752020713
-0.028301623096238494
-0.023379674266171924
-0.023462562389105
-0.019433796738565674
-0.02431967923358126
-0.023425204308587536
-0.01910132319844681
-0.021684451348449957
-0.02386251862340129
-0.022078765703047273
-0.024029208023947403
-0.018501707502780462
-0.025114140005155074
-0.020641399533858837
-0.01625875467478513
-0.01754555564699773
-0.020576795184235882
-0.014862896682749559
-0.013990368337363416
-0.01722088925015438
-0.011845211967985826
-0.007812811748774183
-0.009005243352350494
-0.008230598775261725
-0.0030517118895842113
0.0015579398026201764
0.00013657830059707964
-0.003924735593210548
-0.0044214046401585124
-0.00613774206363803
-0.007230319325533813
-0.008728108686892683
-0.014655909775906154
-0.01362176694771982
-0.009787069541095485
-0.004688652541241713
3.564797938159909e-05
-0.00655323838678165
-0.009719045081854664
-0.013414870622985934
-0.017299122730543768
-0.01568482994219474
-0.020739369492015013
-0.01871992359100183
-0.02523431652080272
-0.023734440524764477
-0.021884149658550543
-0.022558826470669757
-0.02761398599825129
-0.023474808814168815
-0.027017122122242804
-0.027052669075895187
-0.024509160595615666
-0.028362406746203963
-0.02577194470176049
-0.02622067939009969
-0.02440785706350811
-0.028845235786286963
-0.02273669279390106
-0.026727241438799905
-0.022584411427212795
-0.025761130432849163
-0.02365979625280513
-0.022883405440441623
-0.02185371479306647
-0.01727757745246795
-0.0059209479485897295
0.009162106706716834
0.009690578419634844
0.01184662437717293
0.009176401942234562
0.009922221694664451
0.00812177961285981
0.009144131166109045
0.006910756908913393
-0.00695432894356091
-0.01320779874697455
-0.01410269262850163
-0.0129490343886642
-0.011821800108119907
-0.016348966828396785
-0.012128072176750835
-0.01668059017468407
-0.01452639646105532
-0.011178490873085705
-0.013361801754367368
-0.01267140114613739
-0.006945938506620652
-0.006740490244195347
-0.0011121041990102582
0.0021839127138950144
0.005306747469526047
0.018617530372254047
0.023455411796207776
0.023039914275497345
0.02138886453840916
0.026216740125660075
0.02682213076466661
0.02695601048388726
0.02472680379111832
0.026200534172367246
0.02739746496026662
0.026250824572474064
0.029534579345342534
0.030091784716140553
0.02979209280614306
0.03018940357412479
0.02272430361978445
0.023904846633812746
-1.0
0.029620408000344847
0.023700127724145984
0.024272415300635126
-1.0
-1.0
-1.0
0.021516033967471277
0.02279159899675012
0.017939349194317424
0.02363618376119385
0.021504063910806
0.023113699054376182
0.026473406049478888
0.026437932940236216
0.02947059830206783
0.027035079357954506
0.027649891544989386
0.024361467991684104
0.027651674085420092
0.027467173588339795
0.027882117862446553
0.025832345998828287
0.024679030281489704
0.02674232242807358
0.023223528094693215
0.026232423679863393
0.02767057326359046
0.028827270423926226
0.02851116930828594
0.028995715042889145
0.026840337235555494
0.025186731322145533
0.026017154168439114
0.027423725105489977
0.028558545080588
0.028606329192811718
0.02779963314882098
0.028645526642017118
0.030325000255152845
0.02790203073080346
0.029173054751556855
0.028768324733790672
0.030829013278504902
0.024912383174396056
-1.0
0.027911456229900204
-1.0
-1.0
0.03372060911816164
0.02670015844608766
0.024827760858353795
0.020722259498339026
0.021548958736392176
0.022407133124743846
0.020813720783131904
0.01851023627476909
0.018561116196209895
0.021005377049983925
0.019538157360021232
0.021922531497933367
0.019891319890055718
-1.0
0.024697818554117974
0.027473456116239817
0.030444126513383858
0.03168386877396317
0.03015993758800148
0.017713359659836204
0.022259225459230033
0.022983853025743062
0.024688024031858036
0.01839398827458782
0.02333672727436503
0.022070223212732252
0.027397593573867406
0.03000358686586208
0.028111861378505694
0.030220766636953205
0.027083530751097963
0.020860281522170517
0.021563724800542902
0.027851474702978777
0.028569731593963952
0.026738638407049594
0.027169625533564643
0.02342671928644401
-1.0
0.02586413716039375
-1.0
0.02705476580886794
-1.0
-1.0
0.033674582075495556
0.030669725695080845
0.028339917691205415
-1.0
0.027974476022119842
0.024901138258134673
-1.0
0.031666063123758685
0.026088664864024683
0.02597553864332037
0.027390929163309884
0.02755047509721761
0.024892928257374342
0.026891130638677388
0.02910483362618426
0.03197463979765323
0.027914899252241516
0.02956503953584849
0.03009662771581977
0.024322752462873642
0.028835810896709006
0.028631288594724573
0.026001322669878302
0.026838572247604463
0.025852618493036893
0.02635123247344876
0.02759686941888541
0.022709568937502887
0.027064782054890026
0.025037815217875722
0.024672419154090013
0.025482169515623435
0.0250918384297447
0.02548119051492346
0.026207158931501807
0.02646560803483377
0.027455319368388468
0.028069517609481433
0.022125380211034575
0.023723243306976456
0.022809833295869098
0.02766400781085298
0.020633340493084115
0.024656954745732443
0.022365594610753676
0.02267822372068078
0.0223820058305311
0.02313969491414123
0.01997695922043595
0.022118517958339468
0.02278320489662985
0.028207694179039136
0.023217982277319898
0.0239222798758139
0.022999666531308915
0.022238650190629653
0.024346803032363855
0.024202054303168682
0.02262707559370098
0.022582789273556676
0.022347485438447057
0.01876922068798499
0.022409181707728473
0.02029018681697422
0.01805505892685771
0.020840234720616
0.02609592276203391
0.0298818108629219
0.025862057389067335
0.023278194717605248
0.025746205289202028
0.020146214762850844
0.02065794454946494
0.025917227500227742
0.01654190962564706
0.012531986795288967
0.01596576036065938
0.01163025954413056
0.011781292495091758
0.013232709800637918
0.01633592789604355
0.021449303048314064
0.013987141538662632
0.015347602571047989
0.01660662829545504
0.01464046792455642
0.022412036504377595
0.025837217798603162
0.024399560167030064
0.02699738570481927
0.02691652138790944
-1.0
-1.0
0.021463146555184217
0.013689941436077008
0.016112208903049978
0.012071651818534078
0.010015068761526373
0.011057595429958354
0.011127421598794542
0.00840206033374899
0.01044867703007603
0.011058982429642154
0.010159864107027393
0.015131038303381228
0.01287894533641542
0.01362734736985054
0.007654017811264049
0.008639709666075671
0.005082081032180772
-0.00022432756966974692
0.006772599246645467
-1.0
-1.0
-1.0
0.007374123058481903
0.008066098773284899
0.012204547506398935
0.0057870559479236755
0.002230404372016599
0.0014466102734638098
-1.0
-1.0
-1.0
-1.0
-1.0
-1.0
-1.0
-1.0
-1.0
-1.0
-1.0
-1.0
-1.0
-1.0
-1.0
-1.0
-1.0
-1.0
-1.0
-1.0
-1.0
-1.0
-1.0
-1.0
-1.0
-1.0
-1.0
-1.0
-1.0
-1.0
-1.0
-1.0
-1.0
-1.0
-1.0
-1.0
-1.0
-1.0
-1.0
-1.0
-1.0
-1.0
-1.0
-1.0
-1.0
-1.0
-1.0
-1.0
-1.0
-1.0
-1.0
-1.0
-1.0
-1.0
-1.0
-1.0
-1.0
-1.0
-1.0
-1.0
-1.0
-1.0
-1.0
-1.0
-1.0
-1.0
-1.0
-1.0
-1.0
-1.0
-1.0
-1.0
-1.0
-1.0
-1.0
-1.0
-1.0
-1.0
-1.0
-1.0
-1.0
-1.0
-1.0
-1.0
-1.0
-1.0
-1.0
-1.0
-1.0
-1.0
-1.0
-1.0
-1.0
-1.0
-1.0
-1.0
-1.0
-1.0
-1.0
-1.0
-1.0
-1.0
-1.0
-1.0
-1.0
-1.0
-1.0
-1.0
-1.0
-1.0
-1.0
-1.0
-1.0
-1.0
-1.0
-1.0
-1.0
-1.0
-1.0
-1.0
-1.0
-1.0
-1.0
-1.0
-1.0
-1.0
-1.0
-1.0
-1.0
-1.0
-1.0
-1.0
-1.0
-1.0
-1.0
-1.0
-1.0
-1.0
-1.0
-1.0
-1.0
-1.0
-1.0
-1.0
-1.0
-1.0
-1.0
-1.0
-1.0
-1.0
-1.0
-1.0
-1.0
-1.0
-1.0
-1.0
-1.0
-1.0
-1.0
-1.0
-1.0
-1.0
-1.0
-1.0
-1.0
-1.0
-1.0
-1.0
-1.0
-1.0
-1.0
-1.0
-1.0
-1.0
-1.0
-1.0
-1.0
-1.0
-1.0
-1.0
-1.0
-1.0
-1.0
-1.0
-1.0
-1.0
-1.0
-1.0
-1.0
-1.0
-1.0
-1.0
-1.0
-1.0
-1.0
-1.0
-1.0
-1.0
-1.0
-1.0
-1.0
-1.0
-1.0
-1.0
-1.0
-1.0
-1.0
-1.0
-1.0
-1.0
-1.0
-1.0
-1.0
-1.0
-1.0
-1.0
-1.0
-1.0
-1.0
-1.0
-1.0
-1.0
-1.0
-1.0
-1.0
-1.0
-1.0
-1.0
-1.0
-1.0
-1.0
-1.0
-1.0
-1.0
-1.0
-1.0
-1.0
-1.0
-1.0
-1.0
-1.0
-1.0
-1.0
-1.0
-1.0
-1.0
-1.0
-1.0
-1.0
-1.0
-1.0
-1.0
-1.0
-1.0
-1.0
-1.0
-1.0
-1.0
-1.0
-1.0
-1.0
-1.0
-1.0
-1.0
-1.0
-1.0
-1.0
-1.0
-1.0
-1.0
-1.0
-1.0
-1.0
-1.0
-1.0
-1.0
-1.0
-1.0
-1.0
-1.0
-1.0
-1.0
-1.0
-1.0
-1.0
-1.0
-1.0
-1.0
-1.0
-1.0
-1.0
-1.0
-1.0
-1.0
-1.0
-1.0
-1.0
-1.0
-1.0
-1.0
-1.0
-1.0
-1.0
-1.0
-1.0
-1.0
-1.0
-1.0
-1.0
-1.0
-1.0
-1.0
-1.0
-1.0
-1.0
-1.0
-1.0
-1.0
-1.0
-1.0
-1.0
-1.0
-1.0
-1.0
-1.0
-1.0
-1.0
-1.0
-1.0
-1.0
-1.0
-1.0
-1.0
-1.0
-1.0
-1.0
-1.0
-1.0
-1.0
-1.0
-1.0
-1.0
-1.0
-1.0
-1.0
-1.0
-1.0
-1.0
-1.0
-1.0
-1.0
-1.0
-1.0
-1.0
-1.0
-1.0
-1.0
-1.0
-1.0
-1.0
-1.0
-1.0
-1.0
-1.0
-1.0
-1.0
-1.0
-1.0
-1.0
-1.0
-1.0
-1.0
-1.0
-1.0
-1.0
-1.0
-1.0
-1.0
-1.0
-1.0
-1.0
-1.0
-1.0
-1.0
-1.0
-1.0
-1.0
-1.0
-1.0
-1.0
-1.0
-1.0
-1.0
-1.0
-1.0
-1.0
-1.0
-1.0
-1.0
-1.0
-1.0
-1.0
-1.0
-1.0
-1.0
-1.0
-1.0
-1.0
-1.0
-1.0
-1.0
-1.0
-1.0
-1.0
-1.0
-1.0
-1.0
-1.0
-1.0
-1.0
-1.0
-1.0
-1.0
-1.0
-1.0
-1.0
-1.0
-1.0
-1.0
-1.0
-1.0
-1.0
-1.0
-1.0
-1.0
-1.0
-1.0
-1.0
-1.0
-1.0
-1.0
-1.0
-1.0
-1.0
-1.0
-1.0
-1.0
-1.0
-1.0
-1.0
-1.0
-1.0
-1.0
-1.0
-1.0
-1.0
-1.0
-1.0
-1.0
-1.0
-1.0
-1.0
-1.0
-1.0
-1.0
-1.0
-1.0
-1.0
-1.0
-1.0
-1.0
-1.0
-1.0
-1.0
-1.0
-1.0
-1.0
-1.0
-1.0
-1.0
-1.0
-1.0
-1.0
-1.0
-1.0
-1.0
-1.0
-1.0
-1.0
-1.0
-1.0
-1.0
-1.0
-1.0
-1.0
-1.0
-1.0
-1.0
-1.0
-1.0
-1.0
-1.0
-1.0
-1.0
-1.0
-1.0
-1.0
-1.0
-1.0
-1.0
-1.0
-1.0
-1.0
-1.0
-1.0
-1.0
-1.0
-1.0
-1.0
-1.0
-1.0
-1.0
-1.0
-1.0
-1.0
-1.0
-1.0
-1.0
-1.0
-1.0
-1.0
-1.0
-1.0
-1.0
-1.0
-1.0
-1.0
-1.0
-1.0
-1.0
-1.0
-1.0
-1.0
-1.0
-1.0
-1.0
-1.0
-1.0
-1.0
-1.0
-1.0
-1.0
-1.0
-1.0
-1.0
-1.0
-1.0
-1.0
-1.0
-1.0
-1.0
-1.0
-1.0
-1.0
-1.0
-1.0
-1.0
-1.0
-1.0
-1.0
-1.0
-1.0
-1.0
-1.0
-1.0
-1.0
-1.0
-1.0
-1.0
-1.0
-1.0
-1.0
-1.0
-1.0
-1.0
-1.0
-1.0
-1.0
-1.0
-1.0
-1.0
-1.0
-1.0
-1.0
-1.0
-1.0
-1.0
-1.0
-1.0
-1.0
-1.0
-1.0
-1.0
-1.0
-1.0
-1.0
-1.0
-1.0
-1.0
-1.0
-1.0
-1.0
-1.0
-1.0
-1.0
-1.0
-1.0
-1.0
-1.0
-1.0
-1.0
-1.0
-1.0
-1.0
-1.0
-1.0
-1.0
-1.0
-1.0
-1.0
-1.0
-1.0
-1.0
-1.0
-1.0
-1.0
-1.0
-1.0
-1.0
-1.0
-1.0
-1.0
-1.0
-1.0
-1.0
-1.0
-1.0
-1.0
-1.0
-1.0
-1.0
-1.0
-1.0
-1.0
-1.0
-1.0
-1.0
-1.0
-1.0
-1.0
-1.0
-1.0
-1.0
-1.0
-1.0
-1.0
-1.0
-1.0
-1.0
-1.0
-1.0
-1.0
-1.0
-1.0
-1.0
-1.0
-1.0
-1.0
-1.0
-1.0
-1.0
-1.0
-1.0
-1.0
-1.0
-1.0
-1.0
-1.0
-1.0
-1.0
-1.0
-1.0
-1.0
-1.0
-1.0
-1.0
-1.0
-1.0
-1.0
-1.0
-1.0
-1.0
-1.0
-1.0
-1.0
-1.0
-1.0
-1.0
-1.0
-1.0
-1.0
-1.0
-1.0
-1.0
-1.0
-1.0
-1.0
-1.0
-1.0
-1.0
-1.0
-1.0
-1.0
-1.0
-1.0
-1.0
-1.0
-1.0
-1.0
-1.0
-1.0
-1.0
-1.0
-1.0
-1.0
-1.0
-1.0
-1.0
-1.0
-1.0
-1.0
-1.0
-1.0
-1.0
-1.0
-1.0
-1.0
-1.0
-1.0
-1.0
-1.0
-1.0
-1.0
-1.0
-1.0
-1.0
-1.0
-1.0
-1.0
-1.0
-1.0
-1.0
-1.0
-1.0
-1.0
-1.0
-1.0
-1.0
-1.0
-1.0
-1.0
-1.0
-1.0
-1.0
-1.0
-1.0
-1.0
-1.0
-1.0
-1.0
-1.0
-1.0
-1.0
-1.0
-1.0
-1.0
-1.0
-1.0
-1.0
-1.0
-1.0
-1.0
-1.0
-1.0
-1.0
-1.0
-1.0
-1.0
-1.0
-1.0
-1.0
-1.0
-1.0
-1.0
-1.0
-1.0
-1.0
-1.0
-1.0
-1.0
-1.0
-1.0
-1.0
-1.0
-1.0
-1.0
-1.0
-1.0
-1.0
-1.0
-1.0
-1.0
-1.0
-1.0
-1.0
-1.0
-1.0
-1.0
-1.0
-1.0
-1.0
-1.0
-1.0
-1.0
-1.0
-1.0
-1.0
-1.0
-1.0
-1.0
-1.0
-1.0
-1.0
-1.0
-1.0
-1.0
-1.0
-1.0
-1.0
-1.0
-1.0
-1.0
-1.0
-1.0
-1.0
-1.0
-1.0
-1.0
-1.0
-1.0
-1.0
-1.0
-1.0
-1.0
-1.0
-1.0
-1.0
-1.0
-1.0
-1.0
-1.0
-1.0
-1.0
-1.0
-1.0
-1.0
-1.0
-1.0
-1.0
-1.0
-1.0
-1.0
-1.0
-1.0
-1.0
-1.0
-1.0
-1.0
-1.0
-1.0
-1.0
-1.0
-1.0
-1.0
-1.0
-1.0
-1.0
-1.0
-1.0
-1.0
-1.0
-1.0
-1.0
-1.0
-1.0
-1.0
-1.0
-1.0
-1.0
-1.0
-1.0
-1.0
-1.0
-1.0
-1.0
-1.0
-1.0
-1.0
-1.0
-1.0
-1.0
-1.0
-1.0
-1.0
-1.0
-1.0
-1.0
-1.0
-1.0
-1.0
-1.0
-1.0
-1.0
-1.0
-1.0
-1.0
-1.0
-1.0
-1.0
-1.0
-1.0
-1.0
-1.0
-1.0
-1.0
-1.0
-1.0
-1.0
-1.0
-1.0
-1.0
-1.0
-1.0
-1.0
-1.0
-1.0
-1.0
-1.0
-1.0
-1.0
-1.0
-1.0
-1.0
-1.0
-1.0
-1.0
-1.0
-1.0
-1.0
-1.0
-1.0
-1.0
-1.0
-1.0
-1.0
-1.0
-1.0
-1.0
-1.0
-1.0
-1.0
-1.0
-1.0
-1.0
-1.0
-1.0
-1.0
-1.0
-1.0
-1.0
-1.0
-1.0
-1.0
-1.0
-1.0
-1.0
-1.0
-1.0
-1.0
-1.0
-1.0
-1.0
-1.0
-1.0
-1.0
-1.0
-1.0
-1.0
-1.0
-1.0
-1.0
-1.0
-1.0
-1.0
-1.0
-1.0
-1.0
-1.0
-1.0
-1.0
-1.0
-1.0
-1.0
-1.0
-1.0
-1.0
-1.0
-1.0
-1.0
-1.0
-1.0
-1.0
-1.0
-1.0
-1.0
-1.0
-1.0
-1.0
-1.0
-1.0
-1.0
-1.0
-1.0
-1.0
-1.0
-1.0
-1.0
-1.0
-1.0
-1.0
-1.0
-1.0
-1.0
-1.0
-1.0
-1.0
-1.0
-1.0
-1.0
-1.0
-1.0
-1.0
-1.0
-1.0
-1.0
-1.0
-1.0
-1.0
-1.0
-1.0
-1.0
-1.0
-1.0
-1.0
-1.0
-1.0
-1.0
-1.0
-1.0
-1.0
-1.0
-1.0
-1.0
-1.0
-1.0
-1.0
-1.0
-1.0
-1.0
-1.0
-1.0
-1.0
-1.0
-1.0
-1.0
-1.0
-1.0
-1.0
-1.0
-1.0
-1.0
-1.0
-1.0
-1.0
-1.0
-1.0
-1.0
-1.0
-1.0
-1.0
-1.0
-1.0
-1.0
-1.0
-1.0
-1.0
-1.0
-1.0
-1.0
-1.0
-1.0
-1.0
-1.0
-1.0
-1.0
-1.0
-1.0
-1.0
-1.0
-1.0
-1.0
-1.0
-1.0
-1.0
-1.0
-1.0
-1.0
-1.0
-1.0
-1.0
-1.0
-1.0
-1.0
-1.0
-1.0
-1.0
-1.0
-1.0
-1.0
-1.0
-1.0
-1.0
-1.0
-1.0
-1.0
-1.0
-1.0
-1.0
-1.0
-1.0
-1.0
-1.0
-1.0
-1.0
-1.0
-1.0
-1.0
-1.0
-1.0
-1.0
-1.0
-1.0
-1.0
-1.0
-1.0
-1.0
-1.0
-1.0
-1.0
-1.0
-1.0
-1.0
-1.0
-1.0
-1.0
-0.003294823044244911
-1.0
-1.0
-1.0
-1.0
-1.0
-1.0
-1.0
-1.0
-1.0
-1.0
-1.0
-1.0
-1.0
-1.0
-1.0
-1.0
-1.0
-1.0
-1.0
-1.0
-1.0
-1.0
-1.0
-1.0
-1.0
-1.0
-1.0
-1.0
-1.0
-1.0
-1.0
-1.0
-1.0
-1.0
-1.0
-1.0
-1.0
-1.0
-1.0
-1.0
-1.0
-1.0
-1.0
-1.0
-1.0
-1.0
-1.0
-1.0
-1.0
-1.0
-1.0
-1.0
-1.0
-1.0
-1.0
-1.0
-1.0
-1.0
-1.0
-1.0
-1.0
-1.0
-1.0
-1.0
-1.0
-1.0
-1.0
-1.0
-1.0
-1.0
-1.0
-1.0
-1.0
-1.0
-1.0
-1.0
-1.0
-1.0
-1.0
-1.0
-1.0
-1.0
-1.0
-1.0
-1.0
-1.0
-1.0
-1.0
-1.0
-1.0
-1.0
-1.0
-1.0
-1.0
-1.0
-1.0
-1.0
-1.0
-1.0
-1.0
-1.0
-1.0
-1.0
-1.0
-0.013307578035812897
-0.01096578927380735
-0.013729156679294235
-0.009765623197298807
-0.011746970742762621
-0.013244045340996055
-0.006688484559267138
-0.010446672644422703
-0.01174306371507803
-0.008061589376637951
-0.009586012725524189
-0.010115716314980533
-0.009018146546329093
-0.010120274551406093
-0.004760510513616364
-0.006552614672600962
-0.008165012079281263
-0.013256231464459305
-0.01028603986840561
-0.011824124470501974
-0.008501969032375111
-0.011918846434721594
-0.009254187711256665
-0.00899932212064985
0.002585899178906163
0.013842595119101948
0.014860882203847606
0.01920586385872042
0.02365472797838614
0.0230025299253563
0.02143237954054969
0.01855374834521713
0.014145553144437547
0.009463020445524275
0.006339866257644409
-0.0020938541456968856
0.0036763613115231284
0.005081661663841851
0.005543792520328617
0.0038262901991667005
0.0011717767299035244
0.00011328762047471912
0.007659121146605726
0.003444192066017457
0.0033271933256058817
0.002427877656275374
0.009275999688430816
0.005278375698661453
-0.0008910649892555488
-0.00144746075861911
0.0026989883162343207
0.0005562165214180342
0.0012254823680221635
0.007236063702839473
0.006115750590864511
0.005331605192973702
0.002660140477535602
0.004215669714607329
0.006853622960079222
0.010097191994435265
0.007778761706579009
0.008714046720823715
0.005230099599390237
0.0009003148035467632
-0.00038623514470891555
0.0024949877634627008
-0.0034143324461003628
-0.0012678293618300172
0.0011879388836816196
0.000742696810725958
-0.0033831291048064247
-0.004860573739172321
-0.000534640887764258
0.0061662103892039495
0.010920618189461447
0.010807962614187353
0.010347506804010337
0.009073158953396266
0.010010676272220869
0.013028480271551965
0.0224207173565664
0.01721687916717164
0.018071714709918994
-1.0
0.00936731218666052
-1.0
0.012174722760899405
0.0071447744029554585
-0.004865288080633027
-0.008757894537228103
-0.011230121504600293
-0.005841506575884821
-1.0
-0.012523500771832466
-0.013352802330779318
-0.010703385790084962
-0.010069891966839344
-0.010334482951502083
-0.011361580271432753
-0.0019425394207848844
-0.0018833016607321315
-0.011054134736129956
-0.011931356533163505
-0.011691694639158543
-0.010990099007785184
-0.014788153635007665
-0.013000595313612815
-0.018764574337303174
-0.010598036815166996
-0.007291606925237048
-0.010031053531362374
-0.011534461473131996
-0.01755257709716142
-0.012364735564029788
-0.012118862123513723
-0.01480498030361587
-0.015019714110569562
-0.012475708702305023
-0.017157236540427223
-0.018880568724963805
-0.015390804228489824
-0.012295756313850922
-0.015192372692077679
-0.013863878647310436
-0.013178255831773976
-0.015502053982895893
-0.014717131614277656
-0.0065740795621673865
-0.005824104357874276
0.0002757866084817043
0.0006019924740469572
0.0009481482611134629
0.00013961133545742298
0.007072251942142049
-0.0012439323784733537
-0.007471591956154314
-0.005206778378622745
-0.008284164991309354
-0.0034560919735740566
0.0020767610235451223
0.0038509972446441193
-0.008281382988917466
-0.008035027463734246
-0.010799501510740172
-0.006858443845036565
-0.012413933990859926
-0.014445125968583728
-0.01944412350491948
-0.01810329632783786
-0.01676570948303838
-0.020163037186748837
-0.017756696295706163
-0.011084126785477797
-0.013301868029203474
-0.0074224795351146965
0.002025097877894078
-0.0008770216244378771
0.0069256973426275285
0.0075404198000825155
0.003128001861320159
0.003916064973564295
0.010859211694770037
0.01287048683257091
0.008028176323250346
0.01128929650302252
0.010753584248414643
0.01082790854367809
0.0011135736637944778
-0.009759059511710104
-0.01030317791732338
-0.013908528255982747
-0.013609711924725211
-0.01335163967768475
-0.011858827511031877
-0.012185375588363141
-0.01356078332703978
-0.004224075281126274
-0.004645105255639741
-0.003127971586228805
0.0003745509460187351
0.010677885211006745
0.0075665867258704585
0.007170107587002298
0.013630489722795939
0.004309026880882094
0.0004328885409711816
0.00418447732160988
0.006901531381674753
0.012364353124670449
0.01651811136551272
0.010956965755616846
-0.004108797445145944
-0.017171603421538447
-0.018431559588892837
-0.015406471547486509
-0.020681340984140185
-0.016356300911504112
-0.017896645792311722
-0.02052150171466252
-0.025811178344238694
-0.020209415606158743
-0.02104310653014117
-0.026348146008310754
-0.026951869266054643
-0.02455074141088715
-0.02336446746794123
-0.026392444835235642
-0.02246843153335677
-0.025585608283301052
-0.025315787385258134
-0.02487782273468494
-0.026066277777952583
-0.03039083614471086
-0.027266364329316683
-0.03140644571626653
-0.028904190050493415
-0.03440676696233443
-0.025376473051729024
-0.031892003256609014
-0.027452506380970066
-0.030069737625030003
-0.03258666245317678
-0.03073723879175977
-0.028277846343604335
-0.033580637365536986
-0.0325098545305729
-0.03378038942076666
-0.03075802411775703
-0.03265341071714017
-0.03317077315553138
-0.029047271422236783
-0.03542434103097086
-0.03147851695879564
-0.030241216214467195
-0.0336761799779463
-0.03403032342432426
-0.03442772319314226
-0.02800510119137283
-0.03198571855259366
-0.027419371464514692
-0.0261778258252543
-0.028109726907060924
-0.028495466568365015
-0.023106796905548233
-0.02402130301433821
-0.02650027977845211
-0.023899200505184442
-0.02280962479230171
-0.020640393575287203
-0.019980955233288404
-0.025376052638811805
-0.022673019458897603
-0.021060823277985016
-0.015686905457591684
-0.012414385327697635
-0.015563151434810523
-0.015429567280606203
-0.01856107955482595
-0.011736848968801693
-0.01177692520609733
-0.013006129156094627
-0.006440145555269928
-0.006189075398436288
-0.0058539828910019395
-0.0027834747210466987
-0.006823961626954012
-0.005002286754961088
0.011909548380712101
0.007246709116171261
0.006770308148069491
0.005323492448943914
-0.007869955234095055
-0.014151048385709531
-0.013386801785668055
-0.01842438708832967
-0.023537824557651833
-0.02398559325717306
-0.019811712937612448
-0.02344513981595954
-0.025203792376446675
-0.026808411787241585
-0.0292178420193642
-0.02439832728479835
-0.03169112901168371
-0.02587285447592036
-0.029226821850246387
-0.027075389109822108
-0.028054709787838035
-0.02528633822536867
-0.025973272334841924
-0.025101056912518852
-0.02223651978147564
-0.026531663978380755
-0.02441025473122619
-0.018867970582678938
-0.018857755126080646
-0.022502601730522532
-0.016589493317595363
-0.010131092308805822
-0.0080873193573239
-0.00905304953895543
-0.014842983901546918
-0.012356128474519845
-0.014043151322215593
-0.01212792274718081
-0.012093109041515887
-0.012041050313478113
-0.011451278241974694
-0.008494926489451476
-0.01622633916671372
-0.014505895351214089
-0.008523718856744193
-0.010288197353940638
-0.009686576274345896
-0.009854036745203777
-0.011910372387742892
-0.004985148774628801
-0.006053180487117873
0.0026741533150938207
0.009206203915800147
0.0037714958676825063
0.009011295573436714
0.006363225437276493
0.004308520150831846
-0.00043562299764687113
0.00044215651108127016
-0.0006260356269572766
0.00150222383809197
-0.0012907192478127465
0.005867422674882263
0.008622187962070756
-1.0
-0.003309130604154451
-0.004381314155610722
-0.008301382160630297
-0.008710417216704716
-0.000562196154482432
-0.004543379218289815
-0.010544211747405814
-0.011100716807295394
-0.010537927828963576
-0.011389810278738605
-0.008208550811809004
-0.006653401878524881
-0.0009742687013701507
-0.010071802489535299
-0.008463088277947018
-0.010596709881302456
-0.009990543931295021
-0.00033807044889413404
0.00788363231590942
0.012563772950324778
0.009648974177227335
0.008185218486998996
0.010666314552983495
0.010902803161541175
0.013186086615567187
0.01009016746987074
0.012588154579055693
0.017522546392049358
0.020479013718643798
0.01891236293994453
0.017879258025312213
0.01667426088058796
0.01668038217547557
0.011429878387585312
0.016152563206889407
0.015543866582588668
0.012390799015727573
0.013984817070533968
0.017598706931114233
0.018862202341178316
0.019760679203947442
0.02052388228946014
0.022308874457085976
0.026078494205196232
0.022713569201038522
0.029787315794845778
0.020909759736022288
0.026958359161480365
0.022348036272666006
0.027756124583168777
0.023603472874643244
0.0270291061608919
0.023129471302213947
0.016696748873668746
0.007481898618194385
0.007521738781274752
0.013909501487032636
0.01331152460280577
0.0070028710023984
0.013497672815982527
0.015406552230296851
0.011069167203475432
0.008558055441304474
0.007900976329098933
0.0022968744611369754
-0.005257160362791106
-0.0099496425253632
-0.015474220074371239
-0.015525540774329556
-0.01794969291231479
-0.023801201710053854
-0.020354542056074072
-0.022363189214322586
-0.019482923409841747
-0.020356414637198512
-0.014091971082671581
-0.018040808905717243
-0.021594328377967455
-0.02295264270807896
-0.021272468185329723
-0.0156339585334461
-0.017781686570606615
-0.012402770559167916
-0.008351688199756638
-0.007063391015681728
-0.00842040585162934
0.0009268170948650082
-0.007481223744143355
-0.004015710062156279
-0.005953923115088333
-0.0035680031012976206
-0.0003951613249253963
0.0017500131147315163
-0.005455102877203693
-0.009235014045145182
-0.012657898654642178
-0.013483596315493425
-0.015920468771503694
-0.01399843119122549
-0.020300098639157
-0.01757888099792433
-0.01875107169004106
-0.022183308003767437
-0.0205572508095646
-0.0209347866182305
-0.017994240482253062
-0.02510645121998075
-0.022586672017312372
-0.022919319821335608
-0.019861606014465173
-0.01742576510599625
-0.015297273268007285
-0.014253572527852585
-0.009952716268594133
-0.00036498100079458316
0.0008708660964201792
0.0036794842678780676
-0.0041649803474569915
-0.0007309246591609236
-0.006177719291436988
-0.009046240718704834
-0.009902667723990186
-0.009775504370221066
-0.005229913293016358
-0.009249050504729378
-0.015972836983676904
-0.014761950967741463
-0.01682785305224891
-0.01516508602110733
-0.00983651127930544
-0.020232657296377122
-0.01827033810247832
-0.014985639067838785
-0.013897398998448834
-0.01579079637383855
-0.016276390549588446
-0.01709391692524657
-0.012576260744823724
-0.012146620114898811
-0.019567342825576598
-0.02344780207271535
-0.02455241219466939
-0.024501886222308786
-0.02363943124130928
-0.023582407401490153
-0.02536974826010689
-0.02053041775934932
-0.025666191593146037
-0.029111662237369666
-0.023126221199311653
-0.02378764480909227
-0.027476502627500766
-0.02231790817201057
-0.023188584451894353
-0.02474756449538173
-0.021960677496777613
-0.022802699489961255
-0.017199088053629265
-0.018635723863690903
-0.02497578466243426
-0.023241539723274
-0.020791980311054805
-0.022018844226714993
-0.020322316596914164
-0.0188511953580611
-0.025418153732657295
-0.022449141427748537
-0.018320132874991155
-0.020265532453390217
-0.0184220851748779
-0.015305915588436785
-0.012068622652819268
-0.007134527956531671
-0.012392276739409794
-0.01474088883782822
-0.01556349768984182
-0.016416886655240194
-0.01638789250309294
-0.018407971833725466
-0.01778621386981255
-0.015969349169503762
-0.016331242332962223
-0.016450187265904675
-0.012085783529373713
-0.01148613259169779
-0.0062450200597858755
-0.001998113628812103
0.003838146802531541
-0.00789895971569357
-0.011054350587229866
-0.010929432290277817
-0.0058688806642468
-0.0021414826270771867
0.002874263663317195
0.010765547822276317
0.015858229828156125
0.00881337185238019
0.01061819166273913
0.013480925685712025
0.003944729516602973
-0.0016398812193278262
0.000310184434305264
-0.00507617618389741
-0.0052164870367676225
0.0021947936666615
0.0037411438615813338
0.0024309489356202966
-0.0115708903701514
-1.0
-0.007806270165573732
-0.015667069988493616
-0.01122613386680767
-0.014608736902629952
-0.01418118481636195
-0.014609883196963078
-0.016684711741787216
-0.015993448673339638
-0.013022385976103449
-0.0185049759246819
-0.02136820546860569
-0.021493810689104307
-0.023122378285544472
-0.019052099572790974
-0.02321769498002662
-0.023615467929936556
-0.019985912050578696
-0.024175439834990355
-0.023377315535097493
-0.020854010175896682
-0.021602061054674267
-0.023570291587331836
-0.0248682356882075
-0.023027164490934716
-0.02402277659431724
-0.022847566414253114
-0.023599873089284285
-0.020925635210587552
-0.02357392142083347
-0.023160483383627545
-0.021224141680921807
-0.022209532786497527
-0.02053080543878491
-0.02439150220955997
-0.026064082146928125
-0.02112931764426686
-0.022061256365738264
-0.018912473156725895
-0.016244012816481083
-0.015472938913272827
-0.015426727256858458
-0.019912510364919696
-0.02109916288453223
-0.021223482385648546
-0.015057155277834185
-0.02048421792757308
-0.02234944011680783
-0.02020833853894351
-0.01685835437960958
-0.017098703055434167
-0.011559038340163747
-0.0009074963248950857
-0.0037616007137667097
0.003338383605536442
-0.0035052050715936086
-0.0035568231695725554
-0.008636895336613562
-0.013389882542615392
-0.0120625148263903
-0.013159262840481587
-0.011564203769882033
-0.011676414233237318
-0.007553100395043567
-0.0067410420411503445
-0.00735181974692583
-0.01070265873339439
-0.008545970925001178
0.0038160703674092653
0.004986214767376949
0.013380447087394208
0.011907405059034997
-0.0002266709336546541
-0.007315422660737282
-0.003746530827231985
-0.0036390785528367738
0.00258782330002239
-1.0
-1.0
0.00014364290299057915
0.0049034112217985985
0.004641030062114618
0.011826187971804243
0.0007439565386916289
-0.006686413161101928
-0.008607685386947828
-0.007259698203089757
-0.006223498677994337
-0.004564158653477877
0.0025613303537616494
-0.0020539497458194104
-0.007281477465670621
-0.011765180525645885
-0.0066849151540526
-0.006497894237162056
-0.009972387332973582
-0.0055218385003679
-0.010608355152198743
-0.007000974494037501
-0.007812854899339187
-0.017028634048549367
-0.018924558786376264
-0.019993454660300777
-0.01902789708008352
-0.016621563439399623
-0.01625444967453495
-0.017695542460889117
-0.01800887017007369
-0.01473091295121249
-0.014339862378489882
-0.011768492016792588
-0.010436620213476178
-0.01597107598731367
-0.015032017583333692
-0.012310314147169975
-0.009562034794490042
-0.00804483558836156
-0.00479260823578375
-0.0019057614209872916
-0.009399848537443868
-0.013976022573265641
-0.009364279076312841
-0.0104267031452668
-0.01446285314451788
-0.013808282258340451
-0.01743870577821465
-0.013207179976344631
-0.013298823034164227
-0.013048820705358162
-0.010005829690737617
-0.010540916177831424
-0.007412003801854172
-0.000807244495860352
-0.004104275466057351
-0.006779760721962959
-0.012529557293849894
-0.01295104342755179
-0.01267603846749212
-0.011792852483995689
-0.012040864447667754
-0.004617552044349616
-0.010726807272644499
-0.008487726489188397
-0.012026256661758774
-0.005769176091341355
-0.003699302189641355
-0.004541915596923493
-0.003409437399575095
-0.0020064279500947263
-0.00045819824816803885
-0.00234660706509307
-0.003346762341411794
-0.0010104083826663248
-0.00031853867080247226
-1.0
-1.0
-1.0
-0.003940469742274303
-0.004532744478062836
-0.007094136181395571
-0.0027300841899533896
0.00544764205080085
0.005693489463941852
0.0054067589729350695
0.011240652366825423
0.00675086784258
0.0038323700684961704
0.003676514989493501
-0.00770212132588302
-0.009936569042382727
-0.010992917731319198
-0.009368931949011436
-0.0112475254646883
-0.0038244941667408983
0.005006431020587943
0.0066147707806377765
0.00660654216862039
0.0016039619014971886
-0.007235957298580916
-0.012526700350169088
-0.008017581057115076
-0.013256655451497975
-0.013342577215469912
-0.018712369241544437
-0.018162919870265307
-0.020355114672039577
-0.021271598434660623
-0.020682598929173256
-0.023058560951223907
-0.021683515875152708
-0.02184649845787423
-0.022184302547486354
-0.019882594946438945
-0.024685431174777818
-0.0202599151997861
-0.021841029125177838
-0.0251008765634116
-0.02725017790677148
-0.02114869793286707
-0.021120042999088602
-0.01862521215175327
-0.009725540929251642
-0.017393660260599485
-0.01653957431535583
-0.023651478838436237
-0.01508797130015239
-0.02123985458326069
-0.0196943445434496
-0.01619354376454509
-0.009452626571745065
-0.01771811543052522
-0.015326201636004252
-0.021464695797296308
-0.0157159840129677
-0.009188138342185593
-0.011622466926375204
-0.008536354554300157
-0.009769049704510011
-0.002555329547186616
-0.009365615938824049
-0.006716401868785881
-0.008582398642827489
-0.004097292553518767
0.009728709852906145
0.01677069922764799
0.01432850023482577
0.012963526437280099
-1.0
-1.0
0.004441827099797498
-1.0
0.008900699535683065
0.004541199625992469
-0.0020274034921488105
-0.008943076819696699
-0.0001412957087245595
-0.0027190540854867473
-0.009333887867151683
-0.007854226623863002
-0.0071807031536180715
-1.0
-0.0045530216441958425
-0.0054126140411885825
-0.010212396175439127
-0.01239179143943995
-0.015321139566209292
-0.009884387707360944
-0.009632704914206099
-1.0
-0.013016558234860367
-0.007123029830450405
-0.0092017999118453
-0.015364343445584613
-0.010451973722281222
-0.010693277346944724
-0.012532904537608844
-0.009685292642768037
-0.006753599388954504
-0.004633468158380085
0.006601797878293628
9.990381024515516e-05
0.004203919611363419
0.01179983702541491
0.0014889650079058473
0.001793322980084799
-0.001896332080878724
-0.0026227926211889745
-0.0033993276897107266
-0.010586571014429332
-0.00828948624965852
-0.002139618290042338
-0.0013830624274138248
0.00382850595008467
0.012170388372504537
0.012148824579957468
0.008287932473736047
-1.0
0.0022619631627099662
-0.003202175039400356
-0.00420635269169784
-0.008188970495666257
-0.00023440516847289826
-1.0
0.004211362858936069
-0.002851879783455862
-0.00818453981035289
-0.0049449315478347555
-0.0061535553141787635
-0.0015523632432546555
0.0019841988544710867
0.00491052903354958
-0.003017119959881592
-0.008890500910443553
-0.008363684285677499
-0.0034859692932578817
0.0012972400960796818
0.009292505645192094
0.013723377715558593
0.00800252520287831
-1.0
0.009861683055690813
0.010130560948905997
0.008404567316140704
0.008457281967063577
0.00364460337707895
0.007835633145628981
0.0019040557209262824
-0.0015301792187708942
-0.004834061580581365
-0.0056727126322674605
-0.0032143691271601695
-0.006263826013103965
-0.005888871114478425
-1.0
-1.0
-1.0
-1.0
-0.00434794579164467
-0.0014402522828787809
-1.0
-1.0
-1.0
-1.0
-1.0
-1.0
-1.0
-0.004897582446692418
-0.00851447281591987
-0.006079453070596822
-0.006825668397638217
-0.010708336636120442
-0.0046397344967575305
-0.005992611844232612
-0.010832770123142526
-0.008670847593287297
-0.011653525163432312
-0.02050089279422164
-0.019783965334411933
-1.0
-0.02428504744818217
-0.023717686006355574
-0.025227496905194144
-0.025992732550003943
-0.027289699861865985
-0.02913196103930541
-0.02805421640735828
-0.02618624922547167
-0.02858736825164026
-0.029062304024805127
-0.02913919960391006
-0.02851662823294782
-0.02665731869848389
-0.02653106723837931
-0.028580653200775
-0.02495329180528478
-0.02183309185820999
-0.025627387058292508
-0.023114813285177303
-0.023462003813387533
-1.0
-0.020324968726827337
-0.012860460540492193
-0.017883662666387683
-0.014983812008595295
-0.012679709675519226
-0.00874828052848269
-0.009030554026777965
-1.0
-1.0
0.0006204878034159718
-0.0010555849646860186
0.011392761409122376
0.0009762543571546231
-1.0
0.005471253230691485
0.0006007917609333365
0.007787956229927939
0.003820696801722562
-0.004476485924914585
0.002132021189551257
0.004008429159402403
0.002334313091839658
0.0007099105222350307
0.0035653257609049335
0.010157814722701702
0.007192625952401211
0.00609017064707653
-0.007314100312394778
-0.00994925082414026
-0.013704249517087425
-0.01328501889617712
-0.014274072647384811
-0.013137416526918575
-0.01759256099970496
-0.012673599056662486
-0.01521420963241002
-0.008258364614029626
-0.010950151826902425
-0.0056398899927739155
-0.009939487283556883
-0.010171201639176732
-0.008259000478832662
-0.0116905876183314
-0.013326310982355458
-0.011746509251953223
-0.010973219074815735
-0.010688968465504056
-0.005306552124814225
-0.011425089099288176
-0.0078887670538711
-0.0017749402377399833
0.005803592555062717
0.0027288859492151725
0.005081610835060058
0.016997940967265843
0.01503313741533755
0.0175580744204579
0.012530836946512717
0.017175932579236903
0.023761415433906516
0.021596973812128554
0.025999080011766495
0.018885095906401195
0.013965261370102122
0.008790133128636322
0.011326214525582533
0.008163867923324712
0.012368970095654732
0.012482323798801466
0.00894122865729294
0.01433651050923901
0.0067980282772032285
0.008752562302322353
0.008548974487965334
0.021555444904881257
0.026164780487992985
0.025555326055251928
0.01367224157675566
-1.0
0.02345158229122438
0.018319775280317547
0.016945334146544748
0.007008161937218222
0.006643521477878198
0.008643975323263
0.004789082709250949
0.0034144769527638796
0.003658007470669452
0.006960730987603637
0.006798927527010123
0.007263689394662542
0.007172622677028308
0.011826163344866684
0.021763346914139805
0.01920534153143048
0.012196379378949143
0.00947852984993382
0.0056535720293921995
0.004281177535209228
0.007228727823345548
0.007078021975172234
0.005863554319296424
0.006858141290206134
0.001782793411742097
0.0017609917382060813
-0.0006663812355447909
0.005204170419497093
0.015354896962837256
0.02044268730752662
0.023510135480519903
0.017582110763544663
0.01883145257555896
0.01857337772505706
0.01417916413826033
0.010575566940526018
0.008648115345202108
0.011174548420701732
4.943743163599003e-05
-0.0015096591728950299
-0.0014523577467153213
-3.583526736523284e-05
0.0004828402835032861
0.0012442774920508022
-0.0005113504228898841
0.002775017548825495
0.004122303607632085
0.006461312760010768
0.010593118746821168
0.0035882511776798337
0.006190993317295575
0.008222289400890932
0.009804352782815853
0.014497543019079868
0.012237360323449813
0.01104428753840849
0.02076685279044409
0.011184844209030084
0.00727846618659508
0.003942134637756328
0.005957773172134874
0.009262272108329753
0.006718169157375333
-1.0
-1.0
-1.0
-1.0
-1.0
0.006638290811907639
0.005579848831343966
0.005245881845615511
-0.0002901268634307429
0.0027739781790317255
0.003661460909691819
0.007645393469072632
0.009132800865717518
0.01568984819287389
0.012740248038427576
0.012332016344136042
0.01880843324082694
0.01758160116010654
0.020886319343981143
0.02741601559256242
0.02213851039570471
0.024716134720185245
0.02744472254090939
0.021910702680820612
-1.0
0.027934059521315623
0.02148364808342132
0.022259391845377736
0.025131389293494916
0.025146789028877608
0.023306215917507228
0.01703327674678704
-1.0
0.013670184889751871
0.020904385375604722
0.011884095539229301
0.010741225310120877
0.006813622108635239
0.01103956888505034
0.01538266973339608
0.009300802112027702
0.0051339821688157
0.003410336703482939
0.007347133377548048
0.004895479148930251
0.005749105133242276
0.006720522486408829
0.01378181014126221
0.009902599741548113
0.007729943110029641
0.011673313472852923
0.008261371395929511
0.01257604905447677
0.00200682087499884
0.0019293481695687451
0.004845539843139379
0.0062132189648878644
0.006856019456645004
0.011995639168838133
0.017888331426660655
0.014216084774874417
0.019795868995943076
0.013205659031530991
0.014140073561167869
0.010568650251987085
0.009855003607844633
0.00960289942812524
0.008080042825906901
0.008794107120297979
0.00931530612294762
0.0036168328214862128
0.004652273314107027
-1.0
0.005414065446125238
0.004466748262285454
0.005994808961841609
0.005280012875696143
0.006993849745924872
0.003388522573261419
0.0030106955324767904
0.013510345636365571
0.013905788010218873
0.015482764699663955
0.017668718755777038
0.015350952564503697
0.012295372079546407
0.008485127399847983
0.006722261412560109
0.000262351967669679
0.0026475132664822375
0.0042796393267725856
0.0015457440889383443
0.005123170106746055
0.012331284781907162
0.006356780201784931
0.0013918103234176627
-0.007567203985537704
-0.0009912404820154326
0.0016561006573342413
0.0019207640974254682
0.0019989248331358234
0.006126974953623492
0.01841645081553299
0.013553133762281446
-1.0
-1.0
-1.0
-1.0
0.007353301617467246
0.005207642344995252
0.0006435236604033401
0.0012160263935684272
-0.0019124080742534228
-0.0016215613898283353
-0.000932628816371829
-1.0
0.003372323801716738
0.0044194930881402755
0.005406783022919749
0.005873096362648205
0.003163960166185057
0.007815624618484
0.007342019985188376
0.01284466924126798
0.015457478977061784
0.010226025259134672
0.009787067092826486
0.016617212319869366
0.014187504211693345
0.012374961357271064
0.011923976516598688
0.014307298453093814
0.017878059397005472
0.02395211868949862
0.021934010746944472
0.025266430827275085
0.00727441371785431
-1.0
0.010674519864375035
0.008683543784186244
0.011459009695093485
0.011262998844957954
0.012356565983276838
0.018501627717810113
0.013088526556588846
0.016448695816563167
0.020179513558128512
0.03033893790671117
0.024780215066975527
0.028061146702906346
0.025840535993197546
0.024952295226270377
-1.0
0.019937986015779573
0.01789313104356439
-1.0
0.021791016981814737
-1.0
0.014644903310214934
-1.0
-1.0
0.02545266870143298
0.024584929734804063
-1.0
0.01474637242317195
0.012825418861402768
-1.0
0.01718223924432738
0.018977089833885196
0.017770765604948804
0.015978373320546465
0.018742960501047488
-1.0
0.019701615706154915
-1.0
-1.0
0.019495588206175998
0.01201519744405373
-1.0
-1.0
0.00612910739080309
-1.0
-1.0
0.00228432041478418
0.0015470796785928165
0.0025364622358803237
-1.0
0.002430977537447421
-0.0013122153090314697
0.004849526766059944
0.002032452179927865
0.006667691958967341
0.003323324478585411
0.00408910015887663
0.003918841311291945
0.004443258054115437
0.010043498840523985
0.003517311170547671
-0.0008745577756013763
-0.0004105159661427937
0.0056441677007899775
-1.0
0.0009164682319582251
-1.0
0.002984245618147654
-0.0010452789851754835
-0.004584497120861874
-0.006910043762472322
-0.011051066496018442
-0.007913684582173253
-0.010957723383243183
-0.007314087026095855
-0.00823741301446415
-0.013407310317855208
-0.009720220362841012
-0.013627726591864274
-0.009823812595194685
-0.009530820033387179
-0.007991922221523888
-0.0056939621500096856
0.0030603177337135677
-0.0041536986571813215
-0.0018912209707211405
-0.0012283005075428824
-0.0008841028429901475
-6.075721551468411e-05
0.000811831227555611
0.0013114040418677338
0.003267091195369663
0.00884230124961026
0.010043400331120774
0.016026783663504407
0.005221655006298195
0.005720860747340189
0.001500065363943312
0.003652564195115703
0.0054022532801322794
0.004359064214847837
0.002282794094033266
0.009440741347222137
0.007391995221567726
0.005692222653016729
0.00046815685368400815
0.003278546116944341
0.010794863296914333
0.008779377532380695
0.008904092193666478
0.006332390283923041
0.003161060428766721
0.0009100850749225971
0.0037187226257694643
-0.0033357930573902346
-0.013829713065056502
-0.0143619660062052
-0.017800789871205883
-0.015962964522451946
-0.018412179527694632
-0.02063278698665354
-0.021026402053915757
-0.01889921185752195
-0.02510888883635333
-0.020536647045318324
-0.022228682708867197
-0.023058061234571308
-0.024759489131671232
-0.024457460235075036
-0.019042215652168272
-0.01940699824491285
-0.018668147764822007
-0.016323079411805854
-0.018163791705531455
-0.007266767116304254
-0.011266638343474777
-0.01586486295212091
-0.018754350244512216
-0.0214915391636744
-0.017711513962743584
-0.020064564379563006
-0.022225483169679237
-0.01540081140849372
-0.01622195225490909
-0.015664837415342817
-0.015235218968725584
-0.006600148054513029
-0.017669290332791462
-0.01276765354947254
-1.0
-0.019122448228765934
-0.01173312990104738
-0.012543772808854457
-0.018443040847721935
-0.02068610687962776
-0.021693955400268153
-0.023801148930579125
-0.030423064278797565
-0.029261630108659016
-0.024062736916169628
-0.026629195478149896
-0.03054052462771104
-0.028262850687769625
-0.02823348927543087
-0.030314480095432382
-0.028341000164641496
-0.03125072017802751
-0.021355591806629475
-0.02958491891205984
-0.02791902134718757
-0.02875871385470779
-0.029759647356325726
-0.026613429822648978
-0.026993334149312917
-0.02523652913683739
-0.025907904034242122
-0.025017779534468994
-0.02780333668936975
-0.02439961778535616
-0.02527260130515746
-0.029055051928119493
-0.027816961415250297
-0.02597280971506217
-0.017351121828812332
-0.022909392132658073
-0.022920127863273323
-0.023935496036773383
-0.026047186668736507
-0.02473786433213511
-0.026660872639739524
-0.027092329023280102
-0.02268345947070246
-0.025708584496459474
-0.026001730944190702
-0.024548933032987996
-0.029570881010211957
-0.024820170588516943
-0.022544427508498246
-0.021432660694332684
-0.01799676962110393
-0.02227481773592154
-0.024149158327022222
-0.02157102340174947
-0.02287412390377085
-0.02338281499924602
-0.02191224675778937
-0.01904981286288926
-0.02366960613790093
-0.025261369472653304
-0.024940038162900184
-0.023403821961203383
-0.025171740789787365
-0.02525947992030594
-0.0256947585528986
-0.024157317142504766
-0.02018583710181721
-0.021434605587262356
-0.020297307092499602
-0.026911708712705342
-0.025086668244282344
-0.02341241559121959
-0.024164750262029758
-0.02531447478742601
-0.0205580142246925
-0.025677632366370058
-0.0262203119600055
-0.018896800528388456
-0.020528965778170233
-0.023661921040282932
-0.026830713208601933
-0.01961154895670648
-0.027302878626704524
-0.026165034546003756
-0.026196452184812247
-0.022032514999304226
-0.02418170820971509
-0.024354166415998996
-0.02676227582469097
-0.024433076959353896
-0.024797390844897828
-0.025619047862542845
-0.023569585010043286
-0.024544141969028568
-0.024891204419477078
-0.022537607774684294
-0.024383987230849006
-0.025618036268886556
-0.01692255238743959
-0.021602938452287127
-0.026316598952342656
-0.01991142138276576
-0.02235215415828957
-0.018920245687084804
-0.016147016387674486
-0.009637480987890494
-0.007031748553329207
-0.013679051150027082
-0.018349462870588192
-0.02443968867433056
-0.018619690639245182
-0.022497957880308627
-0.02590714507674458
-0.027002143394480906
-0.024696205360651025
-0.024854487719160896
-0.024372353592100594
-0.022721587946171296
-0.02650926202482174
-0.02320426226064926
-0.026944919997740742
-0.028825989024856925
-0.025971317541120347
-0.022759801368193576
-0.026153673795069093
-0.021845467050641172
-0.022396799150877687
-0.020547752981772218
-0.01983760554286223
-0.01848457976608644
-0.015569646148101845
-0.008247860710817791
-0.005402271578215381
-0.006138728035798542
0.0031805171184491818
0.0009161556132005803
0.004378301354184776
-0.005503699171701415
-0.001730810671965042
-0.0034242821585923353
-0.0019093893970115524
-0.0030436224763608984
-0.009746475164780641
-0.005993363606217316
-0.00885511909672599
-0.008681953766463043
-0.005225427875067566
-0.005848640508954668
-0.004551614421792095
-0.0062953226629506925
-0.003133526718618071
0.0082417942467934
0.0015878297680796988
0.01120792840288107
0.001451622923017324
0.0011393051481641452
-0.0024142465252327424
-0.0017454243073039613
-0.002205699666736232
0.0019212666389044541
-0.0024654396131653634
-0.005098021667892501
-0.0015517463051931443
-0.0011713218243925212
-0.004600380014809165
-0.010509948693638043
-0.0032985098607101367
-0.006484690211064416
-0.00867435203842986
-0.005883116949613529
-0.012403640164016225
-0.015252955714301186
-0.009528367038217965
-1.0
-0.018604427362737635
-0.016031745608838893
-0.016509574960811978
-0.015658056399117617
-0.022823157773162423
-0.020091355269011173
-0.02208691696840953
-0.023849224620484243
-0.020168861689989746
-0.022506219272219602
-0.022231626098444403
-0.022714880664358915
-0.02315873892769644
-0.02546312961395653
-0.015818350940818706
-0.021189303788001896
-0.023200829880926966
-0.019643168674716976
-0.023345919612448335
-0.025004427703800715
-0.023530069107025552
-0.018154152739614335
-0.024306472666556493
-0.020676098791233177
-0.02170540692680141
-0.020106904765146563
-0.01802099823433155
-0.018141112512416586
-0.019761559777406484
-0.014216037532456172
-0.018182878287887484
-0.019313502543752206
-0.018488083446587235
-0.013579188433226906
-0.016633628431333328
-0.01292493077468705
-0.011302651771179645
-0.015246936629637812
-0.012247543649720092
-0.00846417294904859
-0.012708946716517943
-0.0018356273401053235
0.003768918326684923
0.0013942094896596847
-0.0008178944688863549
-0.0007218706956035087
-0.005431363140519917
-0.010374740010091105
-0.010674912929066587
-0.013311009701680053
-0.018533610412056842
-0.01625003995606573
-0.015934204392171393
-0.014797935815605066
-0.012435867297321964
-0.01420731423554861
-0.011535603772911684
-0.0125977041918138
-0.004114404022473838
0.006736074414108195
0.005756194627496032
0.00040701360047652583
-0.0029017755960937274
-0.006225390607424266
-0.008131750823780468
-0.004925739056546829
0.0003665272545980108
0.005411557373267206
-0.004197492260994491
0.006603651785286754
-0.001534933427942306
-1.0
0.0023613821137619083
0.0023106583015046972
-0.004970595169721078
-0.0021144518715728914
0.00043024003920445026
0.0036599749072217524
-0.0016591146952671721
-0.005349915801364893
-0.004013153855806555
-0.008027478243107674
-0.006741381278213945
-0.005326429561660221
-1.0
-0.007397702373180802
-0.007032888161689049
-0.006171872035691067
-0.005251522054151981
0.004184534972012195
-0.0028450153798637323
-0.004763723235308349
-0.00438916640905222
-0.0003839804927715325
-0.004369033998360628
-0.00689430466932538
-0.0037209716768245933
-0.005034804334216155
-0.004682627023599283
-0.00439369680284093
-0.007614379419418541
-0.0079460628353426
-0.009817332949905113
-0.008310612988321723
-0.004966029874563441
0.0024554979403274297
0.001640020743844806
-0.001831145593779993
-0.0059993965409504664
-1.0
-1.0
-0.011708094747373454
-0.012076389040233016
-0.015374619623032625
-0.012016727365750938
-0.010970881397293493
-0.012025417026101505
-0.010492887795516092
-0.00930816829913683
-0.006102855941515476
-0.004977755625813174
-0.0023222716421873006
-0.0024695497577801387
0.004509777529519382
0.004110782719204387
0.008226993044884815
0.005360927142176862
0.015492379426155249
0.01256101398582463
0.010322144287704244
0.010789577321711277
0.01310019182274663
0.005457303772886414
-0.0009776887464466313
-0.0018299859857258453
-0.00223903385916438
-0.0054533459982300855
-1.0
-0.0046283038206860715
-0.007790424828916647
-0.0005123842592985849
-0.007042014450922841
-0.006638196569001282
-0.004650451143155745
-0.004719716190630104
-1.0
-0.0006628044636520418
-0.004630739151331431
-0.007147658318119023
-0.009096286874245489
-0.005754247639692229
-0.007848261145374524
-0.011547952794417279
-0.008528034915159891
-0.011219267377605221
-0.0071491210036462565
-0.011821718848463128
-0.009134312449247884
-0.007383416252605822
-1.0
-0.001989916194676668
-0.0030954841524609127
0.0007509609550746544
-1.0
-1.0
0.015553061487678056
-1.0
0.010003474148650689
0.01873507252879434
0.016673874709705157
0.016009321672845585
0.017977203131483994
0.018261122584853413
-1.0
0.007562062131243379
0.001537592665909946
0.002070468529628932
0.0017301556239990316
-0.0054193778929765716
-0.0073958526810171486
-0.010440098654827513
-0.011290421131567417
-0.013128419254828171
-0.006611412648355066
-0.005883772521593179
-0.008155201123560128
-0.006363592288063481
-0.012255054343314914
-0.0075840627041530405
-0.0057359557564684
-0.003870921408201606
-0.007529920778052032
-0.004527364923433886
-0.00454504648015327
-0.007541208358352002
0.0004628142961048436
-0.0024295344050902818
0.006194040175561
-0.0037544815450095367
-0.0038909817762187104
-0.007948297700779101
-0.009394314114351638
-0.010310046536234938
-0.009449881651647592
-0.011783920999403398
-0.012152932001764873
-0.011433885950355023
-0.009455216587194008
-0.00463370353701156
-0.010554629889727251
-0.008515395005729438
-0.011248515860961317
-0.010316777895192555
-0.015664074676227126
-0.014060149182676104
-0.012858381031538241
-0.010589865800004273
-0.013611072913400477
-0.013178334119379721
-0.003941204787866612
-0.002554335736114286
0.00782061495829973
0.01499539380600809
0.010542900739473835
0.009817233043936903
0.013498835977274536
0.013030160767187075
0.007328701105201688
0.009774225327196195
0.009606142203638365
0.013432488634872083
0.01839956802293173
0.0192259388617337
0.01011088364449831
0.01292964610484866
0.010970439230553936
0.01107094278218656
0.013696438172560766
0.010612781633195534
0.0128764536547882
0.015048974980270155
0.012423309968800852
0.01524867407422055
0.021625973280550718
0.019149795686808625
0.022725599939669935
0.019760455699762494
0.020055361539091623
0.019221572623743556
0.021011576430821743
0.013549235185492026
0.012434846645822667
0.014399340227369958
0.016255799840490463
0.015805186537073312
0.013652148309335668
0.018230093107937502
0.012505062332666055
0.013683281342182912
0.01965729679275823
0.01785964444692315
0.01546487414295504
0.01573117893035607
0.009800433686582916
0.0046779755801231475
0.010187574505870885
0.007976353237318984
0.00960191200560917
0.007228080640881975
0.007873732889626854
0.00702771043525771
0.009319092502271068
0.004040535296519379
0.007486198706963737
0.008868228513901781
0.0070264555804870725
0.009793361458524507
0.007309734653503267
0.00990582101620826
0.004611281206022356
0.0055273200931689566
0.007062843384876854
0.0015825376691151866
0.002783521471828376
-0.0011322470498362895
-0.0031520851312941698
-0.0043222618394476555
-0.0025761995764334335
-0.001697875880308472
0.000684849543963328
-1.0
0.0055199686961324
0.006383265519826361
0.014264036330283348
0.019633735026458776
0.017493809929987524
0.015243330123082259
0.011579706266554319
0.021235298297944637
0.021571702774021907
0.021201435605402105
0.02175544136228356
0.023035988483220724
0.02478132038089849
0.022314273075827496
0.01747113653916765
-1.0
-1.0
-1.0
-1.0
-1.0
-1.0
-1.0
-1.0
-1.0
0.018941780893670587
0.0158588756551338
0.015840599802912712
-1.0
-1.0
0.019812326184650158
0.016183472854466044
0.02230888488855498
0.020587732280382076
0.025050110130277935
-1.0
0.02355646764860768
0.01971487862111939
0.022806234117569605
0.020283232814422996
0.015945093822162814
-1.0
-1.0
-1.0
-1.0
0.02397677524038747
-1.0
-1.0
-1.0
-1.0
0.01579318035231907
0.020265551132606974
0.01701917012344613
-1.0
-1.0
0.002704119347159146
-1.0
0.004004693545187939
-0.0011471337455670623
0.0004720081396794263
0.0013138226451364923
0.004733158256258166
-1.0
-1.0
0.002080074268109965
-1.0
-0.003002715208072775
-0.002748121568965964
-1.0
-1.0
-0.0033960282269587553
-0.0035427078272087962
0.0028966103102518615
-1.0
-0.00566635943890368
-0.01055615237972114
-0.011507051946331635
-0.013608330957469727
-0.01072836855597204
-0.014402563217403052
-0.012723601290187929
-0.016767508418325652
-0.021982894916189166
-0.01535443374839236
-0.016842551430074827
-0.018300071772158324
-0.021531809358332807
-0.021949396099559048
-0.02148018125571509
-0.020938596852274737
-0.020665861555727635
-0.025308669261892153
-0.02151305688632541
-0.022274315822689662
-0.018979043449119798
-0.01980735848863722
-0.019858597618745425
-0.018799345990398328
-0.020222905867828534
-0.020224141237837293
-0.016370278633183126
-0.01839281032517233
-0.022167388486863875
-0.02215642902525332
-0.020942637714892458
-0.01920186277151429
-0.025122332005060404
-0.023345184054047858
-0.021481006696328773
-0.023915153276181426
-0.02174676287892819
-0.019637249969384606
-0.018553481558963008
-0.025094398091792508
-0.02165982104564445
-0.021552144146571247
-0.022478891326468745
-0.02294463874788574
-0.021000803675917615
-0.02173144409891906
-0.020095480056545864
-0.01875889466585033
-0.016246736656600775
-0.012761300881859665
-0.014961979030565158
-0.018706047808099945
-0.01733407997991806
-0.015369951169278119
-0.017291845950752442
-0.019277329006380906
-0.017723730052552615
-0.01576652192953052
-0.01579502156643644
-0.0157523863760799
-0.015199134161854689
-0.018710887128295495
-0.015850023448597112
-0.0157082723240074
-0.016513065019395326
-0.01896342761211168
-1.0
-0.015969159669307537
-0.015453125112186836
-0.014757525063035362
-0.011982248530901567
-0.008076240508940413
-0.01426618065360092
-0.020371870587749842
-0.01759812614476914
-0.017688654752238426
-0.018329119486921664
-0.021283613265305524
-0.021183532859463897
-0.0231089298370422
-0.0194510154348357
-0.02294558837006638
-0.02551065138946294
-0.022208828884934802
-0.02484316811408122
-0.024449299678689147
-0.01801156489285105
-0.022164914726716806
-0.02563034793428047
-0.02266093896641953
-0.021939830920382337
-0.023258439265583134
-0.02526055036541077
-0.025324949508158966
-0.023866908749565045
-0.023147835539350282
-0.022286964891386932
-0.02013481178771199
-0.02348629541305027
-0.018762195078811883
-0.018622284966050902
-0.015515399397429247
-0.019539148300062117
-0.014658852654084668
-0.01614478895607706
-0.01854444767759696
-0.014538587538046158
-0.011818251857375154
-0.010149273286585695
-0.006556973929152883
0.0037149166654263355
0.008047328169053451
0.0023610697978419877
-0.0017451767156255941
-0.004346086716439556
-0.009841170852152949
-0.01184392596231369
-0.01152628878043626
-0.015135952495018996
-0.015144103167096445
-0.015091733687123443
-0.01549680421214575
-0.01721687647642673
-0.012272317098986041
-0.013902725807767594
-0.016588476990574093
-0.018564337241526768
-0.01747914732086654
-0.017345655864317577
-0.016055612888939554
-0.01337533610059109
-0.01982354772095227
-0.017406779169850933
-0.01649197226617046
-0.017149839983029404
-0.018840117602593662
-0.01721670126236682
-0.016726052703661988
-0.016295579574643254
-0.014284197691850286
-0.013167787596857848
-0.017320813326861105
-0.013340067969673595
-0.00822201181046045
-0.0071422107221541286
-0.008810482363084477
-0.006659964172695965
-0.008248129395173031
-0.012162426096613643
-0.014144442852494426
-0.012541805330669497
-0.016386100493610885
-0.018586916635884947
-0.017661469974893606
-0.017891252051128747
-0.018324410483653082
-0.013698637277439104
-0.0168325898978832
-0.017948221570898572
-0.014690463455594991
-0.02199977012276858
-0.019994992543593094
-0.018902011482351728
-0.016498996567832276
-0.02074446740253075
-0.016082985100361814
-0.024191833227604816
-0.016687852304624468
-0.01589729207417819
-0.01777171384974284
-0.0183520761601823
-0.020303852765774153
-0.017816337469621447
-0.01910084900179256
-0.015592640854324198
-0.017905153170245772
-0.01867037617335847
-0.02133207141653046
-0.01797154312866743
-0.017621812631534076
-0.02219965942103411
-0.023559718597561737
-0.01672218417602486
-0.022739299752189208
-0.016278130301493967
-0.02114414733382427
-0.01666551559923964
-0.018732409404288893
-0.021115340654196013
-0.019071216877089386
-0.019161105379890814
-0.020349148827823654
-0.021095751151543957
-0.02308487633857698
-0.019766520426661084
-0.02117947134923278
-0.02232295683987531
-0.0171689501527358
-0.017399338763472574
-0.01733592965290619
-0.019733970152009072
-0.018170300366672873
-1.0
-0.01606054044155846
-0.018427595945207032
-0.015101997666625054
-0.015487912328713764
-0.020034648743120508
-0.01601372748211971
-0.019482584489138713
-0.015059580012074544
-0.017470445876931487
-0.017674262133376948
-0.016447676400461426
-0.014296608644992749
-0.012157897277323245
-0.011918233280210095
-0.007758486081328132
-0.0016597968075091937
-0.0020880327578122835
0.004433580411651057
0.002275112072496143
1.3564224374717976e-05
0.00681083155603075
0.009013700779881197
0.01029029829953762
0.014739451067387133
0.011771037400363633
0.012478936651749992
0.008184512081985703
0.013568367032475498
0.011502600839610785
0.017203060548321002
0.01794813622030151
0.01697426977877403
0.01632203620905519
0.017176012692132616
0.02461060227877105
0.023483287545676926
-1.0
0.023297603520428832
0.01813376370219901
0.01602696407056094
0.015059652747688937
0.01401062464780161
0.015403235404348027
0.017165949398866277
0.014208635055894895
0.01576934148195849
0.017116076966695634
0.01639155851986551
0.016320596284450047
0.021039826536642485
0.01686463899088941
0.024400735367647974
-1.0
-1.0
0.025996723562091904
0.020639557914814234
0.020198567432270897
0.012399136935586492
-1.0
-1.0
0.016600149894060383
0.017014256987305534
-1.0
-1.0
-1.0
0.016487045793853804
-1.0
-1.0
-1.0
-1.0
0.020646795123097875
0.01949633785715528
0.014797006866496818
-1.0
-1.0
-1.0
0.019123234263619844
-1.0
-1.0
0.02225953815325317
-1.0
0.014703593364473312
0.01249800316225607
0.011717916019500556
-1.0
-1.0
-1.0
-1.0
-1.0
-1.0
0.013861997830756272
0.019612842337013502
-1.0
0.01808012577450574
-1.0
-1.0
0.014472992452617472
0.013371026484790898
0.008100182118672975
0.006869297253119521
0.0032825033668234145
-0.002222860231501706
0.0037125114254644292
0.002945536613793805
0.0008562862798205541
0.0013793510126383862
0.0020151250518822433
0.001246859600650796
0.003858330728396377
0.0012435272865026212
0.001090449311530902
0.0022235051049321873
0.007529064255752664
0.013848562487049942
0.01420392358644031
0.012483035856614866
0.016107589052584404
0.01882946522680775
0.013389663689514717
0.016465222782238633
0.011668514884510846
0.013108799209320968
0.011625611369980299
0.01312912743940471
0.010591087296976488
0.013912920377121517
0.012376019649316344
0.010965128947533084
0.012414463164517761
0.013179094292216373
0.008569356674132222
0.00996313170137914
0.010584569670687435
-1.0
-1.0
0.01591712555130393
0.01343547166143998
0.01524618836296
0.008503641448923838
0.01041801111605111
-1.0
0.011432589732754893
0.008302888783388536
0.009649819546213
0.009662738033362726
0.008301482503110358
0.004764617028749486
0.006940636146341065
0.010003045426944667
0.005968383711301934
0.005887162095138405
0.0039914242480850685
0.005873808302277708
0.00925316104917229
0.007853779550872401
0.005436079893406618
0.0032988680914173792
0.010473286943228357
0.010459913403882885
0.006428699766960774
0.007933450891770921
0.014554506130156998
0.013919308951933253
0.012139710512692413
-1.0
-1.0
0.01338093663838864
0.012857104418127584
0.01184355523828308
0.013768990800214318
-1.0
-1.0
-1.0
0.01750013687561967
0.020316051107414586
0.01987244063016267
0.02207328323859247
0.02095822552314143
0.017387004453018454
0.01897103414106971
0.019168690776323792
0.017250491135872507
0.014927721393055536
0.015133900788361805
0.014660848640653493
0.0146823924101907
0.016459524495023883
0.016226834386341562
0.015588760367230241
0.016760120456491816
0.012850635280305037
0.02026143034174884
0.018075311106430632
0.012520214744016366
0.016317635864762915
0.02225031859221989
0.018608967588522353
0.01672169977612227
0.016575746243428714
0.014061486454752211
0.01633921886957062
0.01122708676476736
0.017164776212890073
0.014547573634838301
0.01748904924662348
0.017031570889314816
0.01749293770564203
0.02016291158262411
0.01766784275430145
0.0176658911031225
0.01846290883862646
0.019229602737230667
0.015928690753371284
0.015309980655500868
0.017660117331378275
0.015003048789788389
-1.0
0.017979510549208128
0.01586303784195484
0.018016704052388345
0.021754839284905503
0.018713476946631027
0.020501314354712533
0.013229620593346748
0.01757387330309647
0.015479663844086632
0.018317969707350938
0.013688947527750133
0.016569687091472343
0.013905219977753869
0.018105780630381357
0.014109414538769103
0.011278036305673644
0.015810816229133814
0.018929186541654885
0.012191651413928995
0.01329058693251265
0.012035241457615508
0.015140467211431566
0.012504514463403385
0.009810060479864028
0.014147452165906437
0.010596632648151116
0.011301463975090537
0.010717731241660321
0.0068928624538365174
0.006916557535247492
0.00525167254129749
0.009701297753666306
0.009316554419974905
0.009987124593822045
0.008034238069596035
0.007483350203208389
0.013515146832270076
0.013657429667646905
0.013375287324943945
-1.0
-1.0
0.01462933162549239
-1.0
0.013261149854609635
0.014104072547337103
0.014111343702988664
0.015215070513012564
0.018898771922498003
0.011250346178321269
0.018054064354992683
0.01566935136565859
0.017737002382145085
0.014148612567085042
0.01690736659096304
0.012095807689649666
0.015695503648806085
0.01790452926253718
0.015645268852851075
0.015077393727826384
0.01939825945726228
0.018017944285871543
0.015699448901754853
0.01668353489582836
0.012537898124707897
0.01672002482822395
0.01741916515706051
0.014361786852367334
-1.0
-1.0
0.018260066463763033
0.01802079464457875
-1.0
-1.0
0.020547014223166477
-1.0
0.019071728414016758
0.01545095101503582
0.018397259631353333
0.018117557197488747
0.02075096632837349
0.01729496037342212
0.02311808871674068
0.016724459598309795
-1.0
0.020231742268416033
-1.0
0.019811932686006783
0.01819270289476441
0.017849802001897758
0.015905026172064754
-1.0
-1.0
0.018873544225577188
0.01413863005122482
0.022674684029648257
0.01984649572905224
0.017156756961868896
-1.0
0.018974932769507867
0.020349497016784422
-1.0
0.021418093309936766
0.019855795822418355
0.022723990869505592
0.018449790179476046
0.018244041606605522
0.02024341372980781
0.021529166236246823
0.001209164754847009
0.01934518924693354
0.020484848883461384
0.022567387916980725
0.018112049176169414
0.01927081717694557
0.017117122126026587
0.01596682538451046
0.01537782939378722
0.018715090966538905
0.018798403818324066
0.01721319304916733
0.013908870639053616
0.0190779782818446
0.01574331058308817
0.017133837902262406
0.013742795435881526
0.02088898191793219
0.020378175512586607
0.012134707118305792
-1.0
0.014145358031058881
0.016281929316115513
0.016254683099050128
0.014997437372999156
0.013193388019294152
0.01954150103426821
0.015732981095527385
0.01732717885579559
0.01722573429119385
0.016829996105271864
0.01886688265238603
0.016349457839952748
0.021359026226852713
0.017285306644182274
0.018050243548579675
0.01645110634963087
0.014779427710703653
0.02119978060490884
0.01871807826850671
0.013587940256540778
0.0200583808855712
0.018481244598039678
0.01537100604656499
0.01637807865201355
0.011701062005261045
0.017092422059195318
0.015543100833355451
0.015927261871168653
0.01535140548679011
0.01385793858868207
0.017194788927309437
0.017786628402812536
0.015492595043542223
0.019760575292366356
0.020586716380350215
0.014616581774328485
0.015968687575245187
0.019304323543068828
0.015900198293159917
0.01931763174580952
0.01693444779309819
0.01879523257825152
0.016099624414183913
0.01511981992532355
0.016258558039721226
0.011461480309918445
0.016936496601917594
0.0166612396440115
0.014475707119464692
0.015395100289768248
0.017185845090010664
0.015236863027646218
0.015833819169142834
0.017727089563721068
0.018343863932303736
0.01481898367540279
0.01899516371380228
0.01843102836312256
0.013247849034278574
0.01574572305684388
0.01351239780379391
0.015486596142633926
0.018118800710645217
0.014122449135518831
0.01551349744293128
0.014803189939891048
0.0150786329903371
-1.0
-1.0
-1.0
-1.0
-1.0
-1.0
0.011507821190886834
0.0145342544267401
0.014954644370878924
0.01674973828225177
0.016360773390126905
0.014786708364897755
0.015833880556146856
0.017208419373369914
0.01387410154063784
0.019540012738013354
0.016550433878665533
0.016848277366796643
0.020990550470173692
0.015313864222118431
0.017437578091330085
0.019303009886746277
0.01793281295549879
0.017220764035713515
0.01594308191041631
0.022383393278648633
0.017941981044363557
0.014591678754522292
0.01739346846029721
0.01655920962353374
0.015339152737042899
-1.0
0.013946785235469744
-1.0
0.01565923539954007
-1.0
0.01925469637158793
0.01673384159610152
0.01740116833341893
0.016385421766943725
0.019506754403922758
0.016811763670422326
0.02076394631379779
0.02152472503426456
0.017111637850316868
0.014863466940280639
0.013192465626029628
0.016004770248913253
0.01601272054676938
0.0156934382024519
0.015941022509557683
0.01592682925487325
0.0160791834929765
0.016259622307473957
0.016631184373794263
0.018094373560172027
-1.0
0.01722837456740895
0.022392585095296926
0.02060887918595386
-1.0
0.016813110404710008
0.01685587154013079
0.014415823436224596
0.01742693727721922
0.016262645518900255
-1.0
0.015663097396500954
0.013957338583594239
0.010467790290587677
0.017496118274490075
-1.0
0.019568978043007158
0.016893025479586283
0.020298524491611666
0.01480205550008171
0.013226019315550761
0.013943479991694407
0.01842366402663585
0.012054539518811623
0.01784389847072982
0.018288778921482708
0.018381392918388823
0.018004833077652
0.01631440175141117
0.01903757285514296
0.017037803981871935
0.016428373087710155
0.015626262332559673
0.011756717432563684
0.008436580138543917
0.01296320329557775
0.014394867459524535
0.007819347626300646
0.00850242948466599
0.013562362585908837
0.012474295902143202
0.013744100381134824
0.01891291502532861
0.012734002279726864
0.010353271112560144
0.01295387763902418
0.013407674150967228
0.012148526174495966
0.010471224795548174
0.008804946733370927
0.00914022310493884
0.01713117401504997
0.014610559531476724
0.014678331842726251
0.017055047046319632
0.011600176017878789
0.015537709107374299
0.01974902722892895
0.01608960674654797
0.012230072921978587
0.017912236879879813
0.019198641106299614
0.017162445921725486
0.012957071204654226
0.011615788300985709
0.012484333570209692
0.015337040342770458
0.013300981079222306
0.01406467605760806
0.018400414883990537
0.022419033758975918
0.01338944850021047
0.01688374173602559
0.01460940286956914
0.017350929095381058
0.013602346667846243
0.01480664617152934
0.009087287945614702
-1.0
0.011105623989105145
0.014881309888262686
0.014762743170908045
0.013491131038066113
0.012772194755107793
0.014227887664532922
0.015591728902810555
0.017150021686219492
0.017313981138109138
0.017166844444284055
-1.0
-1.0
0.014952239291584606
0.020801812367601473
0.018618955256514868
0.017697566373519397
0.016627635753009042
0.015972695291421455
0.016080452567377862
0.016917029186367602
0.012625455479641086
0.011984308789933494
0.012634587023769529
0.01469571162181858
-1.0
-1.0
0.009721136989643523
0.010530048813318977
0.012575685866585353
0.008677524867985691
0.01492709686770304
0.019194616588705603
0.018318485279177153
0.01776599619570903
0.01668799064159145
0.013765617502634718
0.011741072197555673
0.011754639505421762
0.01277999794669386
0.01152298474077113
0.011752722712431746
0.009642563409391172
0.015381951652939433
0.013954519875245623
0.015959514906749985
-1.0
0.0127764405597455
0.014184862955374473
0.010484638978297147
0.010497952277635073
0.013527932976879521
0.004605607050707017
0.00728973621807387
0.009580091182776876
0.0017319080161162966
0.0042887267696947035
0.0066256498989324475
0.005232778696041455
0.006789792376259823
0.004322489240005153
0.0058510031868249865
0.0063172103953982855
0.0008475087383006144
0.0031569073197467486
0.005653765836189288
0.0007598631010906903
0.0008431503388455357
0.003633769955439994
0.0003408678117208261
0.002829442594611482
0.0015117476381128956
0.002752477159179257
0.005197328878601711
0.002227265761811015
0.0048311819243975354
0.0024677768909676483
0.008052458275021412
0.015970767574720417
0.012287988591050325
0.006540524793496863
0.011954133910787708
0.00912908539255328
0.01317158664864048
0.00709249990429062
0.011581945738803895
0.010526871984612567
0.012450530742424701
0.010307621018611698
0.017111680983293118
0.01132263271072864
0.011661223648070084
0.015017084985599942
0.019411259391630707
0.02132398967285013
0.017426938738718655
0.021724557403759226
0.017977332408494983
0.018550542143813024
0.01655086635772101
-1.0
0.017587943728354215
0.015798665099629423
0.01736337621061491
0.01952719728636466
0.01722315353796797
0.021166731566095567
0.021926747404760832
0.023281391017348087
0.01607306656983403
-1.0
-1.0
0.0215085110173832
0.017465058859477477
0.014921970618026343
0.017337008188229443
0.020057275809044324
0.0189639439262403
0.015755736636400484
0.017818229662947056
0.020907138488645956
0.021370624954035262
0.018304164376348398
0.022043516604849822
0.018196143697194845
0.019068550909375735
0.02200768843007552
0.018918817154979277
0.0173821268711561
0.01736179334490238
0.020857914732451154
0.016130937936124867
0.0161123599720615
0.017068030393208283
0.016750786253277573
0.020541529540472742
0.01620768783503777
0.021896034792518428
0.02200983931817603
0.017764555492092656
0.022573836918482186
0.018310414764328233
0.019321567742412032
0.01664170136842178
0.020265731888825474
0.021951979227636115
0.019266218270314592
0.018811313399979785
0.022171334649601263
0.020245334422843802
0.018717384228103952
0.017805813790378995
0.02216406926506707
0.017115442069317165
0.016230329411155864
0.019930817675399833
0.021476248651897165
0.02147529650374811
0.021005516071623105
0.017221206635473073
0.024067038776933797
0.020715008031042658
0.019605559183020708
0.018804737749907378
0.017935835065905386
0.017068176746036702
0.01706332608231141
0.016296571528885008
0.015736502152955512
0.014931042166177876
0.014826339650370831
0.013414273655476693
0.005620538142626506
0.004831755682697292
0.0019653993119357603
-0.002054383202974068
-0.0038828198441919113
-0.0027627437461998526
-0.003867126309263759
-0.002147705652200907
-0.0029838287946266804
-0.006922666472096833
-0.006010432569220502
-0.004132034774113534
-1.0
-1.0
-1.0
-1.0
