-1.0
-1.0
-1.0
-1.0
-1.0
-1.0
-1.0
-1.0
-1.0
-1.0
-1.0
-1.0
-1.0
-1.0
-1.0
-1.0
-1.0
-1.0
-1.0
-1.0
-1.0
-1.0
-1.0
-1.0
-1.0
-1.0
-1.0
-1.0
-1.0
-1.0
-1.0
-1.0
-1.0
-1.0
-1.0
-1.0
-1.0
-1.0
-1.0
-1.0
-1.0
-1.0
-1.0
-1.0
-1.0
-1.0
-1.0
-1.0
-1.0
-1.0
-1.0
-1.0
-1.0
-1.0
-1.0
-1.0
-1.0
-1.0
-1.0
-1.0
-1.0
-1.0
-1.0
-1.0
-1.0
-1.0
-1.0
-1.0
-1.0
-1.0
-1.0
-1.0
-1.0
-1.0
-1.0
-1.0
-1.0
-1.0
-1.0
-1.0
-1.0
-1.0
-1.0
-1.0
-1.0
-1.0
-1.0
-1.0
-1.0
-1.0
-1.0
-1.0
-1.0
-1.0
-1.0
-1.0
-1.0
-1.0
-1.0
-1.0
-1.0
-1.0
-1.0
-1.0
-1.0
-1.0
-1.0
-1.0
-1.0
-1.0
-1.0
-1.0
-1.0
-1.0
-1.0
-1.0
-1.0
-1.0
-1.0
-1.0
-1.0
-1.0
-1.0
-1.0
-1.0
-1.0
-1.0
-1.0
-1.0
-1.0
-1.0
-1.0
-1.0
-1.0
-1.0
-1.0
-1.0
-1.0
-1.0
-1.0
-1.0
-1.0
-1.0
-1.0
-1.0
-1.0
-1.0
-1.0
-1.0
-1.0
-1.0
-1.0
-1.0
-1.0
-1.0
-1.0
-1.0
-1.0
-1.0
-1.0
-1.0
-1.0
-1.0
-1.0
-1.0
-1.0
-1.0
-1.0
-1.0
-1.0
-1.0
-1.0
-1.0
-1.0
-1.0
-1.0
-1.0
-1.0
-1.0
-1.0
-1.0
-1.0
-1.0
-1.0
-1.0
-1.0
-1.0
-1.0
-1.0
-1.0
-1.0
-1.0
-1.0
-1.0
-1.0
-1.0
-1.0
-1.0
-1.0
-1.0
-1.0
-1.0
-1.0
-1.0
-1.0
-1.0
-1.0
-1.0
-1.0
-1.0
-1.0
-1.0
-1.0
-1.0
-1.0
-1.0
-1.0
-1.0
-1.0
-1.0
-1.0
-1.0
-1.0
-1.0
-1.0
-1.0
-1.0
-1.0
-1.0
-1.0
-1.0
-1.0
-1.0
-1.0
-1.0
-1.0
-1.0
-1.0
-1.0
-1.0
-1.0
-1.0
-1.0
-1.0
-1.0
-1.0
-1.0
-1.0
-1.0
-1.0
-1.0
-1.0
-1.0
-1.0
-1.0
-1.0
-1.0
-1.0
-1.0
-1.0
-1.0
-1.0
-1.0
-1.0
-1.0
-1.0
-1.0
-1.0
-1.0
-1.0
-1.0
-1.0
-1.0
-1.0
-1.0
-1.0
-1.0
-1.0
-1.0
-1.0
-1.0
-1.0
-1.0
-1.0
-1.0
-1.0
-1.0
-1.0
-1.0
-1.0
-1.0
-1.0
-1.0
-1.0
-1.0
-1.0
-1.0
-1.0
-1.0
-1.0
-1.0
-1.0
-1.0
-1.0
-1.0
-1.0
-1.0
-1.0
-1.0
-1.0
-1.0
-1.0
-1.0
-1.0
-1.0
-1.0
-1.0
-1.0
-1.0
-1.0
-1.0
-1.0
-1.0
-1.0
-1.0
-1.0
-1.0
-1.0
-1.0
-1.0
-1.0
-1.0
-1.0
-1.0
-1.0
-1.0
-1.0
-1.0
-1.0
-1.0
-1.0
-1.0
-1.0
-1.0
-1.0
-1.0
-1.0
-1.0
-1.0
-1.0
-1.0
-1.0
-1.0
-1.0
-1.0
-1.0
-1.0
-1.0
-1.0
-1.0
-1.0
-1.0
-1.0
-1.0
-1.0
-1.0
-1.0
-1.0
-1.0
-1.0
-1.0
-1.0
-1.0
-1.0
-1.0
-1.0
-1.0
-1.0
-1.0
-1.0
-1.0
-1.0
-1.0
-1.0
-1.0
-1.0
-1.0
-1.0
-1.0
-1.0
-1.0
-1.0
-1.0
-1.0
-1.0
-1.0
-1.0
-1.0
-1.0
-1.0
-1.0
-1.0
-1.0
-1.0
-1.0
-1.0
-1.0
-1.0
-1.0
-1.0
-1.0
-1.0
-1.0
-1.0
-1.0
-1.0
-1.0
-1.0
-1.0
-1.0
-1.0
-1.0
-1.0
-1.0
-1.0
-1.0
-1.0
-1.0
-1.0
-1.0
-1.0
-1.0
-1.0
-1.0
-1.0
-1.0
-1.0
-1.0
-1.0
-1.0
-1.0
-1.0
-1.0
-1.0
-1.0
-1.0
-1.0
-1.0
-1.0
-1.0
-1.0
-1.0
-1.0
-1.0
-1.0
-1.0
-1.0
-1.0
-1.0
-1.0
-1.0
-1.0
-1.0
-1.0
-1.0
-1.0
-1.0
-1.0
-1.0
-1.0
-1.0
-1.0
-1.0
-1.0
-1.0
-1.0
-1.0
-1.0
-1.0
-1.0
-1.0
-1.0
-1.0
-1.0
-1.0
-1.0
-1.0
-1.0
-1.0
-1.0
-1.0
-1.0
-1.0
-1.0
-1.0
-1.0
-1.0
-1.0
-1.0
-1.0
-1.0
-1.0
-1.0
-1.0
-1.0
-1.0
-1.0
-1.0
-1.0
-1.0
-1.0
-1.0
-1.0
-1.0
-1.0
-1.0
-1.0
-1.0
-1.0
-1.0
-1.0
-1.0
-1.0
-1.0
-1.0
-1.0
-1.0
-1.0
-1.0
-1.0
-1.0
-1.0
-1.0
-1.0
-1.0
-1.0
-1.0
-1.0
-1.0
-1.0
-1.0
-1.0
-1.0
-1.0
-1.0
-1.0
-1.0
-1.0
-1.0
-1.0
-1.0
-1.0
-1.0
-1.0
-1.0
-1.0
-1.0
-1.0
-1.0
-1.0
-1.0
-1.0
-1.0
-1.0
-1.0
-1.0
-1.0
-1.0
-1.0
-1.0
-1.0
-1.0
-1.0
-1.0
-1.0
-1.0
-1.0
-1.0
-1.0
-1.0
-1.0
-1.0
-1.0
-1.0
-1.0
-1.0
-1.0
-1.0
-1.0
-1.0
-1.0
-1.0
-1.0
-1.0
-1.0
-1.0
-1.0
-1.0
-1.0
-1.0
-1.0
-1.0
-1.0
-1.0
-1.0
-1.0
-1.0
-1.0
-1.0
-1.0
-1.0
-1.0
-1.0
-1.0
-1.0
-1.0
-1.0
-1.0
-1.0
-1.0
-1.0
-1.0
-1.0
-1.0
-1.0
-1.0
-1.0
-1.0
-1.0
-1.0
-1.0
-1.0
-1.0
-1.0
-1.0
-1.0
-1.0
-1.0
-1.0
-1.0
-1.0
-1.0
-1.0
-1.0
-1.0
-1.0
-1.0
-1.0
-1.0
-1.0
-1.0
-1.0
-1.0
-1.0
-1.0
-1.0
-1.0
-1.0
-1.0
-1.0
-1.0
-1.0
-1.0
-1.0
-1.0
-1.0
-1.0
-1.0
-1.0
-1.0
-1.0
-1.0
-1.0
-1.0
-1.0
-1.0
-1.0
-1.0
-1.0
-1.0
-1.0
-1.0
-1.0
-1.0
-1.0
-1.0
-1.0
-1.0
-1.0
-1.0
-1.0
-1.0
-1.0
-1.0
-1.0
-1.0
-1.0
-1.0
-1.0
-1.0
-1.0
-1.0
-1.0
-1.0
-1.0
-1.0
-1.0
-1.0
-1.0
-1.0
-1.0
-1.0
-1.0
-1.0
-1.0
-1.0
-1.0
-1.0
-1.0
-1.0
-1.0
-1.0
-1.0
-1.0
-1.0
-1.0
-1.0
-1.0
-1.0
-1.0
-1.0
-1.0
-1.0
-1.0
-1.0
-1.0
-1.0
-1.0
-1.0
-1.0
-1.0
-1.0
-1.0
-1.0
-1.0
-1.0
-1.0
-1.0
-1.0
-1.0
-1.0
-1.0
-1.0
-1.0
-1.0
-1.0
-1.0
-1.0
-1.0
-1.0
-1.0
-1.0
-1.0
-1.0
-1.0
-1.0
-1.0
-1.0
-1.0
-1.0
-1.0
-1.0
-1.0
-1.0
-1.0
-1.0
-1.0
-1.0
-1.0
-1.0
-1.0
-1.0
-1.0
-1.0
-1.0
-1.0
-1.0
-1.0
-1.0
-1.0
-1.0
-1.0
-1.0
-1.0
-1.0
-1.0
-1.0
-1.0
-1.0
-1.0
-1.0
-1.0
-1.0
-1.0
-1.0
-1.0
-1.0
-1.0
-1.0
-1.0
-1.0
-1.0
-1.0
0.0220434772845175
0.021692235601782402
-1.0
-1.0
-1.0
0.025745804921366952
0.022771537058794474
0.024756769729120068
-1.0
-1.0
0.02654294358373105
0.01824758182969592
0.02168332527462431
0.017666793934680784
-1.0
-1.0
0.006974831699039494
-0.0013642809937014179
-0.0061450992335470465
5.4777481209853846e-05
-0.0028788151105450703
-0.00741602709186692
-0.0056073614992019185
-0.006486512465370892
-0.004066704721371602
0.004100116240840049
0.0010982916589214772
6.759602698880528e-05
0.0037861094620463814
-0.001824842117760661
-0.0007906519802789493
-8.574334945312474e-05
0.0005120577780199201
0.008959726023089249
0.012667338843583321
0.012017564985909732
0.013625767471363215
0.008677633325861939
0.0040470097954389194
-1.0
0.0057647565391763305
-1.0
-1.0
-0.0038593638549544564
-0.007548160775181108
-0.005826275046088833
-0.008739821823350594
-0.008395792418238283
-0.01060830925510355
-0.007145325654102024
-0.0103754354689364
-0.009300764835110203
-0.006725692796080621
-0.015175402756177504
-0.018520972392309713
-0.01435476185606492
-1.0
-0.015965040986427974
-0.013851080484159652
-0.01917845165904488
-0.018885852743431693
-0.017422890922599736
-0.017062879267126737
-0.017210914486485204
-0.010650921477484776
-0.013486231513042917
-0.009077174038477239
-0.008697327932976558
-0.00114601210291185
0.0009580039074526345
-0.001635605576417782
0.0004146517047505724
0.00029519142105852327
-0.0006480302866311465
-0.002131984816302865
-0.0007659264133235627
-0.0027877813704322006
-0.004573947972746409
-0.008773149428875603
-0.007585522947843194
-0.0033223030061152433
-0.00582915831458103
-0.004422390114207264
-4.638661446842582e-05
-0.004458922928807029
-0.0063996999900401376
-0.007097487207693125
-0.006330408009815039
-0.010832901279740705
-0.011215803286951667
-0.014204714920534567
-0.017481840502793184
-0.011050296213252835
-0.017877408717086745
-0.013820893839882614
-0.014388897126913816
-0.019327096728463306
-0.01809278620770684
-0.013541152566548748
-0.014395760924761249
-0.015455795962927793
-0.013869528036669392
-0.02045812778593682
-0.017010774070756254
-0.02264658801164446
-0.022328152928440648
-0.018240914240191572
-0.02018991813521108
-0.019782586373756506
-0.017109550634350004
-0.016903266957278864
-0.016456059744232386
-0.015818225964702063
-1.0
-0.01520840869654574
-0.0165191629043755
-0.018087479245098566
-0.019822733250040997
-0.019333443670187512
-0.020229485162753583
-0.022077796374928734
-0.023131435905849908
-1.0
-0.024412949200605275
-0.018653767537214035
-0.022619037201319036
-0.02224500715561295
-0.022504076098613747
-0.022300383062052207
-0.02220347370116864
-0.024744415846147946
-0.02375981245313894
-0.018303038487337657
-0.018871837005330475
-0.018132014391872883
-0.019063486605612242
-0.021702770052887815
-0.021258598111977948
-0.01672256520499449
-0.02039156656327171
-0.016859995893864447
-0.017829973957969775
-0.01961222158564889
-0.02120789081540158
-0.018060218471260134
-0.018285573236924518
-0.016018277198798135
-0.016500645384225854
-0.011173089204966872
-0.0072913127305259395
-0.011607583970498664
-0.01054483985345088
-0.010785124294893365
-0.007902280150873494
-0.010753117931127472
-0.006615493624676477
-0.0100779506041032
-0.009222594949869588
-0.00919907080560784
-0.007956434046550154
-0.007071913165771869
-0.012924763711827988
-0.011631335458122182
-1.0
-1.0
-1.0
-1.0
-0.013027327689676755
-0.020101496573049906
-0.016699484411057185
-0.01893847502382958
-0.01756413403673056
-0.017087041962167804
-0.014175782446875722
-0.021284662838901854
-0.016958135633907016
-0.018885399853654686
-0.01619906397163625
-0.010490040990526807
-0.011382536762742746
-0.01054587213036412
-0.012403805500739409
-0.007672596737972239
0.004855537436176182
-1.0
0.01181663636998116
0.01355269205561261
0.00803229164540719
0.010949980319858176
0.010139878975945841
0.01024117862838162
0.007777990842750035
0.012016537887791301
0.017058795462538145
0.026325501300732176
0.02179716076417794
-1.0
0.021046415546829587
0.019082630193873247
0.020872527686393184
0.018454858107570932
0.01612049479287114
0.02137936041281863
0.02302216172955612
0.01629080785689156
0.01518313625727167
0.014633500889918816
0.015681216818730272
0.01697838596127455
0.013167515142509707
0.012656410500715531
0.018430986751558832
0.02198001832636758
0.020881724508700204
0.027642737192741226
0.022365802478600715
0.02616869499248963
0.02537172993232293
0.029494509551874208
0.02072373196285555
0.02655224362895112
0.02378849959628161
0.027171157736976283
0.027405250281948998
0.03059435977080404
0.032592805110025144
0.030322995498776074
0.0337913892806263
0.030092127409862408
0.029845523354242173
0.030419453054310392
0.027334271222181006
0.02703406220749266
0.028252185131287282
0.029959717268018847
0.022089933512340912
0.028806249441950513
0.02392742976414459
0.02780781564451519
0.02937935135189644
0.023255643854232382
0.023759729200731883
0.025647933708180456
0.02576852355028131
0.024222658947634926
0.026332538894521765
0.027114960751882987
0.026785593974331636
0.027365575310134227
0.023027908786519176
0.024879449244051156
-1.0
0.021813751797187884
0.022188113593742967
0.01924834976597704
0.015087934901662072
0.010089763312875288
0.017245535115310642
0.022551352787763157
0.02010454085726627
0.01789234670683895
0.023846505070854788
0.023714146473417658
0.022309763028245753
0.020354736611081687
0.021343902769389043
0.023774875420270406
0.022830048439128715
0.017740707663070586
0.019404782284264246
0.018885255925437827
0.020041993617136208
0.027116557204903333
0.022212085088262137
0.022531130492977454
0.02825179823526465
0.027764708788030203
0.022072658660901506
0.022261674888923763
0.024655633065196806
0.02677987650824834
0.024222335279130917
0.021816981135227464
0.025227121401818785
0.026904123998577893
0.024912634024035256
0.022782949234603455
0.024545570818954695
0.027414342238152277
0.024966167809265118
0.022400245444772367
0.02448666445537432
0.022101362567509567
0.02890920092681782
0.02612024985759207
0.02672378229741843
0.022152954377591776
0.0266639672455714
0.02663866601818921
0.0247187600434774
0.022476418818858198
0.01993024645763074
0.02082668459771713
0.023824192122551623
0.019653539377143005
0.02481658813180042
0.023830568433064345
0.022997697760014264
0.02547486967141944
0.0261345238390508
0.025383500808106602
0.02456583292225177
0.02488507637649982
0.0252420893548498
-1.0
-1.0
-1.0
-1.0
-1.0
0.02145451108545361
0.02453617373128231
0.02301502696479152
0.0272936161727966
0.024849083246785468
0.023294462719327353
0.02636321579473075
0.025474206480591243
0.022459448714459703
0.02441886248708312
0.023789552229075223
0.02723591946947399
0.02734894419684672
0.019652713890515164
0.02424076653199046
0.020072723996374674
0.020253315120381296
0.017869770100653545
0.013030113946693416
0.015379280732991522
0.012629148079760377
0.012153491712867203
0.018111637060462732
0.01661138741183178
0.014159304213317356
0.015578828910243913
0.013959979762789596
0.01476967426673781
0.019986173335830384
0.020515227407887106
0.02249097243272628
0.012870501191572402
0.010255414586531845
0.014902240847495583
0.011294867042196071
0.01883930444754673
0.01604650150477856
0.022440817245773754
0.02457239676004059
0.025567843329873847
0.024823952302995396
0.02356907969600616
0.027371305118956826
0.028877797187123695
0.027114747687880737
0.02583531199980816
0.02248802469305436
0.024395064162987683
0.02834754844829913
0.023028046573791955
0.023898623674415122
0.024392790990764034
0.02698020911857855
0.021333967790129166
0.019957371657261122
0.014844306891535507
0.019183503867876976
0.017649763106054622
0.018343730655821216
0.01683889548071413
0.02240693260824519
0.02157086197467449
0.02295286207154339
0.016313713858345597
0.01957333959515041
0.020712685682308496
0.02364593944120995
0.021528089568640968
0.024071484951987104
0.027784124122033873
0.027249868043002032
0.02237752141152359
0.027632152113634578
0.029706421978423055
0.02579903742331731
0.027656122041327735
0.0252703209513864
0.027885779777379622
0.02791934502415735
0.02242204797073478
0.030786441615894708
0.024043677694578998
0.019035382373143075
0.023451039389548338
0.01892823512747245
0.025430565701821492
0.030527950278294153
0.02582409780501083
0.02501193029931042
0.02784683089800059
0.023857960117822954
0.024698343049457408
0.02497153642518517
0.024214355382010073
0.015724001181150214
-1.0
0.011737906815181031
0.017729857990250304
0.021602345753712504
0.02191041862446627
0.018769569562370768
0.024689647013392668
0.024415413999023597
0.0236738774460312
0.020214774282418864
0.022392284856508425
0.014988016519716133
0.010566147274174919
0.0052552100808466685
0.0010282135120187588
-0.0028922215342957283
-0.006906165218441513
-0.00044500068845539667
-1.0
-0.0006958453726626195
-0.005175299253307128
0.0021302538259877998
-0.0006742026991018017
-0.0016200406737054435
0.0018883516482041843
-0.005442013883792597
-0.010954785731919457
-0.0185506521921243
-0.01883520488466119
-0.014739264001793997
-0.02028977831737655
-0.021910817790933505
-0.019573516485549763
-0.021024622291098225
-0.01618792744893813
-0.016677132912118805
-0.018878164216332108
-0.020969532855681736
-0.02187364958185739
-0.015698853537522133
-0.016578061953302508
-0.018234777799655207
-0.014409415030108985
-0.01854403078697245
-0.016654330680888778
-0.018804733362909738
-0.01666231428041268
-0.013524377207339408
-0.00956918092844411
-0.01316249144036251
-0.01169339905011649
-0.010776002467668569
-0.008941361530108287
-0.012334784657092738
-0.009369043531977253
-0.005246876817488378
-0.008265065727544704
-0.008649275351406952
-0.004565007924458239
-0.006435061845558977
-0.006808391754038908
-0.009408053878870153
-0.00915353135675469
-0.005731133549233364
-0.011133196253628996
-0.010325588617456426
-0.013280225711992603
-0.014592977409318874
-0.01477266055131721
-0.013648231334467631
-0.012278196665818204
-0.01459949339749546
-0.014124386303578061
-0.010482258600101083
-0.013454434548167596
-0.013865329289722188
-0.011460892526923016
-0.013482153921108856
-0.015858063998599625
-0.013980647371570579
-0.00947743771039506
-0.0107217370441452
-0.008164520865622969
-0.01674553873702583
-0.014296551938928023
-0.01394205004346955
-0.012638016125969175
-0.013873318533227702
-0.013026981027065196
-0.013037795496033736
-0.010749122130115798
-0.010684743278094511
-0.009633040121568247
-0.006359956913733048
-0.006191458855910131
-0.005350654038640759
-7.126966485267468e-05
-0.0061293973094256405
0.00021248133165623979
-0.003117482857947155
-0.0003936030501958179
0.0020473284232032634
0.003483157479419945
0.005671696831705089
0.0063091189019919575
0.003804347576545098
0.0053854660923072705
0.0047946869403696305
0.0007829093514582484
0.0060354590683178565
0.008065893867264426
0.0031002431177586643
0.00922131002657347
0.005207301020727057
0.0009283036745825396
0.005074377708453586
0.005361462520479387
0.002877649425875465
0.0059422998024524065
-1.0
0.007394666570415435
0.008878644352207827
0.007033771462473514
0.00863893891879901
0.00801106426446276
0.00724274950756082
0.005230956743957633
0.003773626934331374
-0.005826360148519977
-1.0
-0.002423118788260666
-1.0
-0.006393082543342877
-0.01171254792512056
-0.007713116852710852
-0.010372391967174857
-0.006154349256874763
-0.010644675804256374
-1.0
-0.003935700054664118
0.001091260224017793
-1.0
-0.002876730126554356
-0.005417058403070075
-0.007718259709970404
-0.009648769782535267
-0.0087471529661386
-0.010902289497654304
-0.007133568900688068
-0.012853283143252254
-0.013033412054683878
-0.01021524366132045
-0.014781828720126731
-0.01023465850401935
-0.012684875676969732
-0.01061461372106498
-0.008032622401647824
-0.012366001454817968
-0.01181730870087971
-0.01301267958103823
-0.010497561298627748
-0.012936232069417531
-0.005710922059419242
-0.0072951118736181465
-0.012192211674095059
-0.017842221615075902
-0.0143448044886909
-0.015112316020348113
-0.013371952737638929
-0.01350082259440377
-0.015222937092639117
-0.012568355639291538
-1.0
-1.0
-0.020966204609915176
-0.021238109811220793
-0.02194721598839507
-0.023217858384540425
-0.019647090566463778
-0.025849293754601488
-1.0
-0.024501483320031013
-0.021270338038289944
-0.019797573537122356
-0.019831264188747734
-0.01999595572072541
-0.01651285718780238
-0.018961830888973068
-0.01704636431113949
-0.01899238606643669
-0.020923791589846905
-0.019834750599963046
-0.018474244310025263
-1.0
-0.019995504267542794
-0.024084339862913754
-0.017183770290830798
-0.015770093288071534
-0.020897879743243735
-0.016367754824157667
-0.022773004104403978
-0.019572480913155787
-0.02259688355195399
-0.01911006578859139
-0.022915225650722612
-0.022233871340375844
-0.023076265733704603
-0.015434480153437328
-0.011357017850504128
-0.008945977684157547
-0.009135458580182809
-0.01281506948719177
-0.009918639094513172
-0.014241091372356523
-0.014041834529457396
-0.014107168184202884
-0.012446905008694773
-0.01568407141553918
-0.016118515317104298
-0.015775390528571062
-0.015320778160762945
-0.014500920557724197
-0.016101176954430883
-0.016168486976620627
-0.013165670461695629
-0.011657644453643633
-0.0036367670104421705
-0.002802700205112224
-0.0018544892999493728
-0.0004999490410419503
0.0017971600678200613
-0.00661466365890628
-0.005157710808424776
-0.003992455661921914
-0.0022732377364195547
0.004034972603982835
-1.0
0.0026627602438402892
-0.0002916878317881883
-5.3065541757211826e-05
-0.0007648048799034454
-0.007313921518146507
-0.008767410748550062
-0.007490149755133137
-0.004898343793230055
-0.004096705493538044
-0.003658232450097554
8.677425836271475e-05
-0.000992728608655385
-0.004331349397736969
-0.0022877127631672515
-0.002654011379988793
-9.999433675469677e-05
-0.007069378357574338
-0.0060513835513658085
-0.0025087808289453815
-0.004825115644314999
-0.0020540209499026406
0.0003085253928040191
-0.001772020427122425
-0.003114194577672812
-0.00781423590827115
-0.004336787883795067
-0.0035426734123193563
-0.0016873928452229019
-0.0018287814457975556
-0.007104402837407452
-0.00046575531603817316
-0.003821668905556467
-0.009429728991090982
-0.0054368076485830745
-0.005401570676809943
-0.007962670559672997
-0.004963299114842251
-0.005658944109206618
-0.002331355337339123
-0.007112038943804604
-0.006136881319460964
-0.003294248280850901
-0.0036513956995752124
0.00633447536378836
0.008873566434196543
0.006271489092654882
0.01110583329949402
0.0104997902188009
0.011380248141747944
0.011848078484964195
0.00789061429820668
0.012527034550338332
0.013769177310982147
0.013364766496004498
0.016124950652228874
0.01610532420306216
0.00437315819469713
0.007885959875348715
0.0065447530412151575
0.008942442889946244
0.010048731057667966
0.012624984863154923
0.014582982904540097
0.01971275764646442
0.018030910468015547
0.02282180455598883
0.018341788186668487
0.0146468949340268
0.01963222024559952
-1.0
0.014097848695609
0.018699084237557045
0.02466902314193749
0.01755275867299122
0.019412680759851392
0.008906681567408328
0.010449809093911168
0.008257011435068178
0.00983225604090596
0.008736121868172596
0.008046923318095369
0.006125982037275317
0.01849630494361506
0.01823471145768177
0.020089851763024334
0.022686464529243923
0.020798995168714758
0.023990117381346543
0.029163122203455114
-1.0
0.02230150548863078
0.028357486511390563
0.025912567520474564
0.028402416817590457
0.030830794084437837
0.026297899877360385
0.023708155977278024
0.024823224486054764
0.0319041254611456
0.024002963175994138
0.02802745277538288
0.03019408914946992
0.029794853677645117
0.027604988681899773
0.028787859513177774
0.029628539467253037
0.02380320905431202
0.023839841194867442
-1.0
-1.0
0.026317102836976535
0.025224582632001797
0.01912631525611566
0.01539318730777291
0.011719906726281804
0.013506036600502322
0.0034563760522771207
0.004419490063796895
-0.0034516116044682947
-0.004403166743263436
-0.007870289642061849
-0.01307178298257453
-0.010554836510461029
-0.008134536246115941
-0.006510148392435982
-0.006149755190377647
-0.0060764226797896505
-0.0038007097948912104
-0.0019410541846487362
4.883242141973414e-05
0.008609910011794123
0.01695398619449267
0.024331268180758054
0.0329067353818799
0.02968391298695095
0.03298243093213377
0.030920640959815456
0.029130352740461
0.03569540173257467
0.02788901459268051
0.03229214492512877
0.030814255263931768
0.03156350349008682
0.034243695914356234
0.03188226894413839
0.03523335889933246
0.034015593797583316
0.03261876629392437
0.031698729579385354
0.03218775802809434
0.032350567879622545
0.031561619570961465
0.031891625185892794
0.031972298920979594
0.030833043912183156
0.032894049717698735
0.03347865183999322
0.02936118166605714
0.027230260234523858
0.029784590596753858
0.027972457931114553
0.029047711587937942
0.027902079702597952
0.029259028049411853
0.027842239227481407
0.025432596275051594
0.026985100344872223
-1.0
0.024831970928230324
0.020212617702693465
0.021627254234460238
0.02274871780686217
0.029240326939428733
0.0244633299629209
0.028316604345819757
0.028502652150507755
0.028762960951346294
0.029049248911238418
0.025557386716459428
0.027441189117935163
0.02492791592088924
0.026107834049860168
0.028081725450731208
0.031130567654550467
0.030016738327506506
0.029443843383254637
0.029653483068186406
0.02715096485415236
0.027890491319210276
0.02560682151147929
0.025431264153928802
0.023152180847756776
0.024771147993705885
0.027961985172173194
0.030898921868756746
0.025016048814894987
0.020161499884167888
0.024333945169986555
0.024022163647274452
0.01920095398315552
0.020237295741366887
0.023656350411643528
-1.0
0.025172838611975112
0.028149672089712162
0.021413269157912754
0.023694870815333256
0.02041257287370367
0.02339013060445581
0.021470705725065247
0.022344873566841016
0.019252107776958398
0.017939221721649204
0.013277265627958163
0.0008548755691910292
0.011110453457622212
0.022292622881585508
0.01923113223627102
0.021440474586125805
0.02776255382618487
0.02533096063302747
0.026082772734370294
0.025935479213559744
0.025130123730705233
0.026255561187738703
0.02535304796438718
0.02101413405895681
0.020104061316621322
0.024966682353276634
0.020524794444437586
0.01664285404228073
0.02320715718993056
0.01996431326313926
0.016327214946781465
0.017966270092533095
0.01664227100923322
-1.0
0.017985869186181863
0.013712304857947413
0.004444093940200218
0.008511981616149689
0.006187963647862124
0.007384988088360714
0.015838708000797706
0.02103791374462877
0.015963632546813825
0.022362177533971503
0.015342249901982729
0.013533161995825538
0.012409125405904466
0.009964169659428508
0.011418589754947785
0.012887802799947463
0.008704138792010934
0.01468214027932979
0.018475285130816137
0.0174261724720891
0.015233439063830538
0.01952902894684285
0.01808611979760117
0.017706091774273194
0.014847921791673354
0.014956507766644981
0.0193385936481617
0.015261444078359875
0.024142483459588006
0.025926817217988285
0.018729019706536978
0.017064773316416648
0.015456545328489583
0.021818543505210373
0.022880556424341992
0.018776358922842882
0.02212069681633053
0.028380806565579654
0.027188576488238077
0.025113228472627012
0.027843589699079813
0.026435654498259173
0.0270958734066424
0.02888777958425351
0.02626772575144007
0.02241811208161051
0.029361710787871087
-1.0
0.0273442882978056
0.030166608319168675
0.023246388293588043
0.023811897810836778
0.021442410344868896
0.02872043127478052
0.03263517691082709
0.025462500897179552
-1.0
0.02629362977886543
0.023686846326703093
0.017635030712421083
0.018368004344893454
0.013979793301605063
0.01235424500087872
0.017719068692156396
-1.0
0.017478462446654453
0.023187863358054128
0.01940157327893275
0.021744431799553
0.025663432095833657
0.026450926861108424
0.029348918680950967
0.027390583235064006
0.028473341692141562
0.02852529679910207
0.026112678583288074
0.026882526542465535
0.02444333809867124
0.02657198235413481
0.02504448472108398
0.02199500754541226
0.013734980132721779
0.019911757182040378
0.021288504152822765
0.02069726183181798
0.020862805580589696
0.025263534283241008
0.022768453287525133
0.028405350478631956
0.01755698386978095
0.02700801921296688
0.023947321209915814
0.02077050393704609
0.024270313446892382
0.025111327914624226
0.025616768739446627
0.030492363540246318
0.031264933252601414
0.030023601866706447
0.029420928768197355
0.030337919321665904
0.032321215156248646
0.031114922153735194
0.030719729509618876
0.02957222459042108
0.03275054155461324
0.03135323086812884
0.03278137371916305
0.030085940772218277
0.03260412434714084
0.03250555004961453
0.02967604518686247
0.023520609767313388
0.01402708876003981
0.007393324919093163
0.0020967001828260815
0.005016374116611452
0.00281567199116885
0.005992018198782797
0.0021619982420406623
-0.002261437378742722
-0.0007968172728586862
0.00032931200655806606
-0.005982997631873153
-0.0029780673490621763
0.004385882919000603
0.0010920669748431546
0.01575204219998064
0.030540010840523935
0.027946584385495278
0.026416624758510747
0.024786622226676956
0.02346409374095074
0.024162391078543705
0.028486831694676206
0.02440042211365388
0.02111668055011376
0.02093697700310585
0.01963201302559879
0.02053747719251781
0.0225261262770865
0.0156148295935111
0.010462387150602616
0.009660970504306927
0.008686632489753697
0.008380439033838198
0.009676679687227064
0.006553404113772217
0.005191750531956209
-1.0
0.02151106716827264
0.01995271151453083
0.017091071017768283
0.013424059638613818
0.018613999990590872
0.021864745750753548
0.017617250326999036
0.020156935919331598
0.01866354193513908
0.022318869546416827
0.025099964117525398
0.024627991342104083
0.028926247835688455
0.0238730401703277
0.03352080116332181
0.026709509771112302
0.026678594597493308
0.028227330840631296
0.02534557908882036
0.026317916167813284
0.024399882747580835
0.02969348047298789
0.028659634858458977
0.02810816243887533
0.02859216779095481
0.023423153801467523
0.025319349744505962
0.021151518215425116
0.026820983002675318
0.02077605505697511
0.022884511938404108
0.025061809096984244
0.030152918572104132
0.025519975771567886
0.027799398847518444
0.021437896746210883
0.023496129246582894
0.02702381439023614
0.026878956738742757
0.03094896010422574
0.023919503997036722
0.02517376790876376
0.02135114557384549
0.02376435245816335
0.020299299771605
0.02110668235649705
0.010803067947785397
0.019061041063835518
0.019628205767446907
0.020693930535441923
0.02430173984700195
0.022710753573373873
0.024997623458343086
-1.0
0.02499830928344896
0.019821289533147702
0.023796164102608142
0.024241999834502443
0.026485248648729226
0.028084453503127053
0.02725082670221908
0.024617827437153423
0.026176773861464605
0.03088631308738905
0.029321783477948747
0.02489427787199015
0.03008920362627665
0.028558408409082518
0.029698342863126847
0.029524723189017364
0.026611838333013494
0.02589326266748765
0.02903066174400062
0.028120648321827264
0.02388524664503464
0.028497777944897714
0.024505681936057535
0.028461879240829983
0.02061365435212604
0.029766960620670503
0.025816519521905026
0.026127707563127194
0.021274340174000803
0.02052523918161826
0.018162625043873046
0.021056344296817606
0.023172945765541592
0.022517557757477463
0.02020695723596103
0.02475308703771861
0.018452723532783127
0.01685722941204742
0.016617277784403094
0.018632758944541788
0.017068077656295737
0.021402791496932746
0.019313542355760653
0.018750894919456335
0.015251463834882035
0.008987395589851037
0.009776115667808666
0.015365952684616636
-1.0
-1.0
-1.0
0.021536302231134077
0.015370086766422273
0.019152737307479867
0.015421325174518843
0.015414405171034599
0.01773124372358514
0.021757412316978385
0.026784854812579476
0.025503729775094682
0.02650610249814973
0.028742823909135257
0.028749385628951192
0.03119305649205522
0.029299210597013473
0.027178769304473653
0.028965673954735607
0.026444824212764957
0.029972114849406324
0.028278865423514515
0.026654924257242127
0.0364771843453667
0.03251780569886125
0.03421135795198811
0.037425531085455786
0.03321743569187117
0.02707122385371017
0.030541568784516332
0.029981112679134586
0.03066178956219368
0.036781169055017736
0.031976820537504634
0.03260987925115485
0.03525145384683012
0.03549293820401879
0.03618945483645808
0.034248545215202895
0.035267410903725274
0.031961476031665895
0.031789063352033846
0.02616633374111084
0.021065563921929324
0.019664345467945973
0.018820507988111378
0.017197117019926773
0.010049425865247697
-0.0037479119332510503
-0.008314925080797729
-0.010793167301062856
-0.008765256989976064
-0.006692117974223526
-0.008205440203162365
-0.007741950506194242
-0.015097107501338485
-0.0093469932793083
-0.017826007799523397
-0.020351911011748842
-0.02242470413362695
-0.02143721334308521
-0.01995805311645922
-0.022049808403483712
-0.01838036131477792
-0.024585949797650913
-0.022258339543223708
-0.02370735331519001
-0.02044847306982231
-0.02356215661013966
-0.020569307058327796
-0.02069390742304495
-0.018756168025783886
-0.019834910216606404
-0.022952231976229667
-0.020877522285358656
-0.022485365795679047
-0.020368336133174816
-0.019633558700016464
-0.019134836416731808
-0.023462288645828236
-0.02013937530315806
-0.02101182246405204
-0.024607246942301816
-0.024334854960309862
-0.02204492240444339
-0.022672836318304294
-0.02234536981612302
-0.020161745289121034
-0.02439671791318579
-0.02014087137202726
-0.01952553935319808
-0.02018877727692349
-0.022043767239963152
-0.02123755871626312
-0.01458237680198599
-0.0242789624921695
-0.022732140021606194
-0.02063139332066459
-0.0241399916229026
-0.020592979024160938
-0.015896437496257815
-0.021735890109044406
-0.019714688280550206
-0.015426631812628058
-0.00982601284893421
-0.007169160270478632
-0.01041354775289604
-0.010134579101108902
-0.013437231723032845
-0.012086175798696893
-0.011008757547601526
-0.008094128402790737
-0.00805260042209336
-0.007529783365706264
-0.011926332193813796
-0.004683311639654016
-0.008836046637152144
-0.010405711387320415
-0.011528307711555573
-0.014816469444429249
-0.01073848477276642
-0.010146181685414219
-0.013989546778651942
-0.012918118686724296
-0.009183952428117956
-0.0064156210777426385
-0.0018621650166179536
0.00023781973714373782
-0.0001419342983437933
-0.001508248177162357
-0.003393049800290586
-0.004429815071513399
-0.005517588250265338
-0.009104883597214331
-1.0
-0.005963379047348994
-0.006622130669940387
-0.008919257661007887
-0.005722598962042252
-0.00698028647039189
-0.008379485239895047
-0.007713743224173772
-0.009532786970908383
-1.0
-0.009418899168703181
-0.01222695016674587
-0.012393128264294919
-0.011727718149738244
-0.011964679540868049
-0.006388324598320522
-0.004503732485113687
-1.0
-0.006839647410746506
-0.007858314140749119
-0.006602633389396405
-0.007179451778867874
-0.012771704754326041
-0.014306782268309526
-0.018492022886426925
-0.016787319517783
-0.011893236813849354
-0.01564497365457817
-0.012438766567935857
-0.014106283813406792
-0.015383245437660516
-0.013209536677275351
-0.02020410545847499
-0.015533813307655431
-0.016815127837620496
-0.014720338647756528
-0.01837808092495858
-0.021092530974586146
-0.025351739023401123
-0.024193696812177985
-0.022382296361532782
-0.020103016488273145
-0.025288542719473252
-0.015706166084492247
-0.017418516692453975
-0.01915660851077235
-0.01958865558809327
-0.02075998636300104
-0.02048344588406861
-0.016560244489583063
-0.019013250077755617
-0.01642631279416624
-0.01824708455432407
-0.017036852786756384
-0.012415100129581011
-0.012911971459915662
-0.01752225154839931
-0.01392632326624816
-0.017406681998973304
-0.013570352291036092
-0.014860166698237934
-0.013137645795559795
-0.012509157363899055
-0.019789513520561967
-0.017201532941144574
-0.019950490376790676
-0.018813810777151396
-0.018045636456446038
-0.016926309968881073
-0.014538605905097222
-0.017270466638275514
-1.0
-0.014783658406992004
-0.015871279045862687
-0.012882769716565491
-0.011749835060496292
-0.01619458994127644
-0.011182804375531069
-0.009655699125640627
-0.013381273270944431
-0.01226261914960908
-0.010079557698887472
-0.012063309866444966
-0.010456975154804203
-1.0
-0.010797836544196554
-0.010700711776464396
-0.01584567121577915
-0.013594889759320033
-0.01898270079088709
-0.013569454345451006
-0.01604072569691061
-0.018158358554359617
-0.01231395057866534
-0.01855304734367583
-0.02075056573051573
-0.01875355805410502
-0.01857609154281812
-0.017127862286293698
-0.021680727742007674
-0.016347190750336364
-0.017578343895174414
-0.016197271481276598
-0.01866782325143961
-0.014718349617064754
-0.018756105365136166
-0.023526477765244663
-0.02008606887588833
-0.026160102499631185
-0.021329719264191926
-0.02458861075734319
-0.020722396692621346
-0.018011027601174043
-0.01662650939123183
-0.018657924047958848
-0.018340983975270026
-0.01760544555209781
-0.021504162513012508
-0.019486984411847957
-0.015427648677381892
-0.018278848276029266
-0.011304566310379264
-0.016812775869004083
-0.017913414201012657
-0.01804674085120712
-0.018742417667233446
-0.017756140802975235
-0.019821324951178405
-0.01659597032182116
-0.020627426684849633
-0.02171028682824405
-0.02560785370675853
-0.021826973662499003
-0.02314018528305612
-0.024974043316051353
-0.02697235507685218
-0.02324506732075493
-0.01886608095151602
-0.020266427829970804
-0.020150350324088587
-0.021611178957247682
-0.018794576984887876
-0.018992078972569867
-0.019911363903665012
-0.020927634538104797
-0.020727152291458596
-0.018748126808807115
-0.01900838269340978
-0.013882420035469653
-0.01609322998860876
-0.011712709809361978
-0.01486066669988295
-0.016850686406274046
-0.017119147469336342
-0.014006079037014337
-0.012749092454933799
-0.010969739511956463
-0.012073073091515047
-0.011132625218979956
-0.005733314595199189
-0.0077965253845827965
-0.005659671512685856
-0.006663797083523137
-0.006613227621235641
-0.004211384955256487
-0.004708138235959609
-0.001862791334314692
-0.00012831042887576677
0.0015935809016417368
-0.0018114521693167712
-1.0
0.0025738091006466115
-0.0009076225972887945
-1.0
0.003559435370044976
-0.0012203114531765037
0.0004187866958477042
-7.067234424368663e-05
0.0002519766991986951
-0.0017327790485329511
-0.003411980975887408
-0.009745935071618
-0.00591166858513776
-0.003001529748224706
-0.0013004757637943773
-0.0024671650062332525
-0.00020969591521846986
-1.0
-1.0
-0.000736561223693087
0.003186584015123242
0.008156448744614568
0.009476003780491819
0.008608622882603653
0.0038733420950746444
0.006368791067262738
0.011577468391613553
0.008058504511995884
0.013394296672064541
0.018222357474495677
0.01597667975998666
0.015636333692216047
0.01659454425330127
0.018099972536104448
0.022201962376045315
0.015643893380989107
0.022315270498708836
0.019529490985435334
0.016580903853415853
0.020138810993554572
0.016678463444823714
0.020697109748178906
0.01979361725316681
0.01965784825636078
0.01381617549139549
-1.0
0.01743513429358745
0.011348530070275045
0.006722765397878382
-0.0003379352868729658
-2.9888358614143883e-05
-0.0015120990614036274
0.0018790478934104815
0.00036918274825288046
-0.005060461795769978
0.0008901696995549091
0.0029516182849762674
0.005579163123900235
0.011090507565293936
0.011427988884669126
0.013849711899380496
0.012039016956701377
0.016800687310923892
0.01652027251241306
0.017201229836829306
0.01746195478499702
0.014878491909432575
0.009840312400197396
0.008702064537373821
0.005890613788735755
0.0011584666343032381
0.010316836397020798
0.006928997445403791
0.0041510759071378975
0.0072599517825737815
0.010340060065613936
0.015177599351121531
0.016982204749898124
0.011919738105624753
0.0100402044492126
0.00897344638521054
0.017484820143770258
-1.0
0.007227726856596683
0.00039513709034583
-0.000430618126598219
-0.00287813800382978
-0.007999124896259431
-0.007292539456840313
-0.011896756170588007
-0.01723249418895554
-0.01722252681569387
-0.022559085748025377
-0.0175244912177121
-0.018703681570267625
-0.01442925312373736
-0.019229134610888855
-0.020640578045732723
-0.021396865072545818
-0.01775536873058667
-0.01483764185132353
-0.01346468796662515
-0.01103395476722852
-0.012175721495048425
-0.011301106876394131
-0.010789869745939474
-0.012315468106771137
-0.01417698781762482
-0.015537899683628295
-0.01387886677257295
-0.015229200403992815
-0.016332083446133978
-0.011974153885918703
-0.0081070983979446
-0.009231454966327757
-0.011783364436954474
-0.010850279160409051
-0.012425425005045456
-0.013664134917094969
-0.011136415410373513
-0.011644761283063673
-0.006515340227069893
-0.013798114782494167
-0.01135957675829269
-0.012474669703640133
-0.0104378072606408
-0.009781274398638153
-0.014768604064682238
-0.018936228535271618
-0.01622690712095981
-0.020144248049218855
-0.020133618875565015
-0.014456677400914261
-0.017734633852521293
-0.023797951726206308
-0.019813344191352163
-0.012523710768184091
-0.0145187757991732
-0.012488562241696016
-0.011740565953098804
-0.009115174889405577
-0.0016396058029189903
-0.0027412457884942094
-0.0027778248737741276
-0.0010395201085067808
-0.0038259585420320798
-0.002247791882463008
0.00045433791391295884
-0.0005197365388856489
-0.0003775535017670709
0.0014737230825285941
-0.003006777763783186
-0.0029145442626683595
0.0026132556525047014
0.003198004749726224
-0.00026712551771325297
0.0008160528290459475
-0.0005606256825132807
-1.0
0.0002658425984736757
0.004172315765091614
0.007000906194533398
-0.0018851101234161663
-0.0037335465242803083
-0.017072314170813868
-0.009536131221948674
-0.015115638439354309
-0.009756190451296495
-0.004842457508952318
-0.0077103218829150865
-0.007530002381474745
-0.006434283933859248
-0.007704470606290074
-0.0015618802453091362
-0.00024400269379573064
0.007396333767413465
0.008672734347552172
0.003982534989895594
0.0023382254662881892
0.0020832679706563263
0.002424301959080344
0.0039729339744764254
-0.002432459302066781
-0.0020977669110129366
6.078796970943347e-05
-0.003696942108490024
-0.009610262347327455
-0.012863436460618976
-0.008924604313803892
-0.011676759982925297
-0.01585218171149307
-0.015389683400368975
-0.015998636340020543
-0.013935298817514373
-0.008623505483844055
-0.01240479962650199
-0.008878406930764053
-1.0
-1.0
-0.01321439247178958
-0.00950699054413688
-0.013668685047247456
-0.008654201958445585
-0.00948201393172502
-0.014253602308804042
-0.014408935004311587
-0.012023512401886496
-0.01465016694062746
-0.009926618676367571
-0.011133883206169108
-0.007911839924634168
-0.014585406704576977
-0.013312948614416167
-0.011290091527145744
-0.013412123167181114
-0.016831096632676002
-0.013607450824813924
-0.017570179961911413
-1.0
-0.015194804459115693
-0.018723148611035342
-0.020331357713951635
-0.020703163243881894
-0.022095434227191003
-0.020658742000308553
-0.01745443342270336
-0.021472421142983467
-0.019670415537237647
-0.019118900773328028
-0.018180579464277626
-0.015741812682493292
-0.014647875526136682
-0.013910834548303372
-0.00978723170842163
-0.009411492312933808
-0.006051756101210612
-0.005203921574060892
-0.004350780258253976
-0.004504294358316043
-0.005449330109801334
-0.0012515272828447703
-0.00784956883038485
-0.00575678225309197
0.0018612322199971093
-8.325687322603634e-05
-0.006695369982081394
-0.005766135061949536
-0.0035411922061317058
-0.005385357343263418
-0.0009232727679181374
-0.0007171444041902856
-0.0011641797163377866
0.003925840173242263
0.004473647804384993
0.0006525840588039982
0.002065749296170119
0.0034237151132805784
-0.0001804476461006435
-0.002314296981866319
-0.0012539104419492125
-0.001950878070312425
-0.004340090699479322
-0.003979675797612889
0.0013716941167970127
-0.0012686660004276131
-0.0032290029836663375
-0.004194419308800222
-0.00592017957101005
-0.005917609314646972
-0.006406326353965378
-0.0012379128796552606
-0.0023451667803300645
-0.0013380287501207231
-0.00024926121422474555
-0.00016550441040620438
0.001680312377427496
-0.0006952632215499585
0.0011789376941273362
-0.0035652255110843003
-0.004723140081633708
-0.0004322214626307911
-0.004488615485192245
-0.002061233056802606
0.0065533553175726065
0.0030999410109053406
0.0034932392064485297
-0.0021888082262421656
-0.009071866576075208
-0.006019858340865356
-0.007596597372228537
-0.006654583425282498
-0.0071491214612732015
-0.00797123985541205
-0.008540103337848895
-0.00820376888847545
-0.01240549268987572
-0.01553149996120821
-0.01816260430767995
-0.019714654454019695
-0.018978977803620053
-0.01729381919436673
-0.0174725264072511
-0.020111041657037025
-0.018284976200576203
-0.01676331972049687
-0.016457770263611216
-0.021029378062150085
-0.018153394844378556
-0.01630269192246505
-0.018311988644822273
-0.01754174071728503
-0.01365942542502509
-0.01650129065359358
-0.018185302639112746
-0.018726242427038766
-0.020565311681334974
-0.019366337907084776
-0.017964666847965206
-0.01767588634166838
-0.01921881728483239
-0.018008679636414386
-0.0212519088135726
-0.017662480746766
-0.01915684440380558
-0.02303479326542693
-0.02116275147330466
-0.020141924787421897
-0.02006570990256847
-0.021360636758687993
-0.017896067685163514
-0.020109322147257
-0.015891166728247516
-0.015684006357735866
-0.017977340494590075
-0.018857676193833137
-0.021002216247459092
-0.021967482391308933
-0.02417722943901059
-0.021168170193717178
-0.02047941317246824
-0.024821548333172846
-0.025090288329417263
-0.0244135582073145
-0.02628254177686428
-0.022859247542090882
-0.02403665731662888
-0.02030445761659498
-0.02229473625795192
-0.026891231177100357
-0.020928555921491166
-0.021567230661723884
-0.023567226786354412
-0.022677494849852407
-0.021973590943806177
-0.019707943506331344
-0.018083911067733934
-0.017599756707491337
-0.021109110956883753
-0.02632303045748547
-0.016056006644717794
-0.019828629159381172
-0.016445696119289806
-0.018691249657949594
-0.017409291824168543
-0.012330717364048964
-0.011649767422386182
-0.007330512714995551
-0.010696083364873014
-0.009307862713043454
-0.0067557562796222
-0.01327560622304096
-0.010034494987307496
-0.012710425945231616
-0.0159770859042938
-0.013141266785639474
-0.008063341980747228
-0.004944559317207763
-0.00902623428485425
-0.006682159862919496
-0.008984116351834437
-0.0025504031820242487
-0.0024605286008053317
-0.0017394470640564514
-0.004274476735984745
-0.0044853063284382485
-0.0010667014359461132
0.002277907669383977
0.000532301582889338
0.00047720376950219747
0.0025727202220160667
-0.0013192548716902807
0.005752538368130825
0.0024278844556788006
0.0020562837567445038
0.005932794882644495
0.005306741596760365
0.004050847135363587
0.0012388872476224117
0.0006073503981397087
-0.001110888980417252
0.0005667543376506052
-0.0006733818889274648
0.002592922866481527
0.0019959603809333337
5.807707846907785e-05
-1.0
0.008469314930118883
0.009559935353296805
-1.0
0.007884303329422356
0.007341143438663417
-1.0
0.011441445340824119
0.006282350787087827
0.008032281490062859
0.0027030811917205157
0.005615623187645124
-1.0
0.00923679118554108
0.003918940038985306
0.0030880468130246924
0.0004088736672174847
0.003336940051267096
0.006730280249420014
0.005402152612772899
0.0035306942479741386
0.0011205980244351481
0.0030813191738374244
0.00527414406323507
0.0069888642324986575
0.010863559553952342
0.004742354616232177
0.012177255898479013
0.00912358119444528
0.007856121568120536
0.008189660111341616
0.0047207118975037205
0.005329709842414624
0.00416104370780503
0.004732702815119871
0.005510025516460533
0.006500390065565722
0.008752174828716115
0.008066323036081083
0.004576727404902744
0.001837176272404257
-0.002293508229481948
-0.003113782666475421
-0.0053022469806347835
-0.006003876307638829
-0.008024611955774454
-0.0067195733281215685
-0.006385371391863441
-0.010453287530831534
-0.01630525958543313
-0.021933598152397364
-0.022010839602860703
-0.01774679396916013
-0.01828832271687212
-0.01879554228581137
-0.02106554920123345
-0.014126782148435177
-0.021319824221401162
-0.016577275338426647
-0.019140646097299246
-0.022201343366289303
-0.01815721093528622
-0.01948506439361441
-0.02249109401621757
-0.023150095446070686
-0.023604639701661573
-0.024766441951138814
-0.023364393193823153
-0.02469795250300708
-0.01979347032904044
-0.01619971394254742
-0.019388802875653102
-0.016372930710566874
-0.01800667976664079
-0.01950706440429572
-0.018618268293240894
-0.019532448702602973
-0.020521826077247632
-0.014362042540143411
-0.017672602216251637
-0.019435346587916368
-0.01848074905634576
-0.01662755668221973
-0.018508688266076573
-0.022583854061462547
-0.016347624069471812
-0.014961444318256077
-0.01778151494421925
-0.018267346835452204
-0.015069873008378101
-0.018308743518893836
-0.0198631772820852
-0.016874539858219826
-0.01424841124401203
-0.019101616761111724
-0.020040843288317275
-0.02136750089270945
-0.019687677493485305
-0.013811684725878041
-0.01804846735847374
-0.014602603253705026
-0.022346436891563088
-0.02097184086636668
-0.01762231944339847
-0.0217839429437992
-0.020521615369427797
-0.016473311970139234
-0.0205257861640953
-0.020451996920721766
-0.016040751622468544
-0.016800507257869204
-0.014138843705080785
-0.013991364527028259
-0.014031738604978358
-0.01511190687392984
-0.01943407800517636
-0.016998990505016173
-0.017874755887396832
-0.01862953411353441
-0.024071899778488847
-0.019598341656215174
-0.02154415752450705
-0.019779402179039444
-0.01999750900671574
-0.019384717199234878
-0.019903873336566572
-0.018729408913414014
-0.01994473368470054
-0.020561617034105417
-0.023023201600900843
-0.022748637780473906
-0.021492666156669223
-0.02445787731498523
-0.020356285140016077
-0.019303924477292126
-0.01848739458256957
-0.017989911306463213
-0.018871578804971482
-0.02181951364327858
-0.019828319615516253
-0.02169675909368849
-0.025129153513805076
-0.02112868424397379
-0.02176064877226197
-0.015770134589817714
-0.021289085579552683
-0.017816337917927378
-0.017680761775764543
-0.009254911605384109
-0.010774279961144143
-0.014065239748069948
-0.013115875193598123
-1.0
-0.01320385339894557
-0.01690105668098643
-0.02019697073555139
-1.0
-0.009247186154540002
-0.0073224078660128
-0.0048741373357142756
-0.009831630174743493
-0.006097113276648452
-0.005722539726225842
-0.0066714931773386365
-0.004138465616857735
-0.008447206664672897
-0.0053938259846292086
-0.005713246910600127
-0.008924827413364804
-0.012249628990508576
-0.009369978410391085
-0.004567014213009013
-0.008267623315006365
-0.006155055050730162
-1.0
-1.0
-0.005978640464780089
-1.0
-0.011807441294544278
-0.01421217194415461
-0.012309064013045299
-0.017273708622984857
-0.01574794690636608
-0.01792789162930533
-0.019429609738435674
-0.017488470416574354
-0.01726481364662921
-0.017436374251459413
-0.017808078789930282
-0.02119486709540407
-0.016493544189801923
-0.018227159408145927
-0.017989965143586903
-0.01317450225172379
-0.013601838331032358
-0.013147540874501184
-0.014381141673720827
-0.012053177005780211
-0.010481974603472782
-0.008136702584993227
-0.002804517949669349
-0.0038970740177342498
-0.008019546893221702
-0.011263232783269126
-0.0068325394364616605
-0.007911479473899872
-0.003772087703839319
-0.009564705334017754
-0.005656851162397349
-0.008317786169222262
-0.007755460116564442
-0.006148089695267975
-0.009574062878663631
-0.007209218429515185
-0.009713478888571062
-0.009613723825585509
-0.008690467941697129
-0.006149959414152688
-0.006680750003382743
-0.004037743739800279
-0.004308103515172952
-0.003942102486263765
-0.0035340565626640176
-0.0006102559436472703
0.000690170386059382
0.00525978709517365
0.011486647754711065
0.009161116675748026
0.01515610205464297
0.014620827580032348
0.01925370595158229
0.022083518484771726
0.027349950525550615
0.027235076516121195
0.025199430771179532
0.02860348945827076
0.02800087974785861
0.027164988311971946
0.026793075151264726
0.02771765356255953
0.0236723560708829
0.028797226291660778
0.027775839480986244
0.02958633621312985
0.028844131302070426
0.02588883031959117
0.027301331118928244
0.026869662059825196
0.0295133868644884
0.029992070438850934
0.030151458442555894
0.023737182896942228
0.014364529766970361
0.015828062305229085
0.012758739121193975
0.00843177296399526
-1.0
-0.005194179534832932
-0.0042737498679389216
-0.00620313070932531
-0.0040825494378392176
-1.0
-0.0018358421681174777
-0.0013074664129815387
-0.0008909451781886217
0.002541269584378346
0.003345154476495155
0.0005184428073180951
0.0027303738599926187
0.003851934514975619
0.003917965405444859
0.00217433057015567
-0.0062415413155989625
-0.01419635953053356
-0.010752730223220548
-0.01706071095348393
-0.016791513035498258
-0.01941789645458941
-0.019700143431167404
-0.020021832967794192
-0.021038309753180138
-0.02080617663422777
-0.025203929026329855
-0.020730391624607273
-1.0
-0.020261694428686805
-0.021008370266047818
-0.017394313556076697
-0.02225665232011945
-0.019963231862349287
-0.024502269774237535
-0.019475279922228167
-0.021099121909948566
-0.01908589894692191
-0.02120710232440391
-0.022375708101713344
-0.021439449174245822
-1.0
-1.0
-0.02047502811969105
-0.02251256821496285
-0.02493359280051707
-0.020875969254054303
-1.0
-0.020903218193952702
-0.025819955161702865
-0.02379797030780241
-0.02638057364716501
-0.02224503445351553
-0.01939372247224042
-0.01946775307682292
-0.021242148779717057
-0.02489104873156378
-0.025714334032627857
-0.021773066180440486
-0.020758995764897776
-0.021843863403228372
-0.024589962510860996
-0.02354255055194645
-0.022116652022377493
-0.02351978963454527
-0.021247223078316644
-0.021633595315836824
-0.017611599988103854
-0.01985823720432265
-0.020240965497444512
-0.02200585828734685
-0.01831507988695431
-0.02026133870503838
-0.02026342129279576
-0.019248999406156802
-0.01746708428420289
-0.014874488003299631
-0.020916343925258127
-0.022030905198281246
-0.02567719333860335
-0.02416070441078537
-0.025187452681470532
-0.02383670413510104
-0.022156390555826428
-0.02736213339226691
-0.024617484039629586
-0.022956495251355916
-0.023611776738471747
-0.022263540275600523
-0.024876354145178907
-0.024456468742428378
-0.024552520319018955
-0.026890673322160413
-0.023749533012539823
-0.02148219487095348
-0.02553683552470106
-0.024833633086785628
-0.023725287107295333
-0.026598646906297426
-0.02349865458336886
-0.024683375515373245
-0.023916510705579683
-0.023708020285123626
-0.025267359109705314
-0.023893246634789457
-0.021000960116112216
-0.021291385597411974
-0.024661757828107568
-0.024005819182189175
-0.02284404232710006
-0.02759342889150577
-0.019703157898746496
-0.0215720164498267
-0.022781481232123122
-0.0240314237146718
-0.019853439622281498
-0.024597931694475484
-0.02311349168383969
-0.01854500126914954
-0.02202953491962293
-0.021726933233475514
-0.023551339933395435
-0.019460548631779154
-0.02037062926637645
-0.019169313984973225
-0.02322852929684929
-0.02451089350950516
-0.020277582838093618
-0.02131974792703029
-0.01788654111509811
-0.020677886003603912
-0.021209989013963416
-0.02477576442778057
-0.02186690903438215
-0.02415140391535923
-0.022817460519906914
-0.01981927304996508
-0.01886646229107077
-0.021350088011247707
-0.021451273467885553
-0.02207760752834643
-0.018337491613337
-0.01769552858186822
-0.015747516529722515
-0.014785609697652281
-0.021307255333144755
-0.02210252202760344
-0.020877776229091333
-0.018934822664849454
-0.014975910757299623
-0.016004854025970634
-0.017668256819175047
-0.013425285336897816
-0.020367185032913872
-0.0156980731644749
-0.016696611197153613
-0.015501814296309107
-0.014447811398280929
-0.014396506194516412
-0.015666557741320274
-0.019087569356701806
-0.01736372385985563
-0.01761754555836375
-0.02042069433558383
-0.01766603462090867
-0.015326839903089608
-0.01556561488801672
-0.01900200009098094
-0.016106615386218905
-1.0
-0.022054286899281284
-0.01806762270878652
-0.02062369256098829
-0.016830371364209732
-0.01645796870871748
-0.02158985979167471
-0.021153053885006247
-0.02454047146977104
-0.02186696742884043
-0.0200064027578333
-0.022650180295197216
-0.025834127792816856
-0.017774070395403734
-0.022073346478921545
-0.018564813764091175
-0.014940246185570548
-0.013328905028540039
-0.018090261662385566
-0.015161844606711416
-0.013648897289687245
-0.018329664416330146
-0.018884875645725607
-0.018623724109262392
-0.0174494475983764
-0.016432164468389087
-0.01616983466320025
-0.016426469518621915
-0.016354726700686693
-0.015246424308149147
-0.013864106164751897
-0.01833939970101439
-0.016294296719120926
-0.014466570098328685
-0.01901712697405699
-0.013647341515208734
-0.01170453055999963
-0.011102034333355673
-0.0127169875267289
-0.008860004031534635
-0.005177462357759561
-0.004476338609019073
-0.002996455731771925
-0.0012360130631880984
0.001538808801572638
0.005367427116393723
0.004845120035029066
0.009473020142988762
0.012209569942887771
0.0115006299200009
0.007857572190553648
0.015292879667646532
0.015454917511012942
0.02058148656227214
0.020331206203811715
0.01395880431461441
-1.0
0.011519059805243495
0.008550319610770336
0.008946637425706443
0.011629490013871818
0.017190053557959824
0.020122805750862595
-1.0
0.019882727047640235
0.020101534401383767
0.020538716681378324
0.01731885978658839
0.02156488733198668
0.023087174305974876
0.0215231581426661
-1.0
0.019100184782069825
0.0216823878421916
-1.0
-1.0
0.022051559885126006
0.02489811502617619
0.02681769034305377
0.022163371534476933
0.023044040188034125
0.018621422077204085
0.020508442290918694
0.023064610402445312
0.02070811251532592
0.022573531726267398
0.025266562271113856
0.020588956244106213
0.02060723054903726
0.01608988256419032
0.01690850079370629
-1.0
0.013952836109091149
0.01799540229293088
0.020727543309136325
0.01666807297630328
0.02302441025995584
0.018882172825275486
0.020006037001976267
0.021931186407394825
-1.0
0.016104652860718625
0.014509842181818718
0.014724671231404836
0.015476151480042886
0.015352248790166168
0.013581089434430066
-1.0
0.019706713057517318
0.019896152924442294
0.017483991424978314
0.015375484662312817
0.01021364182794702
0.009987744525853583
0.008394286041086111
0.015451647336943253
0.014639402105019789
0.01413179182433846
0.021780858177419652
0.019778781637724542
0.02066899369207069
0.02274667484240778
0.02223892064902474
0.021331306277797446
0.023797531688677015
0.020667567368404447
0.02598783955156263
-1.0
0.01974150994804792
0.02684740441536512
0.02700488051804799
0.018274859296607014
0.018173973411587538
0.02010197118442048
0.01726722472640547
0.019945780264363208
0.017989791111605865
0.023090724063664348
0.016259924771099464
0.0188682145320345
0.019566046774398046
0.018335517932332807
0.013409940430924076
0.018721370073968565
0.014477830211349666
0.01327654603383229
-1.0
0.009152837158295896
0.009687201231128173
0.01417564239999925
0.008617447488996982
0.007632030521953271
0.007297450424734671
0.0048886269192357865
0.0017125870576299369
0.0009793155316067215
0.002510332290402644
0.004148120184552636
0.009487426747042785
0.0073282929513184426
0.007287331858220822
0.002709463532011831
0.007022176318701378
0.012495179634507358
0.013026463920541334
0.01353404404198137
0.011518259925516127
0.006442109657523765
0.0061758086700205465
-1.0
0.02088320668297747
0.02367916734745851
0.024007852388908242
0.02143691902641037
0.027634982335525055
0.021736322296258822
0.02006283974846196
0.00856257016825897
0.00808291834178721
-0.00041760694258118075
-0.00018789092114657508
-0.005200354536941223
-1.0
-0.010286379633349333
-0.008819825582920991
-0.010218360293793196
-0.012631433028237148
-0.009218102407790736
-0.005290441214121342
7.381707370862063e-05
0.003678939398780776
0.007688145348163128
0.013267101012937738
0.01824828550283574
0.022162829704522453
0.029953011298690047
0.025703265075047988
0.02864733752572941
0.03031230791435165
0.0268767475948636
0.02475713548133522
0.031018512270110182
0.02981974578091055
0.02840346476139575
0.02649541314908672
0.02564857956034423
0.02706985724600979
0.03195892429651739
0.025665396941889383
-1.0
0.02490098184691742
0.027805313393203822
0.02927852228462155
0.02771366484794904
0.02356922518098276
-1.0
0.02913444407294519
0.028414827938222774
0.025680874047626097
0.028946941498309325
0.028131570278034274
0.028118855170509105
0.029734566135243237
0.02580964016100955
0.024435207544468485
0.026779296769563445
0.026072277348713147
0.025987020344230966
0.0237599881249143
0.024971061301306944
0.026866779248115393
0.021459353887426823
0.028504564768489903
0.025323458015083216
0.022840434802908913
0.02467526705083147
0.020363590931890833
0.016171259602072663
0.016456437518875586
0.02060716409795722
0.022794615163184893
-1.0
0.023994947790157428
0.02667102381377778
0.024072279725384064
0.0249201515459037
0.02141993104160469
0.023859164401497046
0.025536209930856146
0.0255639652068012
0.026295272343023156
0.03169029743351013
0.0210501710358345
0.023635267459140047
0.023682580756313968
0.024262027627104922
0.026120434177728552
0.02273322774779312
0.018995002599843488
0.022591440917524557
0.02142592011747248
0.020439905485508184
0.019137674640631732
-1.0
0.019332591152673044
0.01733370157373087
0.014682797746517574
0.018085696431871474
0.018502917199549357
0.0217799818175103
0.025830217578383764
0.021853658850099617
0.0198232558149835
0.020717430073354727
0.02074223746208961
0.02036901001226738
0.02283719370710152
0.021196492618983806
0.017716308713965317
0.020927122948232974
0.022889996820557534
0.021589004234848372
0.021506618349764594
0.02433201833030498
0.026463352851496674
0.021449735974312732
0.01887082749426286
-1.0
0.022224670625652775
0.02344980657314759
0.02112888032734857
0.02247327471040124
0.02239884324587748
0.023555988707918342
0.025474586167900225
0.017612380482296
0.020545018274427822
0.02305609654426926
0.02363198808319414
-1.0
0.021698336263752414
0.01816430640551752
0.01832092441088565
0.019895129700110124
-1.0
0.015479817169041739
0.018493523566171254
0.01877302317958391
0.017221637036924836
0.017064152789310488
0.011520079737589959
0.020171024855760826
0.019637478179118813
0.01934651774041015
0.016081090552934742
0.013585414795981592
0.01969144402561873
0.010617790707625408
0.014826909615600691
0.014649638328203625
0.011317140906761617
-1.0
0.005583283370291759
0.004164752005212801
0.004158624582004164
-1.0
0.00807244932821536
0.008581547212313939
0.008255198061222624
0.00505723804730487
0.003523252433834896
0.008955589616910344
0.001070365615653345
-1.0
0.0043067948956419366
-1.0
0.008263030167405047
0.005817293726207854
-0.002706543195744288
0.0006910682601936915
-0.004839772016595113
-0.0020461236099210563
-0.001661789651241491
-1.0
-0.0008497646846392026
-0.0010010998945939884
0.000879338682761638
-0.0046242117070767344
-0.00807117998972365
8.242526241023243e-05
0.0005858817932549945
-1.0
0.004137122463707998
0.006387198381147315
0.005372782846223124
0.009044360685570784
0.017089414316510527
0.02048837087634124
0.018714311827888838
0.022595010505636476
0.02350868836004565
0.024876392277955565
0.021730811516489035
0.02520806530691783
0.021346336996889936
-1.0
0.023735308241159426
0.01853321233839656
0.020722868634263612
0.026762645208525802
0.024266039709839527
0.01659417130968579
0.01990908013502634
0.022769741522699716
-1.0
0.02812997156775544
0.02982134276255048
0.02730013464047106
0.028339220201639
0.027837252396139624
0.027261030113914297
0.02442709502342858
0.0247474706360155
0.02254301946617319
0.02202006102129696
0.023210395234570743
0.023021111752366784
0.021100572071387286
0.021497745491597723
0.01371553942922641
0.010971361251708174
0.014078021344359553
0.015651039771585083
0.014621709931819622
0.014514251635447008
0.016592692250608086
0.018055495318113214
0.013154525679823599
0.011403292609209123
0.012631165501710243
0.01294031752874181
0.005002100557715069
-1.0
0.01059415000371918
-1.0
0.015155874833143679
0.014674122744034507
0.011011617911579353
0.012203091286376134
0.006214643963654448
0.009801403172632296
0.005791968314506985
-1.0
0.005342380543967997
0.0025747639406479336
-0.0031640906355978105
0.0004605951735211542
-0.00028668977935983455
0.0008336351060170788
0.0019638479420551755
-0.0007291428621777452
-0.00035193144332418687
0.003018273338031865
0.003800028278497716
0.012369728639318414
0.012645752297993876
0.009266931025289868
-1.0
0.0034268921573951815
0.00822628009692769
-1.0
0.011608005815399626
0.016887416742847997
-1.0
0.0160496615563655
-1.0
0.015310831951528171
0.021846229548238564
0.019858115909265332
0.019951392327159638
0.014292245296383649
0.016128228865694868
0.01494017474367033
0.013348337093554445
0.0071840440525806236
0.004007627082797502
-1.0
0.016645009319747762
0.010312077498745053
0.007762662001731415
0.008073226158532296
-1.0
0.01925684966595632
0.018675025308799928
0.02044300426479958
0.015511570625128816
0.014927918166938219
0.013152153184233122
0.009427512054862182
0.00891205855517674
0.004542024344973299
0.004067801697965937
0.003059803313982833
0.009728584964236064
0.009924251667629268
0.011059401837001805
0.012994925512816429
0.005115736350100411
-1.0
-0.00015888641903303522
-0.004694343827586072
-0.005722397412875833
-0.009247083699751123
-0.011538772401935762
-0.012719826440489846
-0.013939428789449659
-0.010596465634639996
-0.010337221220877999
-0.013613586318778143
-0.010001701246790345
-0.014106785388734982
-0.010730026104179384
-0.012990234351054756
-0.016196593234015337
-0.014402583511239275
-0.009947037158887643
-0.012549446012678427
-0.010886169167033668
-0.009526530263212925
-0.009422377654562622
-0.01598156391638807
-0.011932192676266126
-0.009565459072768238
-0.0071498527787943085
-0.009465765423176255
-0.008868248730592374
-0.012337761538632426
-0.010335415189090301
-0.007776275273981501
-0.007093473648939803
-0.008982160800190191
-0.009141825357502112
-0.009319018014802276
-0.009283924137350193
-0.012236429823679323
-0.013583279140626053
-0.011855347028868984
-0.013868646706515496
-0.012056353397146814
-0.013192630706417371
-0.014591959974936326
-0.013241865717512425
-0.011059345459645556
-0.010497746065385493
-0.00904704469312546
-0.01457896246942485
-0.01136309675827789
-0.012429357650310238
-0.014786185286587119
-0.013882243013336909
-0.00913912273441354
-0.012761811623044775
-0.012025941275088223
-0.01579348926538267
-0.016032172037075597
-0.015158567193962372
-0.009516739696367673
-0.013818984860010252
-0.015878008260329018
-0.0169506831552106
-0.01699448357426178
-0.016334953210971073
-0.015045687803971152
-0.011400409335503297
-0.011476583772731147
-0.012569149501797655
-0.012474465538929586
-0.008716563571362362
-0.006849442415021661
-0.01154766536970086
-1.0
-0.02020610007971915
-0.018680226282699736
-0.019291940956695758
-0.01886316202436277
-0.019810744768476354
-0.017731623661185785
-0.018000665758957358
-0.019061291856640652
-0.014533420759576917
-0.016482077484625338
-0.016765657159872303
-0.013941658040976813
-0.017509474745322468
-0.01527630966468493
-0.017141456955937745
-0.01893383416878945
-0.018363134701554904
-0.017989997929982883
-0.02166082726002562
-0.0168504155063605
-0.021636510062833913
-0.021056643663945142
-0.023359764439135722
-0.020663084212992632
-0.020992869567054276
-0.017545400833201958
-0.018000719773108808
-0.022008056496741396
-0.02239160930946721
-0.02322355476377851
-0.022159784822920765
-0.017327926432551623
-0.01971759036700335
-0.018511715987762276
-0.019152680603183012
-0.02150453016891606
-0.01808106471363437
-0.018484737309033782
-0.02326056125175796
-0.01912725678111561
-0.02477433316672394
-0.022332839030565203
-0.021807149510283227
-0.02126833276680135
-0.023587255056586792
-0.020537679826030206
-1.0
-0.02251588691004996
-0.022176686449939052
-0.022473232955886827
-0.012769179190643975
-0.02027597270070156
-0.01352811153689315
-0.014075373352895203
-0.015846840170004414
-0.01381677291337119
-1.0
-0.015354919138656985
-0.018101915181252207
-0.014363170743981295
-0.013724424314204836
-0.014589420783922015
-0.013637686735038068
-0.0161477831050056
-0.019081282489177082
-0.017896287864556513
-0.010873072054976845
-0.01501572475294663
-0.018093413013360045
-0.020948884736667686
-0.024335765703309045
-0.02144612234549432
-0.020575221750031247
-0.023794286833425625
-0.02335256024114614
-0.01841169306957807
-0.012118636375302836
-0.01295054532052477
-0.007518036555946713
-0.008224275209479949
-0.010323271826025196
-0.011225794849186307
-0.01157265465636063
-0.012782069957199962
-0.011353814285485564
-0.012419592994219058
-0.013641785882627917
-0.015285331515721345
-0.014111616384251341
-0.020539951298943454
-0.016655588897521487
-0.01895793749887552
-0.015937386571654
-0.017712851331142893
-0.01491204294985085
-0.015701163150102417
-0.017786002649642016
-0.016296459821918186
-0.0194665712512393
-0.017115218426866342
-0.018639491028612953
-0.019850053408315107
-0.016493257835525636
-0.015147937082402307
-0.01381671734228225
-0.01398480369433788
-0.013158751109503958
-0.012531432707714528
-0.01855270955073703
-0.017692317744743526
-0.02015043326997402
-0.015496663315667875
-0.01691237509004019
-0.017161144075339335
-0.016941105813777918
-0.015943991028301418
-0.013237783058734862
-0.010381832317647973
-0.009737625386971165
-0.013933272466639203
-0.011063042666699717
-0.012568058175990738
-0.013018553984408262
-0.005813028181039756
0.0021938503791682946
0.00411845684390084
0.0047085747292259315
0.0017879912674969305
0.002473313947432225
-0.0013021764726061243
0.0015193271667139382
-0.004709019801208827
0.0014521518321097646
-0.0010239019000577705
0.004689980869671332
0.003104064195761064
0.003451779347763904
0.009145884069431244
0.007498471041065275
0.0035273112001578933
0.002795433447772844
0.002010131972000766
0.0034379426930780284
0.006529848668064862
0.003674610145854268
0.002188303434521244
-0.003995348565794559
-0.010654011992202088
-0.014928042056357846
-0.010999970183391371
-0.01330369836177387
-0.014762080434918027
-0.01443679477097265
-0.017120081995060932
-0.01612191595240253
-0.012370505859651139
-0.0109503425386146
-0.016684261336081727
-0.009297509554789049
-0.01286738508403579
-0.01252840477787278
-0.009261639553345974
-0.013317539029881453
-0.01372427553486491
-0.012019374264824667
-0.015020146203229964
-0.006837248502890958
-0.006271961484773068
-0.0003857844789314471
-0.0027642806659986426
-0.0013254708349935687
-0.0041876631514922566
-1.0
-0.005426589397548122
-0.0019236630739320358
-0.0037144489098650643
-0.00282385526088909
0.007246624465932577
0.011842839375960364
0.0113530803024283
0.013918689550902131
0.01830748861879613
0.015217476725592231
0.01357715744417428
0.020203214609626038
0.009541702239857014
0.02107415138247731
0.011877692719389793
0.014861738014796086
0.014069394592465144
0.015037231460550733
0.009616654869820896
0.00970243983377141
0.003694209673433312
0.0002794016104245811
-0.002186524302565367
-0.002755822375381087
-0.003603349783770139
-0.0018818288166256843
-0.004232932463272727
-0.007155040332337455
-0.007600367772455605
-0.009751845654226338
-0.005166967769111619
-0.0007147729785278786
0.004976954842439844
0.003913512765296442
-0.00316572792329301
-0.002585210874271427
-0.005196193722346096
-0.0038258320542991094
0.0026546941133497753
0.009251001397307314
0.013018471342139057
0.016248003681918276
0.01752891655973626
0.022429254348431238
0.014547789334967393
0.018943438952258515
0.01972457349688833
0.01753763680413338
0.020208864768017264
0.017523139231081498
0.021542663431977187
0.022057559146883902
0.020172540248703175
0.023282934392574502
0.015280421373679798
0.011258004004345642
0.010374205445825279
0.00666773115239771
0.002308258274654111
0.0018705205702914905
-0.0034042456341596837
-0.0020318764216671185
-0.004295422540911542
-1.0
-0.006402643740499233
-0.008139253378483223
-0.010898914140443722
-0.00430381137164568
-0.004659550062895667
-0.0091388477965685
-0.006899280029911398
-0.010401889027992219
-0.006724279927985897
-0.004485293031485743
-0.004826102695175435
-0.005822396787707924
-0.011324922960210234
-0.011380491531560514
-0.00987384900704125
-0.006292995593627997
0.0012182363140533438
-0.0015353405336586898
0.00013187828262575652
-1.0
0.003192685812350507
0.00011980380710638763
-0.0062517454447848855
-0.005824905770420024
-0.009617653034230546
-0.010151391416905228
-0.0062270979247292055
0.0007878179732740482
0.00013631585914194048
0.0008152352585422756
0.002605321009022046
0.006752893210339738
0.008827109273084492
0.008596876526149499
-1.0
0.008973917933212724
0.009076981377208741
0.005673892251045641
0.006396193175805868
0.0008776707149561834
0.007007421410944769
0.0072986134798535204
0.006469340884351805
0.002950590137838588
0.0021402638837184117
0.0052437893485782015
0.008332910738875583
0.0028108553753732946
0.004777778889904656
0.005143430770828734
0.0009890216818526842
0.0049917374871080835
0.0007526468455218768
0.0005331681368864722
0.002814633060649372
-1.0
0.0010761459257665681
0.0013581733999471755
0.0020662713869601737
0.005148686427816656
-1.0
-0.0012004940290755097
-0.0008969448344539585
-0.0014669860615159611
-0.0022576195083208986
-0.0038540092741793995
-0.0034271640233283236
-0.0015840765829695986
-1.0
-0.0064724475985523935
-1.0
-1.0
-0.007668642293768554
-0.005873168910357275
-0.0015799165214955937
-0.011060009238929636
-0.005662767097619074
-1.0
-0.009752211369448241
-1.0
-1.0
-0.011573127033129772
-0.011794238811931774
-0.01126093521017599
-0.007849840415449552
-0.011050541850120017
-0.006401567719932256
-1.0
-1.0
-0.008515220016851607
-0.008441953447141546
-0.011539702740825625
-0.009742356118811505
-1.0
-0.008864074099823318
-0.010222858292904178
-0.00781708647997461
-0.008047767514965226
-0.004038858278523363
-0.005119468476413459
-1.0
-0.009008177395903877
-1.0
-1.0
-1.0
-1.0
-0.008750123326502834
-0.012765245785815064
-1.0
-0.012107902137240806
-1.0
-1.0
-0.009822304245051709
-1.0
-0.012795674014156391
-0.009006498627354233
-0.011299644126584761
-0.007837204623070991
-0.007862800696416988
-0.007894845974246688
-0.013215112915340943
-0.01089825714500029
-0.010579403212203244
-0.009225159632367998
-0.007035995662675149
-0.007004757023547593
-0.010830981633372082
-0.012006126413522477
-0.014449778728328479
-0.017248992924222897
-0.019996962737272615
-0.01604568507221073
-0.01963889100929026
-0.015960895626084978
-0.02141664944826889
-0.01877282060880901
-0.01716103270953214
-0.017154511538202497
-0.01664715125541131
-0.015563870520646839
-0.016724668314161972
-0.014783550287221304
-0.018595711622200257
-0.019025699376574667
-0.013528063115034773
-0.013735478280961678
-0.015623962118278932
-0.012024681917175935
-0.016103685076569566
-0.01880075262524378
-0.016163127410367375
-0.013405771714286287
-0.0157955293325976
-0.0214435241221459
-0.015796019599225154
-0.018484044655233824
-0.018458753703514987
-0.01599392724332491
-0.02003780018229674
-1.0
-0.0170153968314533
-0.02094917214570113
-0.019834033902563556
-0.014752777763097287
-0.012893040623178802
-0.012802817746141074
-0.01337382553592349
-0.00969704556031634
-0.006313356571481364
-0.0055106298234142755
-0.0036282745423116556
-0.003491012436334383
-0.0019263352260021978
0.0002144523756516671
-1.0
-0.0029324184942687336
-0.004710251137782813
-0.004889551241293205
-0.005685646873553498
-0.0010403474458780253
-0.0009884527605582296
-0.0008792879813930458
0.0010516692177043876
0.0014576368403093202
0.007297986346894278
0.007765797077412135
0.007964098689947173
0.007011674971665704
0.005603101344775451
0.008414394416226186
0.01155653094995579
0.008770084612495276
0.004176132087684926
0.011651401303621573
0.009628304106238009
0.010311538812156662
0.010436603217565286
0.010600893125946878
0.012608590809315642
0.011532069050270521
0.0101125545244557
0.013777910969839326
0.011173948035045806
0.01726360740477597
0.013788996254813907
0.017566182759816945
0.018365494505890197
0.018442891557891566
0.017741238842451327
0.016582454394744595
0.015878902850559186
0.013042413568317725
0.014328784251936842
0.014860144038008956
0.010411423453246306
0.0141417575719119
0.008125327781432611
0.011354427270489789
0.005406777730319081
0.0015763068526595749
-0.006151962674609244
-0.008148707583582344
-1.0
-0.01219260529121495
-0.011001097835107655
-0.015135427354028503
-0.01599815236989215
-0.012961365143813634
-0.013111785548738425
-0.016313394915400955
-0.015844710925538318
-0.019184712512804524
-0.01989408893900049
-0.01949480197689453
-0.01871962910556303
-0.014136699414801668
-0.018081326777808285
-0.01670175739721432
-0.019554717419544773
-0.019870300131322696
-0.02098496378593356
-0.017729823246405676
-0.01950800781099841
-0.018503784071369763
-0.018820460796742395
-0.01781589003368277
-0.022156932865989624
-0.021628317323470772
-0.026180621261430077
-1.0
-0.020640386650379778
-0.02176162095690419
-1.0
-1.0
-0.022068373553647446
-1.0
-0.01935571528752525
-0.01971584960490434
-0.01812591981692036
-0.018144899251254235
-0.020017653263558085
-0.019204389351378852
-1.0
-1.0
-0.020788922784563752
-0.024452474994938283
-0.02154099694102645
-0.020878422088241946
-0.020821269105344434
-1.0
-0.018994413876281542
-0.021578907865414148
-0.024374786094593797
-0.021931899166476018
-1.0
-0.018556184716448425
-0.02025329882597779
-0.016071432180263977
-0.022332013459481576
-0.02164434487726815
-0.020755717166161574
-0.021095100764637265
-0.011863451586856665
-0.022121810767540624
-0.02034039783575413
-0.0218701336647829
-0.023026019225026378
-0.02725919703713192
-0.019747971593255434
-0.02260915351928745
-0.02155390047654508
-0.024587605360823002
-0.02402260084889147
-1.0
-1.0
-1.0
-1.0
-1.0
-0.02254867893546681
-0.020381696717178512
-1.0
-0.019423749117809412
-0.015447519546521172
-1.0
-0.01944012382590436
-0.018600899708248436
-0.016692580487869226
-1.0
-0.017197853340230558
-0.017276997792268208
-0.013524156997227782
-0.01498191969242127
-0.015634870067093826
-0.01024938401289579
-0.013069823475298606
-0.012708100331567222
-1.0
-0.012647971553254752
-1.0
-1.0
-1.0
0.0010729503378109804
-0.0003077499119284933
0.000605295297391365
-1.0
-1.0
0.0024414118139185767
0.005024308596267914
0.001178912587611578
-1.0
0.0012967660559530226
0.004575750264327356
0.0033010671785591084
-0.0011832360053400436
-0.003262788762306213
-1.0
-1.0
-0.003927197825033937
-1.0
-0.014733672531632876
-1.0
-1.0
-0.018981647632754558
-0.01636937419349947
-1.0
-0.01714209029231453
-1.0
-1.0
-1.0
-0.009459652288930524
-1.0
-0.01404498573031075
-0.01564698660566776
-0.015574521103252909
-1.0
-1.0
-0.014634500281996065
-0.014417349292529767
-1.0
-1.0
-1.0
-1.0
-1.0
-0.007427237594246332
-0.011498012438112337
-1.0
-1.0
-0.0071758858364230835
-1.0
-1.0
-0.005371790082811479
-1.0
-1.0
-1.0
-1.0
-1.0
-1.0
-1.0
-1.0
-1.0
-1.0
-1.0
-1.0
-1.0
0.029230661949194374
0.028110837022405005
-1.0
-1.0
-1.0
-1.0
-1.0
-1.0
-1.0
-1.0
0.028927445486986968
-1.0
-1.0
-1.0
-1.0
-1.0
0.027270325456259056
0.02834486117687922
0.027373097237110358
0.03324641200183053
0.026977243280422527
-1.0
-1.0
0.027507283242330236
-1.0
0.030424395935857
0.03223413502755223
0.03189086603720808
0.03346613664902112
0.03131507539291088
0.03198246815200435
0.0325783102799662
0.030441963830936638
-1.0
-1.0
0.030818470568046458
0.02984330659915315
0.030108512190454975
0.031001452851932457
-1.0
0.021938325613432404
-1.0
