-1.0
-1.0
-1.0
-1.0
-1.0
-1.0
-1.0
-1.0
-1.0
-1.0
-1.0
-1.0
-1.0
-1.0
-1.0
-1.0
-1.0
-1.0
-1.0
-1.0
-1.0
-1.0
-1.0
-1.0
-1.0
-1.0
-1.0
-1.0
-1.0
-1.0
-1.0
-1.0
-1.0
-1.0
-1.0
-1.0
-1.0
-1.0
-1.0
-1.0
-1.0
-1.0
-1.0
-1.0
-1.0
-1.0
-1.0
-1.0
-1.0
-1.0
-1.0
-1.0
-1.0
-1.0
-1.0
-1.0
-1.0
-1.0
-1.0
-1.0
-1.0
-1.0
-1.0
-1.0
-1.0
-1.0
-1.0
-1.0
-1.0
-1.0
-1.0
-1.0
-1.0
-1.0
-1.0
-1.0
-1.0
-1.0
-1.0
-1.0
-1.0
-1.0
-1.0
-1.0
-1.0
-1.0
-1.0
-1.0
-1.0
-1.0
-1.0
-1.0
-1.0
-1.0
-1.0
-1.0
-1.0
-1.0
-1.0
-1.0
-1.0
-1.0
-1.0
-1.0
-1.0
-1.0
-1.0
-1.0
-1.0
-1.0
-1.0
-1.0
-1.0
-1.0
-1.0
-1.0
-1.0
-1.0
-1.0
-1.0
-1.0
-1.0
-1.0
-1.0
-1.0
-1.0
-1.0
-1.0
-1.0
-1.0
-1.0
-1.0
-1.0
-1.0
-1.0
-1.0
-1.0
-1.0
-1.0
-1.0
-1.0
-1.0
-1.0
-1.0
-1.0
-1.0
-1.0
-1.0
-1.0
-1.0
-1.0
-1.0
-1.0
-1.0
-1.0
-1.0
-1.0
-1.0
-1.0
-1.0
-1.0
-1.0
-1.0
-1.0
-1.0
-1.0
-1.0
-1.0
-1.0
-1.0
-1.0
-1.0
-1.0
-1.0
-1.0
-1.0
-1.0
-1.0
-1.0
-1.0
-1.0
-1.0
-1.0
-1.0
-1.0
-1.0
-1.0
-1.0
-1.0
-1.0
-1.0
-1.0
-1.0
-1.0
-1.0
-1.0
-1.0
-1.0
-1.0
-1.0
-1.0
-1.0
-1.0
-1.0
-1.0
-1.0
-1.0
-1.0
-1.0
-1.0
-1.0
-1.0
-1.0
-1.0
-1.0
-1.0
-1.0
-1.0
-1.0
-1.0
-1.0
-1.0
-1.0
-1.0
-1.0
-1.0
-1.0
-1.0
-1.0
-1.0
-1.0
-1.0
-1.0
-1.0
-1.0
-1.0
-1.0
-1.0
-1.0
-1.0
-1.0
-1.0
-1.0
-1.0
-1.0
-1.0
-1.0
-1.0
-1.0
-1.0
-1.0
-1.0
-1.0
-1.0
-1.0
-1.0
-1.0
-1.0
-1.0
-1.0
-1.0
-1.0
-1.0
-1.0
-1.0
-1.0
-1.0
-1.0
-1.0
-1.0
-1.0
-1.0
-1.0
-1.0
-1.0
-1.0
-1.0
-1.0
-1.0
-1.0
-1.0
-1.0
-1.0
-1.0
-1.0
-1.0
-1.0
-1.0
-1.0
-1.0
-1.0
-1.0
-1.0
-1.0
-1.0
-1.0
-1.0
-1.0
-1.0
-1.0
-1.0
-1.0
-1.0
-1.0
-1.0
-1.0
-1.0
-1.0
-1.0
-1.0
-1.0
-1.0
-1.0
-1.0
-1.0
-1.0
-1.0
-1.0
-1.0
-1.0
-1.0
-1.0
-1.0
-1.0
-1.0
-1.0
-1.0
-1.0
-1.0
-1.0
-1.0
-1.0
-1.0
-1.0
-1.0
-1.0
-1.0
-1.0
-1.0
-1.0
-1.0
-1.0
-1.0
-1.0
-1.0
-1.0
-1.0
-1.0
-1.0
-1.0
-1.0
-1.0
-1.0
-1.0
-1.0
-1.0
-1.0
-1.0
-1.0
-1.0
-1.0
-1.0
-1.0
-1.0
-1.0
-1.0
-1.0
-1.0
-1.0
-1.0
-1.0
-1.0
-1.0
-1.0
-1.0
0.10554969002498835
0.22371847149360014
0.035482623644401724
0.004145556432545816
-1.0
-1.0
-0.06512581223865914
0.24779952203386504
-1.0
-0.023502551764349552
0.21900599813754373
0.08846204082131655
-0.041812946464669896
-0.0959650587300782
-1.0
-1.0
-1.0
-0.057103613793413194
0.18675017134243307
-0.037808435538909446
0.07398996718450998
0.00026722888962763403
0.05702533488663808
-0.023830101023416907
-0.035335035969716495
-1.0
-1.0
-0.019282179625423217
-1.0
-1.0
-0.04160683946533025
-1.0
-0.040233306618611096
-1.0
-1.0
-1.0
-1.0
-1.0
0.08630414370331879
0.22011468326491065
0.22510537494935884
0.07660066896882546
0.1963456342552549
0.23858091290545147
0.13954396661454066
0.32747283312952213
-0.007948816808925844
0.1422513686197164
0.1973320750110591
0.25118512208761895
-1.0
0.009924780865607687
-0.051612113109875936
0.09885069491146373
0.07672148347867547
0.28746306066962807
0.14163212299783542
0.11090258580804241
0.12536178535301598
0.2693614333708654
0.2685467752782572
-1.0
-1.0
-1.0
-1.0
-1.0
-1.0
-1.0
-1.0
-1.0
-1.0
-1.0
-1.0
-1.0
-1.0
-1.0
-1.0
-1.0
-1.0
-1.0
-1.0
-1.0
-1.0
-1.0
-1.0
-1.0
-1.0
-1.0
-1.0
-1.0
-1.0
-1.0
-1.0
-1.0
-1.0
-1.0
-1.0
-1.0
-1.0
-1.0
-1.0
-1.0
-1.0
-1.0
-1.0
-1.0
-1.0
-1.0
-1.0
-1.0
-1.0
-1.0
-1.0
-1.0
-1.0
-1.0
-1.0
-1.0
-1.0
-1.0
-1.0
-1.0
-1.0
-1.0
-1.0
-1.0
-1.0
-1.0
-1.0
-1.0
-1.0
-1.0
-1.0
-1.0
-1.0
-1.0
-1.0
-1.0
-1.0
-1.0
-1.0
-1.0
-1.0
-1.0
-1.0
-1.0
-1.0
-1.0
-1.0
-1.0
-1.0
-1.0
-1.0
-1.0
-1.0
-1.0
-1.0
-1.0
-1.0
-1.0
-1.0
-1.0
-1.0
-1.0
-1.0
-1.0
-1.0
-1.0
-1.0
-1.0
-1.0
-1.0
-1.0
-1.0
-1.0
-1.0
-1.0
-1.0
-1.0
-1.0
-1.0
-1.0
-1.0
-1.0
-1.0
-1.0
-1.0
-1.0
-1.0
-1.0
-1.0
-1.0
-1.0
-1.0
-1.0
-1.0
-1.0
-1.0
-1.0
-1.0
-1.0
-1.0
-1.0
-1.0
-1.0
-1.0
-1.0
-1.0
-1.0
-1.0
-1.0
-1.0
-1.0
-1.0
-1.0
-1.0
-1.0
-1.0
-1.0
-1.0
-1.0
-1.0
-1.0
-1.0
-1.0
-1.0
-1.0
-1.0
-1.0
-1.0
-1.0
-1.0
-1.0
-1.0
-1.0
-1.0
-1.0
-1.0
-1.0
-1.0
0.008646709473413235
0.0015557189166468723
0.0009519519539911342
-0.0081146986821458
-0.018611717426305546
-0.02050721412168948
-0.018793204262354066
-0.01709820271083456
-0.017210872949515035
-0.011749279229132895
-0.011479418765240862
-0.009612027830294191
-0.005161446117095284
0.0073598915864119124
0.017771454474896184
0.008939677828452598
0.0155841961609063
0.02530384164655728
0.023275058993682544
0.026887081735940732
0.02986658672535721
0.02889415154006994
0.026837576910304136
0.02471944530991393
0.02011416832420654
0.02289046733153394
0.027303357316760927
0.02028032433741757
0.022216157242475578
0.022865542617359735
0.012215676285078319
0.016096515201370714
0.017193648860143167
0.020131415586857073
0.01520635788351361
0.005072973902611478
0.003046769666675783
0.008076147758273125
0.01870057572161988
0.022083118310781885
0.024861598416914828
0.022019760946143604
0.0038375989199252902
-0.00040311363590119544
-0.005348201704565154
-0.006494393207548092
-0.006145902751847189
-0.0021717989533023194
-0.008272345585041824
-0.009295868183954469
-0.014310777355100087
-0.013630352243955448
-0.01242718100597219
-0.01214607901097064
-0.008861927708071773
0.004134487380402208
0.005200077369814023
-0.001085400219925477
0.00027141827548213
0.00028168717229528435
-0.0064561705357578415
-0.005877949343234128
-0.007052597501735225
-0.009292562576416568
-0.009096494445624732
-0.005040440813937149
-0.0016782457242293788
0.007969601796437057
0.023713445814664665
0.021043291892306387
0.020015125686534442
0.01799664671184816
0.015261984479929873
0.0117036441178803
0.004916643828575583
-0.010280115056747982
-0.019445511635940646
-0.0200587574281718
-0.0214590502520561
-0.025877561785352443
-0.024972472982012803
-0.024867194176658752
-0.025933755092854924
-0.02632495080236844
-0.029247856053291176
-0.025064621937500236
-0.020617478997777116
-0.021984339998936793
-0.022119180572196005
-0.024891759548510112
-0.0247782068766622
-0.020676260626183267
-0.024841518319415907
-0.030193999563411747
-0.03197788072696527
-0.03093322164885141
-0.032097824736470715
-0.031078708945054028
-0.034000713475688726
-0.03344213566949593
-0.03470202577952519
-0.03514351265299967
-0.03536971564818765
-0.03449665072878793
-0.0350485738397156
-0.03316917569403582
-0.0347555706249398
-0.035460949631735225
-0.035339264230333164
-0.034534675968563855
-0.03600274445204005
-0.03627400453089522
-0.035598656941259826
-0.03596981028046724
-0.0356856962293432
-0.03513163406304657
-0.03555840167999743
-0.031668948686799564
-0.03537583600984146
-0.036538690146027585
-0.0336250564222243
-0.03553958761337908
-0.03150228444584149
-0.03551922046292608
-0.03642320863121757
-0.0331032568170795
-0.03561433006316739
-0.03685257818117313
-0.036971928961318144
-0.03369956908518274
-0.03437511287764401
-0.034854906594746
-0.031051336152750728
-0.02839733270112406
-0.01565667472799115
-0.01446803753580895
-0.007600268292908021
-0.011716613023803757
-0.011675282961859441
-0.00865775378031833
-0.007644214755187604
-0.005143496995027476
0.012982728419535915
0.01621858721133222
-0.004943363407764719
-0.008753089588270604
0.0020057832474027616
0.007884299438818533
0.009399345868898394
0.017404719965628482
0.028624442810676238
0.027464078229276236
0.021470216565413466
0.009470463870059547
0.0031467015764150654
-0.001998738186372077
-0.01442116851804567
-0.020823250778261033
-0.024144102842115257
-0.027333706188899163
-0.027275876947387093
-0.0281370325723182
-0.031479774046296455
-0.03351904195986174
-0.03241723260068783
-0.03261373760496704
-0.03451109458562737
-0.034083242320530456
-0.0338142342773154
-0.03421882047814402
-0.03291778666550316
-0.034027395017128675
-0.037436746747847666
-0.03664089723612104
-0.03602240368875431
-0.0378795772165893
-0.03649832870021848
-0.03566574430368413
-0.0348768461931435
-0.036233169881904316
-0.03718171221483659
-0.03626557937625419
-0.03835725445489212
-0.038065480956506415
-0.03812917967439649
-0.037663107201513925
-0.037271848661092705
-0.03730073430048984
-0.038490835935329135
-0.03784166338657048
-0.03835050100348568
-0.036968452022138415
-0.037722757836877854
-0.03656565892079432
-0.03740330837612569
-0.03779590247946348
-0.036457511680786085
-0.03723724016793275
-0.03602226083364087
-0.035914264513455876
-0.0387792574520742
-0.036087492853756266
-0.03817369944113631
-0.03596480310380833
-0.036295314769118944
-0.03814597283111644
-0.03595275429642217
-0.038251825048871445
-0.037092221067921524
-0.03695079260509358
-0.03645898389512183
-0.03291015600491271
-0.03156207382052694
-0.029743616528298638
-0.031616186582191376
-0.0323605084122196
-0.02989405795634751
-0.02971042069584832
-0.033854885240125906
-0.03483263382803336
-0.03677913541616977
-0.03490697884699506
-0.03367147935838184
-0.03624596558637248
-0.03531428270625187
-0.03557313859848098
-0.038336148132405434
-0.03683933371480913
-0.03523568752081293
-0.03571472590785041
-0.03829738706527726
-0.03645444054675862
-0.037202903703157424
-0.03622361640130225
-0.03648406160756324
-0.0369345594999624
-0.034319762165979276
-0.03691794681720611
-0.037197442252528246
-0.03517180365570058
-0.03780350068866177
-0.035079551978196656
-0.038521925882320965
-0.03853000533393919
-0.03675118689030851
-0.037989227476390115
-0.03649874076074255
-0.03891308324445905
-0.038659576633928716
-0.0381664407571169
-0.03628218264766239
-0.038150868296771605
-0.03722290320070488
-0.040036088804770976
-0.03684161467067449
-0.040436258024289566
-0.03912272428762425
-0.038719374874713046
-0.038372669777468824
-0.039139258167142046
-0.038787454802587475
-0.038097603914238685
-0.03832294907753541
-0.03904167314192009
-0.03849964938065228
-0.039320695095234566
-0.03950214843646357
-0.03869340376143401
-0.040049622998217724
-0.03886079359483148
-0.039202806147807835
-0.03870363038391873
-0.03974863632897163
-0.03872687416791701
-0.03926091246361699
-0.03853552015490011
-0.03917797715794617
-0.03815827375996329
-0.035959836050313006
-0.03605808751972947
-0.03620806592882229
-0.0368142611269511
-0.036136294043825186
-0.03713175270520083
-0.036773201324393344
-0.035398906818178554
-0.03753612668081002
-0.03751846011412959
-0.03591765156767444
-0.03691672277510075
-0.03806502955474652
-0.03914640380586968
-0.036828057175609955
-0.03801333484018894
-0.037936685366750565
-0.03760222478788713
-0.03799594445315596
-0.0379759756180473
-0.03544475097363092
-0.037829461973803956
-0.03772516900167615
-0.039966348780198904
-0.038139421107239536
-0.03817967683894916
-0.03889786528380168
-0.03717633798189211
-0.039295805084481564
-0.0364321855363754
-0.0395510620514045
-0.03949146546078201
-0.03949631745023972
-0.03908483657789483
-0.039492159673088674
-0.03981167658628792
-0.03881561368838984
-0.03985696213118332
-0.03989244260091253
-0.04101374826047533
-0.03957745787576114
-0.03981082027572214
-0.03869454734050114
-0.03548310831005191
-0.038542925990752784
-0.03964002342031905
-0.03683020368778813
-0.03991317623856709
-0.03560014616320778
-0.035159888997628196
-0.036211662960332486
-0.03680604560245691
-0.03858838161359677
-0.03978527478541988
-0.03948147384594132
-0.03852769663579374
-0.038274623366740916
-0.036858368465797944
-0.04064955578995583
-0.03955388810834206
-0.03928654761063934
-0.0382857168808499
-0.03968553997073634
-0.03619264575110891
-0.04018971217810141
-0.04062328982323865
-0.03953552268152106
-0.03959759028588551
-0.03900721082054532
-0.039333892097212934
-0.04010348472038296
-0.03741572819169253
-0.03274901100307607
-0.03744569749557815
-0.039614359093691605
-0.03879033648360031
-0.037762761341397715
-0.035650147067548224
-0.03842830360731027
-0.0374902543294002
-0.0382447485312647
-0.03812835302644466
-0.03723987954578696
-0.038468823917314404
-0.03658401684781013
-0.03592134318107454
-0.03647288722834018
-0.035604906138686686
-0.03508092653376198
-0.03620076089788957
-0.03528988583579784
-0.03625779393966307
-0.035831493925621134
-0.03358944642710838
-0.03624646212004472
-0.034305979290966224
-0.03115273199722393
-0.032298068045932826
-0.02604203574667571
-0.014241517156502582
-0.017783581649803613
-0.02821686112534013
-0.029981436406293475
-0.031490233880690686
-0.032489349336634055
-0.03435729930666323
-0.03467501583354638
-0.03164262751190736
-0.034083259745501256
-0.03400466028806237
-0.03597006198240628
-0.03470067991728517
-0.0356959029449887
-0.03523287004156
-0.035189081709436396
-0.03300074640960091
-0.034039819462383866
-0.03515836950209107
-0.03413177868174414
-0.031697341703813144
-0.035561804608166755
-0.03218589527419012
-0.03261778999216104
-0.03341746861880993
-0.03233470199866214
-0.02570767046756822
-0.028022934790380406
-0.029509555579726305
-0.025216230531606355
-0.024529989426253198
-0.028137315622951048
-0.03025256169700664
-0.02751237503630251
-0.030670595534005692
-0.027652104896834378
-0.027000546197968663
-0.024425091159575245
-0.026884178379141744
-0.027417851616860153
-0.029496762016109353
-0.029490079704377628
-0.025131395250268595
-0.02925720333062103
-0.03015925133829174
-0.03014196507617115
-0.026594139048623767
-0.02504520855305665
-0.02373016505292661
-0.0221345768215278
-0.022264029077007474
-0.023733848373041686
-0.020684993024946793
-0.01740029133779299
-0.021716740665088326
-0.019733116223016885
-0.018340019322586217
-0.013710394947680676
-0.00976076844666836
-0.013213648332134809
-0.006001577159209629
-0.012444164340825636
-0.014374058919151557
-0.014238493479844532
-0.013609408777041507
-0.010838762869951075
-0.008469964370034274
-0.00633847174787928
0.0026397496687073445
0.011359817585207781
0.007871514581903598
0.001858368976267017
0.0012566302132553501
0.007933457512237722
0.0009017966886451142
0.0008604750766496608
0.0008664184816727455
0.011058656955727055
0.0234100641739487
0.027311578409313843
0.028694570057415623
0.028110377874701775
0.026146461353511338
0.02418535528545807
0.02707461122862435
0.024107776893333765
0.01113397129250444
0.007574354511141123
0.0003261381679394714
0.0031893927682145736
0.014847958920020618
0.021157360415511542
0.013736225386074007
0.002295457138894828
-0.00870243165014661
-0.013798348776081918
-0.00996215530397983
-0.0053910063631808745
-0.0037731023975174013
-0.002268183943621976
0.00360608192945645
0.0026099387677266345
0.002681498623761162
0.0022573671306571484
0.0053562054555621715
0.005518156726049789
0.005516039923814767
0.007380724564880304
0.0028994313429038096
-0.015374470515018097
-0.02540810986304219
-0.02793949940287512
-0.0320256743106098
-0.03471932159867938
-0.03657110059368136
-0.03805309875777095
-0.03688105263207229
-0.03694247885235485
-0.038004307133799466
-0.036637565863338016
-0.03703923925259866
-0.038652932680920536
-0.04009539685842646
-0.03973365722731199
-0.03968147113976387
-0.039593593146200486
-0.039889216119538246
-0.037080492562481186
-0.03942706898643713
-0.03850132764976867
-0.03414115533141733
-0.035233959609181124
-0.03885632741372454
-0.038355183518276555
-0.03548531607672803
-0.03245703989004889
-0.03269223535305782
-0.037667535487226636
-0.03819956010637078
-0.040550164838183626
-0.03940840651319419
-0.039500421265855505
-0.03764438397249107
-0.039740469824165604
-0.04020334179637097
-0.04087108937764279
-0.03936572813502848
-0.039169458746516624
-0.04005854329618342
-0.039703496137143614
-0.039515745152568456
-0.03899918993189406
-0.03993125480637681
-0.03959180721530417
-0.03849308065048364
-0.03735878901942102
-0.03915022747762934
-0.039570602436934034
-0.039744440678104995
-0.03837563310487512
-0.03783209814044263
-0.03905529242119004
-0.03940277406653471
-0.03927910052251644
-0.038297923517176855
-0.03832810460350405
-0.039854058795260876
-0.03787247775290602
-0.03880846984436236
-0.0389032998224997
-0.039479680980635964
-0.037715732529029225
-0.03786887566300743
-0.04013863112428184
-0.03721830538835914
-0.0360398490814582
-1.0
-1.0
-1.0
-1.0
-0.03587213997985066
-1.0
-1.0
-1.0
-0.03594374167549138
-0.038313106582637334
-0.040122549794906086
-0.03741414559666225
-0.03885288199758254
-0.03919455483712234
-0.0389870046118754
-0.03922172246149385
-0.03899650369740105
-0.03921451843937097
-0.038559001924874686
-0.03928390204423654
-0.03890376357526284
-0.03971412238423654
-0.03756204610698815
-0.03814780294798216
-0.03886948785760911
-0.03546271741148719
-0.03620308230344862
-0.03685907087537387
-0.03596199052802137
-0.03748267904802636
-0.03701919436203634
-0.03756156917910833
-0.037248477335697465
-0.03127476835880808
-0.029491958345656395
-0.022513615393078622
-0.021259067096494617
-0.01997068441927013
-0.01570664971111394
-0.00927353442606051
0.0013118612636267737
0.011132647022390006
0.008473895151792782
0.01603486006799387
0.021121367103346635
0.02714170090140406
0.02897000470893073
0.03071093999668935
0.03135285454638264
0.026984249638298884
0.02747436284220123
0.027386317119739816
0.026632977703133425
0.027783576715920716
0.02987906685680805
0.029633925497834387
0.027220038942125276
0.030777092282660807
0.031112507907834895
0.02992315561824247
0.024051761349978187
0.018414171680283455
0.014325253181024063
0.010905400111783124
0.010719134660159413
0.0015163655030255713
-0.003936349934139199
-0.005589361714398822
-0.004175189152031509
-0.006210424969662514
-0.00695837843842201
-0.0029439580567869254
-0.005392591807847644
-0.009574554024307583
-0.01170145807299064
-0.01168801267365739
-0.011497399154968656
-0.012522706271119448
-0.011851350070681792
-0.013309488768761845
-0.016371744281494915
-0.022033657951076806
-0.02306999628125034
-0.02691950440949404
-0.030147780232899345
-0.027914692316735153
-0.033204147980496444
-0.03245330464032284
-0.03264409193685293
-0.032221310160915013
-0.03399351878844058
-0.036528616571319554
-0.034684553860296126
-0.03406658039141427
-0.03485105027439941
-0.035901448349957864
-0.034172619474960704
-0.03539895449601288
-0.033559418586691855
-0.03384932730173687
-0.03306742283877903
-0.03392291872355944
-0.03698893438166744
-0.036704156024143904
-0.03406403083358387
-0.03507518916449532
-0.03408366613124302
-0.03630257623282312
-0.03227545167109799
-0.03467408906874491
-0.03522242815177269
-0.034535084302385104
-0.036452571057560924
-0.03398540740516453
-0.03216044125275476
-0.03291056093493251
-0.032412485348684114
-0.032095340158345836
-0.030759485158145018
-0.026816556118156545
-0.03024878525729671
-0.03184764957255429
-0.029552006590006022
-0.028214324175635106
-0.02497350092160696
-0.02012538567248222
-0.01682078742728785
-0.015913368339388615
-0.018920816273589998
-0.009485459016885885
-0.00114569817074267
0.0023172872087641526
-0.0005345561315184032
0.003359755021229131
-0.0016921302318526194
-0.006676251393081041
-0.009459206780578976
-0.0010256055667460426
0.0026553941912472586
-0.0007197465826272361
-0.009329239745421774
-0.01042100795702895
-0.007913135395263374
-0.009754593561097232
-0.011307075357440055
-0.005885936585232105
0.001449151945806156
0.0009902378396191211
0.00498830562484741
-0.0013210591135610454
0.0012772236197070863
0.010357449536501572
0.023915131720253356
0.025103375325803097
0.02474551565632988
0.022215100851358457
0.015611071643910962
0.005694004262311043
-0.0020612660218831654
-0.004209094251859511
-0.0018157551745919887
-0.008139418852769115
-0.01322229298434912
-0.014819151584179823
-0.015479237834429517
-0.015545577264391158
-0.01621581580365726
-0.01771995959988193
-0.01666920106360433
-0.0164970181896142
-0.014185370715403017
-0.005918154208027614
-0.010094881097815202
-0.010506398209956726
-0.009249913620100055
0.0005025918476816829
0.013132451398898664
0.02071349991463559
0.021576324898924644
0.02147813965334092
0.02321827925972598
0.027404690434350766
0.016583794782771555
0.007548622661096986
0.008656387806216971
0.006864798048369303
0.006510756877468831
0.010145807225271603
0.01766357845768348
0.02370541290861561
0.03198503079972144
0.030162960020842292
0.029419729510623622
0.03200769310639917
0.03433785607699308
0.03433757437058722
0.035281294055970525
0.03039432377076105
0.02637595013422075
0.02242909774398167
0.01554132485058075
0.019142652978320757
0.025583133465286102
0.02797774884674203
0.01998111234162677
0.0190782182775793
0.016919495163851682
0.019198581719748524
0.0227419237148972
0.028692767423462134
0.02209581570004298
0.023548467845865402
0.024845967227437614
0.029976468067164808
0.03648718717751287
0.03554704385235948
0.036038408404511876
0.03455649025437384
0.034490164779806834
0.03404524486211228
0.033901206980055276
0.036726847076801176
0.03527284131305903
0.03512316078429762
0.034863397013514666
0.03797844030768332
0.0364139881998588
0.03731580492527425
0.03596518730603992
0.037161215335975786
0.03622898129424538
0.036007274750856216
0.029672389317591627
0.025997940218345974
0.023572322332853477
0.022328916124152436
0.020430299336236815
0.021070713730888885
0.022313127608715413
0.021695787967944045
0.020682651894246208
0.02574498335940268
0.02903209736841855
0.03347864400492507
0.033049582309376754
0.033561178218752735
0.03380570353222473
0.03358008021314844
0.03382669935264832
0.03322596837275127
0.029000442040514256
0.02392748390484429
0.018832425514740084
0.020694769647378805
0.018403568556939223
0.013386611340634338
0.014438973715275232
0.014271844041492046
0.01469731081896004
0.022432421307555087
0.02935642249573873
0.030514286902472817
0.022773239024172373
0.020380809448573907
0.016703540014375014
0.018656109924523018
0.025300749364293038
0.029029304650115686
0.028613235829299644
0.02539604591362229
0.031057976767226454
0.03190513857100196
0.031221974765273407
0.02723515208579008
0.02188943510479832
0.014693989978990263
0.011661761655506687
0.013337703564020245
0.018271209053342924
0.022966299133888503
0.026937501193343844
0.023532871107955634
0.015169887235158093
0.012526701298668995
0.017290408688606505
0.017513737718569768
0.016477881632500278
0.02129336459824967
0.014439226646274029
0.006624471600711077
0.0034638183909803653
0.003325941840115333
0.0007557039693091675
0.009955278980147112
0.010417284129743661
0.00465407743205991
0.0017313500750294685
0.0007555422167917969
0.0006625164335481916
0.002440524423763917
0.001174883350554437
0.004620144088931633
0.002023156099982338
-0.0017032535634183296
-0.004158278038555568
-0.0006706776983035803
0.0008820027299742129
0.0017378937566223586
-0.0014677894607193812
0.001227793967614751
0.0023424088188927364
-0.000628460659327324
0.002917447095270919
0.002880393790654414
-0.002205976591849555
-0.002970382415656
-0.0010334609527619303
0.0007754072061403819
0.0031283469812141878
0.008517803343283071
0.0057022005431228194
0.008785056222496094
0.009336507663194672
0.01018208105475489
0.009485776035670093
0.009856026147425808
0.017519801395398223
0.024144647334284612
0.032648513866761014
0.030470137649893918
0.0321380554990739
0.03534344680842114
0.03637217577831378
0.03371219641093928
0.032574153313490846
0.03488070261767798
0.0359866863648389
0.036206461087400256
0.03632429371279422
0.034679975047452676
0.03479671195963837
0.03565187266396033
0.03311412350174777
0.030951911770897168
0.029253862248229158
0.02881702547869664
0.0360454357865419
0.03349896534506279
0.025607375748014995
0.023552265534181424
0.015421326804430445
0.013934580798414756
0.011140832241190841
0.014091081712523984
0.012645564749670832
0.014698208359419002
0.014791981637991582
0.014686492480756532
0.017033516881008865
0.017830988906157686
0.021450094554990834
0.021588230279563362
0.022807914596770226
0.029689722150049037
0.03413229275614981
0.033389877385729204
0.02804707327287785
0.02590407309197127
0.03321012170121487
0.032196761108840864
0.029108413984203715
0.029925637633798543
0.031122654130027273
0.032587684219259894
0.033934575428626865
0.0323244507033188
0.03225222885269494
0.023048651924027237
0.019803136734198683
0.02050474364804725
0.029957413093964384
0.03274899245163017
0.033889615361672426
0.03267483677846587
0.03299288067937016
0.031004657517810667
0.028524515623350573
0.026781030943343394
0.027855831578101484
0.01893781640986007
0.01747695223724245
0.01770173734054409
0.006963769488204935
0.004138870018638619
-0.0027664403747402113
-0.010725189802712138
-0.013557804668575393
-0.021436993897353592
-0.01807663748297205
-0.019252386437109137
-0.01745171958484521
-0.017633245821605657
-0.019045767484408605
-0.021399240102787712
-0.0202723050124082
-0.0186664751437794
-0.018876911617815562
-0.019811065027771285
-0.020334457058676935
-0.015116769010051306
-0.012112793646907889
-0.010097203555075535
-0.0035416166788804705
-0.0013747484190398097
0.007106533829275906
0.01734522766791789
0.017959803829484006
0.013240355155045628
0.007789754830713054
0.004563136572936047
-0.005026113816815591
-0.010147038180265586
-0.014108252929459868
-0.015493227054061769
-0.013581549421751955
-0.01295010320632446
-0.011007423322838886
-0.01462545349374035
-0.014869415103073666
-0.017740281280030565
-0.016773472675668765
-0.015747753104097022
-0.00930095255838486
-0.010639399719110995
-0.007228825517928856
0.00031058133771788744
0.015996930094559738
0.016556362156869522
0.01487953997040415
0.0029428345836245346
-0.006759881627809461
-0.013463014368233888
-0.015011636769731641
-0.013128543269084315
-0.012709831911144788
-0.0038440127807014743
-0.004282869585839894
-0.005054645783204113
-0.00924118593048902
-0.004676890527729771
-0.001762144357495635
0.00379795833696295
0.01456407373193452
0.027299908819474528
0.023341986884002918
0.021594098832142833
0.023183702308464435
0.022913662910835762
0.024092153839035752
0.024118835608565894
0.01836587250377559
0.0185407994879081
0.009235310696722463
0.008735038976427287
-0.004065892843528985
-0.015806119999763238
-0.020969844175997284
-0.027452258587912445
-0.0281897027982993
-0.032220248381271986
-0.032404282569428705
-0.03281020696709173
-0.030880586729584904
-0.031960843470459396
-0.033138879883437
-0.0331568240284751
-0.034125425626881735
-0.0334810541954962
-0.03569247621555653
-0.03645683574208729
-0.0359240876767005
-0.036875797346074886
-0.036816194549676697
-0.03584411637326839
-0.034878653658862314
-0.03556241034619027
-0.03316112316322993
-0.03483368249412921
-0.035475959374631036
-0.033349082054761586
-0.033350972555112136
-0.03440116469538454
-0.03467482722988665
-0.03517969471786196
-0.0359248328183595
-0.035663668636968286
-0.03554119001374495
-0.03566849681792232
-0.03340220800763749
-0.03540863674208005
-0.03406344672055592
-0.035365113636272365
-0.034564505994498014
-0.035916974184947076
-0.03535252146565075
-0.03366869838033834
-0.03551861483291475
-0.03561459933863085
-0.035465512578140575
-0.03558337912639409
-0.03465082572897342
-0.03380400365957892
-0.03435120301613762
-0.036166860824930154
-0.03498247277848317
-0.03629456031889504
-0.036593178822583686
-0.03421738726888394
-0.03622320577018041
-0.03575900132652701
-0.036202149426122966
-0.035192519285208876
-0.03556887773141182
-0.03522257433474575
-0.03393430780420816
-0.03537737894773041
-0.03408609152158092
-0.03342261808894931
-0.03131107239141324
-0.027375335170345634
-0.02100164805481232
-0.015868860340532188
-0.00922485229282999
-0.006161103062182587
-0.0018429469406949165
0.002038273916056983
0.007240911154560972
0.013858536759127177
0.011244065342443859
0.01574172448598051
0.026424869307770063
0.02536100624241214
0.026447885454069182
0.029860439082417672
0.024901606930095695
0.01696198664498188
0.015936587250997614
0.017716835386682096
0.02156633531040788
0.01382462263997659
-1.0
0.014720498633700545
0.015305294331645061
0.014246225746268994
0.014035482029452803
0.010404431330419385
0.01179113836433525
0.014325049773301032
0.01921011114066862
0.022749758122660526
0.02868156830292519
0.03168976814287361
0.032737900106199994
0.032866944261505444
0.03322854116163503
0.0333671772761929
0.03140032660854614
0.030941236944039406
0.030990044287943608
0.03271646346918915
0.03444062917922324
0.03152754055976138
0.03082683085175993
0.031184678265100654
0.030446035363493728
0.03279845004218739
0.0324813017060481
0.03421781472319047
0.03223295096190684
0.030452022414097467
0.03258767202948247
0.030799979978648376
0.03124159808109051
0.032733197997009175
0.03119178276092807
0.03267145333823978
0.03352314701700372
0.03529542529597386
0.034891430667032715
0.0365666383346716
0.03319223490697812
0.028406378936613238
0.02731433990806277
0.027575906686837397
0.02479966639470734
0.021815978101429906
0.021831817429990612
0.023177867161834752
0.02540226510622714
0.02573244301531074
0.0287039173948567
0.03061138345530247
0.033224057324932756
0.03411999520310724
0.02930303573165643
0.02969046796423481
0.030480079776113226
0.029897100341002313
0.028912077307327755
0.02859862490299504
0.03042584843157456
0.03425202716315227
0.0312922560957489
0.029141501426890308
0.02922108515149732
0.02438863254349051
0.02132339159511008
-1.0
-1.0
0.026394413287845524
0.03203144896376645
0.028711183458088103
0.03460306469099929
0.03250601159870326
0.03319814463371112
0.031487195960486054
0.02668265957395962
0.027172553242932884
0.02550378412623307
0.02066920913110842
0.023049421360170932
0.02171486999068403
0.024997188728193922
0.023380483131720916
0.0316939747500825
0.03345475609822145
0.03509596321911878
0.034888266770117644
0.03455030354176449
0.03386567813803912
0.03256702155225021
0.03220107031001713
0.030940036651445048
0.03364869227816182
0.03388174678496942
0.03154567641256243
0.030579323276518144
0.03101747340235798
0.03271991585647712
0.03256486573613034
0.03128395056080183
0.031001000961261512
0.030307824002803234
0.03003175231543344
0.03149929016748559
0.03217681079893833
0.03078892733694176
0.031254707507728845
0.03004067229312201
0.02984358917892015
0.027008305355477352
0.026882019648464817
0.01881393632138449
0.012117244333294497
0.01245260134752732
0.015349439729226396
0.01611030438347805
0.015004012246042576
0.01029502954834712
0.006975058775130622
0.008655837118667853
0.00214417607849843
-0.0009839641869273086
-0.003298074831736743
0.0003371311379094346
0.007362628487280167
0.007088415628738055
0.014225862915730112
0.022040541329843108
0.02944332826038678
0.030080302541306732
0.029227538654670676
0.03155016545042055
0.032017636404289576
0.03282757380487199
0.031674207706495316
0.024918106165437763
0.020123922080825286
0.0196400188572655
0.01856008347028474
0.023758843175260856
0.030678408438559707
0.03101016469109316
0.023108466343634386
0.017666289104215537
0.018701799783099358
0.01642771395860355
0.014810056524818703
0.017574160016983066
0.021767263017755986
0.016193816930685362
0.012747287126873534
0.01349791713421194
0.013025781300604231
0.011398015212743442
0.01435811133986635
0.016578863834795378
0.01907552779641867
0.022896491962076333
0.027811006760522963
0.020633637980602273
0.021331940854223647
0.020552301844322027
0.019706587456836948
0.008496205646947903
0.0033521467003389156
0.006541321881417277
0.005288474103076332
0.002616093142231983
0.007001629551066542
0.012890138844947253
0.009566738708370659
0.006002188645907862
0.008557883918499985
-0.002403860533734913
-0.0036598136682151144
-0.0009429040985704835
-0.0075532863138780505
-0.010684887980881444
-0.013634927685333182
-0.013437586635067424
-0.010425991443350031
-0.004121646585538254
0.008085478331550315
0.016151791642485713
0.023042281863741045
0.026120047490562966
0.028205619089378086
0.02751123473991966
0.024319257032534587
0.02683511477750864
0.02505835311034443
0.023559357240254982
0.018502802269334862
0.019581635620787675
0.022327336692982647
0.0248716318883255
0.02210780780148572
0.019471692912076437
0.01753970364056856
0.012299182012030075
0.007875915681426041
0.01566787759638458
0.01477428175010577
0.007763026297567036
-1.0
-1.0
-1.0
-1.0
