-1.0
-1.0
-1.0
-1.0
-1.0
-1.0
-1.0
0.020076212730160716
0.015692603659274048
0.02250991945804388
0.02884748947397017
0.021901658452335108
0.02102245756007351
0.018520881050928122
0.018428028977287035
0.01848056226832659
0.01976503128320135
0.018152002565600376
0.006003207625947824
-0.0021440350914637613
-0.008386439969928005
-0.010439975615287516
-0.012067345508386436
-0.012998608851607227
-0.014324435569195802
-0.015926678932166576
-0.015010823526014225
-0.01613247122059899
-0.01617325027469318
-0.01541735212836089
-0.013867457222319683
-0.010993037243899056
-0.005756080921289668
-0.00084856494573488
0.0022329135541970845
-0.0025403211512586865
-0.009851548990631275
-0.008266069219390713
-0.003152845747745119
-0.004973735249887208
-0.015555146791331274
-0.016101771010213997
-0.017617610393459267
-0.01737616189076775
-0.02102340180709511
-0.019747871140960865
-0.02212481901641671
-0.02024194236731427
-0.0155612788224304
-0.017192130176461037
-0.018966502038905472
-0.022420574653767972
-0.017033018395786886
-0.02128916917202372
-0.017265094452598828
-0.016270824206737484
-0.012345119788221497
0.0010318473753216013
0.007646702870528869
0.00411466742198288
0.00453287057978938
0.002890582637295652
0.0002293459011660344
-0.010263966065367598
-0.01289866529483442
-0.014354986449040964
-0.014536782716262324
-0.0034442519333132034
0.0025191061592400796
0.009602091294628903
0.0034873393540705575
0.0044172125735937595
0.008134172162542423
0.01682142144999204
0.03100461001840445
0.026387837216475057
0.022963757353806017
0.020123086905832817
0.021047442192446086
0.031858274168099845
0.032293643716011164
0.030305376246329736
0.026917122400639534
0.022583464644010256
0.020416401572772698
0.0210673578089645
0.00932557376186036
-0.0014248216308952826
-0.00700226486188109
-0.016723231466859747
-0.020218964586388517
-0.023093851258585422
-0.026402634693137233
-0.0235404559823214
-0.023955562487592934
-0.02377191305640275
-0.022326963869506364
-0.016026834144437632
-0.01909273893821077
-0.018906093940238518
-0.020367371899986636
-0.02002900373882046
-0.01477173358773763
-0.008366422629819308
-0.007529283942318778
-0.011209206160055362
-0.009609055018894771
-0.0027553945552381744
-0.00043252208860935636
0.0050128922189337675
0.007439195084079058
0.012277054909174252
0.01359745710888147
-0.008861163630577627
-0.018348277352726414
-0.02436795452566003
-0.027694689520060205
-0.024182775653395883
-0.02789537525957484
-0.026720286179943945
-0.027769183335764513
-0.024702158831415393
-0.028007013740361145
-0.021916754696688332
-0.02636912000156271
-0.022193834312848142
-0.025129831260417346
-0.01664141728223333
-0.0018369049789642995
0.008328853713087662
0.01472684248586675
0.013813912483367476
0.016731442219227434
0.016598888170490777
0.019372360348253848
0.012765924667867615
0.01050548952175303
0.016584913867549202
0.028097032471793286
0.03127357936071015
0.017166682574546482
0.002519482463035805
-0.005174556559995227
-0.004697546225401416
-0.004857146148809914
-0.007590815378109502
-0.014005833510347598
-0.012413163105552582
-0.011024698468489113
-0.019288749808748135
-0.022909641585444115
-0.022441715508766922
-0.0188287550483632
-0.020982738496882758
-0.025304680804727583
-0.023611186579803534
-0.022112482513160853
-0.024134748988054937
-0.022824507340705985
-0.024738797599114425
-0.024427390216094958
-0.024758943484755127
-0.020634849946376474
-0.02145968794797713
-0.021965303388251745
-0.022495705167555564
-0.021190235866264708
-0.021769189930576114
-0.019249700805187554
-0.015395740387356725
-0.007607501011845201
-0.0003153033082700013
0.0015022629552794051
0.006180496194239292
0.01897401247799305
0.02178764989643506
0.026038038378938127
0.03172520920741675
0.03146569366464273
0.03206049024393679
0.024971117436350047
0.02431041719167241
0.021710973109463915
0.019311389283344433
0.020167401590399807
0.029573907502920122
0.034021162541596185
0.033116192186523424
0.03521620864337656
0.031604356192119175
0.035367313774434334
0.03769085787428318
0.035626565836562776
0.03297517787888986
0.03204390315653208
0.030972776354337015
0.03523014270437283
0.03604647347340918
0.03467611540045247
0.030915362957389007
0.02708213170721911
0.025978198724267116
0.02072265451821697
0.01860349599000884
0.014490720145439727
0.01100107241990626
0.009168400053121365
0.003433265492906695
0.009079860650932393
0.013213137026807343
0.020092437067109357
0.022128583477887976
0.02291708449963315
0.026661865619868576
0.026802199478413453
0.026668280250086447
0.0331546891695984
0.03725788181753723
0.03619380470436521
0.03716114417574076
0.03555756793908371
0.03678263489610046
0.03491820759431914
0.035385439385162996
0.03714158116748195
0.03477412210227977
0.03249800364231071
0.033643302142036535
0.03552757931661611
0.036357775791176966
0.03544265608356128
0.037586590548643176
0.03828680668346184
0.03777152972419408
0.034940376988385445
0.03483075478393866
0.035634619044767016
0.03742860981985736
0.03557946942106371
0.03773260003452847
0.03427540680979434
0.03180090201852641
0.026487234889939017
0.02225351188331345
0.019527572242165364
0.01725892596851144
0.021795393577691863
0.018987345377478208
0.0212104756296681
0.018033444667689347
0.020469872698005195
0.021065932708147366
0.0263045795430469
0.029318504102128128
0.026735700449710735
0.035034522213993974
0.037466771285624395
0.0359688964368956
0.03430547819307308
0.03376583356398269
0.03394242334176511
0.03423720436378753
0.039539663698799896
0.03868556753056843
0.03927222055193726
0.038814730754434465
0.03778636846301832
0.03668289387578837
0.03416128547111716
0.036935109200066374
0.031032594825805906
0.028660162326414596
0.024485865684973275
0.02488134212273368
0.024850016240181894
0.022609136768441944
0.020938194189815375
0.019850090710460143
0.019043584880952993
0.015662356774059343
0.010972196444941617
0.0061493512072147314
0.004897387167286373
0.006652605332212956
0.002748654788886
-0.0034600899232558823
-0.011317791766024094
-0.01574249810084864
-0.01674738141164573
-0.01681592148747142
-0.006893175076646358
-0.011575756029283204
-0.01447986249614945
-0.017790086229658122
-0.02257088313958292
-0.021240789364663577
-0.026103371219021253
-0.028301870418709605
-0.025991115848664825
-0.026250598348989237
-0.02255566135058215
-0.025676425322268562
-0.02664546475782962
-0.028631697628790243
-0.028441591377752994
-0.027278328942035666
-0.029265414526599583
-0.026836628572399095
-0.025028278438416547
-0.01686283331715567
-0.011931253235533403
-0.013592674380307755
-0.027853696358481922
-0.024964318929807414
-0.028669468210701512
-0.02587916865224861
-0.02121828034140626
-0.01890964926525579
-0.014213873235105009
-0.022884969160710252
-0.026463393131433373
-0.030171168455138828
-0.028016952743717762
-0.028205324136695433
-0.03032882315131893
-0.028453467298191325
-0.02963946069206277
-0.027638041454592192
-0.027075066835871846
-0.02816117942533923
-0.02978187958205146
-0.028657775072770512
-0.027405940865126387
-0.027253705900281883
-0.026764238132612715
-0.02795682483282341
-0.029605478610428344
-0.027125747216211915
-0.029020829507194087
-0.026320261183631042
-0.027272361705346894
-0.026743092265672924
-0.029633487872609304
-0.027639898046216815
-0.028626827521531558
-0.02609887834558714
-0.023362834168047755
-0.02809271518782832
-0.027590247932791915
-0.026704448475492658
-0.024597062708152404
-0.02737659677797239
-0.025056565505184068
-0.02334201267781655
-0.02498334048394686
-0.025649769595931286
-0.023177736099245498
-0.02732820498901905
-0.02666526982964091
-0.027510345848750492
-0.025828452814795462
-0.028856164171038996
-0.024168313187517287
-0.028688356715663797
-0.02272435931485366
-0.028457631487668694
-0.0268493683273389
-0.026382927450663334
-0.028204450292354633
-0.026138302764010597
-0.025518675074431455
-0.02288445065566059
-0.024011859379095023
-0.018667870819437028
-0.026826777737781183
-0.027533062307514115
-0.028433280158682166
-0.024531009873502617
-0.027860905193788785
-0.027315464704514795
-0.026299048260170113
-0.0232775570835008
-0.02291513330968185
-0.018195514525952916
-0.018774721967947765
-0.020090077491056225
-0.02544532255386982
-0.023632951067563922
-0.020743357401353572
-0.020930861737623832
-0.02096230043850556
-0.01841563170288692
-0.01667411800797358
-0.017386143761528926
-0.019550033701360537
-0.018888090951934736
-0.021576165130402673
-0.025820444688179726
-0.026080225216551355
-0.023423516102443726
-0.02805455990624412
-0.02232122675266208
-0.0245564578665753
-0.02331327705020641
-0.025300858860993425
-0.02581993452684052
-0.023415598059739025
-0.021970052800831575
-0.024293103785584476
-0.024382555962384343
-0.02754294435954713
-0.0270728283707738
-0.025513845789214135
-0.02285048598027903
-0.02648053385375067
-0.026244342377009705
-0.02644752479986514
-0.028162217261299395
-0.027022900018762116
-0.02817660225475839
-0.02686525873407191
-0.025970970165551097
-0.02667397358720756
-0.024641661313681968
-0.02871370571958347
-0.03020713131021949
-0.029426801550079894
-0.027491641827471523
-0.027157199527550198
-0.02663232598695385
-0.02764334749305975
-0.030376993302582686
-0.03142690573822332
-0.02869390424650778
-0.029001210020748684
-0.026033744384366717
-0.026994041248094017
-0.029776080539112924
-0.026149235223289675
-0.02839766582297664
-0.02812804665177233
-0.028333985678475775
-0.02703444714390615
-0.03063303960998039
-0.027862541485835814
-0.02975082131948837
-0.028433812024313207
-0.02777898018129222
-0.02660922876651079
-0.02848430738717397
-0.02894855086212229
-0.02618896002721107
-0.02785945961690871
-0.02689310955899781
-0.03029455537036313
-0.028392703886743524
-0.0265219316717595
-0.02782617645813008
-0.030582232756661876
-0.027917128654275265
-0.02887509471084537
-0.02769950691250349
-0.0265381269042229
-0.029857941416277636
-0.027050195126773906
-0.023260630160448464
-0.0288636223552629
-0.025978364682268433
-0.029634940211119433
-0.026217359894632707
-0.030295911976307044
-0.026618628368077303
-0.028870640166495213
-0.024983526753300178
-0.026716206830177884
-0.02813874030063442
-0.024031917662490306
-0.025588941687777388
-0.02748128316595801
-0.026025730226562082
-0.029705250286571602
-0.02932046603038533
-0.02778427827679992
-0.030900415963369586
-0.02822883239296819
-0.029693503530859356
-0.028036998278750395
-0.0258266380952183
-0.028205692743774505
-0.027946021629967725
-0.027923220198957113
-0.02500072386346831
-0.023705603645592512
-0.027987769505155812
-0.027972783384165666
-0.030275130062949702
-0.027049506622749114
-0.02695819021714468
-0.02828859572175054
-0.027685549016564597
-0.030406318338635326
-0.02541742134410234
-0.02840208942804481
-0.02943989237935496
-0.026675972335613283
-0.02873987226626791
-0.0276138186822052
-0.02241257065117779
-0.01123785133513541
-0.013196783428063217
-0.010902248974527946
-0.015623163965163252
-0.021597005335084584
-0.027011876434447756
-0.02623569918344077
-0.028683670166184488
-0.025568770468720536
-0.02698582510202918
-0.028013576380282595
-0.02869142812891666
-0.02448960490427854
-0.02974503770644545
-0.02440564073267322
-0.028755706752764575
-0.028204395501901507
-0.02856014218263012
-0.0269184984269028
-0.028078795964968494
-0.028057444687342555
-0.03013632840635151
-0.028598467721922993
-0.03126779581685737
-0.027943620841172422
-0.028696216342259818
-0.028726085176061712
-0.024250271235714882
-0.02200315785156348
-0.027045935388535444
-0.02746377705500208
-0.02759275490384245
-0.02832935285603087
-0.02692725566939594
-0.0269085956316074
-0.029350960469950445
-0.028760751174283138
-0.02947302492550539
-0.030310010846402516
-0.029908734042328584
-0.02964021080202093
-0.03130433991436064
-0.029967294876074316
-0.032463871194645735
-0.030141048058065553
-0.0291234255393609
-0.03041207217364395
-0.02680110737831091
-0.027339224712467913
-0.023697460104569353
-0.02036050314562106
-0.028979372877243337
-0.0267916130656008
-0.029053271732363883
-0.024164086878537522
-0.025870043941046576
-0.024812532204614046
-0.020071787193338814
-0.024834601921926755
-0.023096326834211874
-0.02421334982509623
-0.02225518515213779
-0.019351117328374037
-0.005007140746608569
-0.011570883790266887
-0.021822492625912685
-0.022075056968221086
-0.0228205923799389
-0.023827316273553504
-0.022447574720531195
-0.02343606179423812
-0.02320283184084771
-0.0210038943640111
-0.008123548379394063
0.0026405620587666785
0.006969106407868562
0.012699612980680135
0.016982963948925782
0.020401329964859542
-0.002972365427621826
-0.014348445375284064
-0.01875413707117527
-0.025143165821829714
-0.027221645452857005
-0.02895951511554569
-0.026305390999414563
-0.030019637219829864
-0.03048313134052793
-0.03294737429509132
-0.024002248456011847
-0.02993792603210845
-0.029862286145326277
-0.029253566836461537
-0.027013402547317978
-0.028559750539776708
-0.024920752969053776
-0.024972461083747892
-0.02031168685162584
-0.017829294286294952
-0.009696125824415366
-0.008602566892924334
-0.006280775411204697
0.0033656315278485834
0.004432662501463909
-0.0058879418873447695
-0.008262507361808032
-0.005235520069196462
0.013086874832585502
0.032682334461134534
0.03144192169947262
0.034819205409688095
0.037052454135728476
0.03096887905820295
0.02113017478601297
0.01394552682536749
0.008463050270181438
-0.00017760917745428004
-0.009819103342197693
-0.014711442391496106
-0.018696082131457552
-0.01974692511850908
-0.02430610344188856
-0.02260283198312072
-0.026408556729681405
-0.0261579260014318
-0.024190084023969022
-0.02698354752360347
-0.027807815301834713
-0.02806627755989362
-0.029589631245281373
-0.031237166909752288
-0.030051267300395323
-0.023000421953687934
-0.0214516528967829
-0.026975665879077602
-0.029204725501124018
-0.024889641465448857
-0.02328680591999845
-0.01794068087141059
-0.01624203909446055
-0.016862127322408972
-0.01564804753877045
-0.017112404380339515
-0.01961565358607829
-0.021987549093704973
-0.020138272797027543
-0.016231318744955765
-0.008688983663415698
8.066895579872911e-05
0.01394409918445281
0.006274206959117609
0.0044357619085398205
0.00584346035595433
-0.006772468203822482
-0.008124505092386856
-0.015007526606233033
-0.01669909471281164
-0.018410671389799765
-0.020681438394493965
-0.02329215775053445
-0.024225414906891913
-0.027136985822942977
-0.029920639577484327
-0.029940804946980606
-0.02966803578521242
-0.029477300200177855
-0.03295058983604394
-0.03240110572440095
-0.032473605393294004
-0.0327515530301636
-0.03157584677112949
-0.03165495258550015
-0.03375744815032504
-0.03369227665883322
-0.03375951142519701
-0.03070818242456716
-0.03120021447791327
-0.0300749093862035
-0.029712209469810097
-0.030329011754001153
-0.02877667302678831
-0.02664745956583154
-0.02781433519910695
-0.030386652805356937
-0.030358554174822902
-0.03088227865723083
-0.0334895411111007
-0.032421647553060304
-0.03272615511677341
-0.029235691263048987
-0.030603992781607053
-0.03317468252791932
-0.030727523857992114
-0.03419413820798226
-0.03289393478218789
-0.034981997026455894
-0.03329747075919046
-0.03408429359111403
-0.03326330109616994
-0.035724804799243164
-0.03271696560249346
-0.030728739339557404
-0.031326709263547706
-0.027333527648389457
-0.026695378946170484
-0.015245215236093183
-0.023682853494578653
-0.024347743146006046
-0.02965329523018436
-0.030666690816706022
-0.03322587109386272
-0.0336801893977121
-0.031983308383500456
-0.02955646313268179
-0.0301238681801246
-0.03316350018273692
-0.03307773024931711
-0.0320765644252837
-0.028966730450040057
-0.02796100138573258
-0.028657555633997776
-0.02614945439251685
-0.030857314065497004
-0.030040747821954157
-0.031839665314535776
-0.02481713592851542
-0.02914106847178858
-0.030748773595203605
-0.03013508018791636
-0.030659003405412607
-0.03174996113606207
-0.03163655551334321
-0.03245176613795135
-0.031028380187426992
-0.03278766350450999
-0.03262797126042079
-0.02703212141718642
-0.028258260249014594
-0.025504533991495305
-0.022949924358766915
-0.02322389796995961
-0.01299586725626896
-0.017805784710753534
-0.024231612881092636
-0.018003981129329143
-0.017365640824786706
-0.013575215930419948
-0.021471534568100317
-0.026165630597899194
-0.026653233516807942
-0.02337913992648853
-0.01614958962918997
0.0010270948440380544
0.02462840670042065
0.02810685952120594
0.03376141285200516
0.030464192468640454
0.026006390291931414
0.021820534013808464
0.02090497446357937
0.03214583912316181
0.030903135914654642
0.029220939681565958
0.028843620974730214
0.029257313531927336
0.03085523617636677
0.027864953783164625
0.023362568017707218
0.02001863234902664
0.006842371595706589
-0.011495999604329843
-0.022311999999374315
-0.022238736174712927
-0.02729344306666173
-0.03059104623349811
-0.030868056695153797
-0.02987988656472439
-0.029668509312965607
-0.02873844232609832
-0.028160524696841365
-0.03159431764734709
-0.03202444560580164
-0.03236369786321531
-0.03338800029881547
-0.029442340820298445
-0.03014107701077639
-0.02640976854387646
-0.013153392661439297
-0.004156510865229373
-0.010037418452759655
-0.006004441375707919
-0.005941078194735726
-0.008444973960027708
-0.014964109758103446
-0.018952558199998058
-0.02040843547409525
-0.02284809093220493
-0.01786967088218744
-0.022934135501953563
-0.020639349793047553
-0.016426490819532572
-0.016480533644493187
-0.012139421443905236
-0.008373036771397025
0.007164839913847647
0.018874774376576094
0.025551276541034878
0.028908009214825503
0.02778425528358108
0.03042065284067267
0.030668966955977837
0.030967936817067717
0.030544780682133506
0.03431994933370531
0.03467678668132792
0.03651018700658806
0.036129383819655206
0.035509875099077916
0.035879723903815164
0.034531440509326945
0.032367463675105936
0.030541773807979504
0.030336327245114873
0.030602743112956816
0.03067607381901112
0.02958037240954897
0.02591659808326258
0.025108230527469157
0.01967909300733879
0.02174061181600637
0.025825306036296052
0.02366773670272626
0.019802260263964925
0.013729241415009984
0.014164442539691374
0.010100435309832472
0.005141194089425528
0.0002882411642748895
-0.003039614864818022
-0.0028905789397343337
-0.007664669573471995
-0.011356666403604302
-0.010870975899666449
-0.0037611114585525255
0.0178436025570668
0.02109980732748796
0.021959296074078646
0.005359544887014872
-0.006191771609755299
-0.012928613174048522
-0.021363706041801035
-0.02764668045195048
-0.02284605068246327
-0.022876949086755635
-0.027186948514961354
-0.02795173176459328
-0.029452028526627233
-0.029396402595173017
-0.02752976856136453
-0.024417975663968253
-0.02852852261844552
-0.024388816664330317
-0.011415906618120092
-0.002024054129645817
0.005601551471358145
0.0001067251070778718
-0.009391861743453427
-0.012960306843951582
-0.018400347025749268
-0.007844148919190327
0.00745991621082469
0.0005194350859262178
-0.008492440378086972
-0.017319268641245295
-0.020595128328765568
-0.022024196145322066
-0.02544076624128776
-0.027908368483190234
-0.025097946261502344
-0.026760821057410802
-0.023594099806150404
-0.034805713740550234
-0.0335593929532665
-0.03402822163296115
-0.034269893134742456
-0.03289908340807497
-0.03334357419743516
-0.0348251482573144
-0.030666776720933722
-0.0327306355516651
-0.030339746232946867
-0.030256468261549475
-0.03410519303420289
-0.035114931538832606
-0.03546460155730871
-0.03514241827502813
-0.03416115059088226
-0.0324677146188529
-0.03232482105703848
-0.03227343192028159
-0.030635862213142667
-0.03008150217459703
-0.03324458695500534
-0.033457547930870114
-0.032009767518588896
-0.033201547628495955
-0.031184694895378177
-0.024478292828449193
-0.0279788889635858
-0.028074648033324254
-0.031884075219042456
-0.02887491394342741
-0.0305226567619849
-0.032877540164897426
-0.03265471279817323
-0.031144909734764983
-0.0339126811839066
-0.03224758045638545
-0.032528597603847624
-0.033155710730554545
-0.034450006298342044
-0.03179121098877605
-0.03303958209298499
-0.0321445304264029
-0.033865670925784006
-0.030598646241560085
-0.03044578420470638
-0.03371649967173599
-0.03432533521675258
-0.03266853789495184
-0.033174315469996954
-0.030776915170083227
-0.02986000137238564
-0.029635117826364587
-0.028668981414040482
-0.02591444862952407
-0.023850183624065754
-0.025508099458063087
-0.024229888347018495
-0.021651654768037532
-0.02118963124079635
-0.01820338812158273
-0.02097698478359668
-0.021735481049544043
-0.016484090807526084
-0.021914103808032465
-0.023283668524486767
-0.02093250560484907
-0.02076070738407651
-0.025296501919297908
-0.02691033781442335
-0.026483753035381544
-0.027054813509125378
-0.02620208199344321
-0.027752400237301945
-0.026985683755011237
-0.02997658072342678
-0.030837554139726917
-0.030076312790137373
-0.03187334049989108
-0.028433344843677794
-0.030111897113373226
-0.03039896720972403
-0.03313969959716312
-0.030556344842737934
-0.0336674361785454
-0.032848309881065185
-0.029955335241732686
-0.03382195539423193
-0.03149477922789074
-0.031060950462043376
-0.031066210428650626
-0.03048582376786874
-0.030211453932598508
-0.02857903572060902
-0.03068405255817116
-0.032767601687642346
-0.02835717826331993
-0.02900155627930006
-0.030472350227607553
-0.031635959818811274
-0.030723047911110753
-0.028918994670818533
-0.02991714304244092
-0.03126696542093916
-0.030635975574325923
-0.029289872221807053
-0.0277568242512461
-0.025972527162250313
-0.029307737868225447
-0.02866018979457588
-0.02952628433977074
-0.03103900779720638
-0.02553452707856
-0.02844827779904398
-0.029594962865235035
-0.030096925906460754
-0.029681679232505993
-0.029731083470623802
-0.030779422803075072
-0.029091302702288557
-0.026843360847427868
-0.02835469099593811
-0.03000438862602157
-0.0297110492286945
-0.03016979047927452
-0.030109703160020033
-0.032447327899570264
-0.03218969689435882
-0.032238700583242776
-0.02884941498097454
-0.029951945143545464
-0.031678754650039664
-0.02657979815098536
-0.03074608770618926
-0.029387900253882843
-0.02869991916179089
-0.029892926517580874
-0.028470651889463367
-0.02838903507356742
-0.03131624125274859
-0.030322848452618626
-0.02985752353474147
-0.029021174392555256
-0.03107169775036411
-0.03165653570373491
-0.03105985416168419
-0.02720441223736332
-0.030790831690427026
-0.029975877124082333
-0.030405666050921508
-0.03070751190089479
-0.027276550258403868
-0.03322915666251248
-0.03245088820439766
-0.03192113556498313
-0.030304939641019407
-0.03097118165476263
-0.03209669089188491
-0.031001503996609135
-0.03150381566878042
-0.02846411820348578
-0.03045424742962732
-0.030321321595235356
-0.03174588891358914
-0.030155412557243674
-0.03184954315123348
-0.03222810638588968
-0.0284288384430004
-0.03306048694113861
-0.026582584892000438
-0.03141110454391889
-0.03148831006698799
-0.031514604551424366
-0.029821547568259565
-0.029591971611864023
-0.029743648599945688
-0.027407200280035328
-0.026793561035956384
-0.02239560935735233
-0.002127932993958989
-0.006929009576034533
-0.011304242297405365
-0.009537268515017405
0.0005866507631786647
0.009981726912525697
0.02298149285782485
0.026088330906381945
0.028682856817210653
0.02364373043353852
0.012953626448705414
0.004014804161375197
-0.0018506270442385463
-0.010086849074292577
-0.01703951479225965
-0.022665164441682602
-0.022735639763680506
-0.02498477120250909
-0.023704719433399357
-0.02414772827163583
-0.018648406220210675
-0.01824747317544288
-0.0177411434627885
-0.015199387609780088
0.0029808901653382565
0.022009703101561112
0.013343214360365533
0.005591658088948016
0.007946614728425888
0.009637357650951507
0.013615148955181757
0.012245285800689825
0.018209202525368062
0.020863559599693254
0.00600594773092913
-0.012688416719490316
-0.019232765548221467
-0.021223340051080217
-0.022298970630264012
-0.025104796660216085
-0.02395890271952129
-0.021950101026919185
-0.017888367536987373
-0.0222267188959352
-0.023400491408884127
-0.02508884433077035
-0.025624415329036476
-0.0245550460794075
-0.025886696709163024
-0.025426628386082603
-0.024376573269077856
-0.024126580187957394
-0.028021239477826764
-0.02783053262244017
-0.025281323407163343
-0.02353305554008168
-0.025764847358938813
-0.026476573286663557
-0.025809336160171188
-0.02389226721735852
-0.02824595385101663
-0.025737694314522663
-0.028704501465827793
-0.02646438735695796
-0.0268626111698214
-0.02500214333330904
-0.0280103370851699
-0.027062185552682323
-0.028314589584891286
-0.02917414928659868
-0.02607635291626098
-0.02731764403704262
-0.027163163468411522
-0.02501099473239407
-0.02780755729410761
-0.026539288683772796
-0.024885336271857586
-0.025205687556757044
-0.02702846841205271
-0.026269627665611018
-0.025326467674004878
-0.026117224278890863
-0.023239798205632028
-0.02585450449144645
-0.027162576599027533
-0.024708150603063615
-0.02300767368524703
-0.025570121766483215
-0.027079684008768302
-0.025424967734501005
-0.024557578355537048
-0.02595871257022191
-0.02575375441405794
-0.025843155642899542
-0.023608283067252864
-0.026155680571818146
-0.026992358945762414
-0.02622751696400595
-0.021038329437397002
-0.024101177008159915
-0.025457344127101295
-0.02447113574124593
-0.02347356518778481
-0.021164496220702295
-0.022991966568796315
-0.022011392406907415
-0.02721753722635063
-0.02251583392996831
-0.027343872864006007
-0.02664952011977514
-0.02532650844463999
-0.025122184325860945
-0.026202479594436
-0.02481929109333101
-0.024627395165962303
-0.02466350597185976
-0.026469050957204796
-0.024881857587524217
-0.02275127284315161
-0.024866044989303816
-0.02559142165265051
-0.026393844021524643
-0.01691296012059389
-0.021037000882845453
-0.02341262025880074
-0.01517761548788847
-0.022463868104656195
-0.024716097027810396
-0.023334467486611835
-0.02554073168496606
-0.022790288879828154
-0.02420825442789103
-0.023231192759280126
-0.014182736725445611
-0.01615762383306577
-0.01966079030167479
-0.024413014337173005
-0.023229543474394983
-0.02592880698700937
-0.023731658118596316
-0.024431489138632016
-0.0225257143736376
-0.022621508945012383
-0.02488855576061237
-0.02720582003504364
-0.025993495782927596
-0.024581983974481674
-0.025398985031378427
-0.0240308544754477
-0.028367413088776463
-0.025552048348519808
-0.02804587201733223
-0.02401551508937081
-0.02544005578604053
-0.02546137188368974
-0.023952944413841784
-0.02396136840872152
-0.02328869186288029
-0.01853635972981141
-0.0268406923320074
-0.025911638667457892
-0.026835910585403695
-0.023731434069208388
-0.02788788035470075
-0.02674591570564367
-0.022858247601715342
-0.02773049216920528
-0.022183663716638893
-0.02629615142368899
-0.025834637254320877
-0.025263136112651803
-0.02895526316045342
-0.025373300221397485
-0.022770774497503102
-0.024400207720079257
-0.024125292655511003
-0.023396437636564696
-0.024489587742338687
-0.02317834879288941
-0.019949656125393532
-0.021623288663842614
-0.022079795147318174
-0.015315898539854374
-0.012742575499490691
-0.008650893169639243
-0.009683300382853477
-0.009700081046680128
-0.011220561151696761
-0.006881709390002182
-0.014428022762389196
-0.013330726426516682
-0.01154656951509913
-0.014237603603786867
-0.01946981152615467
-0.019966684390427175
-0.021819983215835625
-0.024143667782472747
-0.023322548284712922
-0.02665378403109869
-0.026389141058464724
-0.027763057890069342
-0.028908340892277992
-0.027707269217008793
-0.028126935822574337
-0.02625406366594394
-0.028646456852319136
-0.027210974321372136
-0.030025559383525004
-0.026486131106194147
-0.03188961649630975
-0.02996005871182803
-0.027083713229068905
-0.028806418075314137
-0.025609027922819175
-0.02837728118543428
-0.02595274690608128
-0.026066977050482245
-0.01901179509791515
-0.0224337074742604
-0.01902878379264886
-0.02279204895401635
-0.024560247332877747
-0.02599495528184788
-0.027048023797120326
-0.02195424881712424
-0.012781308734064106
0.003492070723112146
-0.001915210603398004
0.0008533003258735709
0.006316562401477548
0.008758058256758528
0.017234298835861413
0.02395645242528516
0.022534729288571042
-0.0015422954588759528
-0.016937758554530474
-0.023237300312583618
-0.023274626392443126
-0.021411840480659663
-0.022444021395329836
-0.01881053806058536
-0.023795370400344594
-0.02192182976972231
-0.02430393092976951
-0.02261328835910168
-0.020052281974541855
-0.017346233229696768
-0.01368205211834607
-0.011939292884720353
0.0018758290758503341
0.015916702039221062
0.031495173805262
0.03491820929041083
0.03538532928247309
0.03321166738988982
0.03202998331768449
0.03414385905892229
0.03632569811280107
0.03361703796497069
0.03267323588310047
0.034652464764996484
0.0374858981653139
0.03988916344791375
0.037013954499498444
0.035076366184715393
0.032412299126164175
0.027228178382295482
0.028125341473601646
0.033490888143722676
0.03313334598310826
0.027948831765319135
0.024500394926872133
0.018394857575340574
0.01612720070512796
0.014005232790711598
0.01595538492838645
0.015444319467110947
0.014429732941804684
0.01584388626431303
0.01706429909016265
0.01845124108352731
0.02359407866621469
0.029247581562215894
0.03698944404697467
0.03670687901544461
0.038568927563406595
0.035617957165267944
0.03665704829896138
0.03563597440960745
0.035394959235574217
0.036307852024568
0.03596375489174992
0.0378218585050277
0.03705059596579264
0.033562420929120866
0.03619944273906525
0.03815100545937213
0.034720452820663474
0.0376275635491895
0.03657239378268946
0.03477166080237249
0.033346225511966546
0.03138471604614017
0.03539155697173366
0.03565782725123884
0.029846198524327235
0.03194043746918964
0.02547178665164448
0.024465915322445856
0.02763719942538506
0.02706564858301121
0.02567882486500932
0.023439322196130704
0.025987119085760377
0.02533568065789311
0.03289040678174645
0.03737839200359944
0.031008087284908892
0.021142582905017727
0.01018261789832571
0.009191589439113985
0.010052333805017239
0.007358476031665982
0.0019056149971718695
0.005786411803578355
0.005332678723238049
0.010191703834349796
0.012396824901027533
0.010719069966566014
0.015816109945887554
0.028865589184036207
0.023631295624553014
0.028141240267232238
0.0322491816644831
0.0340583169950508
0.029936206587800128
0.010681914114150664
0.007918285195040824
0.004557861250237706
0.002449253702135486
0.004083553457620378
0.0044103102208989334
0.003357074320090797
0.0029217672577265996
0.00455222514808683
0.0020813388994221794
0.0054184995440727125
0.0070378290482735655
0.0049912191662710905
0.009165138458261175
0.011255290374276097
0.010066415420110046
0.01372348510879978
0.019983732122990917
0.024513518191422754
0.03742527073198085
0.03488946670345341
0.03923298731880802
0.03511339855206912
0.03490067763601778
0.038948529784936556
0.03873932522765311
0.0370889197088582
0.037360423590656035
0.03948915878150845
0.03151088262856632
0.028814851388637867
0.028557218835901767
0.026167110606683124
0.020636024886325578
0.021953454114934993
0.022943766122942716
0.02300286873091155
0.02296916303396773
0.025639992301231266
0.028230361835214515
0.03223719030999757
0.034078020023429384
0.03517629037698171
0.03414160517770207
0.03293036519430877
0.032432682689736675
0.02891374183823832
0.027569836035381712
0.03364014483760716
0.03483153996875442
0.03852237993541525
0.035906773067829835
0.03437926934319163
0.03671714448522011
0.037676711188105345
0.0318854184217909
0.030016562427013626
0.03596086257972226
0.034558989195334476
0.032579653047426806
0.0301796674114176
0.0294976008245249
0.024853503209131322
0.020825649185853605
0.02298903805552354
0.021634856360900942
0.01667633335382213
0.013126435443552612
0.01692795930530791
0.017390316898536238
0.018367207044929154
0.018827713816194313
0.02375923562779931
0.02397475870133936
0.030635881780367805
0.034337344221736774
0.035931748829050855
0.03142880564392251
0.034585947696841014
0.03423497789349242
0.03500207181128487
0.03583498710271363
0.03536654665734371
0.03487665878645752
0.03478346056003842
0.03315032531372968
0.0343457173407255
0.03402362751793521
0.03129892146513359
0.03335097883712067
0.03605513908163719
0.038829481248596115
0.03731618528322192
0.0380623737135247
0.0369131908035664
0.03369003988630041
0.03471839968063558
0.03394945727797141
0.03432329726171394
0.01681238003069654
0.013523960066200309
0.012160048866995983
0.009744232787470712
0.01271801347136007
0.018404319788004563
0.028944508729277306
0.03433376257451207
0.03174344824180334
0.02776946287331848
0.02636892755098164
0.02605179504549055
0.021713780785887815
0.016409408538746985
0.02277016353480443
0.025107721639490536
0.023575982836533668
0.021834019867831816
0.025594600485119745
0.020748863130536994
0.014491964888840901
0.01014261163557259
0.008978085240656708
0.007224865098652923
0.0020351885606116763
0.0016199490665561801
0.00165823058819146
0.0033053591093651635
0.00886264258416945
0.010089876347280757
0.011134392307583459
0.01969230432570215
0.012690408428889655
0.005403568241136029
0.004633350099492559
3.285289692198574e-05
-0.007804265428717196
-0.012045331524815395
-0.007028248158507563
-0.004939195758285951
-0.0049293598670422205
-0.01326718166187764
-0.011289219039982042
-0.01334084467013431
-0.016720948899634776
-0.025094911058756646
-0.02293299655392586
-1.0
-1.0
-1.0
-1.0
-1.0
-1.0
-1.0
-1.0
-1.0
-1.0
-1.0
-1.0
-1.0
-1.0
-1.0
-1.0
-1.0
-1.0
-1.0
-1.0
-1.0
-1.0
-1.0
-1.0
-1.0
-1.0
-1.0
-1.0
-1.0
-1.0
-1.0
-1.0
-1.0
-1.0
-1.0
-1.0
-1.0
-1.0
-1.0
-1.0
-1.0
-1.0
-1.0
-1.0
-1.0
-1.0
-1.0
-1.0
-1.0
-1.0
-1.0
-1.0
-1.0
-1.0
-1.0
-1.0
-1.0
-1.0
-1.0
-1.0
-1.0
-1.0
-1.0
-1.0
-1.0
-1.0
-1.0
-1.0
-1.0
-1.0
-1.0
-1.0
-1.0
-1.0
-1.0
-1.0
-1.0
-1.0
-1.0
-1.0
-1.0
-1.0
-1.0
-1.0
-1.0
-1.0
-1.0
-1.0
-1.0
-1.0
-1.0
-1.0
-1.0
-1.0
-1.0
-1.0
-1.0
-1.0
-1.0
-1.0
-1.0
-1.0
-1.0
-1.0
-1.0
-1.0
-1.0
-1.0
-1.0
-1.0
-1.0
-1.0
-1.0
-1.0
-1.0
-1.0
-1.0
-1.0
-1.0
-1.0
-1.0
-1.0
-1.0
-1.0
-1.0
-1.0
-1.0
-1.0
-1.0
-1.0
-1.0
-1.0
-1.0
-1.0
-1.0
-1.0
-1.0
-1.0
-1.0
-1.0
-1.0
-1.0
-1.0
-1.0
-1.0
-1.0
-1.0
-1.0
-1.0
-1.0
-1.0
-1.0
-1.0
-1.0
-1.0
-1.0
-1.0
-1.0
-1.0
-1.0
-1.0
-1.0
-1.0
-1.0
-1.0
-1.0
-1.0
-1.0
-1.0
-1.0
-1.0
-1.0
-1.0
-1.0
-1.0
-1.0
-1.0
-1.0
-1.0
-1.0
-1.0
-1.0
-1.0
-1.0
-1.0
-1.0
-1.0
-1.0
-1.0
-1.0
-1.0
-1.0
-1.0
-1.0
-1.0
-1.0
-1.0
-1.0
-1.0
-1.0
-1.0
-1.0
-1.0
-1.0
-1.0
-1.0
-1.0
-1.0
-1.0
-1.0
-1.0
-1.0
-1.0
-1.0
-1.0
-1.0
-1.0
-1.0
-1.0
-1.0
-1.0
-1.0
-1.0
-1.0
-1.0
-1.0
-1.0
-1.0
-1.0
-1.0
-1.0
-1.0
-1.0
-1.0
-1.0
-1.0
-1.0
-1.0
-1.0
-1.0
-1.0
-1.0
-1.0
-1.0
-1.0
-1.0
-1.0
-1.0
-1.0
-1.0
-1.0
-1.0
-1.0
-1.0
-1.0
-1.0
-1.0
-1.0
-1.0
-1.0
-1.0
-1.0
-1.0
-1.0
-1.0
-1.0
-1.0
-1.0
-1.0
-1.0
-1.0
-1.0
-1.0
-1.0
-1.0
-1.0
-1.0
-1.0
-1.0
-1.0
-1.0
-1.0
-1.0
-1.0
-1.0
-1.0
-1.0
-1.0
-1.0
-1.0
-1.0
-1.0
-1.0
-1.0
-1.0
-1.0
-1.0
-1.0
-1.0
-1.0
-1.0
-1.0
-1.0
-1.0
-1.0
-1.0
-1.0
-1.0
-1.0
-1.0
-1.0
-1.0
-1.0
-1.0
-1.0
-1.0
-1.0
-1.0
-1.0
-1.0
-1.0
-1.0
-1.0
-1.0
-1.0
-1.0
-1.0
-1.0
-1.0
-1.0
-1.0
-1.0
-1.0
-1.0
-1.0
-1.0
-1.0
-1.0
-1.0
-1.0
-1.0
-1.0
-1.0
-1.0
-1.0
-1.0
-1.0
-1.0
-1.0
-1.0
-1.0
-1.0
-1.0
-1.0
-1.0
-1.0
-1.0
-1.0
-1.0
-1.0
-1.0
-1.0
-1.0
-1.0
-1.0
-1.0
-1.0
-1.0
-1.0
-1.0
-1.0
-1.0
-1.0
-1.0
-1.0
-1.0
-1.0
-1.0
-1.0
-1.0
-1.0
-1.0
-1.0
-1.0
-1.0
-1.0
-1.0
-1.0
-1.0
-1.0
-1.0
-1.0
-1.0
-1.0
-1.0
-1.0
-1.0
-1.0
-1.0
-1.0
-1.0
-1.0
-1.0
-1.0
-1.0
-1.0
-1.0
-1.0
-1.0
-1.0
-1.0
-1.0
-1.0
-1.0
-1.0
-1.0
-1.0
-1.0
-1.0
-1.0
-1.0
-1.0
-1.0
-1.0
-1.0
-1.0
-1.0
-1.0
-1.0
-1.0
-1.0
-1.0
-1.0
-1.0
-1.0
-1.0
-1.0
-1.0
-1.0
-1.0
-1.0
-1.0
-1.0
-1.0
-1.0
-1.0
-1.0
-1.0
-1.0
-1.0
-1.0
-1.0
-1.0
-1.0
-1.0
-1.0
-1.0
-1.0
-1.0
-1.0
-1.0
-1.0
-1.0
-1.0
-1.0
-1.0
-1.0
-1.0
-1.0
-1.0
-1.0
-1.0
-1.0
-1.0
-1.0
-1.0
-1.0
-1.0
-1.0
-1.0
-1.0
-1.0
-1.0
-1.0
-1.0
-1.0
-1.0
-1.0
-1.0
-1.0
-1.0
-1.0
-1.0
-1.0
-1.0
-1.0
-1.0
-1.0
-1.0
-1.0
-1.0
-1.0
-1.0
-1.0
-1.0
-1.0
-1.0
-1.0
-1.0
-1.0
-1.0
-1.0
-1.0
-1.0
-1.0
-1.0
-1.0
-1.0
-1.0
-1.0
-1.0
-1.0
-1.0
-1.0
-1.0
-1.0
-1.0
-1.0
-1.0
-1.0
-1.0
-1.0
-1.0
-1.0
-1.0
-1.0
-1.0
-1.0
-1.0
-1.0
-1.0
-1.0
-1.0
-1.0
-1.0
-1.0
-1.0
-1.0
-1.0
-1.0
-1.0
-1.0
-1.0
-1.0
-1.0
-1.0
-1.0
-1.0
-1.0
-1.0
-1.0
-1.0
-1.0
-1.0
-1.0
-1.0
-1.0
-1.0
-1.0
-1.0
-1.0
-1.0
-1.0
-1.0
-1.0
-1.0
-1.0
-1.0
-1.0
-1.0
-1.0
-1.0
-1.0
-1.0
-1.0
-1.0
-1.0
-1.0
-1.0
-1.0
-1.0
-1.0
-1.0
-1.0
-1.0
-1.0
-1.0
-1.0
-1.0
-1.0
-1.0
-1.0
-1.0
-1.0
-1.0
-1.0
-1.0
-1.0
-1.0
-1.0
-1.0
-1.0
-1.0
-1.0
-1.0
-1.0
-1.0
-1.0
-1.0
-1.0
-1.0
-1.0
-1.0
-1.0
-1.0
-1.0
-1.0
-1.0
-1.0
-1.0
-1.0
-1.0
-1.0
-1.0
-1.0
-1.0
-1.0
-1.0
-1.0
-1.0
-1.0
-1.0
-1.0
-1.0
-1.0
-1.0
-1.0
-1.0
-1.0
-1.0
-1.0
-1.0
-1.0
-1.0
-1.0
-1.0
-1.0
-1.0
-1.0
-1.0
-1.0
-1.0
-1.0
-1.0
-1.0
-1.0
-1.0
-1.0
-1.0
-1.0
-1.0
-1.0
-1.0
-1.0
-1.0
-1.0
-1.0
-1.0
-1.0
-1.0
-1.0
-1.0
-1.0
-1.0
-1.0
-1.0
-1.0
-1.0
-1.0
-1.0
-1.0
-1.0
-1.0
-1.0
-1.0
-1.0
-1.0
-1.0
-1.0
-1.0
-1.0
-1.0
-1.0
-1.0
-1.0
-1.0
-1.0
-1.0
-1.0
-1.0
-1.0
-1.0
-1.0
-1.0
-1.0
-1.0
-1.0
-1.0
-1.0
-1.0
-1.0
-1.0
-1.0
-1.0
-1.0
-1.0
-1.0
-1.0
-1.0
-1.0
-1.0
-1.0
-1.0
-1.0
-1.0
-1.0
-1.0
-1.0
-1.0
-1.0
-1.0
-1.0
-1.0
-1.0
-1.0
-1.0
-1.0
-1.0
-1.0
-1.0
-1.0
-1.0
-1.0
-1.0
-1.0
-1.0
-1.0
-1.0
-1.0
-1.0
-1.0
-1.0
-1.0
-1.0
-1.0
-1.0
-1.0
-1.0
-1.0
-1.0
-1.0
-1.0
-1.0
-1.0
-1.0
-1.0
-1.0
-1.0
-1.0
-1.0
-1.0
-1.0
-1.0
-1.0
-1.0
-1.0
-1.0
-1.0
-1.0
-1.0
-1.0
-1.0
-1.0
-1.0
-1.0
-1.0
-1.0
-1.0
-1.0
-1.0
-1.0
-1.0
-1.0
-1.0
-1.0
-1.0
-1.0
-1.0
-1.0
-1.0
-1.0
-1.0
-1.0
-1.0
-1.0
-1.0
-1.0
-1.0
-1.0
-1.0
-1.0
-1.0
-1.0
-1.0
-1.0
-1.0
-1.0
-1.0
-1.0
-1.0
-1.0
-1.0
-1.0
-1.0
-1.0
-1.0
-1.0
-1.0
-1.0
-1.0
-1.0
-1.0
-1.0
-1.0
-1.0
-1.0
-1.0
-1.0
-1.0
-1.0
-1.0
-1.0
-1.0
-1.0
-1.0
-1.0
-1.0
-1.0
-1.0
-1.0
-1.0
-1.0
-1.0
-1.0
-1.0
-1.0
-1.0
-1.0
-1.0
-1.0
-1.0
-1.0
-1.0
-1.0
-1.0
-1.0
-1.0
-1.0
-1.0
-1.0
-1.0
-1.0
-1.0
-1.0
-1.0
-1.0
-1.0
-1.0
-1.0
-1.0
-1.0
-1.0
-1.0
-1.0
-1.0
-1.0
-1.0
-1.0
-1.0
-1.0
-1.0
-1.0
-1.0
-1.0
-1.0
-1.0
-1.0
-1.0
-1.0
-1.0
-1.0
-1.0
-1.0
-1.0
-1.0
-1.0
-1.0
-1.0
-1.0
-1.0
-1.0
-1.0
-1.0
-1.0
-1.0
-1.0
-1.0
-1.0
-1.0
-1.0
-1.0
-1.0
-1.0
-1.0
-1.0
-1.0
-1.0
-1.0
-1.0
-1.0
-1.0
-1.0
-1.0
-1.0
-1.0
-1.0
-1.0
-1.0
-1.0
-1.0
-1.0
-1.0
-1.0
-1.0
-1.0
-1.0
-1.0
-1.0
-1.0
-1.0
-1.0
-1.0
-1.0
-1.0
-1.0
-1.0
-1.0
-1.0
-1.0
-1.0
-1.0
-1.0
-1.0
-1.0
-1.0
-1.0
-1.0
-1.0
-1.0
-1.0
-1.0
-1.0
-1.0
-1.0
-1.0
-1.0
-1.0
-1.0
-1.0
-1.0
-1.0
-1.0
-1.0
-1.0
-1.0
-1.0
-1.0
-1.0
-1.0
-1.0
-1.0
-1.0
-1.0
-1.0
-1.0
-1.0
-1.0
-1.0
-1.0
-1.0
-1.0
-1.0
-1.0
-1.0
-1.0
-1.0
-1.0
-1.0
-1.0
-1.0
-1.0
-1.0
-1.0
-1.0
-1.0
-1.0
-1.0
-1.0
-1.0
-1.0
-1.0
-1.0
-1.0
-1.0
-1.0
-1.0
-1.0
-1.0
-1.0
-1.0
-1.0
-1.0
-1.0
-1.0
-1.0
-1.0
-1.0
-1.0
-1.0
-1.0
-1.0
-1.0
-1.0
-1.0
-1.0
-1.0
-1.0
-1.0
-1.0
-1.0
-1.0
-1.0
-1.0
-1.0
-1.0
-1.0
-1.0
-1.0
-1.0
-1.0
-1.0
-1.0
-1.0
-1.0
-1.0
-1.0
-1.0
-1.0
-1.0
-1.0
-1.0
-1.0
-1.0
-1.0
-1.0
-1.0
-1.0
-1.0
-1.0
-1.0
-1.0
-1.0
-1.0
-1.0
-1.0
-1.0
-1.0
-1.0
-1.0
-1.0
-1.0
-1.0
-1.0
-1.0
-1.0
-1.0
-1.0
-1.0
-1.0
-1.0
-1.0
-1.0
-1.0
-1.0
-1.0
-1.0
-1.0
-1.0
-1.0
-1.0
-1.0
-1.0
-1.0
-1.0
-1.0
-1.0
-1.0
-1.0
-1.0
-1.0
-1.0
-1.0
-1.0
-1.0
-1.0
-1.0
-1.0
-1.0
-1.0
-1.0
-1.0
-1.0
-1.0
-1.0
-1.0
-1.0
-1.0
-1.0
-1.0
-1.0
-1.0
-1.0
-1.0
-1.0
-1.0
-1.0
-1.0
-1.0
-1.0
-1.0
-1.0
-1.0
-1.0
-1.0
-1.0
-1.0
-1.0
-1.0
-1.0
-1.0
-1.0
-1.0
-1.0
-1.0
-1.0
-1.0
-1.0
-1.0
-1.0
-1.0
-1.0
-1.0
-1.0
-1.0
-1.0
0.012560315719038682
-1.0
-1.0
-1.0
-1.0
-1.0
-1.0
-1.0
-1.0
-1.0
-1.0
-1.0
-1.0
-1.0
-1.0
-1.0
-1.0
-1.0
-1.0
-1.0
-1.0
-1.0
-1.0
-1.0
-1.0
-1.0
-1.0
-1.0
-1.0
-1.0
-1.0
-1.0
-1.0
-1.0
-1.0
-1.0
-1.0
-1.0
-1.0
-1.0
-1.0
-1.0
-1.0
-1.0
-1.0
-1.0
-1.0
-1.0
-1.0
-1.0
-1.0
-1.0
-1.0
-1.0
-1.0
-1.0
-1.0
-1.0
-1.0
-1.0
-1.0
-1.0
-1.0
-1.0
-1.0
-1.0
-1.0
-1.0
-1.0
-1.0
-1.0
-1.0
-1.0
-1.0
-1.0
-1.0
-1.0
-1.0
-1.0
-1.0
-1.0
-1.0
-1.0
-1.0
-1.0
-1.0
-1.0
-1.0
-1.0
-1.0
-1.0
-1.0
-1.0
-1.0
-1.0
-1.0
-1.0
-1.0
-1.0
-1.0
-1.0
-1.0
-1.0
-1.0
-1.0
-0.007696968003427873
-0.0099816244207455
-0.0074103280112194515
-0.004840923021164521
-0.0019182623462520153
0.004438331797299192
0.006642946041526124
0.006992659788537233
0.010325165685082781
0.016492159141370786
0.013955837005510898
0.014676021917199508
0.013476472245475709
0.01475255141291255
0.015904980192460318
0.015142452130610624
0.012196249729197754
0.012443854417256477
0.0114924447590965
0.013479206421691084
0.015594667759983012
0.0158148879237867
0.01782339651197421
0.012260790453468668
0.009955586255378198
0.006979761093355598
0.0036027797141825676
0.0032280454065674005
0.005010754127838986
0.005488650503501507
0.011965052028176177
0.007533494290836408
0.0016378193193838817
-0.0008560357026361911
-0.005065714171627107
-0.01201961464451654
-0.015968687239601265
-0.01380933552492485
-0.016753656925113564
-0.014034520122739617
-0.017332509868874392
-0.016520569001211113
-0.01610521945404361
-0.016183703746095398
-0.015494556694930427
-0.018135465703391192
-0.018232137464633168
-0.018593771727881434
-0.01689316792523083
-0.01525031041840624
-0.010921616847928093
-0.008805443704706014
-0.00310066356466107
0.004266261959220009
-0.003033918009510955
-0.01038509733357216
-0.013732742816045161
-0.014200118721376552
-0.016821068181007814
-0.01646880978236098
-0.01899507522391421
-0.016844770388540296
-0.019490653146759917
-0.020239282598618315
-0.01969335631479591
-0.01983799777123546
-0.019104917484934415
-0.018098179915808733
-0.01973246231268234
-0.019907020843996013
-0.01691181547113421
-0.014598659788480736
-0.01261826450169517
-0.0001862691373946761
0.009945559939296774
0.008501979792536784
0.005203946282017974
0.0023230056058115753
0.0010590200894335078
0.005292526723352225
0.00699413718929945
-0.005209188276396614
-0.009032972929050276
-0.007442280336048874
-0.0053425495787871894
-0.004271018753299912
-0.0061733540159495505
-0.009937255277301335
-0.017450497357893547
-0.01726767959843683
-0.019289199073966652
-0.017428194287274556
-1.0
-0.020633284030342692
-0.02204751843764008
-0.02371684426950113
-0.020357971299346158
-0.019382492131469847
-0.01877456784757418
-0.020182444625650154
-0.0211041250484352
-0.020520088122931917
-0.021193480735692313
-0.02181393596532868
-0.019901923004469236
-0.020760630358587617
-0.02162939511920422
-0.021082464599397773
-0.021796400587463946
-0.02087057761170537
-0.021766564930897753
-0.019300533049283742
-0.02329417281734726
-0.019395680220649247
-0.018707227862891182
-0.012781216558102857
-0.01714142656715768
-0.020398686104479466
-0.017656042615598156
-0.021794712827127957
-0.020156339326151247
-0.019250315688632058
-0.018415859894919465
-0.019410447635812064
-0.017806772721345603
-0.017476096805028558
-0.017406400170019324
-0.0165563985239264
-0.015511290424015129
-0.014617754327192948
-0.010762793167701198
-0.009968483847092032
-0.007374319260029345
-0.006371776442820946
0.003662907620650403
0.003941799705136915
-0.002441718108872909
0.004165033846908582
0.009562254696267593
0.013405859382946817
0.012642629165956154
0.008205042439525802
0.001738349216068945
-0.004630473613867416
-0.005883926627812332
-0.010617877064092235
-0.009507617459798978
-0.010785835768291346
-0.0076540736793195546
-0.007568583660093125
-0.005474936357800907
-0.00027379934512695216
-0.0026533267706975523
-0.004260641184620015
-0.0015526531089623612
-0.0010937466012932893
0.0034130597964213
0.008848505473239019
0.01301201678131745
0.009816678494530108
0.011316281689057421
0.013134744497370772
0.014149610734076003
0.012839406182260593
0.013225340004820986
0.00789867216472144
0.0032184808591939344
-0.0007124055507171605
-0.005617312329452567
-0.006393560426004582
-0.015911173550576956
-0.01448179292869409
-0.016281867372421908
-0.015299871861920668
-0.01729117663404931
-0.01582232028470409
-0.017416722028892072
-0.015731966949160053
-0.018152238804934825
-0.01961748529043514
-0.01905677943052991
-0.019592575839209984
-0.018151126617419425
-0.017786689507223764
-0.015108105489407298
-0.017688818618966547
-0.017705151891186488
-0.014687808642422435
-0.00879842422888471
-0.0055831477503657636
-0.014026778612753811
-0.013945384120271775
-0.014777485838543354
-0.019224257157683118
-0.019355217037005122
-0.020824687488429965
-0.01657844060104885
-0.019748432686610556
-0.020274079254044817
-0.021973325814125786
-0.01869432307837525
-0.019916015292865817
-0.021754294430381432
-0.020847383372800652
-0.019039434015370057
-0.019614777817908914
-0.021572507840863748
-0.021949178152315448
-0.021166603235980425
-0.020165011383115657
-0.018425265696050228
-0.020823934326921263
-0.022020607221958408
-0.021669466033848242
-0.022772072563103922
-0.01977154697900067
-0.0208542280530249
-1.0
-0.020715114513336262
-0.02101911959220499
-0.019934713411294356
-0.0207976798129384
-0.02178759264069502
-0.020634938370141718
-0.02254127114583217
-0.019282024160666912
-0.02194272597728124
-0.021034691379800026
-0.02359633722524378
-0.024463186243159036
-0.01872009372547376
-0.02057642431568995
-0.022306587256038426
-0.019347866619676142
-0.02122401550922588
-0.019919776168066575
-0.022891502064883846
-0.01927507974960262
-0.0227332189752952
-0.020677130783830953
-0.02174776043153427
-0.023275251548225368
-0.022218294523904177
-0.020234589646038623
-0.020467431061376794
-0.020214099980334663
-0.020459731875598137
-0.022578568364219818
-0.021885168388558664
-0.021128409158153266
-0.023345269893225
-0.02280221625942535
-0.020753670842888747
-0.0204356917217172
-0.014403854156415447
-0.01112860804231921
-0.015772043401151455
-0.01280514127138639
-0.01175152625264639
-0.015162730801492304
-0.013041384336952845
-0.0023884251310133946
-0.0024011563122213263
-0.002072762501404589
0.0056407501762437955
-0.003157897106907769
-0.0020904829415071906
0.002973913395356824
-0.004620947097418662
-0.009044450605070446
-0.014194673046996408
-0.017716429757894385
-0.02231435221000607
-0.024830511821932043
-0.02383007933869018
-0.026772084598905677
-0.028190834730893725
-0.023707897057545276
-0.02827893453059797
-0.026450739909080086
-0.02567671811864317
-0.024769523039851304
-0.02361692682914232
-0.027560115955256308
-0.024966026554314694
-0.028382348450736918
-0.027229216528707995
-0.027737157662018994
-0.02716652835326662
-0.027073716102690975
-0.024987562359697083
-0.02225177483000134
-0.026637129813884677
-0.025243297092591016
-0.024433843396547347
-0.026534819748778055
-0.027266808833897403
-0.0271278913443913
-0.025340868717516465
-0.026477621582547607
-0.026111823834080113
-0.02772310698281375
-0.027396146840499378
-0.027240701579543263
-0.02525241530369102
-0.02578102369801181
-0.024965376956476753
-0.02573463649474226
-0.025935180157653864
-0.025660529177212444
-0.026042261968081036
-0.027128578376495925
-0.027824698956376532
-0.025882170461452626
-0.0245639663669585
-0.022409463443421027
-0.022950213077901026
-0.019841958560877643
-0.013378536097880396
0.0011643359655204852
0.0017214483241763422
0.002702806898217248
0.003196245671146091
-0.004101369039980134
-0.006935100859782722
-0.010191355174468099
-0.007949135954000725
-0.009019881636267513
-0.010281188808506661
-0.009109960189240469
-0.012142345799735365
-0.017033518460417285
-0.018136973324542036
-0.016389175354685037
-0.02116691270112875
-0.020279104568744617
-0.021472149127446747
-0.01937672126253492
-0.016541765398712903
-0.02029795248027376
-0.020400640074053386
-0.01935748811031866
-0.022920107527334428
-0.022254628652135434
-0.022540906215909488
-0.024347735723912106
-0.019812773180237345
-0.023492084595515765
-0.02103276176066236
-0.017824152150046048
-0.0013706713098858294
0.00656377899182004
0.004582668346431954
0.005664670088669519
0.005959052614082384
0.0029300624463948523
0.0032288501763011583
0.0024027987955434183
0.0008238498208006026
-0.0045795467677666605
-0.013238766583593325
-0.01760252395270682
-0.018995024387050394
-0.022691212556779087
-0.023006361374864736
-0.023060588906113566
-0.025072818484196253
-0.023706699563724738
-0.0256696062103227
-0.024645722027951285
-0.025654181395391294
-0.023671073535113336
-0.023066892663304916
-0.022090728052627084
-0.019489639504085395
-0.020328118596924707
-0.016433993914048838
-0.01906937955508408
-0.01784824779332696
-0.01589494381392358
-0.015768789735323124
-0.018186714710403132
-0.019946778013640455
-0.021429960928348365
-0.019068582950230523
-0.023500117897726398
-0.022516997052126148
-0.021482890786585693
-0.0194718364731215
-0.017552871280649265
-0.019332678664396263
-0.01597502843837611
-0.011086804234589413
-0.0072668725592258225
-0.010224005283586442
-0.009144411948571764
-0.018501812809226685
-0.023403073860028704
-0.026626757050559065
-0.029081137718633916
-0.028550652951529476
-0.02827127303442517
-0.03033554696508736
-0.029789237275193906
-0.028521695699343912
-0.030479815036628357
-0.030056414849342326
-0.028843487598169723
-0.027798377931760043
-0.028324200449318975
-0.02845497577473366
-0.02894810957055718
-0.02805403509042116
-0.027368856936958456
-0.02970760340337414
-0.02791680183322642
-0.03019989568105581
-0.027494463228172977
-0.028069182645665554
-0.030062613176970895
-0.030547321318863705
-0.029503787867464857
-0.027976693978653336
-0.027128626991597016
-0.029543818613690386
-0.02797115715993034
-0.02461119943132063
-0.026604569340157765
-0.0287664364126025
-0.03001970335658897
-0.026511603972738697
-0.030398685046235233
-0.028613958735629524
-0.029085990519147155
-0.030052509057191628
-0.030023088960768697
-0.02997538006263661
-0.029326891739916486
-0.028543528396826418
-0.027139672697627654
-0.02748407604523869
-0.026373837342250215
-0.02431555301525531
-0.02309990414988989
-0.025734865212724806
-0.01868748027980661
-0.0038202352049126194
-0.002568210659428078
2.634718519055607e-05
-0.007357405249101991
-0.008173975375827447
-0.014033800891368006
-0.017208960198814467
-0.02443211484133606
-0.02709671379645491
-0.025572161299882556
-0.02632419762901397
-0.025639927283726556
-0.026428857395355065
-0.026939970729170943
-0.02970449012211503
-0.027036619152924327
-0.031145239925506624
-0.029587578217765274
-0.029233525606557915
-0.029883069134649755
-0.02743840092811664
-0.02771045511982519
-0.02717297867229704
-0.02726184778789716
-0.027990659705936578
-0.02829069096192375
-0.030283186130932033
-0.029184207440953874
-0.027711512870415893
-0.029443562782918337
-0.027159230682825233
-0.02662400651630672
-0.029569209657736448
-0.028892613312351403
-0.029383026871920216
-0.02693501134242529
-0.028024566648549222
-0.028619227478644583
-0.02803438975588572
-0.02799415099800988
-0.027877772651053456
-0.028150162114183957
-0.02866143632418483
-1.0
-0.027503575258777252
-0.028475773258362987
-0.027708968593271814
-1.0
-0.02759587343210775
-0.02800988708233383
-1.0
-0.029005878371953276
-0.02607759325048248
-0.026204917281849763
-0.02903960249416659
-0.028359599124617135
-0.028607642608281348
-0.02938466831311739
-0.026470884224801754
-0.029091112626716587
-0.028275267410882304
-0.028213442430194934
-0.030639215618150143
-0.029844894886368822
-0.02730910549199697
-0.028381670717745763
-0.026112418203323134
-0.028950914021149295
-0.029954579116300763
-0.028819987029692316
-0.029182029036107247
-0.027960047019686005
-0.027816599676385192
-0.030263744801010056
-0.027545228800631028
-0.02864458175243813
-0.028579746425894788
-0.030090777232323954
-0.030165645699385398
-0.030524856414128946
-0.030245413728988275
-0.029564933909941193
-0.029064697541919222
-0.02921001119306591
-0.02936256986402291
-0.02602452767241434
-0.026936957609561777
-0.028177944569879796
-0.028259505459398607
-0.028508610928777336
-0.028740227995541365
-0.02872484922248812
-0.028758656388461437
-0.030268985027768282
-1.0
-1.0
-0.030268081560040277
-0.028946944430458015
-0.03021400575706209
-0.02911276253670975
-0.030133046537875914
-0.03043675708879909
-0.029729111093211084
-0.028219630632723113
-0.028067695847696292
-0.029648550138339683
-0.02972211582050394
-0.030238409860182183
-0.029179616385620145
-0.030059342448265164
-0.029312701489703746
-0.029775273931612653
-0.029501931486011004
-0.02810910120921258
-0.027974328994884726
-0.028901811113175028
-0.02820138587822202
-0.03040915682871181
-0.030033655086178893
-0.030545177875347364
-0.029636843952005294
-0.03009718805737729
-0.029386026950638005
-0.03109844759701993
-0.030605906769801832
-0.028891794169864947
-0.02945551298857695
-0.02916726177350588
-0.029739307573339903
-0.031196624641531494
-0.030570209252101632
-0.030915110306134478
-0.030441737477453656
-0.02911545550401722
-0.030023331854760745
-0.02980374879158676
-0.029584767085160234
-0.03161967819580219
-0.032445603229451746
-0.028618030065506
-0.031846426051281365
-0.03178987401323967
-0.03149227874696056
-0.030818374732819346
-0.02965638085415903
-0.031558717575216666
-0.029428266623597425
-0.03165450735783266
-0.030516323647414252
-0.031439864051142546
-0.029822248211954543
-0.028956739003124246
-0.027430233139967963
-0.02692889850338227
-0.02876456151229939
-0.02712702792618626
-0.023248053953703888
-0.023444427667807567
-0.024464004335502037
-0.02632763693732261
-0.023414913808631973
-0.019740591622929606
-0.007723191345909488
-0.0029536055688105544
0.003331812143980423
0.007223144257189087
-0.003062414014568228
-0.004674379672940185
-0.006308197556729267
-0.004387473404626922
0.0006024458439884324
-1.0
-1.0
-0.004478937162508262
0.0018500318983229727
0.00619283441069938
0.013497909079601432
0.005091747018273229
-0.007508270813784
-0.011920232482750232
-0.012475628593949045
-0.013162347735768987
-0.009256708297275871
-0.009238138761193821
-0.012511014621303633
-0.015795294892916163
-0.014151816940066422
-0.009648073708657542
-0.0017807451529041598
-0.000350845031418397
-0.008381371426539962
-0.016557976172387818
-0.01752753098454738
-0.015291795362038804
-0.01853232961697353
-0.019975926014537525
-0.020600250933478042
-0.0198737378119189
-0.019987511700293566
-0.020162663230480944
-0.019173362401808915
-0.020229278478025706
-0.017703743946315114
-0.01715241567234993
-0.010483513579883233
0.0017811546764335657
0.006357227830691305
0.010292811742150954
0.004724696268315088
-0.005619160190544742
-0.006537613692309338
-0.008350598266200729
-0.01360638855704196
-0.013611149327705525
-0.015669617982252092
-0.01243512636169826
-0.014075212858094825
-0.012533917182010686
-0.011894552830608142
-0.006325235897897042
-0.004287130639466648
-0.011781618946677045
-0.01382086013344364
-0.01695936272391806
-0.019764927892118575
-0.020445705273108683
-0.022147297944942797
-0.021323004845171255
-0.02065258764833653
-0.022087978695549924
-0.02260540912305098
-0.02166772640302694
-0.02353021353843672
-0.020611481957520692
-0.020033772964943745
-0.01796159104179355
-0.01617917730646579
-0.021026971588168717
-0.017808291452344843
-0.009716792404266698
-0.0040407221861612965
0.0021978071409710265
0.003385007142373378
0.006167982437992242
0.007481882087753383
0.0063251657827671
0.010523869808494499
0.00852210196903789
-1.0
0.0027650561175657463
0.0029983500426697283
-0.0005445351230195836
-0.006249375566808293
-0.0030418110080724457
0.0008823200236497071
0.011828139321024408
0.007942473370819717
0.005547101336347016
0.0013288565379423307
-0.0038584328700612346
-0.007005516472349397
-0.0024381963208124947
-0.010739286533612297
-0.014328525346684568
-0.014771342652792698
-0.011052493223027027
-0.008608694481418827
-0.0013047606514033734
0.00671977103239121
0.011177457247326711
0.009639820104731332
0.010571483864822748
-0.006229400551428485
-0.01661459546478276
-0.018059653535364616
-0.020772431995257173
-0.021947160190224038
-0.022670234874799692
-0.023507441503713006
-0.02479398674139672
-0.024679603291084134
-0.02386332359817133
-0.02606114804381027
-0.02844693089864888
-0.027180370851458708
-0.027115647510337
-0.027763949227100963
-0.02769502044454575
-0.027025559107175388
-0.02765491591556699
-0.026224241100864288
-0.027158651420506705
-0.026120914638418632
-0.027611959412983448
-0.025206955619218922
-0.024659499459266536
-0.027803862188963035
-0.02613359044612397
-0.026276881924149564
-0.02544483477955549
-0.02852883694636061
-0.026514820588823273
-0.024978731928805467
-0.024184879152979493
-0.023353802531017195
-0.024534430271341043
-0.02515785118714893
-0.02404537307581249
-0.02273143904202656
-0.021819145030906404
-0.020026050702946524
-0.016130030666844118
-0.014602921230774285
-0.012295351198850666
-0.006433211434350085
0.0004042397918415172
0.005319866705767066
0.008434212349857605
0.008574364187663903
0.01026071073839046
0.005408759294737034
0.0004147947962414276
-0.0045185059896405205
-0.007916871228499597
-0.012692229385341787
-0.017435854764911652
-0.018431519988453847
-0.022597270139412658
-0.024963067236881402
-0.026373384748269845
-0.02726743549375446
-0.027469072877194193
-0.02927857307445052
-0.02660605923076416
-1.0
-0.024412315343274267
-0.026982523524537963
-0.027625241705885293
-0.029322082415458636
-0.030659235621075677
-0.028672541177120897
-0.027071719652827283
-1.0
-0.026622951409203868
-0.02861451130688235
-0.026556823891867382
-0.028120070137081878
-0.02754354127932545
-0.027844225518705665
-0.025614441094287725
-0.026966639434607295
-0.02326846091900569
-0.018851412768646474
-0.011166914621850418
-0.014522744558238265
-0.013377562248093012
-0.011702737566223975
-0.02038111125793177
-0.02301580558195034
-0.023334102054914523
-0.0261323828269291
-0.024134630948700313
-0.026361482431265695
-0.027634664119423318
-0.02706626394024964
-0.028963815770052526
-0.0285035144235523
-0.029172072501472166
-0.027331957938339993
-0.027878837247812892
-0.029091670543383522
-0.026579494905273914
-0.028258346448928384
-0.027714342893180834
-0.028536230642848527
-0.027599235955392494
-0.027872265452633806
-0.02581921887560338
-0.02797603561773924
-0.02764348258722981
-0.02686535922925361
-0.027494061534143077
-0.024215321745084593
-0.026103248251344757
-0.025508672069905158
-0.021793067326233588
-0.022616804752168807
-0.017613027659707844
-0.012726277972597082
-0.001730511363568762
0.017072624985420233
0.016993063611394216
0.014828093624883933
0.017114493567407057
0.018160749873542704
0.018865607548470012
0.01853063469944333
0.018698484888628148
0.0171789171156559
0.013058150751756648
0.004653661504176042
0.0008637017737704004
0.0005342257291743435
0.0008356294337471645
0.0019885053548798944
0.006431647369618105
0.004417616034278314
-1.0
-1.0
-1.0
0.004571050115976354
0.0017664041806460062
0.0018957150335688806
0.0020763406892909246
-1.0
-1.0
-1.0
-1.0
-1.0
-1.0
-0.0016094218142231182
-0.0021537776150943183
-0.00295607054579369
-0.0024761209390855386
-0.005119309208679858
-0.005358601641998982
-0.005182907245594578
-0.003429417061847737
-0.006514714754991868
-0.006920291030252101
-0.00869948252539163
-0.006315187505606747
-0.004582185458336472
-0.008741391715428178
-0.007620091616316867
-0.00853188106133223
-0.012251826350352057
-0.014499447114120975
-0.013206624423631961
-0.014760857711612561
-0.01554907413456594
-0.015618004194260904
-0.014124542868039098
-0.011701256417595047
-0.01220791539448862
-0.01214639477303302
-0.014797757682072291
-0.016612927357476763
-0.014605156771164989
-0.015674861894359193
-0.01518946732073311
-0.011743839399159883
-0.011811225345343112
-0.0018468559094540142
0.004541421928883777
0.013293637490967632
0.013626047081683922
0.003918478009706307
-0.0002932989171690967
-0.0009470652287805388
0.00026795038997688
-0.0038949077146786092
-0.007557047183003946
-0.005578995441545505
-0.007154229323220859
-0.006915846452348283
-0.006224568360636903
-0.0045490044595530065
-0.0027037005309524745
0.003940042209972575
0.0014625566786796314
0.004801460535844912
-5.72352066038871e-06
-0.0029219949897640518
-0.00021897931892648264
-0.000646233730893032
0.0006351045354730695
0.006461178333933669
0.000717320788902854
-0.00013878956727864472
-0.0009611063961259766
-0.008104696255842727
-0.009250854124841862
-0.010900406407821344
-0.010966219575315931
-0.011714210836079625
-0.01372553917129203
-0.011731838442380864
-0.009779036674541632
-0.010971143263252388
-0.006863171762024177
-0.0018478739011123556
-0.001225163385516965
-0.005691048592509117
-0.009580454020454592
-0.009530695972272438
-0.010598793590869765
-0.012042926778723794
-0.01150750713788902
-0.009588141314233562
-0.010638646862747608
-0.010609689903317315
-0.008975652568525942
-0.006000164283849659
0.0008044413854026944
0.007651824034673983
0.010663551700906602
0.01688827617611785
0.018257219145652127
0.015999641952627743
0.01685866655389415
0.015776970357096656
0.01741674891181366
0.020750030415477978
0.02200509478134054
0.02447501274132072
0.023125690682607603
0.019882431697324333
0.01794626390724664
0.019090728561113282
0.016926550018122093
0.01486104258158992
0.014448405626885236
0.013827561149096558
0.014143917200797742
0.011221375521013512
0.011125245745906504
0.01311841339204565
0.01660545035217499
0.01911301433015822
0.022022543594188967
0.018849156947369987
0.021667797191154206
0.02275700452225334
0.02037758323480656
0.0164671740816479
0.013130448541518529
0.015006938094340207
0.01813508450025546
0.012103728406085559
0.010261849570103414
0.016987591906342477
0.02253542016217446
0.020403208170814816
0.021480743520165043
0.02588607820638148
0.026993550037932967
0.02528778324489158
0.022697279891696686
0.016571349011243602
0.007406353328681371
0.004057760261636046
0.0018426844871430065
0.00329106073413344
0.003032825370538514
0.003985179882365939
0.0018009576856713547
0.001895252098771155
8.5127113831778e-05
0.002550336035364702
0.007711635394576149
0.02119949803056664
0.0222323513284356
0.020627150788053578
0.017599922582211876
0.01654179301809487
0.016668447859366345
0.006444493964926776
0.0016637707938414379
-0.003182810852560942
-0.005311125091854728
-0.010927247026696929
-0.01337378274594296
-0.013490457249282932
-0.014147583150892644
-0.01429743840429849
-0.012642053313373596
-0.012478213637992596
-0.0136837517294524
-0.012618006231914053
-0.01179088442250083
-0.010227449351981431
-0.008977117984378998
-0.006934781811889771
-0.002238302421314258
-0.0005133035108232898
-0.0010225739815161547
-9.607410019156376e-05
0.0004967927260214818
0.008444247250092587
0.015198318730838262
0.004762843529360574
0.0022454675109902255
0.007439070198743613
0.011279829732196569
0.008652658482207287
-1.0
-1.0
-1.0
-1.0
-1.0
0.011902274830480529
0.008477634004748364
0.004624504355334381
0.0023848422463301783
0.0008355327473666239
0.002018247387048828
0.00375485797981659
0.003861288579489564
0.007839005839960061
0.007692732309753346
0.008669030344852944
0.01575519347088882
0.013814718860740557
0.015482458691748453
0.017992658666241217
0.019085058672111112
0.020349340605368957
0.01928990974019059
0.014950282224469202
0.012465198064298421
0.010052589504568325
0.010230401994068362
0.012193930959389636
0.010829059213772306
0.010666175960081127
0.008369121588474448
0.00642083834611342
0.010005555590240746
0.009828556290081687
0.010814782343998679
0.010162027038073748
0.010510923121631988
0.009960387675337226
0.010499236743045936
0.012154169435302196
0.0092239180039844
0.0028143222919043923
-0.0007174457483833251
0.002579908398742633
0.008398870034986062
0.01180932618511619
0.013670710729736349
0.015228901828742508
0.00641097803625378
-0.0014036020093934143
-0.0033450431911235287
-0.007739491954202282
-0.007599535298717547
-0.006506708475654736
-0.007735615112386433
-0.0049658443123706646
-0.0015358757011555391
-0.002231012596733632
-0.0034646379194053253
0.0005427185710457768
0.006099170228926325
0.011991420183416404
0.016806149174805416
0.01504137811608808
0.011782082575382593
0.009295606792787429
0.007313172497545092
0.004610797126309619
0.0014759457111711521
-0.0033457820326867
-0.003675277624547317
-0.0021092642356012555
-0.000186057991353343
0.0013264413217361803
-0.0032503888567202836
-0.0027044478166380007
-0.0015886816885631206
-0.0033903855359807685
-0.005579171392670673
-0.0037678437864621223
-0.0006005505698121878
0.00261515404289075
0.007397046923072327
0.016057542872767148
0.01600155651203838
0.011341447526343489
0.007647354922573673
0.002350493039207712
-0.0025300714881897027
-0.001087902281738299
-0.0009728873138468038
-0.005183833300438291
-0.004130875795815928
-0.0012409360976557149
-0.005169577407308651
-0.008586705515913822
-0.00831137333515969
-0.0028052695574149896
0.0031336583306453415
0.00040127238905332725
0.0009787633555280863
0.004538853208681705
0.005760690932940011
0.004982532755467945
-1.0
-1.0
-1.0
-1.0
0.0034559187445203482
-0.0024301103258309387
-0.005953839217913591
-0.007256992922925099
-0.009503151020545891
-0.009997544582723365
-0.008424063227388243
-1.0
-0.007984328700576861
-0.009155191114543994
-0.008906139354155592
-0.007626128819854338
-0.007430813261321576
-0.0033761023922592942
0.004635974461069526
0.010748813360289615
0.013521510269297784
0.013273370748242625
0.01564312585762604
0.01823412967602968
0.01681745781955766
0.016822884674879926
0.014240780256094593
0.015404561257901106
0.01959273613520785
0.019230230172529096
0.017592087138482423
0.015134749378707587
0.003280138394639508
-0.002832988525891219
-0.0020798929638815187
0.0004651178846100342
-0.0008541269850247374
-6.68341592956304e-05
0.00345879178000074
0.009478666151121801
0.014553402086384764
0.011840997351366466
0.016858363520454937
0.02119235686815367
0.021319168299653902
0.020854601754385207
0.018345297366834882
0.01917511596502659
0.017470532119702273
0.012948762403575028
0.012517334654586126
0.011919270242437689
0.007636096692933799
0.011100902130078702
0.000551387396997903
-0.004117444029661468
-0.007993291413791431
-0.010790756481212927
-0.009551366659767026
-0.012824545015364048
-0.014128454254898363
-0.01463109247585689
-0.015632804795718276
-0.014946880068250776
-0.012726073371844686
-0.011630388297729485
-0.010286659613140578
-0.013700395969671965
-0.015800722986808787
-0.01608594779676968
-0.016382150293347112
-0.017003477473807458
-0.01365632592969833
-0.0128123791447375
-0.01049047954580318
-0.009129629697146799
-0.012605165962874417
-0.015055210270793257
-0.016120622237753318
-0.015288515392080627
-0.016116120795578368
-0.013853278671862205
-0.009576499632317888
-0.005929633207733999
-0.0067343174369372955
-0.0039588357383240295
-0.0016078117750124876
0.0053065539913402
0.009899750823147806
0.003929267271361819
0.006587006316082672
0.00760919441243648
0.011954357976299759
0.012074869250082151
0.0071219590711127795
0.0006771408933165229
-0.0015966116219553867
-0.0028590759117524144
-0.004084562675212265
-0.006530578505298038
-0.0023054624588768175
-0.005052417837928629
-0.006429599583691498
-0.0030231018154908357
-0.004168901998102497
-0.004400052957622035
-0.0037554461989159934
-0.001954514497503009
-3.1650792801327886e-05
-0.001736556922262021
-0.0014958876940699634
-0.0035835896135480313
-0.0022696915541748977
-0.0022366657736057017
-0.0012146923569973022
0.0008990854360944157
0.007718478742137252
0.005702254859324317
0.0024283075567066046
0.004621856513797129
0.0056660311621296615
0.005210874836444932
0.00270765335044197
0.0035392833669631663
0.004352495673175679
0.007089691467556752
0.009604021622170248
0.00926046286522069
0.0030238119624231537
-0.00029658243186373747
-0.0026499431251720295
-0.0005322792967856915
-0.00023984023870817265
-0.0014584224609338395
-0.00482940949837615
-0.0032906123583629062
-0.0008960099957959464
-0.0007582220485374142
-0.009072729028392106
-0.011621907747360072
-0.009212842740372887
-0.015310258608175555
-0.020005157570006597
-0.023338887401346823
-0.022617650117054303
-0.02541412882698152
-0.025803322115166887
-0.024635466568653234
-0.027663127521228997
-0.027844956259575927
-0.031018152528287688
-0.028454965690801623
-0.03236780237632603
-0.031378686987554784
-0.030306307965912934
-0.030582132892197265
-0.030708511691138488
-0.030874171078842914
-0.02877673851551171
-0.03152413601665637
-0.032449537318698894
-0.03083120624811413
-0.028852721047908012
-0.02969331958268848
-0.03201173899940142
-0.03013640360702893
-0.031681888917665206
-0.02964136186398797
-0.029927541785877684
-0.0272872446787606
-0.029719234020594475
-0.029371565651137837
-0.030001632273002073
-0.031079753650258893
-0.03132770263585286
-0.029046736871862783
-0.02951060051273902
-0.029202866227930144
-0.02437105720835628
-0.015693797689043065
-0.022713181025310412
-0.025156473316944643
-0.02960465800278433
-0.02741834942925653
-0.022261660086459738
-0.021132760879909302
-0.026348496706939097
-0.02943144175945409
-0.02965209716852494
-0.031552506966368576
-0.03214054055879727
-0.031900135431760776
-0.0306860672684615
-0.03307536227972031
-0.03139275428777505
-0.03213872085172715
-0.03146173198060243
-0.03142770297878575
-0.03131982967458024
-0.03207237456477237
-0.029203709631333
-0.028648430159946243
-0.02966017686276986
-0.030310984704984244
-0.030666355310317854
-0.029298427632680153
-0.029354839105322307
-0.028832978741884185
-0.029137359852422696
-0.02806757720265325
-0.0284247189064739
-0.027546249707036164
-0.028280202408643172
-0.029675132879630965
-0.028691699416770508
-0.028475538416271425
-1.0
-1.0
-1.0
-0.028612088133472255
-0.02830813931390118
-0.028086090953310487
-0.02886782821962984
-0.027736056538342862
-0.027298512487215484
-0.028416189763497364
-0.027387041893206326
-0.029077765717526297
-0.02876860559940529
-0.028915532984722415
-0.02893482657676962
-0.027604850886026495
-1.0
-0.029335352311247464
-0.028467813118476563
-1.0
-0.029142149674779304
-0.028448657350008778
-0.02774572588497104
-1.0
-1.0
-0.02893682806678157
-0.02928065769944014
-0.028468470820910637
-0.02864749071930281
-0.027609928065510325
-0.02864976382800456
-1.0
-1.0
-1.0
-1.0
-0.029704097419502182
-0.027980158605697133
-0.028788805474105963
-0.027714977526080924
-0.02894592755250325
-0.02803114304407004
-0.028690992463102513
-0.028596636193326277
-1.0
-1.0
-1.0
-0.02938401285984074
-0.02725377843194937
-0.02886432813687926
-0.02868671765456359
-0.028383386204478243
-1.0
-0.02909260168040461
-0.027044020855738173
-0.029726532857411364
-0.029786656668675502
-0.029158095450809624
-0.02835723049926293
-0.028262123556405255
-0.028424964099285122
-0.027880606266650072
-1.0
-0.027841668188417296
-0.02757555966381532
-0.027055856119804773
-0.028455972392893374
-0.028021991287130437
-0.026224331729763885
-0.02597215269586004
-0.024893649556906764
-0.023661046874715107
-0.01759588435703671
-0.02027359195951344
-0.02230246152216597
-0.026773874569642208
-0.030529427865968677
-0.02989976987453633
-0.027920074714009868
-0.030579395935426988
-0.031110526560997984
-0.029223927024309305
-0.029662345013734204
-0.0309904351205349
-0.02970387844500567
-0.029839629503581207
-0.02951125820129821
-0.03204183951465658
-0.030596205265339044
-0.030576792699532958
-0.02794740242487433
-0.029106031608019858
-0.027946163025492826
-0.02934541186050571
-0.030061304656009254
-0.0284119247059753
-0.029276431727145804
-0.025237459526050016
-0.014513311626393213
-0.008949590693437984
-0.021120968959801055
-0.024912729317894476
-0.02397718143609458
-0.023514671986203228
-0.026037425669019
-0.02400081408382407
-0.02247911970160774
-0.020093640708012554
-0.02099454721327503
-0.023855102121798182
-0.025608800581112267
-0.02543788104203513
-0.024120514938456544
-0.02194363085477875
-0.021876469191782745
-0.02101105041338676
-0.018752411224597337
-0.014934574518567367
-0.004682681627707699
-0.00710859473857776
-0.00704665480863213
-0.005353520757732755
-0.005582720644145684
-0.007828477747840023
-0.01013222072222293
-0.010465778971585245
-0.003898672086777569
-0.0015119196555006258
0.0031824376226977616
0.001471011325109123
-0.00013924758068108072
-0.005942464407248276
-0.009549266139138523
-0.011540810452841804
-0.010912323770669894
-0.011020975813307587
-0.007582605628072792
-0.01381760281555019
-0.019891284653522513
-1.0
-1.0
-0.02981214053399805
-0.028120944901999966
-0.02880066607410212
-0.030662600430843748
-0.03216650927313704
-0.03169896537638844
-0.032315726244889945
-0.03305019948597811
-0.03226476488640809
-0.033968039237559526
-0.03298813131774837
-0.032435970452126255
-0.03311888212059203
-0.030772668263517645
-1.0
-0.02973974219971843
-0.03224083420803844
-0.029374779767818306
-0.02956522685243625
-0.030438269589906263
-0.028616966696491494
-0.028370131584698966
-0.029962120990838278
-0.02773698134293659
-0.026760996025564355
-0.02844965262675587
-0.029173254863358488
-0.026884535079061533
-0.030200800834163714
-0.025031986482117696
-0.030724076673733777
-0.02970493426399136
-0.031013096741320276
-0.030279623597901633
-0.03002765801415797
-0.029635584126651713
-0.027644480785007208
-0.021950685786203763
-0.026076886087086026
-0.026748684300762875
-0.027228312995046494
-0.02445257109414004
-0.017603870969357328
-0.01802176745218647
-0.0194900186977398
-0.021171807714689433
-0.019061919757664483
-0.016459816365670316
-0.015959800075160492
-0.02031625087278131
-0.023575155980852577
-0.024867075054138824
-0.024321485200191884
-0.025227256147872683
-0.02032709661494902
-0.01771420551075613
-0.01315915108482021
-0.00696194480462441
0.0005397499447591586
-0.0001695750861238191
-0.0035968098677133797
-0.017183598468473418
-0.02595543646884476
-0.027256529081414013
-0.02898661109845299
-0.028358942604327263
-0.027213462656605954
-0.028877704465877164
-0.028870724056472577
-0.029591796977443206
-0.03001190937458878
-0.03156739169939594
-0.031062542637905675
-0.03134079042681266
-0.03210360323738041
-0.03176468543760943
-0.03103661761925713
-0.026709389123018963
-0.03070403713510982
-0.031885706124272405
-0.031508483046826366
-0.031176725565167582
-0.028910500921116668
-0.03061469017413494
-0.03301669670133405
-0.031996636254917644
-0.032765433008202935
-0.03221041505165783
-0.030136371288630462
-0.03218096209451975
-0.032818680922608916
-0.03242863902091316
-0.03264974991305627
-0.03243232004037575
-0.03238447349487177
-0.032364346107505826
-0.03200275772524267
-0.03251670280948583
-0.03331599471439366
-0.032584899858038495
-0.03289933809385809
-0.03238506728393469
-0.032952882083960446
-0.0320879963801506
-0.031677403634667804
-0.03041023375377404
-0.0309977002300538
-0.02893077424202037
-0.03223005251045429
-0.03288499499933034
-0.0322164453528888
-0.03247826528911571
-0.032562581883265405
-0.03268969379523836
-0.03282358088302965
-0.03243683604946236
-0.029167453218648925
-0.030005952246319283
-0.029385313862872166
-0.027353348049859186
-0.02508735798257549
-0.02036361016832907
-0.01336671779450231
-0.007231698384457924
-0.0024361602496933204
-0.001927054277409016
-0.00272127500557622
0.002146195198458952
0.004242430206216938
0.0017015972958612452
0.0023863110069691877
0.0052309279355377495
0.0022319876543180008
-0.008394817822201946
-0.01217757093885841
-0.015368104967994902
-0.016190959081297168
-0.01706262313131265
-0.016839825175040426
-0.016098293018109378
-0.011955947955057295
-0.013108096876377224
-0.008358095797547826
0.00035964672587519934
0.0022526536577750686
-0.005827802872749665
-0.012382016646801145
-0.017425948840116324
-0.01970733500762116
-0.0240828865521758
-0.023673804705338666
-0.025361804634059182
-0.025346425302672115
-0.023364614163635302
-0.02473506929065812
-0.025954442593795826
-0.0266902638553834
-0.02468670490758893
-0.023611155707189756
-0.024523446884643727
-0.02041931466910506
-0.01695527305660907
-0.011329850064269877
0.003296091086214182
0.009680636269495172
0.008668510300727777
0.011120392469691376
0.005823247393957394
0.005407517860893622
0.007081315742567483
0.00580131889951717
0.006095800752624141
0.006820346436102352
0.004679804678358941
-0.004562808019035029
-0.00910407140949125
-0.005975990859973537
0.003579170735184091
-0.005438923685813311
-0.010585644729432488
-0.009703006986272968
-0.014096399537375548
-0.017170074506712013
-0.015727767674987108
-0.013504982978936158
-0.016126217677493046
-0.017596515559952567
-0.017012651477017256
-0.017772995667511216
-0.018542291302045082
-0.01645185350889549
-0.014258661050314139
-0.004173148101014347
-0.001058816198535771
-0.0022950475608715377
-0.001991407689264727
-0.0021383745261778627
-0.0006956317359052065
0.0004527952355276814
0.005736290134830705
0.0037558890533559443
0.0034748327240374083
0.002694093694066112
0.001347219780259768
0.003479872712936101
0.003589372995005836
0.0020966593261853173
0.0035392645726456044
0.0013529782786734943
0.0011688467260397575
0.0029546568295279073
-0.0009428946205156346
-0.0034230780163090548
-0.002016469079392036
-0.0044565609771760216
-0.008165787818109716
-0.00713511865381829
-0.00857854432026208
-0.004739033984502935
-0.002953197485874965
-0.004426309329793497
-0.00011948136707093703
0.004435975380808327
0.006642250878830491
0.008922669663037928
0.011112766332865774
0.01205138008504216
0.0012718469912386195
-0.004526559180564019
-0.004750317355078775
-0.005491968864185372
-0.001987807562885616
0.007084121087292419
0.010027662626736903
0.007250387545260133
0.005714089604593176
0.004895428940113887
0.007760573702455417
0.00845452105971646
0.009157240300090413
0.009299391408396336
0.009995502891751652
0.01324227927541118
0.019298194202917476
0.02118613758217506
0.02119416804851917
0.02050114930703066
0.021366228015491505
0.021768010642824954
0.019813248174335493
0.01715960074607892
0.013482367037917097
0.012856136966909036
0.012783128013904363
0.014142113543197605
0.014382090332370994
0.016191511213715513
0.017341673623575995
0.017228219342157496
0.01697499901506874
0.020367638552187404
0.01482464988101292
0.014720583305255407
0.010263264572669595
0.008768800160332229
0.008653993274802634
0.01080499392267427
0.010887631488404707
0.007670038563351214
0.007141305627861607
0.006787919800114859
0.007196534489333559
0.0042228426921042525
0.001807233607199229
0.002850175459826404
0.007965330773497873
0.009515663786231065
0.008579252487172258
0.005425975775421504
0.005052884632520787
0.00040462561169322394
-0.005360155313941238
-0.009342838794909523
-0.012764971494194869
-0.018283554729505633
-0.02115109680319871
-0.02152906416434331
-0.01893959365229217
-0.01906291122178757
-0.017116940184081997
-1.0
-0.015753929831151346
-0.01166596913656555
-0.0032274721255820303
0.0028944137975730777
0.007998716841419867
0.012882727368365836
0.009978758377566888
0.011658922567550703
0.006753487803696369
0.006935612876348204
0.011248986655617249
0.012393201503181565
0.01570935827465231
0.007048836442948227
0.003004363666674644
0.0024400021722003947
0.006024713557757129
0.011084171392279208
0.007296125528206764
0.010101331186119175
0.0037719579686451817
0.0001051646294381106
-0.0038265580758080515
-0.010440329249330969
-0.01615169672058888
-0.01633743521634185
-0.016950168682953414
-0.02092136255079334
-0.02231907315926405
-0.020132928463628862
-0.01960035883885291
-0.019061943618586007
-0.019196536088224424
-0.022666534852751705
-0.020943844198601916
-0.02092658380513289
-0.020671948128920124
-0.01940866895108709
-0.01825597968434573
-0.01799756099005993
-0.017140160892365326
-0.01752048740076016
-0.015285271323459339
-0.016088575133454897
-0.016688515331215875
-0.017031985206047803
-0.014956580256850076
-0.011538456747616922
-0.007820510293164341
0.00032264885248251305
0.011914564395706933
0.016960190129966208
0.011596512565119342
0.00019525675488394804
-0.0018600447000127476
-0.0016307359374698337
0.0001656281314904987
-0.0010901257000136889
-0.0016068570073596875
0.004716300844726898
0.01243407385490262
0.009469858923951918
0.0027836907453446013
-0.006438454256312322
-0.006775118998205472
-0.014768184085794122
-0.01893911303442155
-0.02228164033459363
-0.021863406470210244
-0.02143554395458038
-0.023366306554274054
-0.021962198154502482
-0.01920366413955734
-0.01910381225831542
-0.017861923003561066
-0.01594618464759284
-0.015309632333321733
-0.014431683928478378
-0.019614631643185738
-0.022991911278189246
-0.025006358972136076
-0.024785764586782964
-0.024280636257403582
-0.020373632720790985
-0.014271515004612535
-0.018602148559269453
-0.02251810664300866
-0.02272326956258246
-0.024029886306273708
-0.02495015731060073
-0.02520386126740565
-0.02343944125265877
-0.018859424954869405
-0.021017015551583973
-0.024571898659969667
-0.024116460087281313
-0.025281115119217483
-0.02587455387287179
-0.027833252824598583
-0.026868936147803675
-0.030279120946435353
-0.031082414220756756
-0.029405207672772927
-0.031155402686000002
-0.02922362796434414
-0.030172222823041366
-0.030646719439638873
-0.029430115935004688
-0.0297862688396245
-0.029668350082234052
-0.028769710020252772
-0.029174218264211692
-0.030688103089400495
-0.03017994057324218
-0.029256207605965614
-0.02966607857990268
-0.030933982342478492
-0.029494100549204434
-0.03027384190255477
-0.0302495908641753
-0.029609717346544183
-0.02875247829025866
-0.02925155148001252
-0.03032132805302327
-0.029900521107409615
-0.028946247306639753
-0.02962980212799443
-0.030502011885837035
-0.02949190406245831
-0.029987983518014436
-0.02931222221087193
-0.02705737662568909
-0.024652750428656948
-0.02669380079167234
-0.026315361820129682
-0.025647957655959806
-0.022909372691515807
-0.02427923474384141
-0.026588255128979103
-0.027204893193429718
-0.025288036424751213
-0.023445283594824576
-0.022148902193941847
-0.01613588861793256
-0.016560780592255592
-0.024887555686145084
-0.027182377120816954
-0.026151679169880898
-0.027607019019153474
-0.02455396980360668
-0.025228742603031633
-0.024275172043263838
-0.025513147556522234
-0.019983997874576852
-0.012506311812028739
-0.022580848528592073
-0.025924441895949894
-0.02764137594939127
-0.027755747827002734
-0.025580760821896278
-0.026658063804414295
-0.02875742297880934
-0.03052853918677951
-0.028392101356942607
-0.03007924900212064
-0.030644806635207442
-0.02996821490427944
-0.03083017490414487
-0.030158962525133493
-0.029909916477601724
-0.030453248477487763
-0.03162587196983207
-0.030535284185440378
-0.031343052825786144
-0.030822913625298414
-0.03143673236744237
-0.031138725952979448
-0.030269026994743698
-0.029931111335009124
-0.029319870073448627
-0.029239004581926766
-0.030410687618618617
-0.027543403351593145
-0.026141456268223087
-0.025218397891684702
-0.02507893770527259
-0.026468309278593498
-0.02655218052047534
-0.02674916662149005
-0.02639562952714312
-0.026986782252420096
-0.028438071140189133
-0.028622799547254482
-0.02787432951060316
-0.028224142467009238
-0.028869603391941046
-0.02781697169575749
-0.028875205107195236
-0.0277488782585999
-0.027565731470844658
-0.028492269274429875
-0.028119507726097698
-0.027999574588394454
-0.027902175307867486
-0.02859568440582968
-0.03020936088290494
-0.02787747169819013
-0.027517659325274273
-0.028060371816650147
-0.027247860763583272
-0.027016774496077957
-0.02700407865185946
-0.026067495854199534
-0.02747660620432643
-0.02636862606070904
-0.02736375304371721
-0.02465044612304836
-0.027633274461451075
-0.02608391447046813
-0.026590389982145222
-0.02817200672883159
-0.030061043699216295
-0.028362853088732695
-0.02615453831751631
-0.028810017556983633
-0.027006260003557592
-0.02858736841334307
-0.028521956568327095
-0.027880474371542563
-0.027112067105454635
-0.02725737754547805
-0.02904348373634238
-0.027139780011926042
-0.028080192452666967
-0.029738785379029298
-0.029293297736890496
-0.029179705146064733
-0.029638454913095896
-0.026863681007216915
-0.0291572031291988
-0.026876983532007886
-0.029198378258363616
-0.028134469240208786
-0.027814764857373952
-0.030089207660160388
-0.02934245594036225
-0.030602086149908243
-0.02897420906830404
-0.027759475299266513
-0.029899250789098396
-0.030953505467090265
-0.029414192373819988
-0.030128290609111156
-0.029962798211018164
-0.03140239147655188
-0.028431210593107093
-0.03123166597015291
-0.03015788306712293
-0.029796127482158055
-0.0283671482079777
-0.028298459777709152
-0.026192105175558526
-0.027724742701128874
-0.028876655617213143
-0.0274374628052121
-0.026648550005222583
-0.026893253712747527
-0.029248637284740184
-0.02922039307904357
-0.02811123743190827
-0.028873179679580446
-0.02742694233425457
-0.027795107507335156
-0.029082344596922317
-0.029513130298011416
-0.029838235996436254
-0.0290073989686843
-0.028785857214903513
-0.026523457835951166
-0.029330770237542745
-0.029039089895074983
-0.028933818309223158
-0.02855641808373217
-0.02725158379713571
-0.02853771796048674
-0.02767583520362356
-0.027542404309288098
-0.02587695375693535
-0.02558936122409698
-0.026285987456567926
-0.02429317520844929
-0.02109870725448133
-0.017174748030122172
-0.0126453039908814
-0.010040829380882497
-0.008982533376945613
-0.004541910613518567
-0.0030652747013733446
-0.0008744055789982272
0.003230265340374218
0.001225883967244034
-0.001276783689031264
-0.0007438008703893461
0.00028942364833743986
0.004590648506212174
0.00663422807390028
0.009026070161561022
0.012024788862908017
0.013255907508212794
0.011726236396597972
0.013749816782909837
0.014677665605205762
0.013566428214721118
0.015261364402253803
0.011764555888026171
0.009476206901648179
0.007379224318031502
0.007583776138061857
0.00836730367508057
0.015377520624644316
0.015041211512807405
0.01625719702341648
0.01669816293294383
0.017989256049345904
0.01760411777392349
0.01297301081567228
0.010286131485015665
0.0085990573582448
0.0071811218336059295
0.008040339178334367
0.0115209399865737
0.00986629076737201
0.003066438623779039
-0.0006144794283107011
-0.0011731162582094806
-0.0034382228122958195
-0.004602802291754407
-0.005455627210486932
-0.003354970490892744
-0.007088606374519139
-0.007463105397206452
-0.005146250034840866
-0.004009305045610484
-0.004547526817893449
-0.0025944583641471807
-0.0036056895410392204
-0.005171573500826237
-0.006972841071532883
-0.006470939670369852
-0.008459066951130146
-0.007723503083943027
-0.008170501457491807
-0.006862360145102238
-0.008740077873354183
-0.006886000306392536
-0.005183477381668261
-0.005069842355803141
-0.004675688903464829
-0.0007994794871767527
0.0008853976395228726
0.0050943727974540436
0.0012206006837120228
0.003798933518167059
-0.00010039097981502375
-0.002282455921033708
0.0007779320075457549
0.00742917741090244
0.010689680835057174
0.0061126665428041585
0.004056097231141968
0.0003716869317507585
-0.0027418405152052
-0.006974461969699436
-0.00969682951554541
-0.006595161311694494
-0.006466349582525157
-0.009993777830952556
-0.013343820022682598
-0.01418083333415879
-0.014687018280303468
-0.013234890376532237
-0.014447135259654532
-0.014994183034137742
-0.014918274011680473
-0.013594366863215726
-0.013107459752377641
-0.013000337370485063
-0.009572603068946164
-0.006660762079426124
0.0049553658221048015
0.009162532623053022
0.01108936577542553
0.015788458280868858
0.01609121671143473
0.01405907166241045
0.011958866754616016
0.012528188980057454
0.011711905715877645
0.010502125080537035
0.010537527724759965
0.0102087715609787
0.011071714046346704
0.012220741869670173
0.014215394273851998
0.013573861812747312
0.014137374698690645
0.013906302248490635
0.0121597172162665
0.012149034920710684
0.014037625562837686
0.012392260378371992
0.005864266791704353
0.0020537846882065698
0.000993468645789872
-0.0004904355939475292
-9.201322302656786e-05
0.0010529344651296767
0.003179723858224752
0.005172368881680665
0.004371766010515944
0.0050539129800775935
0.006185138957552995
0.008462212228199673
0.008731790972075505
0.010209279703023634
0.008230837178088358
0.00874824224246811
0.008354977843538627
0.007103200935245074
0.008165742927396843
0.009294513348644411
0.009230080216443039
0.00882316301267098
0.010585118080082978
0.0065731351943096325
0.005004359508541401
0.008535686924360667
0.007354898959244633
0.003815153628463777
0.0035219043450455717
0.004615716305560677
0.006683607861818118
0.006556071178982484
0.008796070671435669
0.012354872668539596
0.012564085770377237
0.011436863601500747
0.009418132568418768
0.0027999227917736035
-0.0010554406395396029
0.0014718675305013275
0.003373266481581995
0.005958806571826451
0.007491040734979507
0.003852542249441152
0.003519731804249966
0.004852646767836815
0.0052298818703025
0.0060781557560955525
0.00757444560501529
0.008477023654411914
0.012409976936333717
0.013651698655683784
0.012792470223174004
0.012170670239317883
0.01299274825102386
0.014038570302137256
0.01603210873704787
0.015796583756903477
0.015156308955196077
0.01764808208842587
0.020285991687866965
0.01644736198763663
0.016556475676376536
0.017488834735654605
0.015260800631211319
0.012194892979859501
0.01485194152985935
0.014151673644045017
0.012835517507889981
0.014529837164578603
0.01560760158422089
0.019030760640554985
0.019055005659699316
0.020007344534454328
0.018643180194118283
0.019986454196022845
0.01879689841760618
0.017377807326259896
0.016607562484958552
0.01618316766274316
0.013532513345808383
0.010167460733226214
0.008533879227539664
0.006966113022700999
0.005193037371728292
0.008639221783276975
0.009598429622116997
0.009882723317259345
0.011182556668205067
0.013092348446329538
0.01350265423227177
0.015645865511617126
0.015929789984808356
0.015410481586487973
0.013035049529519737
0.013567098348701847
0.013142280751079658
0.012925695142103632
0.012934474168265764
0.013208216818512947
0.010492768638860348
0.008213595519075391
0.0076687430979489445
0.0034866513661785856
0.0010883300342098342
-0.0017187000083138048
-0.003599668440398662
-0.0028952324952046847
-0.001512821544869627
-0.004397434692781969
-0.0034087431978096017
-0.0035049174126557054
-0.004458605506804526
-0.0029162465621640414
-0.0025930969882700075
-0.0014715405153622118
-0.003448260970993207
-0.0016166732655972626
-0.0019057920480183735
-0.0008157839110147265
0.0005370446330588771
0.0035887367267379783
0.004044662678931803
0.0031064807207121857
0.0037367143820148108
0.003641788996854379
0.002954842844339603
0.0008141166644188962
-0.0005470574844146913
0.000865296677546066
0.0022533095990029776
0.0034680897172375278
0.00552509030189608
0.010529568199165937
0.013940616777435593
0.010445071282600903
0.009064783776544405
0.01933603905436341
0.020781723161134857
0.021332768765852616
0.019889685464018335
0.02006869404715287
0.018785993289459606
0.01631842669866773
0.01724072959471504
0.01845292674610711
0.015568020822385635
0.015290902058351747
0.014266230959316029
0.0158472607709947
0.01657866967510724
0.016070732483771517
0.018397322635936186
0.018233968999815078
0.02134017358004724
0.018031691775227933
0.01982604260734218
0.01693467129808169
0.0179576278791676
0.016765081843572793
0.018622029482452746
0.022408479084241265
0.02154942750216702
0.02369189344971875
0.02061944500402896
0.02076618587380539
0.01784129671424525
0.019199890508434066
0.019343247122712414
0.017791279196952225
0.01751718022398352
0.01642900940115785
0.01800152959741037
0.02169758498702485
0.020989274192404667
0.02192958601405679
0.02397382207756927
0.020950785445574827
0.017794123331331756
0.022760799487324544
0.020514540672470865
0.02083682139443086
0.023451852436596848
0.02171589413205132
0.023311333162433324
0.021296945039761126
0.021066686728229755
0.021595323872155143
0.022489413288225877
0.0236745886543171
0.0035788247039430557
0.024286819840212776
0.022852018350035624
0.023452559678077915
0.02309306844941844
0.022019647185125935
0.023021070695228855
0.021121904403317356
0.022711225855208836
0.023337449655927833
0.022683533441822376
0.02300530999378376
0.02170636369326964
0.023616147346560187
0.02063848203243851
0.020941530865283626
0.021474735212869113
0.022247050200536956
0.022072678599523034
0.01914414952918431
0.022656114809439652
0.01954120365959241
0.021228937431938842
0.02199716826499882
0.02344040250128258
0.021573850094511973
0.021126336303924347
0.02163704378176019
0.022142903422173617
0.021497460222003217
0.02222257330367514
0.021399901976868117
0.021423904834711096
0.023680755823244918
0.021858624432355537
0.022411984965755284
0.02282779514028019
0.02316957345230207
0.025248199354848788
0.023881847044499797
0.021581892565420615
0.020770024705928133
0.019191250393283968
0.018777904863623792
0.017725702753001348
0.018533609722892443
0.019539739331186187
0.013274176508904709
0.015906469134120974
0.013087169515140615
0.014936683264308925
0.01579036938496935
0.01918823896509049
0.014843919693670223
0.017563659935880365
0.016909198200479144
0.014141515129782223
0.015936345846857904
0.019557268976556203
0.01939739809177839
0.021104887438289918
0.01859021110934217
0.015298418042148708
0.014330627039631587
0.014855887803050048
0.016215550611876222
0.0166013168693008
0.02088970822732778
0.023146026825576985
0.02008081905366714
0.018604388019062564
0.016981537058272742
0.01630484590103538
0.015521100297357631
0.014898366610626044
0.017426551849462416
0.016474819157375666
0.018437255088558445
0.018086037971750818
0.017742340517930492
0.018320766102805402
0.014441961653784948
0.012744190622356155
0.01337122420967449
0.014118358690917408
0.013171273229900318
0.011726986505965344
0.010877367845812533
-1.0
-1.0
-1.0
-1.0
-1.0
-1.0
0.01194281670920445
0.009683657595018404
0.009977555647072213
0.00972470506712394
0.011240337062541217
0.007658710523028177
0.008018946799164279
0.008675051258306529
0.010734424417171755
0.016319439696843248
0.015003437966819242
0.011558563950993424
0.010811735523662559
0.017484168221324464
0.017110305934623746
0.015033593885984903
0.01617931606586005
0.015462701590531959
0.01710473979899877
0.01661935059923481
0.016457270001200563
0.015377285606527276
0.013806051170357787
0.014687563468504085
0.012264066242156391
0.012192269508285851
0.01119325790679421
0.013137603512816096
0.011970429222030891
0.014333815527727578
0.01685744773138844
0.017783219845597227
0.01695943647587717
0.017237210298478745
0.017438535445235753
0.01964775985936297
0.02048515913177017
0.01888946906317977
0.0146624031928106
0.0142404214957037
0.016067677178872263
0.018223244402289653
0.016701789698957862
0.016579518729877923
0.017562255802272622
0.019071125975386564
0.016138907502946394
0.01261633654884426
0.010025470539799576
0.009099324633226527
0.010116665538699318
0.009888301327011477
0.011427297848532183
0.011550260388468486
0.014084010038632501
0.012782402296367967
0.007966085376747211
0.0065706740563704754
0.003654461669972341
0.002939783844711044
0.0038080011902506487
0.0031985714791727283
0.003749710764857041
0.00451261113126471
0.004469769173177959
0.007097706144360548
0.008218040557096112
0.007686648290822745
0.00833163122259422
0.00801144009416395
0.005522543471454207
0.00447110077288222
0.006436776394665804
0.005054662670224086
0.007936061409031725
0.01351831359507585
0.01629856686533881
0.01605680877230021
0.017851748096893882
0.01862862262687056
0.01979694698386329
0.019864057386096527
0.016537716444824952
0.01028216126112182
0.008438187243516507
0.009022308963820674
0.007709889869518966
0.008499879833711763
0.007085664263655187
0.009401880990769863
0.013163401180682054
0.015712827296575603
0.018166526301670094
0.014921906762700898
0.010339943752937853
0.008976334187918052
0.013562099259096697
0.014631457916716661
0.010440961570472055
0.0101071710037951
0.014248467538098844
0.015049180420480398
0.017074516919910028
0.018234833789961047
0.01729128453913169
0.017626727912058698
0.016879371730341375
0.019089213018576086
0.01776050933121408
0.016958264182451135
0.02127471441892668
0.022152459773323512
0.018921752536040008
0.012999351872200504
0.0086947071344601
0.010003789704813049
0.010112498492499287
0.010223370863061947
0.012296095827070344
0.02251066164790296
0.020895242003469778
0.01735053961327289
0.020619254043657317
0.01999522599534216
0.017528714033550476
0.014066826393354636
0.010907999620167495
0.011388960167287823
-1.0
0.007679679771658795
0.007621360646714398
0.007950487195398875
0.008436687607101805
0.008431754386602378
0.011525218803765253
0.012003010505438852
0.014060549251793921
0.014861428148462847
0.01721071241043959
0.015328424278494982
0.017090827842019197
0.015491978028839571
0.017424142836804962
0.019463823701536674
0.02330506312181326
0.019557634906449885
0.0180296458524617
0.01854083954352575
0.017840516156122366
0.01335650713605766
0.01541018170018779
0.01826754778225516
0.016212523206090075
-1.0
-1.0
0.007243193662912407
0.006576789399478651
0.006575059829306444
0.0073503553275309766
0.009286991958319227
0.009917584400754687
0.013572420394665587
0.018346444843635026
0.016107769180676926
0.011693999501679151
0.006507317946116792
0.0019368446426483506
0.0025490596719517423
0.0007077609456252838
0.00024557149024119213
-0.0007421201911111033
-0.0018071093676073628
-0.0006755205724795855
-0.001661478228361887
-0.00119839499571151
-0.0021848664608716106
-0.0014327508425104102
0.0014851470227815172
-0.0006585852213850297
0.0008328083037437094
0.001025892241013013
0.002463116066290689
0.0016337692924361252
0.003666053240342771
-0.0008184385913736128
-0.002278361664472933
-0.0027339752278292594
-0.0028894257019597028
-0.0030686821457279597
-0.004733682343408028
-0.0028925032049308156
-0.005141608641250327
-0.0035594087592335263
-0.003237918460696261
-0.004802298027117169
-0.004522203632292545
-0.0030417089174688307
-0.0018569495151520379
-0.0030391315807496194
-0.0017320465358778563
-0.00248144444643972
-0.003080867115006676
-0.0011191663642582674
1.0859312240686032e-05
0.0014995041897814245
0.00553532590554756
0.011104915140855414
0.007392736968460317
0.003155285124651628
0.0012310972188112768
0.002748284441640184
0.0016819248785390475
-0.001331055294443753
0.002220957294150967
0.0032114095234473455
0.003559088824913023
0.005013392426187519
0.0056865184946308656
0.008791718293600826
0.010231501581077662
0.010550319349345142
0.01606849205373655
0.019723441694003724
0.018587202476170017
0.01893268456087698
0.016935067050067885
0.014959504553147004
0.014635556419357683
-1.0
0.01551703135018696
0.02017636316623754
0.01968832425701621
0.015282358453138115
0.014058456501587924
0.014056914276120535
0.019101642314600722
0.021595285255673734
0.01711563341408702
-1.0
-1.0
0.019307561749614698
0.021112533055401648
0.022934843207335437
0.023680464965652744
0.020147916268681367
0.023084050315705807
0.016894688536035783
0.02023027529236448
0.02159247031191184
0.021231914640177117
0.019239713384448832
0.02026799627444896
0.01869190782325821
0.01851360548256784
0.02179265104129416
0.020820385846974567
0.02014460873531278
0.021395931933407376
0.021461478405993908
0.018071190434617884
0.016745095689322812
0.019257381919234293
0.020919668610088094
0.019018643342369156
0.019219847445769312
0.02148401161027845
0.019595977404073178
0.018239796427967372
0.0191127379778161
0.017598370477189873
0.021194364961299984
0.018984365104076317
0.0201977243493767
0.018476210386699318
0.02034077935411579
0.019163424930516922
0.01932029662237543
0.01723384140086985
0.015817491699619497
0.014308374327698077
0.00980880193271301
0.00839776313827596
0.013006202833031982
0.014731242850788811
0.0166234756214251
0.01580395254471888
0.013950066361882667
0.012127233492760865
0.01680605462244212
0.017137742740228102
0.01825682524527298
0.016827992914957714
0.015309068272636794
0.01235408430037455
0.012048916194588219
0.013667694799686743
0.014132072965679351
0.01393595778868164
0.008925567697096942
0.009453658319075743
0.004471328161616755
0.003554054690090503
-0.0007302652098159909
-0.000654379862470562
-0.0006858415772859963
-2.3301384661194765e-05
-9.413099877838557e-05
-0.0005115687769748
-0.0017796212031631054
-0.0019260506797203318
-0.0008580262057467044
0.0013530079501548216
-1.0
-1.0
-1.0
-1.0
-1.0
-1.0
-1.0
-1.0
-1.0
-1.0
