-1.0
-1.0
-1.0
-1.0
-1.0
-1.0
-1.0
-1.0
-1.0
-1.0
-1.0
-1.0
-1.0
-1.0
-1.0
-1.0
-1.0
-1.0
-1.0
-1.0
-1.0
-1.0
-1.0
-1.0
-1.0
-1.0
-1.0
-1.0
-1.0
-1.0
-1.0
-1.0
-1.0
-1.0
-1.0
-1.0
-1.0
-1.0
-1.0
-1.0
-1.0
-1.0
-1.0
-1.0
-1.0
-1.0
-1.0
-1.0
-1.0
-1.0
-1.0
-1.0
-1.0
-1.0
-1.0
-1.0
-1.0
-1.0
-1.0
-1.0
-1.0
-1.0
-1.0
-1.0
-1.0
-1.0
-1.0
-1.0
-1.0
-1.0
-1.0
-1.0
-1.0
-1.0
-1.0
-1.0
-1.0
-1.0
-1.0
-1.0
-1.0
-1.0
-1.0
-1.0
-1.0
-1.0
-1.0
-1.0
-1.0
-1.0
-1.0
-1.0
-1.0
-1.0
-1.0
-1.0
-1.0
-1.0
-1.0
-1.0
-1.0
-1.0
-1.0
-1.0
-1.0
-1.0
-1.0
-1.0
-1.0
-1.0
-1.0
-1.0
-1.0
-1.0
-1.0
-1.0
-1.0
-1.0
-1.0
-1.0
-1.0
-1.0
-1.0
-1.0
-1.0
-1.0
-1.0
-1.0
-1.0
-1.0
-1.0
-1.0
-1.0
-1.0
-1.0
-1.0
-1.0
-1.0
-1.0
-1.0
-1.0
-1.0
-1.0
-1.0
-1.0
-1.0
-1.0
-1.0
-1.0
-1.0
-1.0
-1.0
-1.0
-1.0
-1.0
-1.0
-1.0
-1.0
-1.0
-1.0
-1.0
-1.0
-1.0
-1.0
-1.0
-1.0
-1.0
-1.0
-1.0
-1.0
-1.0
-1.0
-1.0
0.08165109247357107
0.05835074587790179
0.05004255603189675
0.07875815990126618
0.08061761596841098
0.06827655838491047
0.013135652610340286
-0.005943448816519484
-0.0009705103960546212
-0.00910135825030338
-0.01845964032867777
-0.011870491263840066
-1.0
-1.0
-1.0
-0.023772512827163757
-0.041879237407137
-0.049979412945902885
-0.05550261430222407
-0.0545529569046528
-0.06050781920633724
-0.05672685253136706
-0.04882630813117359
-0.055924594827565566
-0.06042585379910528
-0.06059909022093394
-0.06374261931253343
-0.0509588596269005
-0.05013506993996561
-1.0
-1.0
-1.0
-1.0
-0.057471060872417996
-0.059808864467041783
-0.06532129164332606
-0.04923008766564783
-0.06763737781803426
-0.06102672659546971
-0.06692680791511935
-0.04817753688280183
-1.0
-1.0
-1.0
-1.0
-0.0586988801474714
-0.052019473271778735
-0.05300398069690988
-0.04938442701395804
-0.01899042211952426
-0.005302427679112948
0.013526070367685382
-1.0
0.06562950943192815
0.07792293266508027
0.06954856046385886
0.061743589333262704
0.06120514761216279
0.06082347618923524
0.0658894356903794
0.04343160101550525
-0.01113001941079692
0.009021220665582287
0.02036278742831567
0.03115443420599076
0.019563522063979235
-0.0062300644610567175
-0.030077361581965254
-0.03800840571919239
-1.0
-0.04188367143378611
-0.041695785414933385
-0.039079012811678235
-0.05257036844185235
-0.048242959141511804
-0.03901796092914144
-1.0
0.017635912948519773
0.016707881841435124
-0.01007818181486682
-0.011580454420401422
0.005042796240963261
0.04761357352052621
0.05034382114466864
0.029707921791170332
0.021591925601886268
0.0216537302240468
0.048035105176552094
0.0832786081192992
0.08999013832296247
0.09146994872081293
0.09278748695493062
0.08376946035425775
0.052929317710701515
-0.0020130671762434884
-0.01930684714453565
-0.004901843061309006
-0.0043829984519717065
0.027061956865149537
-1.0
-1.0
-0.01742922445808632
-1.0
-0.01084458837990024
-1.0
-0.02861998819541337
-0.0243375543790338
-0.020726821143635797
-0.021931374216350184
-0.030907272430416636
-0.017174664059314497
-0.03796427317598356
-0.024772075726206554
-0.020877155838809044
-0.009878349105519664
-0.016735707452918937
-0.027774533478159533
-0.04347199247323853
-0.0437620056892311
-0.030582120300288024
-0.03698953027104675
-0.02691480486151873
-0.0600020971289336
-0.06888679172575511
-0.05951853544509029
-0.0648308016508809
-0.07119904984552511
-0.06568502367519566
-0.06873673191343677
-0.06368631979599616
-0.06748446363957672
-0.07113704709768588
-0.07383970599800213
-0.07201625713363327
-0.06656756634714747
-0.0647261623330614
-0.05958930403630043
-0.06241340255961798
-0.05987037981785488
-0.06685855972728168
-0.06208894697598347
-0.06819806175262813
-0.06634676332088794
-0.05870330300338031
-0.055217498831468474
-0.04513882311807456
-0.03746516675941848
-0.04499528985866931
-0.0371867696689236
-0.0197096233401764
-0.002222061292968687
0.04185095767665926
0.034013784778968534
0.023831945801559264
0.013069949900093702
0.013174287324445947
0.008606801757312254
0.005211547411738531
0.020851228193343688
0.012286342536036023
0.04364017036379456
0.05496710505274033
0.06377036040909523
0.06508959710503506
0.07354558499337592
0.07891209365674694
0.08317055847780133
0.07544320264605758
0.07465413962770058
0.08390371018192111
0.0932571317433393
0.09310925785020066
0.09422987597243165
0.09342824246451621
0.09353779569911555
0.09196115482014162
0.0935626858278753
0.09437437829186882
0.08978943747151108
0.09241309418438912
0.07353969251041256
0.07206586147144262
0.04226553193756179
-0.01705133540523614
-0.0319763708767065
-0.030367538189822414
-0.03479256646625645
-0.0395637007011457
-0.040183832874776684
-0.03877387773138682
-0.035704114868569864
-0.04070268833952157
-0.05479879528877699
-0.05807825451406651
-0.06043439222153907
-0.06004030523520374
-0.043892721860382934
-0.048321454150164145
-0.04775959635705853
-0.0453139083999808
-0.053658195680151594
-0.057499380935658456
-0.06607126294610159
-0.06188306612623043
-0.07053737726785884
-0.06998468021896413
-0.06861652834539152
-0.06978955908052138
-0.07118205597035493
-0.07537514374422957
-0.06948371213106848
-0.06801958096428926
-0.07090863851206079
-0.059966065500859825
-0.06747636679958732
-0.06140660010166397
-0.06407510927340868
-0.07152553257792779
-0.05736861269304484
-0.0623090985625028
-0.06275038015551611
-0.06485482144280284
-0.07027867139951684
-0.06449858583694286
-0.06324236386016434
-0.04818513798684021
-0.036729419837264486
-0.03530114319022427
-0.03105634486024366
-0.05313815900732234
-0.052353709412850453
-0.05222774910372018
-0.06320788704213416
-0.0614045088571216
-0.06443072737327331
-0.06654695675890392
-0.06714639431212764
-0.05958347814657523
-0.07234353690385846
-0.06191871690407387
-0.059386442501061606
-0.06566198040552088
-0.07518695868593452
-0.07204935603588945
-0.07436827215447943
-0.08020744914917047
-0.07260221931041458
-0.07011587933729015
-0.07211737778527205
-0.06501373851294209
-0.06306758185181927
-0.06005871827599583
-0.06049733725751071
-0.06307732882215167
-0.06065604783754778
-0.05805484512478131
-0.061092073867162804
-0.046335939917601696
-0.05511289561859368
-0.06108032510969842
-0.059923035457065336
-0.033200936072193654
0.011906263825268807
0.026621108593656385
0.034240853655862914
0.04318507357309208
0.04444632715685808
0.031192897283687834
0.0132401635982231
-0.010019639535247328
-0.0062141463140918595
0.014151542445189862
0.007012651334720359
-0.005987667475805924
0.002460535716637043
-0.005023349651114647
-0.005934688414038771
-0.02012497272218171
0.0030181324374844967
0.02578397670682163
0.013287235871407012
-0.032955387636980665
-0.046428595377192405
-0.0352912957086408
-0.038528570919151364
-0.034604935115176996
-0.03696016984689795
-0.03270945288174529
-0.026929882535259936
-0.03256092973749914
-0.043482496053012784
-0.028158341713310123
-0.02843692597976352
-0.03126150186830447
-0.02395037879794535
-0.019423650106781182
0.005302438028211651
0.01436241265762432
0.04604043073800214
0.050465843956649915
0.05275641579561626
0.07684689674020737
0.08048296526225868
0.08319491700016117
0.08489329021557934
0.08836930146700683
0.08011258197147132
0.07828468843185067
0.08640867441476423
0.08766416707570154
0.0932697031109059
0.08971363967737486
0.08697823426085032
0.08868727276668273
0.0805051253328052
0.0804690730660353
0.08387871292568418
0.08619821371239919
0.08334478599046807
0.08417998559565298
0.08642927844533412
0.08442536929923725
0.08789518948520819
0.0855145672292656
0.08792830321513616
0.08388461959496923
0.0807505560877149
0.05477594125120768
0.016267459943593847
0.010256247092057028
0.02936800087135575
0.008393974623933424
-0.024434736565035104
-0.0401399079816221
-0.04864627292674631
-0.04926332813852515
-0.03797159863419743
-0.04747601265133494
-1.0
